1   0.000000   0.000000 -15.569405 -15.569405       1
1   0.000000   0.000000 -15.568264 -15.568264       1
1   0.000000   0.000000 -15.568022 -15.568022       1
1   0.000000   0.000000 -15.568192 -15.567502       1
1   0.000000   0.000000 -15.568115 -15.568115       1
1   0.000000   0.000000 -15.567100 -15.567100       1
1   0.000000   0.000000 -15.568273 -15.568273       1
1   0.000000   0.000000 -15.569030 -15.569030       1
1   0.000000   0.000000 -15.569099 -15.568747       1
1   0.000000   0.000000 -15.567704 -15.567704       2
1   0.000000   0.000000 -15.568768 -15.568768       2
1   0.000000   0.000000 -15.568738 -15.568738       2
1   0.000000   0.000000 -15.568016 -15.568016       2
1   0.000000   0.000000 -15.568950 -15.569028       2
1   0.000000   0.000000 -15.569623 -15.569623       2
1   0.000000   0.000000 -15.568771 -15.568771       2
1   0.000000   0.000000 -15.568458 -15.568458       2
1   0.000000   0.000000 -15.568052 -15.568052       2
1   0.000000   0.000000 -15.567381 -15.567340       2
1   0.000000   0.000000 -15.568206 -15.568206       3
1   0.000000   0.000000 -15.567791 -15.567791       3
1   0.000000   0.000000 -15.567475 -15.567475       3
1   0.000000   0.000000 -15.568500 -15.568500       3
1   0.000000   0.000000 -15.569583 -15.569634       3
1   0.000000   0.000000 -15.568678 -15.568678       3
1   0.000000   0.000000 -15.567981 -15.567981       3
1   0.000000   0.000000 -15.568295 -15.568295       3
1   0.000000   0.000000 -15.568948 -15.568948       3
1   0.000000   0.000000 -15.568538 -15.568545       3
1   0.000000   0.000000 -15.568315 -15.568315       4
1   0.000000   0.000000 -15.567662 -15.567662       4
1   0.000000   0.000000 -15.568719 -15.568719       4
1   0.000000   0.000000 -15.569376 -15.569376       4
1   0.000000   0.000000 -15.569272 -15.569135       4
1   0.000000   0.000000 -15.567265 -15.567265       4
1   0.000000   0.000000 -15.568886 -15.568886       4
1   0.000000   0.000000 -15.568644 -15.568644       4
1   0.000000   0.000000 -15.567859 -15.567859       4
1   0.000000   0.000000 -15.568344 -15.568310       4
1   0.000000   0.000000 -15.568244 -15.568244       5
1   0.000000   0.000000 -15.568600 -15.568600       5
1   0.000000   0.000000 -15.569013 -15.569013       5
1   0.000000   0.000000 -15.568557 -15.568557       5
1   0.000000   0.000000 -15.567884 -15.567856       5
1   0.000000   0.000000 -15.568824 -15.568824       5
1   0.000000   0.000000 -15.568735 -15.568735       5
1   0.000000   0.000000 -15.568266 -15.568266       5
1   0.000000   0.000000 -15.568233 -15.568233       5
1   0.000000   0.000000 -15.568178 -15.567807       5
1   0.000000   0.000000 -15.568069 -15.568069       6
1   0.000000   0.000000 -15.567679 -15.567679       6
1   0.000000   0.000000 -15.567844 -15.567844       6
1   0.000000   0.000000 -15.567369 -15.567369       6
1   0.000000   0.000000 -15.568077 -15.567986       6
1   0.000000   0.000000 -15.568868 -15.568868       6
1   0.000000   0.000000 -15.567754 -15.567754       6
1   0.000000   0.000000 -15.567816 -15.567816       6
1   0.000000   0.000000 -15.569497 -15.569497       6
1   0.000000   0.000000 -15.568457 -15.568594       6
1   0.000000   0.000000 -15.568263 -15.568263       7
1   0.000000   0.000000 -15.568108 -15.568108       7
2   0.000000   0.000000 0.000000 -15.568726       7
2   0.000000   0.000000 0.000000 -15.567882       7
2   0.000000   0.000000 0.000000 -15.568490       7
2   0.000000   0.000000 0.000000 -15.567909       7
2   0.000000   0.000000 0.000000 -15.567544       7
2   0.000000   0.000000 0.000000 -15.569624       7
2   0.000000   0.000000 0.000000 -15.568663       7
2   0.000000   0.000000 0.000000 -15.568113       7
2   0.000000   0.000000 0.000000 -15.568759       8
2   0.000000   0.000000 0.000000 -15.568655       8
2   0.000000   0.000000 0.000000 -15.569735       8
2   0.000000   0.000000 0.000000 -15.567641       8
2   0.000000   0.000000 0.000000 -15.567739       8
2   0.000000   0.000000 0.000000 -15.569663       8
2   0.000000   0.000000 0.000000 -15.568828       8
2   0.000000   0.000000 0.000000 -15.568318       8
2   0.000000   0.000000 0.000000 -15.566756       8
2   0.000000   0.000000 0.000000 -15.568009       8
1   0.000000   0.000000 -15.568426 -15.568426       9
1   0.000000   0.000000 -15.568388 -15.568388       9
1   0.000000   0.000000 -15.568131 -15.568131       9
1   0.000000   0.000000 -15.567740 -15.567740       9
1   0.000000   0.000000 -15.568383 -15.568634       9
1   0.000000   0.000000 -15.568109 -15.568109       9
