1  0.000000  8.447236  8.447236  20.638230  0.021039  -0.005275  4.062776  0.023783  -0.003596  4016276930746462277047425829452794984662744847528769890938832034455186306965463274608124625390739447032659664789172829827314040897591378270995604279094707130571531481858888555000897802710123826876231251461505018510841920974565247865258443944397931517706520313724928.000000  11487326214561552086255557062860099631617407128721570366130050876260639423672997622924289837474061317294274709564116754542375421094646573454746152383308661765712938879618673658245224692290719492165944451329833127245676339667806105355496356630302714197336754957058048.000000
1  20.638230  8.448483  8.448483  21.895431  0.021305  -0.001890  4.305642  0.024222  -0.000212  4016276930746462277047425829452794984662744847528769890938832034455186306965463274608124625390739447032659664789172829827314040897591378270995604279094707130571531481858888555000897802710123826876231251461505018510841920974565247865258443944397931517706520313724928.000000  11487326214561552086255557062860099631617407128721570366130050876260639423672997622924289837474061317294274709564116754542375421094646573454746152383308661765712938879618673658245224692290719492165944451329833127245676339667806105355496356630302714197336754957058048.000000
1  21.895431  8.447323  8.447323  23.150991  0.010120  -0.046193  4.546222  0.013210  -0.044509  4016276930746462277047425829452794984662744847528769890938832034455186306965463274608124625390739447032659664789172829827314040897591378270995604279094707130571531481858888555000897802710123826876231251461505018510841920974565247865258443944397931517706520313724928.000000  11487326214561552086255557062860099631617407128721570366130050876260639423672997622924289837474061317294274709564116754542375421094646573454746152383308661765712938879618673658245224692290719492165944451329833127245676339667806105355496356630302714197336754957058048.000000
1  23.150991  8.447994  8.447994  24.371758  0.019308  -0.010294  4.778895  0.022567  -0.008613  309.019989  0.150000
1  24.371758  8.448811  8.448811  25.798327  0.023170  0.006096  5.001902  0.026599  0.007779  309.019989  0.150000
1  25.798327  8.447281  8.447281  27.023504  0.025034  0.013438  5.226582  0.028632  0.015116  309.019989  0.150000
1  27.023504  8.448032  8.448179  28.284902  0.023569  0.008340  5.442976  0.027337  0.010014  309.019989  0.150000
1  28.284902  8.448161  8.448161  29.598590  0.021838  -0.000485  5.673349  0.025777  0.001216  309.019989  0.150000
1  29.598590  8.446633  8.446633  31.158182  0.026765  0.014115  5.960870  0.030900  0.015870  309.019989  0.150000
1  31.158182  8.449185  8.449185  32.627444  0.025833  0.005065  6.258962  0.030161  0.006873  309.019989  0.150000
1  32.627444  8.447842  8.447842  34.107239  0.022104  -0.009236  6.570359  0.026639  -0.007349  309.019989  0.150000
1  34.107239  8.447416  8.447354  35.545245  0.024901  -0.000654  6.933743  0.029658  0.001335  309.019989  0.150000
1  35.545245  8.448599  8.448599  36.983183  0.026765  0.001924  7.332652  0.031743  0.003982  309.019989  0.150000
1  36.983183  8.448402  8.448402  38.533467  0.034488  0.029589  7.760819  0.039693  0.031704  309.019989  0.230000
1  38.533467  8.447791  8.447791  39.964559  0.016911  -0.040875  8.209329  0.022354  -0.038688  309.019989  0.230000
1  39.964559  8.447788  8.447788  41.358209  0.019042  -0.032244  8.663590  0.024708  -0.030059  309.019989  0.230000
1  41.358209  8.448183  8.447580  42.733626  0.021838  -0.017401  9.111339  0.027730  -0.015202  309.019989  0.230000
1  42.733626  8.445876  8.445876  44.254752  0.021305  -0.018547  9.584555  0.027460  -0.016221  309.019989  0.230000
1  44.254752  8.446532  8.446532  45.527490  0.018376  -0.026381  9.982959  0.024698  -0.024282  309.019989  0.230000
1  45.527490  8.448116  8.448116  46.814196  0.018376  -0.021965  10.359937  0.024859  -0.020024  309.019989  0.230000
1  46.814196  8.447301  8.447301  48.097745  0.021971  -0.003570  10.743216  0.028649  -0.001642  309.019989  0.230000
1  48.097745  8.447511  8.447786  49.303329  0.011718  -0.042272  11.100320  0.018570  -0.040415  309.019989  0.230000
1  49.303329  8.447292  8.447292  50.592620  0.033955  0.049587  11.495366  0.041070  0.051682  309.019989  0.230000
1  50.592620  8.447278  8.447278  51.884686  0.019308  -0.004424  11.886094  0.026721  -0.002037  309.019989  0.000000
1  51.884686  8.448162  8.448162  53.043746  0.021172  0.006299  12.241974  0.028863  0.008797  309.019989  0.000000
1  53.043746  8.447714  8.447714  54.299113  0.024634  0.019030  12.592912  0.032597  0.021571  309.019989  0.000000
1  54.299113  8.447614  8.447981  55.517931  0.009321  -0.042374  12.954989  0.017585  -0.039708  309.019989  0.000000
1  55.517931  8.449395  8.449395  56.854642  0.019574  0.003769  13.345237  0.028229  0.006835  309.019989  0.000000
1  56.854642  8.448650  8.448650  58.155462  0.026898  0.029583  13.748281  0.035923  0.032840  309.019989  0.000000
1  58.155462  8.446860  8.446860  59.418711  0.021838  0.004474  14.170875  0.031237  0.007877  309.019989  0.000000
1  59.418711  8.446667  8.446667  60.789069  0.020240  -0.005269  14.648709  0.030124  -0.001401  309.019989  0.000000
1  60.789069  8.448436  8.448551  62.239667  0.019574  -0.008295  15.130494  0.029920  -0.004225  309.019989  0.000000
1  62.239667  8.447369  8.447369  63.580172  0.015047  -0.026981  15.634513  0.025876  -0.022655  309.019989  0.000000
1  63.580172  8.448201  8.448201  64.960932  0.020773  -0.007448  16.146274  0.032025  -0.003152  309.019989  0.000000
1  64.960932  8.448087  8.448087  66.266263  0.019308  -0.008824  16.657389  0.030985  -0.004548  309.019989  0.000000
1  66.266263  8.446627  8.446627  67.457446  0.027963  0.029285  17.128198  0.039974  0.033242  309.019989  0.000000
