1  -0.005017  -0.005017  39.029222  0.032491  0.045441  46.023269  0.039403  0.050557  5245794362276450249713484368029773145400969261328531847582083460222478891575653547205899619072956490790779186142036234558214314511541350243151111279934608363150653983424472313634346649129696603951951530912599436576050344103583552827766185872035427092916020239663104.000000  13974942035906258768331703844805615020761168451032351859800329426236227644148985051260371533932217297623745177397833216536529007553848872420366704642907168846730584956054799988700157733412541422764496344549106449108355715979547777952918560350073377079824144276652032.000000
1  -0.004862  -0.004862  42.319897  0.020506  -0.002833  49.388592  0.027920  0.002232  5245794362276450249713484368029773145400969261328531847582083460222478891575653547205899619072956490790779186142036234558214314511541350243151111279934608363150653983424472313634346649129696603951951530912599436576050344103583552827766185872035427092916020239663104.000000  13974942035906258768331703844805615020761168451032351859800329426236227644148985051260371533932217297623745177397833216536529007553848872420366704642907168846730584956054799988700157733412541422764496344549106449108355715979547777952918560350073377079824144276652032.000000
1  -0.006361  -0.006049  45.955262  0.025833  0.017923  52.774276  0.033751  0.022956  5245794362276450249713484368029773145400969261328531847582083460222478891575653547205899619072956490790779186142036234558214314511541350243151111279934608363150653983424472313634346649129696603951951530912599436576050344103583552827766185872035427092916020239663104.000000  13974942035906258768331703844805615020761168451032351859800329426236227644148985051260371533932217297623745177397833216536529007553848872420366704642907168846730584956054799988700157733412541422764496344549106449108355715979547777952918560350073377079824144276652032.000000
1  -0.004593  -0.004593  49.820233  0.015713  -0.024599  56.112994  0.024129  -0.019605  5245794362276450249713484368029773145400969261328531847582083460222478891575653547205899619072956490790779186142036234558214314511541350243151111279934608363150653983424472313634346649129696603951951530912599436576050344103583552827766185872035427092916020239663104.000000  13974942035906258768331703844805615020761168451032351859800329426236227644148985051260371533932217297623745177397833216536529007553848872420366704642907168846730584956054799988700157733412541422764496344549106449108355715979547777952918560350073377079824144276652032.000000
1  -0.006596  -0.006596  53.646867  0.017577  -0.017268  59.444421  0.026491  -0.012302  5245794362276450249713484368029773145400969261328531847582083460222478891575653547205899619072956490790779186142036234558214314511541350243151111279934608363150653983424472313634346649129696603951951530912599436576050344103583552827766185872035427092916020239663104.000000  13974942035906258768331703844805615020761168451032351859800329426236227644148985051260371533932217297623745177397833216536529007553848872420366704642907168846730584956054799988700157733412541422764496344549106449108355715979547777952918560350073377079824144276652032.000000
1  -0.004643  -0.004643  57.553217  0.013848  -0.033462  62.681903  0.023246  -0.028560  5245794362276450249713484368029773145400969261328531847582083460222478891575653547205899619072956490790779186142036234558214314511541350243151111279934608363150653983424472313634346649129696603951951530912599436576050344103583552827766185872035427092916020239663104.000000  13974942035906258768331703844805615020761168451032351859800329426236227644148985051260371533932217297623745177397833216536529007553848872420366704642907168846730584956054799988700157733412541422764496344549106449108355715979547777952918560350073377079824144276652032.000000
1  -0.005679  -0.005679  61.311946  0.027564  0.019106  65.901899  0.037443  0.023953  5245794362276450249713484368029773145400969261328531847582083460222478891575653547205899619072956490790779186142036234558214314511541350243151111279934608363150653983424472313634346649129696603951951530912599436576050344103583552827766185872035427092916020239663104.000000  13974942035906258768331703844805615020761168451032351859800329426236227644148985051260371533932217297623745177397833216536529007553848872420366704642907168846730584956054799988700157733412541422764496344549106449108355715979547777952918560350073377079824144276652032.000000
1  -0.005897  -0.006780  65.632035  0.022770  -0.000261  69.076378  0.033126  0.004529  5245794362276450249713484368029773145400969261328531847582083460222478891575653547205899619072956490790779186142036234558214314511541350243151111279934608363150653983424472313634346649129696603951951530912599436576050344103583552827766185872035427092916020239663104.000000  13974942035906258768331703844805615020761168451032351859800329426236227644148985051260371533932217297623745177397833216536529007553848872420366704642907168846730584956054799988700157733412541422764496344549106449108355715979547777952918560350073377079824144276652032.000000
1  -0.004734  -0.004734  69.743825  0.014647  -0.031158  72.147999  0.025466  -0.026433  5245794362276450249713484368029773145400969261328531847582083460222478891575653547205899619072956490790779186142036234558214314511541350243151111279934608363150653983424472313634346649129696603951951530912599436576050344103583552827766185872035427092916020239663104.000000  13974942035906258768331703844805615020761168451032351859800329426236227644148985051260371533932217297623745177397833216536529007553848872420366704642907168846730584956054799988700157733412541422764496344549106449108355715979547777952918560350073377079824144276652032.000000
1  -0.005607  -0.005607  73.914574  0.027963  0.021921  75.197952  0.039242  0.026578  302.140015  0.720000
1  -0.005346  -0.005346  78.200924  0.007457  -0.055583  78.156338  0.019186  -0.050991  302.140015  0.720000
1  -0.005479  -0.005479  82.129077  0.022637  0.004006  81.105378  0.034814  0.008538  302.140015  0.720000
1  -0.005516  -0.005640  86.302935  0.027697  0.023612  83.985129  0.040313  0.028078  302.140015  0.720000
1  -0.004980  -0.004980  90.671379  0.023170  0.002146  86.796910  0.036212  0.006525  302.140015  0.720000
1  -0.005592  -0.005592  94.725398  0.021971  -0.003829  89.576873  0.035436  0.000477  302.140015  0.720000
1  -0.005967  -0.005967  98.837244  0.034754  0.045201  92.292521  0.048632  0.049430  302.140015  0.720000
1  -0.002680  -0.002680  102.559301  0.027830  0.019117  94.948422  0.042113  0.023262  302.140015  0.720000
1  -0.005375  -0.005412  106.556009  0.014115  -0.034688  97.546221  0.028795  -0.030611  326.470001  0.630000
1  -0.003772  -0.003772  110.586014  0.023702  0.004176  100.099138  0.038772  0.008179  326.470001  0.630000
1  -0.005369  -0.005369  114.440292  0.020906  -0.007528  102.584770  0.036355  -0.003608  326.470001  0.630000
1  -0.005702  -0.005702  117.866202  0.019308  -0.014709  104.982118  0.035122  -0.010895  326.470001  0.630000
1  -0.005212  -0.005212  121.242043  0.023702  0.002161  107.346642  0.039876  0.005882  326.470001  0.630000
1  -0.005734  -0.005630  124.418794  0.019574  -0.014014  109.622971  0.036094  -0.010390  326.470001  0.630000
1  -0.005474  -0.005474  127.434047  0.023835  0.002720  111.927237  0.040706  0.006254  326.470001  0.630000
1  -0.005406  -0.005406  130.061868  0.026498  0.015913  114.076519  0.043697  0.019345  326.470001  0.630000
1  -0.004127  -0.004127  132.732003  0.017843  -0.020787  116.209144  0.035364  -0.017437  326.470001  0.630000
1  -0.004365  -0.004365  135.147954  0.025433  0.010885  118.280035  0.043269  0.014153  326.470001  0.630000
1  -0.005767  -0.005995  137.260902  0.024235  0.007224  120.256315  0.042369  0.010383  344.029999  0.600000
1  -0.004751  -0.004751  139.480925  0.016512  -0.023892  122.196092  0.034937  -0.020828  344.029999  0.600000
1  -0.005708  -0.005708  141.449944  0.026099  0.015248  124.087266  0.044808  0.018223  344.029999  0.600000
1  -0.005277  -0.005277  143.247982  0.023968  0.008116  125.895024  0.042949  0.010990  344.029999  0.600000
1  -0.004195  -0.004195  144.913049  0.027164  0.021697  127.654650  0.046407  0.024477  344.029999  0.600000
1  -0.004590  -0.005678  146.392604  0.015579  -0.023848  129.391694  0.035079  -0.021155  344.029999  0.600000
2  0.000000  -0.005716  147.817475  0.021838  0.001453  131.023933  0.041578  0.004041  344.029999  0.600000
2  -4.887156  -0.004159  149.141938  0.011718  -0.038829  132.597085  0.031687  -0.036349  344.029999  0.600000
2  -9.643524  -0.005541  150.453927  0.020906  -0.005321  134.141173  0.041097  -0.002938  344.029999  0.600000
2  -14.332232  -0.004432  151.634142  0.023036  0.005919  135.620599  0.043441  0.008210  344.029999  0.600000
2  -18.834318  -0.005954  152.704136  0.023702  0.007243  137.065348  0.044312  0.009446  329.609985  0.720000
2  -23.243408  -0.007310  153.713730  0.021572  -0.000422  138.461300  0.042380  0.001698  329.609985  0.720000
2  -27.516869  -0.004829  154.617635  0.011052  -0.042677  139.784658  0.032045  -0.040654  329.609985  0.720000
2  -31.580434  -0.005342  155.482074  0.014647  -0.028148  141.074338  0.035819  -0.026212  329.609985  0.720000
2  -35.562230  -0.004847  156.244860  0.015713  -0.020933  142.282379  0.037051  -0.019093  329.609985  0.720000
2  -39.309568  -0.005252  156.938748  0.013316  -0.028417  143.458220  0.034816  -0.026659  329.609985  0.720000
2  -42.970214  -0.005427  157.596462  0.022637  0.010595  144.578152  0.044289  0.012267  329.609985  0.720000
2  -46.480238  -0.005784  158.256240  0.027697  0.027718  145.701953  0.049497  0.029320  329.609985  0.720000
2  -50.011140  -0.005122  158.840846  0.025966  0.018274  146.756260  0.047903  0.019794  329.609985  0.720000
2  -53.340945  -0.004866  159.406258  0.019974  -0.004435  147.764401  0.042042  -0.002989  334.459991  0.800000
2  -56.540493  -0.004466  159.875760  0.021172  0.000521  148.715031  0.043361  0.001882  334.459991  0.800000
2  -59.580923  -0.005310  160.332068  0.031825  0.043502  149.629234  0.054127  0.044785  334.459991  0.800000
2  -62.526273  -0.005514  160.769537  0.012117  -0.036712  150.526981  0.034529  -0.035494  334.459991  0.800000
2  -65.416391  -0.004716  161.127279  0.023835  0.010926  151.335486  0.046344  0.012053  334.459991  0.800000
2  -68.062915  -0.005854  161.496172  0.016378  -0.017867  152.142183  0.038983  -0.016801  334.459991  0.800000
2  -70.702826  -0.004484  161.806456  0.024368  0.016595  152.897033  0.047060  0.017597  334.459991  0.800000
2  -73.202784  -0.007128  162.101186  0.016112  -0.019213  153.630950  0.038885  -0.018278  334.459991  0.800000
2  -75.639465  -0.004554  162.342473  0.019308  -0.000964  154.318603  0.042159  -0.000086  334.459991  0.800000
2  -77.950252  -0.005311  162.586180  0.015846  -0.012563  154.971659  0.038769  -0.011742  334.459991  0.800000
2  -80.160726  -0.007596  162.813333  0.029961  0.043026  155.602268  0.052950  0.043790  334.459991  0.800000
2  -82.319219  -0.007682  163.047412  0.034088  0.053657  156.230796  0.057139  0.054370  334.459991  0.800000
2  -84.473010  -0.005759  163.262580  0.020639  0.001087  156.823314  0.043749  0.001757  334.459991  0.800000
2  -86.516142  -0.003616  163.416513  0.021572  0.006670  157.364253  0.044732  0.007285  339.690002  0.940000
2  -88.417357  -0.005327  163.609490  0.028096  0.031853  157.917218  0.051309  0.032434  339.690002  0.940000
2  -90.363189  -0.007750  163.750375  0.021572  0.004974  158.415430  0.044826  0.005500  339.690002  0.940000
2  -92.143411  -0.005175  163.901961  0.017444  -0.008984  158.908532  0.040741  -0.008491  339.690002  0.940000
2  -93.914614  -0.004384  164.079507  0.022104  0.007570  159.395770  0.045440  0.008029  339.690002  0.940000
2  -95.677664  -0.005215  164.237234  0.020773  0.002513  159.859563  0.044145  0.002938  339.690002  0.940000
2  -97.372182  -0.004481  164.330137  0.027164  0.026619  160.258743  0.050562  0.026987  339.690002  0.940000
2  -98.880861  -0.005052  164.393327  0.013183  -0.024701  160.625843  0.036603  -0.024381  327.220001  0.950000
2  -100.286921  -0.005447  164.493417  0.011052  -0.035419  161.012453  0.034495  -0.035134  327.220001  0.950000
2  -101.761437  -0.004138  164.528194  0.015446  -0.014530  161.335496  0.038904  -0.014290  327.220001  0.950000
2  -103.051860  -0.006647  164.583799  0.013449  -0.024025  161.653207  0.036918  -0.023826  327.220001  0.950000
2  -104.326383  -0.004954  164.705502  0.031159  0.046875  162.002066  0.054646  0.047067  327.220001  0.950000
2  -105.707802  -0.005433  164.798614  0.024901  0.020948  162.320566  0.048399  0.021114  327.220001  0.950000
2  -106.989437  -0.005196  164.809052  0.015579  -0.014597  162.568723  0.039079  -0.014481  327.220001  0.950000
2  -108.061082  -0.003395  164.853812  0.022637  0.014437  162.844620  0.046143  0.014534  327.220001  0.950000
2  -109.226981  -0.004783  164.959897  0.022371  0.012133  163.162128  0.045888  0.012236  327.220001  0.950000
2  -110.517310  -0.003990  165.036470  0.021438  0.006519  163.434226  0.044959  0.006599  327.220001  0.950000
2  -111.673865  -0.003917  165.089270  0.018243  -0.006599  163.680886  0.041763  -0.006548  340.750000  0.830000
2  -112.755503  -0.007549  165.067291  0.014248  -0.019705  163.867762  0.037760  -0.019698  340.750000  0.830000
2  -113.659320  -0.004651  165.059844  0.021438  0.009334  164.059752  0.044942  0.009310  340.750000  0.830000
2  -114.586047  -0.004794  165.106645  0.027431  0.033286  164.284379  0.050931  0.033260  340.750000  0.830000
2  -115.612388  -0.004918  165.157167  0.020506  0.007479  164.494746  0.044002  0.007448  340.750000  0.830000
1  -0.004083  -0.004083  165.184656  0.018908  0.001609  164.673893  0.042394  0.001554  340.750000  0.830000
1  -0.005369  -0.005018  165.181054  0.011318  -0.029785  164.833002  0.034789  -0.029870  340.750000  0.830000
1  -0.005833  -0.005833  165.239007  0.020373  0.004991  165.030441  0.043835  0.004904  340.750000  0.830000
1  -0.005764  -0.005764  165.223103  0.020506  0.003356  165.173333  0.043950  0.003237  340.750000  0.830000
1  -0.005529  -0.005529  165.184727  0.019441  -0.001553  165.281366  0.042861  -0.001714  340.750000  0.830000
1  -0.005059  -0.005059  165.234298  0.018642  -0.003364  165.443930  0.042048  -0.003517  342.570007  1.080000
1  -0.005469  -0.004989  165.223940  0.023835  0.017676  165.572840  0.047222  0.017511  342.570007  1.080000
1  -0.003634  -0.003634  165.258229  0.023569  0.015523  165.717524  0.046938  0.015356  342.570007  1.080000
