1  0.000000  0.000000  22.615181  1.005830  -0.133756  0.000000  0.000000  0.000000  0.000000  0.000000
1  22.615181  22.615181  23.999548  0.930898  -0.327894  0.000000  0.000000  0.000000  0.000000  0.000000
1  23.999548  23.999548  25.474322  0.954543  -0.198626  0.000000  0.000000  0.000000  0.000000  0.000000
1  25.474322  25.474322  26.827823  0.997800  0.038828  0.000000  0.000000  0.000000  0.000000  0.000000
1  26.827823  26.827823  28.240836  1.165979  0.509598  0.000000  0.000000  0.000000  0.000000  0.000000
1  28.240836  28.240836  29.920301  1.124633  0.099206  0.000000  0.000000  0.000000  0.000000  0.000000
1  29.920301  29.920301  31.367319  1.240563  0.354486  0.000000  0.000000  0.000000  0.000000  0.000000
1  31.367319  31.367319  32.921359  1.255020  0.200583  0.000000  0.000000  0.000000  0.000000  0.000000
1  32.921359  32.921359  34.556011  1.441197  0.654652  0.000000  0.000000  0.000000  0.000000  0.000000
1  34.556011  34.556011  36.096814  1.412273  0.297341  0.000000  0.000000  0.000000  0.000000  0.000000
1  36.096814  36.096814  37.633003  1.373974  0.015103  0.000000  0.000000  0.000000  0.000000  0.000000
1  37.633003  37.633003  39.029939  1.310955  -0.243037  0.000000  0.000000  0.000000  0.000000  0.000000
1  39.029939  39.029939  40.553030  1.253007  -0.402718  0.000000  0.000000  0.000000  0.000000  0.000000
1  40.553030  40.553030  42.035764  0.987799  -1.247073  0.000000  0.000000  0.000000  0.000000  0.000000
1  42.035764  42.035764  43.443491  0.931332  -1.076414  0.000000  0.000000  0.000000  0.000000  0.000000
1  43.443491  43.443491  44.816346  0.872193  -1.030834  0.000000  0.000000  0.000000  0.000000  0.000000
1  44.816346  44.816346  46.226310  0.946425  -0.474401  0.000000  0.000000  0.000000  0.000000  0.000000
1  46.226310  46.226310  47.750059  0.957794  -0.457070  0.000000  0.000000  0.000000  0.000000  0.000000
1  47.750059  47.750059  49.129760  1.016263  -0.185620  0.000000  0.000000  0.000000  0.000000  0.000000
1  49.129760  49.129760  50.547618  1.067203  -0.090873  0.000000  0.000000  0.000000  0.000000  0.000000
1  50.547618  50.547618  52.037592  1.352018  0.723523  0.000000  0.000000  0.000000  0.000000  0.000000
1  52.037592  52.037592  53.496145  1.304465  0.268573  0.000000  0.000000  0.000000  0.000000  0.000000
1  53.496145  53.496145  54.957309  1.470565  0.695372  0.000000  0.000000  0.000000  0.000000  0.000000
1  54.957309  54.957309  56.400493  1.361125  -0.043627  0.000000  0.000000  0.000000  0.000000  0.000000
1  56.400493  56.400493  57.849068  1.373241  -0.048620  0.000000  0.000000  0.000000  0.000000  0.000000
1  57.849068  57.849068  59.356227  1.458788  0.105451  0.000000  0.000000  0.000000  0.000000  0.000000
1  59.356227  59.356227  60.771905  1.279055  -0.639173  0.000000  0.000000  0.000000  0.000000  0.000000
1  60.771905  60.771905  62.044637  1.454990  -0.021567  0.000000  0.000000  0.000000  0.000000  0.000000
1  62.044637  62.044637  63.343599  1.478330  -0.057134  0.000000  0.000000  0.000000  0.000000  0.000000
1  63.343599  63.343599  64.696225  1.671332  0.481638  0.000000  0.000000  0.000000  0.000000  0.000000
1  64.696225  64.696225  65.976797  1.714552  0.433029  0.000000  0.000000  0.000000  0.000000  0.000000
1  65.976797  65.976797  67.266790  1.651054  0.021725  0.000000  0.000000  0.000000  0.000000  0.000000
1  67.266790  67.266790  68.477761  1.799794  0.335646  0.000000  0.000000  0.000000  0.000000  0.000000
1  68.477761  68.477761  69.881044  1.806729  0.082925  0.000000  0.000000  0.000000  0.000000  0.000000
1  69.881044  69.881044  71.143674  1.870045  0.202911  0.000000  0.000000  0.000000  0.000000  0.000000
1  71.143674  71.143674  72.426208  2.085856  0.734962  0.000000  0.000000  0.000000  0.000000  0.000000
1  72.426208  72.426208  73.710315  2.002577  0.262550  0.000000  0.000000  0.000000  0.000000  0.000000
1  73.710315  73.710315  74.973656  1.996212  0.030305  0.000000  0.000000  0.000000  0.000000  0.000000
1  74.973656  74.973656  76.165032  1.999165  0.057614  0.000000  0.000000  0.000000  0.000000  0.000000
1  76.165032  76.165032  77.402214  2.083120  0.295596  0.000000  0.000000  0.000000  0.000000  0.000000
1  77.402214  77.402214  78.768895  2.095599  0.195348  0.000000  0.000000  0.000000  0.000000  0.000000
1  78.768895  78.768895  80.044994  2.159217  0.251812  0.000000  0.000000  0.000000  0.000000  0.000000
1  80.044994  80.044994  81.181685  2.222441  0.384546  0.000000  0.000000  0.000000  0.000000  0.000000
1  81.181685  81.181685  82.290765  2.241283  0.386803  0.000000  0.000000  0.000000  0.000000  0.000000
1  82.290765  82.290765  83.497817  2.264441  0.363020  0.000000  0.000000  0.000000  0.000000  0.000000
1  83.497817  83.497817  84.613070  2.241742  0.189777  0.000000  0.000000  0.000000  0.000000  0.000000
1  84.613070  84.613070  85.713248  2.400513  0.570286  0.000000  0.000000  0.000000  0.000000  0.000000
1  85.713248  85.713248  86.767667  2.343181  0.175041  0.000000  0.000000  0.000000  0.000000  0.000000
1  86.767667  86.767667  87.794056  2.218000  -0.224086  0.000000  0.000000  0.000000  0.000000  0.000000
1  87.794056  87.794056  88.842301  2.335708  0.271157  0.000000  0.000000  0.000000  0.000000  0.000000
1  88.842301  88.842301  89.870943  2.307426  0.209303  0.000000  0.000000  0.000000  0.000000  0.000000
1  89.870943  89.870943  90.934746  2.201109  -0.188074  0.000000  0.000000  0.000000  0.000000  0.000000
1  90.934746  90.934746  91.855413  2.310064  0.355317  0.000000  0.000000  0.000000  0.000000  0.000000
1  91.855413  91.855413  92.652448  2.184582  -0.069878  0.000000  0.000000  0.000000  0.000000  0.000000
1  92.652448  92.652448  93.490347  2.127827  -0.216403  0.000000  0.000000  0.000000  0.000000  0.000000
1  93.490347  93.490347  94.115189  2.120520  -0.118998  0.000000  0.000000  0.000000  0.000000  0.000000
1  94.115189  94.115189  94.935610  2.080408  -0.158071  0.000000  0.000000  0.000000  0.000000  0.000000
1  94.935610  94.935610  95.731105  1.918611  -0.534244  0.000000  0.000000  0.000000  0.000000  0.000000
1  95.731105  95.731105  96.622752  2.034781  0.033851  0.000000  0.000000  0.000000  0.000000  0.000000
1  96.622752  96.622752  97.382578  2.046269  0.179096  0.000000  0.000000  0.000000  0.000000  0.000000
1  97.382578  97.382578  98.018898  2.048895  0.257115  0.000000  0.000000  0.000000  0.000000  0.000000
1  98.018898  98.018898  98.830413  1.856720  -0.382115  0.000000  0.000000  0.000000  0.000000  0.000000
