1  0.000000  0.000000  3.313988  2.573470  0.019523  0.000000  0.000000  0.000000  0.000000  0.000000
1  3.313988  3.313988  3.572240  2.683913  0.362349  0.000000  0.000000  0.000000  0.000000  0.000000
1  3.572240  3.572240  3.722561  2.639784  0.133305  0.000000  0.000000  0.000000  0.000000  0.000000
1  3.722561  3.722561  4.028256  2.733434  0.357803  0.000000  0.000000  0.000000  0.000000  0.000000
1  4.028256  4.028256  4.246573  2.710005  0.168377  0.000000  0.000000  0.000000  0.000000  0.000000
1  4.246573  4.246573  4.392703  2.662335  -0.093557  0.000000  0.000000  0.000000  0.000000  0.000000
1  4.392703  4.392703  4.590512  2.562588  -0.382716  0.000000  0.000000  0.000000  0.000000  0.000000
1  4.590512  4.590512  4.622360  2.679619  0.166601  0.000000  0.000000  0.000000  0.000000  0.000000
1  4.622360  4.622360  4.743846  2.722123  0.224349  0.000000  0.000000  0.000000  0.000000  0.000000
1  4.743846  4.743846  4.865600  2.570835  -0.331958  0.000000  0.000000  0.000000  0.000000  0.000000
1  4.865600  4.865600  5.046564  2.590606  -0.185022  0.000000  0.000000  0.000000  0.000000  0.000000
1  5.046564  5.046564  5.178216  2.447556  -0.651854  0.000000  0.000000  0.000000  0.000000  0.000000
1  5.178216  5.178216  5.399691  2.426864  -0.467150  0.000000  0.000000  0.000000  0.000000  0.000000
1  5.399691  5.399691  5.557398  2.427258  -0.370924  0.000000  0.000000  0.000000  0.000000  0.000000
1  5.557398  5.557398  5.801040  2.531941  0.115164  0.000000  0.000000  0.000000  0.000000  0.000000
1  5.801040  5.801040  6.003487  2.383559  -0.485934  0.000000  0.000000  0.000000  0.000000  0.000000
1  6.003487  6.003487  6.113004  2.483242  0.020213  0.000000  0.000000  0.000000  0.000000  0.000000
1  6.113004  6.113004  6.299845  2.370541  -0.366366  0.000000  0.000000  0.000000  0.000000  0.000000
1  6.299845  6.299845  6.387935  2.451453  0.048880  0.000000  0.000000  0.000000  0.000000  0.000000
1  6.387935  6.387935  6.535712  2.439699  -0.017382  0.000000  0.000000  0.000000  0.000000  0.000000
1  6.535712  6.535712  6.686734  2.370521  -0.174143  0.000000  0.000000  0.000000  0.000000  0.000000
1  6.686734  6.686734  6.830707  2.362847  -0.174310  0.000000  0.000000  0.000000  0.000000  0.000000
1  6.830707  6.830707  6.878817  2.175968  -0.800167  0.000000  0.000000  0.000000  0.000000  0.000000
1  6.878817  6.878817  7.003916  2.302203  -0.138497  0.000000  0.000000  0.000000  0.000000  0.000000
1  7.003916  7.003916  7.113422  2.086587  -0.848375  0.000000  0.000000  0.000000  0.000000  0.000000
1  7.113422  7.113422  7.244215  2.118303  -0.468636  0.000000  0.000000  0.000000  0.000000  0.000000
1  7.244215  7.244215  7.370874  2.269095  0.108255  0.000000  0.000000  0.000000  0.000000  0.000000
1  7.370874  7.370874  7.479837  2.141842  -0.353127  0.000000  0.000000  0.000000  0.000000  0.000000
1  7.479837  7.479837  7.581831  2.095941  -0.363909  0.000000  0.000000  0.000000  0.000000  0.000000
1  7.581831  7.581831  7.607687  2.105885  -0.191774  0.000000  0.000000  0.000000  0.000000  0.000000
1  7.607687  7.607687  7.745364  2.028345  -0.331236  0.000000  0.000000  0.000000  0.000000  0.000000
1  7.745364  7.745364  7.778243  1.965670  -0.448649  0.000000  0.000000  0.000000  0.000000  0.000000
1  7.778243  7.778243  7.886991  1.845817  -0.728913  0.000000  0.000000  0.000000  0.000000  0.000000
1  7.886991  7.886991  7.906693  1.775952  -0.628536  0.000000  0.000000  0.000000  0.000000  0.000000
1  7.906693  7.906693  7.956406  1.654331  -0.828503  0.000000  0.000000  0.000000  0.000000  0.000000
1  7.956406  7.956406  8.034807  1.643412  -0.570363  0.000000  0.000000  0.000000  0.000000  0.000000
1  8.034807  8.034807  8.009488  1.667489  -0.330907  0.000000  0.000000  0.000000  0.000000  0.000000
1  8.009488  8.009488  7.977384  1.634949  -0.252794  0.000000  0.000000  0.000000  0.000000  0.000000
1  7.977384  7.977384  8.055195  1.533071  -0.506098  0.000000  0.000000  0.000000  0.000000  0.000000
1  8.055195  8.055195  8.030191  1.479851  -0.523416  0.000000  0.000000  0.000000  0.000000  0.000000
1  8.030191  8.030191  8.034791  1.392919  -0.652570  0.000000  0.000000  0.000000  0.000000  0.000000
1  8.034791  8.034791  7.989534  1.477080  -0.167064  0.000000  0.000000  0.000000  0.000000  0.000000
1  7.989534  7.989534  8.031663  1.430504  -0.285139  0.000000  0.000000  0.000000  0.000000  0.000000
1  8.031663  8.031663  8.022058  1.390439  -0.305232  0.000000  0.000000  0.000000  0.000000  0.000000
1  8.022058  8.022058  8.027294  1.231673  -0.676759  0.000000  0.000000  0.000000  0.000000  0.000000
1  8.027294  8.027294  7.968871  1.230696  -0.391766  0.000000  0.000000  0.000000  0.000000  0.000000
1  7.968871  7.968871  7.976406  1.141031  -0.590452  0.000000  0.000000  0.000000  0.000000  0.000000
1  7.976406  7.976406  7.980261  1.096619  -0.627249  0.000000  0.000000  0.000000  0.000000  0.000000
1  7.980261  7.980261  7.973963  0.975695  -0.804395  0.000000  0.000000  0.000000  0.000000  0.000000
1  7.973963  7.973963  7.977602  0.933844  -0.769217  0.000000  0.000000  0.000000  0.000000  0.000000
1  7.977602  7.977602  7.980750  0.957959  -0.415612  0.000000  0.000000  0.000000  0.000000  0.000000
1  7.980750  7.980750  7.938954  0.856943  -0.500007  0.000000  0.000000  0.000000  0.000000  0.000000
1  7.938954  7.938954  7.945607  0.828029  -0.442505  0.000000  0.000000  0.000000  0.000000  0.000000
1  7.945607  7.945607  8.007696  0.827095  -0.349150  0.000000  0.000000  0.000000  0.000000  0.000000
1  8.007696  8.007696  7.969062  0.758738  -0.476313  0.000000  0.000000  0.000000  0.000000  0.000000
1  7.969062  7.969062  8.005558  0.896641  0.117329  0.000000  0.000000  0.000000  0.000000  0.000000
1  8.005558  8.005558  8.012751  0.816531  -0.140368  0.000000  0.000000  0.000000  0.000000  0.000000
1  8.012751  8.012751  7.962923  0.610260  -0.757018  0.000000  0.000000  0.000000  0.000000  0.000000
1  7.962923  7.962923  7.969355  0.572487  -0.643383  0.000000  0.000000  0.000000  0.000000  0.000000
1  7.969355  7.969355  7.951023  0.680887  -0.049061  0.000000  0.000000  0.000000  0.000000  0.000000
1  7.951023  7.951023  7.957613  0.626378  -0.180786  0.000000  0.000000  0.000000  0.000000  0.000000
1  7.957613  7.957613  7.988277  0.709795  0.158093  0.000000  0.000000  0.000000  0.000000  0.000000
1  7.988277  7.988277  7.985268  0.797264  0.416596  0.000000  0.000000  0.000000  0.000000  0.000000
1  7.985268  7.985268  7.958335  0.692580  -0.092030  0.000000  0.000000  0.000000  0.000000  0.000000
1  7.958335  7.958335  7.959369  0.619725  -0.229326  0.000000  0.000000  0.000000  0.000000  0.000000
1  7.959369  7.959369  7.882051  0.747313  0.307933  0.000000  0.000000  0.000000  0.000000  0.000000
1  7.882051  7.882051  7.909183  0.682272  0.012629  0.000000  0.000000  0.000000  0.000000  0.000000
1  7.909183  7.909183  7.913311  0.588531  -0.292697  0.000000  0.000000  0.000000  0.000000  0.000000
1  7.913311  7.913311  7.953037  0.719460  0.210871  0.000000  0.000000  0.000000  0.000000  0.000000
1  7.953037  7.953037  7.983381  0.718427  0.084734  0.000000  0.000000  0.000000  0.000000  0.000000
1  7.983381  7.983381  8.027655  0.926100  0.677099  0.000000  0.000000  0.000000  0.000000  0.000000
1  8.027655  8.027655  8.056056  0.793811  0.016835  0.000000  0.000000  0.000000  0.000000  0.000000
1  8.056056  8.056056  8.054744  0.954829  0.568449  0.000000  0.000000  0.000000  0.000000  0.000000
1  8.054744  8.054744  8.107767  0.890215  0.222280  0.000000  0.000000  0.000000  0.000000  0.000000
1  8.107767  8.107767  8.170599  1.030029  0.539863  0.000000  0.000000  0.000000  0.000000  0.000000
1  8.170599  8.170599  8.236039  1.005929  0.347762  0.000000  0.000000  0.000000  0.000000  0.000000
1  8.236039  8.236039  8.312729  1.223254  0.936569  0.000000  0.000000  0.000000  0.000000  0.000000
1  8.312729  8.312729  8.376625  1.040899  0.060695  0.000000  0.000000  0.000000  0.000000  0.000000
1  8.376625  8.376625  8.423976  1.129627  0.329317  0.000000  0.000000  0.000000  0.000000  0.000000
1  8.423976  8.423976  8.446523  1.214936  0.531524  0.000000  0.000000  0.000000  0.000000  0.000000
1  8.446523  8.446523  8.538303  1.216951  0.354418  0.000000  0.000000  0.000000  0.000000  0.000000
1  8.538303  8.538303  8.599168  1.253837  0.424784  0.000000  0.000000  0.000000  0.000000  0.000000
1  8.599168  8.599168  8.659475  1.372386  0.677000  0.000000  0.000000  0.000000  0.000000  0.000000
1  8.659475  8.659475  8.775360  1.436749  0.621029  0.000000  0.000000  0.000000  0.000000  0.000000
1  8.775360  8.775360  8.915651  1.615071  1.060001  0.000000  0.000000  0.000000  0.000000  0.000000
1  8.915651  8.915651  8.993114  1.571452  0.585506  0.000000  0.000000  0.000000  0.000000  0.000000
1  8.993114  8.993114  9.158913  1.674525  0.684611  0.000000  0.000000  0.000000  0.000000  0.000000
1  9.158913  9.158913  9.270264  1.760351  0.790237  0.000000  0.000000  0.000000  0.000000  0.000000
1  9.270264  9.270264  9.376742  1.625419  0.133005  0.000000  0.000000  0.000000  0.000000  0.000000
1  9.376742  9.376742  9.409108  1.725833  0.465129  0.000000  0.000000  0.000000  0.000000  0.000000
1  9.409108  9.409108  9.565568  1.761457  0.342399  0.000000  0.000000  0.000000  0.000000  0.000000
1  9.565568  9.565568  9.726403  1.848344  0.483377  0.000000  0.000000  0.000000  0.000000  0.000000
1  9.726403  9.726403  9.829010  1.869503  0.404246  0.000000  0.000000  0.000000  0.000000  0.000000
1  9.829010  9.829010  9.966410  1.827955  0.233254  0.000000  0.000000  0.000000  0.000000  0.000000
1  9.966410  9.966410  10.097546  1.919315  0.423706  0.000000  0.000000  0.000000  0.000000  0.000000
1  10.097546  10.097546  10.199338  1.982627  0.447424  0.000000  0.000000  0.000000  0.000000  0.000000
1  10.199338  10.199338  10.345982  2.086771  0.669289  0.000000  0.000000  0.000000  0.000000  0.000000
1  10.345982  10.345982  10.448872  2.037169  0.364209  0.000000  0.000000  0.000000  0.000000  0.000000
1  10.448872  10.448872  10.515732  2.146803  0.597971  0.000000  0.000000  0.000000  0.000000  0.000000
1  10.515732  10.515732  10.702560  2.090030  0.201818  0.000000  0.000000  0.000000  0.000000  0.000000
1  10.702560  10.702560  10.893477  2.265522  0.660261  0.000000  0.000000  0.000000  0.000000  0.000000
1  10.893477  10.893477  11.061036  2.460876  1.089965  0.000000  0.000000  0.000000  0.000000  0.000000
1  11.061036  11.061036  11.160739  2.279537  0.270411  0.000000  0.000000  0.000000  0.000000  0.000000
1  11.160739  11.160739  11.360331  2.506334  0.907900  0.000000  0.000000  0.000000  0.000000  0.000000
1  11.360331  11.360331  11.495215  2.468398  0.572532  0.000000  0.000000  0.000000  0.000000  0.000000
1  11.495215  11.495215  11.638820  2.394160  0.122076  0.000000  0.000000  0.000000  0.000000  0.000000
1  11.638820  11.638820  11.784820  2.531476  0.454996  0.000000  0.000000  0.000000  0.000000  0.000000
1  11.784820  11.784820  11.859213  2.630849  0.677363  0.000000  0.000000  0.000000  0.000000  0.000000
1  11.859213  11.859213  12.032305  2.647441  0.498188  0.000000  0.000000  0.000000  0.000000  0.000000
1  12.032305  12.032305  12.157748  2.631746  0.374053  0.000000  0.000000  0.000000  0.000000  0.000000
1  12.157748  12.157748  12.340904  2.525948  -0.071946  0.000000  0.000000  0.000000  0.000000  0.000000
1  12.340904  12.340904  12.473268  2.627144  0.306454  0.000000  0.000000  0.000000  0.000000  0.000000
1  12.473268  12.473268  12.566353  2.554339  -0.071283  0.000000  0.000000  0.000000  0.000000  0.000000
1  12.566353  12.566353  12.654862  2.797279  0.759082  0.000000  0.000000  0.000000  0.000000  0.000000
1  12.654862  12.654862  12.821677  2.630465  -0.030224  0.000000  0.000000  0.000000  0.000000  0.000000
1  12.821677  12.821677  13.026882  2.755739  0.359784  0.000000  0.000000  0.000000  0.000000  0.000000
1  13.026882  13.026882  13.183389  2.741844  0.195653  0.000000  0.000000  0.000000  0.000000  0.000000
1  13.183389  13.183389  13.342743  2.709793  -0.009503  0.000000  0.000000  0.000000  0.000000  0.000000
1  13.342743  13.342743  13.495088  2.514292  -0.557755  0.000000  0.000000  0.000000  0.000000  0.000000
1  13.495088  13.495088  13.648627  2.695464  0.173806  0.000000  0.000000  0.000000  0.000000  0.000000
1  13.648627  13.648627  13.810772  2.615507  -0.102606  0.000000  0.000000  0.000000  0.000000  0.000000
1  13.810772  13.810772  13.864519  2.725546  0.363919  0.000000  0.000000  0.000000  0.000000  0.000000
1  13.864519  13.864519  14.003244  2.693100  0.180793  0.000000  0.000000  0.000000  0.000000  0.000000
1  14.003244  14.003244  14.047376  2.518847  -0.408446  0.000000  0.000000  0.000000  0.000000  0.000000
1  14.047376  14.047376  14.125315  2.405886  -0.603766  0.000000  0.000000  0.000000  0.000000  0.000000
1  14.125315  14.125315  14.229701  2.674535  0.518062  0.000000  0.000000  0.000000  0.000000  0.000000
1  14.229701  14.229701  14.378195  2.429283  -0.391894  0.000000  0.000000  0.000000  0.000000  0.000000
1  14.378195  14.378195  14.526216  2.547947  0.120599  0.000000  0.000000  0.000000  0.000000  0.000000
1  14.526216  14.526216  14.622848  2.655086  0.450642  0.000000  0.000000  0.000000  0.000000  0.000000
1  14.622848  14.622848  14.727973  2.625507  0.201799  0.000000  0.000000  0.000000  0.000000  0.000000
1  14.727973  14.727973  14.908193  2.548596  -0.135650  0.000000  0.000000  0.000000  0.000000  0.000000
1  14.908193  14.908193  14.918693  2.481963  -0.341468  0.000000  0.000000  0.000000  0.000000  0.000000
1  14.918693  14.918693  15.043391  2.453485  -0.203322  0.000000  0.000000  0.000000  0.000000  0.000000
1  15.043391  15.043391  15.117019  2.407644  -0.260729  0.000000  0.000000  0.000000  0.000000  0.000000
1  15.117019  15.117019  15.089482  2.361416  -0.376865  0.000000  0.000000  0.000000  0.000000  0.000000
1  15.089482  15.089482  14.873446  2.382284  -0.153027  0.000000  0.000000  0.000000  0.000000  0.000000
1  14.873446  14.873446  14.674879  2.396949  -0.013029  0.000000  0.000000  0.000000  0.000000  0.000000
1  14.674879  14.674879  14.549261  2.471620  0.286786  0.000000  0.000000  0.000000  0.000000  0.000000
1  14.549261  14.549261  14.353766  2.373387  -0.150886  0.000000  0.000000  0.000000  0.000000  0.000000
1  14.353766  14.353766  14.334736  2.302123  -0.283674  0.000000  0.000000  0.000000  0.000000  0.000000
1  14.334736  14.334736  14.321979  2.320271  -0.139186  0.000000  0.000000  0.000000  0.000000  0.000000
1  14.321979  14.321979  14.122581  2.163202  -0.548065  0.000000  0.000000  0.000000  0.000000  0.000000
1  14.122581  14.122581  13.946199  2.044182  -0.663820  0.000000  0.000000  0.000000  0.000000  0.000000
1  13.946199  13.946199  13.751273  1.938727  -0.789841  0.000000  0.000000  0.000000  0.000000  0.000000
1  13.751273  13.751273  13.557701  1.896781  -0.665937  0.000000  0.000000  0.000000  0.000000  0.000000
1  13.557701  13.557701  13.161913  1.923329  -0.291581  0.000000  0.000000  0.000000  0.000000  0.000000
1  13.161913  13.161913  13.108200  1.894716  -0.305832  0.000000  0.000000  0.000000  0.000000  0.000000
1  13.108200  13.108200  12.886488  1.692572  -0.878426  0.000000  0.000000  0.000000  0.000000  0.000000
1  12.886488  12.886488  12.730101  1.807900  -0.206410  0.000000  0.000000  0.000000  0.000000  0.000000
1  12.730101  12.730101  12.554694  1.804502  -0.167215  0.000000  0.000000  0.000000  0.000000  0.000000
1  12.554694  12.554694  12.374203  1.755363  -0.286235  0.000000  0.000000  0.000000  0.000000  0.000000
1  12.374203  12.374203  12.245543  1.571742  -0.891550  0.000000  0.000000  0.000000  0.000000  0.000000
1  12.245543  12.245543  12.284485  1.650608  -0.394807  0.000000  0.000000  0.000000  0.000000  0.000000
1  12.284485  12.284485  12.133605  1.721875  -0.099135  0.000000  0.000000  0.000000  0.000000  0.000000
1  12.133605  12.133605  11.950408  1.708428  -0.071410  0.000000  0.000000  0.000000  0.000000  0.000000
1  11.950408  11.950408  11.869927  1.626411  -0.314151  0.000000  0.000000  0.000000  0.000000  0.000000
1  11.869927  11.869927  11.811225  1.479349  -0.688911  0.000000  0.000000  0.000000  0.000000  0.000000
1  11.811225  11.811225  11.747406  1.511181  -0.296598  0.000000  0.000000  0.000000  0.000000  0.000000
1  11.747406  11.747406  11.562952  1.320463  -0.759314  0.000000  0.000000  0.000000  0.000000  0.000000
1  11.562952  11.562952  11.422231  1.360465  -0.388200  0.000000  0.000000  0.000000  0.000000  0.000000
1  11.422231  11.422231  11.237672  1.281794  -0.571075  0.000000  0.000000  0.000000  0.000000  0.000000
1  11.237672  11.237672  11.023278  1.240428  -0.562950  0.000000  0.000000  0.000000  0.000000  0.000000
1  11.023278  11.023278  10.904604  1.376963  0.063938  0.000000  0.000000  0.000000  0.000000  0.000000
1  10.904604  10.904604  10.767015  1.233602  -0.422606  0.000000  0.000000  0.000000  0.000000  0.000000
1  10.767015  10.767015  10.626516  1.215474  -0.375493  0.000000  0.000000  0.000000  0.000000  0.000000
1  10.626516  10.626516  10.471730  1.350803  0.195108  0.000000  0.000000  0.000000  0.000000  0.000000
1  10.471730  10.471730  10.368714  1.180006  -0.457872  0.000000  0.000000  0.000000  0.000000  0.000000
1  10.368714  10.368714  10.182586  1.134532  -0.402483  0.000000  0.000000  0.000000  0.000000  0.000000
1  10.182586  10.182586  10.085314  1.074739  -0.482766  0.000000  0.000000  0.000000  0.000000  0.000000
1  10.085314  10.085314  10.034841  1.176062  0.033403  0.000000  0.000000  0.000000  0.000000  0.000000
1  10.034841  10.034841  9.935515  1.162031  -0.076569  0.000000  0.000000  0.000000  0.000000  0.000000
1  9.935515  9.935515  9.686856  1.270673  0.336925  0.000000  0.000000  0.000000  0.000000  0.000000
1  9.686856  9.686856  9.553304  1.059972  -0.474217  0.000000  0.000000  0.000000  0.000000  0.000000
1  9.553304  9.553304  9.310060  0.833494  -1.111784  0.000000  0.000000  0.000000  0.000000  0.000000
1  9.310060  9.310060  9.036678  0.902375  -0.541734  0.000000  0.000000  0.000000  0.000000  0.000000
1  9.036678  9.036678  8.746921  0.949718  -0.161782  0.000000  0.000000  0.000000  0.000000  0.000000
1  8.746921  8.746921  8.358427  0.844050  -0.510404  0.000000  0.000000  0.000000  0.000000  0.000000
1  8.358427  8.358427  8.216856  0.981301  0.137944  0.000000  0.000000  0.000000  0.000000  0.000000
1  8.216856  8.216856  7.866611  0.915668  -0.143400  0.000000  0.000000  0.000000  0.000000  0.000000
1  7.866611  7.866611  7.616497  0.878470  -0.214181  0.000000  0.000000  0.000000  0.000000  0.000000
1  7.616497  7.616497  7.302346  0.978653  0.098755  0.000000  0.000000  0.000000  0.000000  0.000000
1  7.302346  7.302346  7.077074  1.108078  0.470596  0.000000  0.000000  0.000000  0.000000  0.000000
1  7.077074  7.077074  7.042850  1.152591  0.474184  0.000000  0.000000  0.000000  0.000000  0.000000
1  7.042850  7.042850  6.871204  1.099761  0.077481  0.000000  0.000000  0.000000  0.000000  0.000000
1  6.871204  6.871204  6.738168  1.129973  0.152008  0.000000  0.000000  0.000000  0.000000  0.000000
1  6.738168  6.738168  6.519525  1.229424  0.437685  0.000000  0.000000  0.000000  0.000000  0.000000
1  6.519525  6.519525  6.325178  1.316095  0.610594  0.000000  0.000000  0.000000  0.000000  0.000000
1  6.325178  6.325178  6.102510  1.438000  0.845559  0.000000  0.000000  0.000000  0.000000  0.000000
1  6.102510  6.102510  6.010628  1.403915  0.415143  0.000000  0.000000  0.000000  0.000000  0.000000
1  6.010628  6.010628  5.955646  1.369997  0.182392  0.000000  0.000000  0.000000  0.000000  0.000000
1  5.955646  5.955646  5.919490  1.599000  0.907583  0.000000  0.000000  0.000000  0.000000  0.000000
1  5.919490  5.919490  5.743710  1.572484  0.530865  0.000000  0.000000  0.000000  0.000000  0.000000
1  5.743710  5.743710  5.603793  1.695497  0.744163  0.000000  0.000000  0.000000  0.000000  0.000000
1  5.603793  5.603793  5.522455  1.785146  0.796244  0.000000  0.000000  0.000000  0.000000  0.000000
1  5.522455  5.522455  5.417972  1.641297  0.045696  0.000000  0.000000  0.000000  0.000000  0.000000
1  5.417972  5.417972  5.337219  1.740678  0.282991  0.000000  0.000000  0.000000  0.000000  0.000000
1  5.337219  5.337219  5.210852  1.787028  0.325219  0.000000  0.000000  0.000000  0.000000  0.000000
1  5.210852  5.210852  5.066761  1.674783  -0.125908  0.000000  0.000000  0.000000  0.000000  0.000000
1  5.066761  5.066761  4.916477  1.759901  0.133460  0.000000  0.000000  0.000000  0.000000  0.000000
1  4.916477  4.916477  4.630990  1.823949  0.279533  0.000000  0.000000  0.000000  0.000000  0.000000
1  4.630990  4.630990  4.311137  1.984109  0.680915  0.000000  0.000000  0.000000  0.000000  0.000000
1  4.311137  4.311137  4.098610  2.149536  0.967188  0.000000  0.000000  0.000000  0.000000  0.000000
1  4.098610  4.098610  3.963592  2.201167  0.787873  0.000000  0.000000  0.000000  0.000000  0.000000
1  3.963592  3.963592  3.817398  2.377223  1.140391  0.000000  0.000000  0.000000  0.000000  0.000000
1  3.817398  3.817398  3.559949  2.333209  0.673971  0.000000  0.000000  0.000000  0.000000  0.000000
1  3.559949  3.559949  3.376440  2.378201  0.643001  0.000000  0.000000  0.000000  0.000000  0.000000
1  3.376440  3.376440  3.035684  2.360889  0.382551  0.000000  0.000000  0.000000  0.000000  0.000000
1  3.035684  3.035684  2.839168  2.444052  0.463535  0.000000  0.000000  0.000000  0.000000  0.000000
1  2.839168  2.839168  2.791431  2.483879  0.475143  0.000000  0.000000  0.000000  0.000000  0.000000
1  2.791431  2.791431  2.615864  2.591061  0.665233  0.000000  0.000000  0.000000  0.000000  0.000000
1  2.615864  2.615864  2.486782  2.810294  1.176545  0.000000  0.000000  0.000000  0.000000  0.000000
1  2.486782  2.486782  2.217252  2.975840  1.336524  0.000000  0.000000  0.000000  0.000000  0.000000
1  2.217252  2.217252  2.182075  3.048068  1.221359  0.000000  0.000000  0.000000  0.000000  0.000000
1  2.182075  2.182075  2.071757  2.970338  0.637206  0.000000  0.000000  0.000000  0.000000  0.000000
1  2.071757  2.071757  2.037824  2.922513  0.246124  0.000000  0.000000  0.000000  0.000000  0.000000
1  2.037824  2.037824  1.906259  2.845123  -0.108448  0.000000  0.000000  0.000000  0.000000  0.000000
1  1.906259  1.906259  1.834803  2.900378  0.096565  0.000000  0.000000  0.000000  0.000000  0.000000
1  1.834803  1.834803  1.304834  2.974283  0.390025  0.000000  0.000000  0.000000  0.000000  0.000000
1  1.304834  1.304834  0.949518  2.897987  0.062227  0.000000  0.000000  0.000000  0.000000  0.000000
1  0.949518  0.949518  0.856402  2.983019  0.383692  0.000000  0.000000  0.000000  0.000000  0.000000
1  0.856402  0.856402  0.631656  2.989685  0.273551  0.000000  0.000000  0.000000  0.000000  0.000000
1  0.631656  0.631656  0.260636  3.043698  0.275759  0.000000  0.000000  0.000000  0.000000  0.000000
1  0.260636  0.260636  359.935107  3.052780  0.156336  0.000000  0.000000  0.000000  0.000000  0.000000
1  359.935107  359.935107  359.806486  3.201417  0.576830  0.000000  0.000000  0.000000  0.000000  0.000000
1  359.806486  359.806486  359.490947  3.157324  0.262440  0.000000  0.000000  0.000000  0.000000  0.000000
1  359.490947  359.490947  359.165611  3.280559  0.625873  0.000000  0.000000  0.000000  0.000000  0.000000
1  359.165611  359.165611  359.124205  3.246950  0.362704  0.000000  0.000000  0.000000  0.000000  0.000000
1  359.124205  359.124205  359.087936  3.239399  0.247717  0.000000  0.000000  0.000000  0.000000  0.000000
1  359.087936  359.087936  359.069486  3.305208  0.284901  0.000000  0.000000  0.000000  0.000000  0.000000
1  359.069486  359.069486  359.056726  3.091958  -0.500182  0.000000  0.000000  0.000000  0.000000  0.000000
1  359.056726  359.056726  359.001171  3.069443  -0.398632  0.000000  0.000000  0.000000  0.000000  0.000000
1  359.001171  359.001171  358.789343  2.791251  -1.119223  0.000000  0.000000  0.000000  0.000000  0.000000
1  358.789343  358.789343  358.735003  2.674017  -1.127175  0.000000  0.000000  0.000000  0.000000  0.000000
1  358.735003  358.735003  358.464419  2.556693  -1.119755  0.000000  0.000000  0.000000  0.000000  0.000000
1  358.464419  358.464419  358.224510  2.464966  -1.015483  0.000000  0.000000  0.000000  0.000000  0.000000
1  358.224510  358.224510  358.172050  2.369296  -0.916232  0.000000  0.000000  0.000000  0.000000  0.000000
1  358.172050  358.172050  358.143230  2.355633  -0.602475  0.000000  0.000000  0.000000  0.000000  0.000000
1  358.143230  358.143230  358.012131  2.300424  -0.589126  0.000000  0.000000  0.000000  0.000000  0.000000
1  358.012131  358.012131  358.105304  2.328897  -0.359365  0.000000  0.000000  0.000000  0.000000  0.000000
1  358.105304  358.105304  357.865830  2.391654  -0.006285  0.000000  0.000000  0.000000  0.000000  0.000000
1  357.865830  357.865830  357.766911  2.219751  -0.555590  0.000000  0.000000  0.000000  0.000000  0.000000
1  357.766911  357.766911  357.679405  2.375059  0.184173  0.000000  0.000000  0.000000  0.000000  0.000000
1  357.679405  357.679405  357.672748  2.279932  -0.207556  0.000000  0.000000  0.000000  0.000000  0.000000
1  357.672748  357.672748  357.480801  2.100247  -0.754503  0.000000  0.000000  0.000000  0.000000  0.000000
1  357.480801  357.480801  357.304403  2.043549  -0.756270  0.000000  0.000000  0.000000  0.000000  0.000000
1  357.304403  357.304403  357.070399  1.869826  -1.128415  0.000000  0.000000  0.000000  0.000000  0.000000
1  357.070399  357.070399  356.927528  2.010670  -0.279956  0.000000  0.000000  0.000000  0.000000  0.000000
1  356.927528  356.927528  356.685478  2.036044  0.006179  0.000000  0.000000  0.000000  0.000000  0.000000
1  356.685478  356.685478  356.389750  1.965867  -0.195072  0.000000  0.000000  0.000000  0.000000  0.000000
1  356.389750  356.389750  356.071872  1.892587  -0.324783  0.000000  0.000000  0.000000  0.000000  0.000000
1  356.071872  356.071872  355.857577  1.640552  -0.947077  0.000000  0.000000  0.000000  0.000000  0.000000
1  355.857577  355.857577  355.727082  1.596144  -0.844447  0.000000  0.000000  0.000000  0.000000  0.000000
1  355.727082  355.727082  355.508286  1.524409  -0.814006  0.000000  0.000000  0.000000  0.000000  0.000000
1  355.508286  355.508286  355.238606  1.681853  0.031103  0.000000  0.000000  0.000000  0.000000  0.000000
1  355.238606  355.238606  354.991199  1.368716  -1.028868  0.000000  0.000000  0.000000  0.000000  0.000000
1  354.991199  354.991199  354.889777  1.147650  -1.475420  0.000000  0.000000  0.000000  0.000000  0.000000
1  354.889777  354.889777  354.707219  1.175798  -0.975390  0.000000  0.000000  0.000000  0.000000  0.000000
1  354.707219  354.707219  354.424676  0.937120  -1.457033  0.000000  0.000000  0.000000  0.000000  0.000000
1  354.424676  354.424676  354.122349  0.941245  -1.004154  0.000000  0.000000  0.000000  0.000000  0.000000
1  354.122349  354.122349  353.644326  0.818479  -1.007974  0.000000  0.000000  0.000000  0.000000  0.000000
1  353.644326  353.644326  353.487873  0.858404  -0.581902  0.000000  0.000000  0.000000  0.000000  0.000000
1  353.487873  353.487873  353.169402  1.079260  0.299357  0.000000  0.000000  0.000000  0.000000  0.000000
1  353.169402  353.169402  352.960612  0.935440  -0.186356  0.000000  0.000000  0.000000  0.000000  0.000000
1  352.960612  352.960612  352.721020  0.963329  -0.048961  0.000000  0.000000  0.000000  0.000000  0.000000
1  352.721020  352.721020  352.393543  1.004043  0.056427  0.000000  0.000000  0.000000  0.000000  0.000000
1  352.393543  352.393543  352.263345  1.076965  0.308864  0.000000  0.000000  0.000000  0.000000  0.000000
1  352.263345  352.263345  351.953425  1.007415  0.045430  0.000000  0.000000  0.000000  0.000000  0.000000
1  351.953425  351.953425  351.819767  1.036631  0.167451  0.000000  0.000000  0.000000  0.000000  0.000000
