1  0.000000  0.000000  348.117611  0.887947  -0.099576  0.000000  0.000000  0.000000  0.000000  0.000000
1  348.117611  348.117611  348.045283  1.011031  0.349262  0.000000  0.000000  0.000000  0.000000  0.000000
1  348.045283  348.045283  347.534700  1.027516  0.271400  0.000000  0.000000  0.000000  0.000000  0.000000
1  347.534700  347.534700  347.000992  1.107558  0.417738  0.000000  0.000000  0.000000  0.000000  0.000000
1  347.000992  347.000992  346.830774  1.017832  -0.020433  0.000000  0.000000  0.000000  0.000000  0.000000
1  346.830774  346.830774  346.833200  0.928917  -0.406500  0.000000  0.000000  0.000000  0.000000  0.000000
1  346.833200  346.833200  346.831108  0.945149  -0.140160  0.000000  0.000000  0.000000  0.000000  0.000000
1  346.831108  346.831108  346.950754  0.998165  0.112544  0.000000  0.000000  0.000000  0.000000  0.000000
1  346.950754  346.950754  346.916077  1.006312  0.117878  0.000000  0.000000  0.000000  0.000000  0.000000
1  346.916077  346.916077  346.715682  0.867703  -0.405715  0.000000  0.000000  0.000000  0.000000  0.000000
1  346.715682  346.715682  346.693889  0.787130  -0.575500  0.000000  0.000000  0.000000  0.000000  0.000000
1  346.693889  346.693889  346.500013  0.890546  -0.038252  0.000000  0.000000  0.000000  0.000000  0.000000
1  346.500013  346.500013  346.403957  0.935347  0.034516  0.000000  0.000000  0.000000  0.000000  0.000000
1  346.403957  346.403957  345.959362  0.958371  0.123616  0.000000  0.000000  0.000000  0.000000  0.000000
1  345.959362  345.959362  345.993509  0.950321  0.083087  0.000000  0.000000  0.000000  0.000000  0.000000
1  345.993509  345.993509  346.219681  1.069944  0.438651  0.000000  0.000000  0.000000  0.000000  0.000000
1  346.219681  346.219681  346.152186  0.882835  -0.284309  0.000000  0.000000  0.000000  0.000000  0.000000
1  346.152186  346.152186  345.998641  0.965456  0.019782  0.000000  0.000000  0.000000  0.000000  0.000000
1  345.998641  345.998641  345.987459  0.949828  -0.012989  0.000000  0.000000  0.000000  0.000000  0.000000
1  345.987459  345.987459  345.757823  0.955014  0.058162  0.000000  0.000000  0.000000  0.000000  0.000000
1  345.757823  345.757823  345.655696  0.978129  0.123237  0.000000  0.000000  0.000000  0.000000  0.000000
1  345.655696  345.655696  346.006856  0.961820  0.042993  0.000000  0.000000  0.000000  0.000000  0.000000
1  346.006856  346.006856  345.882445  0.815498  -0.422152  0.000000  0.000000  0.000000  0.000000  0.000000
1  345.882445  345.882445  346.166868  0.866073  -0.139941  0.000000  0.000000  0.000000  0.000000  0.000000
1  346.166868  346.166868  346.052593  0.816269  -0.247299  0.000000  0.000000  0.000000  0.000000  0.000000
1  346.052593  346.052593  345.916006  0.716819  -0.505121  0.000000  0.000000  0.000000  0.000000  0.000000
1  345.916006  345.916006  345.588705  0.817168  0.061490  0.000000  0.000000  0.000000  0.000000  0.000000
1  345.588705  345.588705  345.839886  0.814583  -0.017192  0.000000  0.000000  0.000000  0.000000  0.000000
1  345.839886  345.839886  345.754130  0.848913  0.063760  0.000000  0.000000  0.000000  0.000000  0.000000
1  345.754130  345.754130  346.119229  0.859245  0.026481  0.000000  0.000000  0.000000  0.000000  0.000000
1  346.119229  346.119229  346.118542  0.893727  0.210834  0.000000  0.000000  0.000000  0.000000  0.000000
1  346.118542  346.118542  346.208317  0.875360  0.135692  0.000000  0.000000  0.000000  0.000000  0.000000
1  346.208317  346.208317  346.035444  0.934280  0.283111  0.000000  0.000000  0.000000  0.000000  0.000000
1  346.035444  346.035444  346.110728  0.793620  -0.300133  0.000000  0.000000  0.000000  0.000000  0.000000
1  346.110728  346.110728  345.949322  0.960476  0.367286  0.000000  0.000000  0.000000  0.000000  0.000000
1  345.949322  345.949322  346.113969  0.839638  -0.188051  0.000000  0.000000  0.000000  0.000000  0.000000
1  346.113969  346.113969  346.526748  0.852590  -0.103597  0.000000  0.000000  0.000000  0.000000  0.000000
1  346.526748  346.526748  346.381298  0.885614  0.057395  0.000000  0.000000  0.000000  0.000000  0.000000
1  346.381298  346.381298  346.374418  0.758973  -0.309579  0.000000  0.000000  0.000000  0.000000  0.000000
1  346.374418  346.374418  346.337953  0.844852  0.128449  0.000000  0.000000  0.000000  0.000000  0.000000
1  346.337953  346.337953  346.327545  0.748915  -0.255795  0.000000  0.000000  0.000000  0.000000  0.000000
1  346.327545  346.327545  346.353952  0.774700  -0.054988  0.000000  0.000000  0.000000  0.000000  0.000000
1  346.353952  346.353952  346.083656  0.761105  -0.051450  0.000000  0.000000  0.000000  0.000000  0.000000
1  346.083656  346.083656  346.279938  0.658186  -0.358774  0.000000  0.000000  0.000000  0.000000  0.000000
1  346.279938  346.279938  346.249044  0.688363  -0.156874  0.000000  0.000000  0.000000  0.000000  0.000000
1  346.249044  346.249044  346.562260  0.795602  0.228077  0.000000  0.000000  0.000000  0.000000  0.000000
1  346.562260  346.562260  346.383826  0.796650  0.199123  0.000000  0.000000  0.000000  0.000000  0.000000
1  346.383826  346.383826  346.269193  0.764802  0.027629  0.000000  0.000000  0.000000  0.000000  0.000000
1  346.269193  346.269193  346.184829  0.781287  0.025467  0.000000  0.000000  0.000000  0.000000  0.000000
1  346.184829  346.184829  346.024396  0.773905  0.082672  0.000000  0.000000  0.000000  0.000000  0.000000
1  346.024396  346.024396  346.295463  0.662490  -0.286885  0.000000  0.000000  0.000000  0.000000  0.000000
1  346.295463  346.295463  346.141332  0.758291  0.110899  0.000000  0.000000  0.000000  0.000000  0.000000
1  346.141332  346.141332  346.143545  0.852113  0.414131  0.000000  0.000000  0.000000  0.000000  0.000000
1  346.143545  346.143545  345.898824  0.807174  0.145503  0.000000  0.000000  0.000000  0.000000  0.000000
1  345.898824  345.898824  345.988868  0.689702  -0.255075  0.000000  0.000000  0.000000  0.000000  0.000000
1  345.988868  345.988868  346.064847  0.744120  0.087775  0.000000  0.000000  0.000000  0.000000  0.000000
1  346.064847  346.064847  346.002956  0.721643  -0.064080  0.000000  0.000000  0.000000  0.000000  0.000000
1  346.002956  346.002956  345.956708  0.589446  -0.424510  0.000000  0.000000  0.000000  0.000000  0.000000
1  345.956708  345.956708  345.968572  0.707636  0.077418  0.000000  0.000000  0.000000  0.000000  0.000000
1  345.968572  345.968572  345.970755  0.601047  -0.345331  0.000000  0.000000  0.000000  0.000000  0.000000
1  345.970755  345.970755  345.946970  0.727085  0.127328  0.000000  0.000000  0.000000  0.000000  0.000000
1  345.946970  345.946970  345.877640  0.762654  0.148260  0.000000  0.000000  0.000000  0.000000  0.000000
1  345.877640  345.877640  345.976423  0.809834  0.234455  0.000000  0.000000  0.000000  0.000000  0.000000
1  345.976423  345.976423  345.442462  0.769930  0.072858  0.000000  0.000000  0.000000  0.000000  0.000000
1  345.442462  345.442462  345.134601  0.724410  -0.137493  0.000000  0.000000  0.000000  0.000000  0.000000
1  345.134601  345.134601  345.556963  0.669220  -0.268331  0.000000  0.000000  0.000000  0.000000  0.000000
1  345.556963  345.556963  345.421275  0.812248  0.200560  0.000000  0.000000  0.000000  0.000000  0.000000
1  345.421275  345.421275  345.663756  0.724446  -0.186642  0.000000  0.000000  0.000000  0.000000  0.000000
1  345.663756  345.663756  345.802014  0.730494  -0.101815  0.000000  0.000000  0.000000  0.000000  0.000000
1  345.802014  345.802014  346.082311  0.651193  -0.318193  0.000000  0.000000  0.000000  0.000000  0.000000
1  346.082311  346.082311  345.512700  0.565753  -0.538512  0.000000  0.000000  0.000000  0.000000  0.000000
1  345.512700  345.512700  345.380187  0.627261  -0.154356  0.000000  0.000000  0.000000  0.000000  0.000000
1  345.380187  345.380187  345.468692  0.557163  -0.388183  0.000000  0.000000  0.000000  0.000000  0.000000
1  345.468692  345.468692  345.354676  0.543664  -0.300361  0.000000  0.000000  0.000000  0.000000  0.000000
1  345.354676  345.354676  345.377990  0.601370  -0.032797  0.000000  0.000000  0.000000  0.000000  0.000000
1  345.377990  345.377990  345.593233  0.639000  0.074098  0.000000  0.000000  0.000000  0.000000  0.000000
1  345.593233  345.593233  345.372291  0.787014  0.450712  0.000000  0.000000  0.000000  0.000000  0.000000
1  345.372291  345.372291  345.418843  0.464897  -0.733131  0.000000  0.000000  0.000000  0.000000  0.000000
1  345.418843  345.418843  345.452207  0.707394  0.241616  0.000000  0.000000  0.000000  0.000000  0.000000
1  345.452207  345.452207  345.443182  0.857184  0.726685  0.000000  0.000000  0.000000  0.000000  0.000000
1  345.443182  345.443182  345.705776  0.614050  -0.331187  0.000000  0.000000  0.000000  0.000000  0.000000
1  345.705776  345.705776  345.982410  0.747797  0.218091  0.000000  0.000000  0.000000  0.000000  0.000000
1  345.982410  345.982410  346.482310  0.800491  0.326625  0.000000  0.000000  0.000000  0.000000  0.000000
1  346.482310  346.482310  346.577522  0.710486  -0.058791  0.000000  0.000000  0.000000  0.000000  0.000000
1  346.577522  346.577522  346.418445  0.664511  -0.135861  0.000000  0.000000  0.000000  0.000000  0.000000
1  346.418445  346.418445  346.520083  0.621596  -0.298175  0.000000  0.000000  0.000000  0.000000  0.000000
1  346.520083  346.520083  346.361388  0.573327  -0.382089  0.000000  0.000000  0.000000  0.000000  0.000000
1  346.361388  346.361388  346.176913  0.779012  0.432362  0.000000  0.000000  0.000000  0.000000  0.000000
1  346.176913  346.176913  346.262100  0.715945  0.117272  0.000000  0.000000  0.000000  0.000000  0.000000
1  346.262100  346.262100  346.650278  0.567628  -0.414960  0.000000  0.000000  0.000000  0.000000  0.000000
1  346.650278  346.650278  346.632119  0.504908  -0.591733  0.000000  0.000000  0.000000  0.000000  0.000000
1  346.632119  346.632119  346.647315  0.635627  0.084697  0.000000  0.000000  0.000000  0.000000  0.000000
1  346.647315  346.647315  346.275255  0.632750  0.046112  0.000000  0.000000  0.000000  0.000000  0.000000
1  346.275255  346.275255  345.908064  0.560444  -0.178737  0.000000  0.000000  0.000000  0.000000  0.000000
1  345.908064  345.908064  346.067306  0.667069  0.253709  0.000000  0.000000  0.000000  0.000000  0.000000
1  346.067306  346.067306  346.327669  0.688487  0.188140  0.000000  0.000000  0.000000  0.000000  0.000000
1  346.327669  346.327669  346.233137  0.691255  0.162233  0.000000  0.000000  0.000000  0.000000  0.000000
1  346.233137  346.233137  346.194928  0.794634  0.458381  0.000000  0.000000  0.000000  0.000000  0.000000
1  346.194928  346.194928  346.547625  0.571292  -0.498955  0.000000  0.000000  0.000000  0.000000  0.000000
1  346.547625  346.547625  346.549844  0.657085  -0.100634  0.000000  0.000000  0.000000  0.000000  0.000000
1  346.549844  346.549844  346.629745  0.670633  0.022664  0.000000  0.000000  0.000000  0.000000  0.000000
1  346.629745  346.629745  346.401052  0.682242  0.048516  0.000000  0.000000  0.000000  0.000000  0.000000
1  346.401052  346.401052  346.341347  0.464712  -0.694199  0.000000  0.000000  0.000000  0.000000  0.000000
1  346.341347  346.341347  346.355910  0.542695  -0.195391  0.000000  0.000000  0.000000  0.000000  0.000000
1  346.355910  346.355910  346.190354  0.642202  0.179692  0.000000  0.000000  0.000000  0.000000  0.000000
1  346.190354  346.190354  346.224726  0.578571  -0.035677  0.000000  0.000000  0.000000  0.000000  0.000000
1  346.224726  346.224726  346.160286  0.603363  0.130612  0.000000  0.000000  0.000000  0.000000  0.000000
1  346.160286  346.160286  346.466990  0.479088  -0.302972  0.000000  0.000000  0.000000  0.000000  0.000000
1  346.466990  346.466990  346.482273  0.699236  0.505633  0.000000  0.000000  0.000000  0.000000  0.000000
1  346.482273  346.482273  346.469508  0.702971  0.393076  0.000000  0.000000  0.000000  0.000000  0.000000
1  346.469508  346.469508  346.159345  0.694495  0.229861  0.000000  0.000000  0.000000  0.000000  0.000000
1  346.159345  346.159345  346.335382  0.706511  0.156644  0.000000  0.000000  0.000000  0.000000  0.000000
1  346.335382  346.335382  346.202493  0.513979  -0.534264  0.000000  0.000000  0.000000  0.000000  0.000000
1  346.202493  346.202493  346.431657  0.625016  -0.016374  0.000000  0.000000  0.000000  0.000000  0.000000
1  346.431657  346.431657  346.044879  0.616628  0.017594  0.000000  0.000000  0.000000  0.000000  0.000000
1  346.044879  346.044879  345.675476  0.606951  0.007227  0.000000  0.000000  0.000000  0.000000  0.000000
1  345.675476  345.675476  345.614579  0.479908  -0.481182  0.000000  0.000000  0.000000  0.000000  0.000000
1  345.614579  345.614579  345.619254  0.615770  0.147995  0.000000  0.000000  0.000000  0.000000  0.000000
1  345.619254  345.619254  345.948926  0.560855  -0.018783  0.000000  0.000000  0.000000  0.000000  0.000000
1  345.948926  345.948926  345.870467  0.447438  -0.420675  0.000000  0.000000  0.000000  0.000000  0.000000
1  345.870467  345.870467  346.031366  0.459827  -0.235634  0.000000  0.000000  0.000000  0.000000  0.000000
1  346.031366  346.031366  345.877776  0.504426  0.025435  0.000000  0.000000  0.000000  0.000000  0.000000
1  345.877776  345.877776  345.833105  0.480639  -0.064325  0.000000  0.000000  0.000000  0.000000  0.000000
1  345.833105  345.833105  345.901583  0.586285  0.174001  0.000000  0.000000  0.000000  0.000000  0.000000
1  345.901583  345.901583  345.844232  0.501098  -0.149439  0.000000  0.000000  0.000000  0.000000  0.000000
1  345.844232  345.844232  345.629127  0.456824  -0.318502  0.000000  0.000000  0.000000  0.000000  0.000000
1  345.629127  345.629127  345.685131  0.493459  -0.043382  0.000000  0.000000  0.000000  0.000000  0.000000
1  345.685131  345.685131  345.560338  0.440353  -0.159741  0.000000  0.000000  0.000000  0.000000  0.000000
1  345.560338  345.560338  345.809593  0.436677  -0.133691  0.000000  0.000000  0.000000  0.000000  0.000000
1  345.809593  345.809593  345.430865  0.551566  0.288839  0.000000  0.000000  0.000000  0.000000  0.000000
1  345.430865  345.430865  345.822525  0.468947  -0.029079  0.000000  0.000000  0.000000  0.000000  0.000000
1  345.822525  345.822525  346.171007  0.470344  -0.025625  0.000000  0.000000  0.000000  0.000000  0.000000
1  346.171007  346.171007  345.838601  0.612771  0.463943  0.000000  0.000000  0.000000  0.000000  0.000000
1  345.838601  345.838601  345.977465  0.429704  -0.271043  0.000000  0.000000  0.000000  0.000000  0.000000
1  345.977465  345.977465  346.224913  0.568418  0.287812  0.000000  0.000000  0.000000  0.000000  0.000000
1  346.224913  346.224913  345.884095  0.583937  0.234872  0.000000  0.000000  0.000000  0.000000  0.000000
1  345.884095  345.884095  345.864156  0.592514  0.196849  0.000000  0.000000  0.000000  0.000000  0.000000
1  345.864156  345.864156  345.811241  0.531605  0.030366  0.000000  0.000000  0.000000  0.000000  0.000000
1  345.811241  345.811241  345.607642  0.468093  -0.206967  0.000000  0.000000  0.000000  0.000000  0.000000
1  345.607642  345.607642  346.073052  0.596958  0.229463  0.000000  0.000000  0.000000  0.000000  0.000000
1  346.073052  346.073052  346.054431  0.514942  -0.171354  0.000000  0.000000  0.000000  0.000000  0.000000
1  346.054431  346.054431  345.742088  0.551905  0.037145  0.000000  0.000000  0.000000  0.000000  0.000000
1  345.742088  345.742088  345.996333  0.467456  -0.281430  0.000000  0.000000  0.000000  0.000000  0.000000
1  345.996333  345.996333  346.019540  0.487343  -0.157632  0.000000  0.000000  0.000000  0.000000  0.000000
1  346.019540  346.019540  346.262108  0.504076  -0.120098  0.000000  0.000000  0.000000  0.000000  0.000000
1  346.262108  346.262108  345.860438  0.508047  -0.127776  0.000000  0.000000  0.000000  0.000000  0.000000
1  345.860438  345.860438  345.996058  0.470691  -0.191786  0.000000  0.000000  0.000000  0.000000  0.000000
1  345.996058  345.996058  345.998639  0.416472  -0.301655  0.000000  0.000000  0.000000  0.000000  0.000000
1  345.998639  345.998639  346.055478  0.412876  -0.230019  0.000000  0.000000  0.000000  0.000000  0.000000
1  346.055478  346.055478  346.084542  0.456452  0.006438  0.000000  0.000000  0.000000  0.000000  0.000000
1  346.084542  346.084542  345.772320  0.508061  0.216242  0.000000  0.000000  0.000000  0.000000  0.000000
1  345.772320  345.772320  345.993428  0.447728  -0.000092  0.000000  0.000000  0.000000  0.000000  0.000000
1  345.993428  345.993428  346.040876  0.497754  0.125432  0.000000  0.000000  0.000000  0.000000  0.000000
1  346.040876  346.040876  346.138658  0.432040  -0.188631  0.000000  0.000000  0.000000  0.000000  0.000000
1  346.138658  346.138658  346.091375  0.494083  0.045956  0.000000  0.000000  0.000000  0.000000  0.000000
1  346.091375  346.091375  346.020557  0.604915  0.420821  0.000000  0.000000  0.000000  0.000000  0.000000
1  346.020557  346.020557  345.653959  0.538692  0.057008  0.000000  0.000000  0.000000  0.000000  0.000000
1  345.653959  345.653959  345.815365  0.498382  -0.124085  0.000000  0.000000  0.000000  0.000000  0.000000
1  345.815365  345.815365  345.945511  0.488993  -0.091756  0.000000  0.000000  0.000000  0.000000  0.000000
1  345.945511  345.945511  346.100176  0.486570  -0.056172  0.000000  0.000000  0.000000  0.000000  0.000000
1  346.100176  346.100176  346.126843  0.492883  -0.132897  0.000000  0.000000  0.000000  0.000000  0.000000
1  346.126843  346.126843  346.185646  0.656513  0.440158  0.000000  0.000000  0.000000  0.000000  0.000000
1  346.185646  346.185646  346.155197  0.484988  -0.165721  0.000000  0.000000  0.000000  0.000000  0.000000
1  346.155197  346.155197  346.161020  0.508830  -0.087005  0.000000  0.000000  0.000000  0.000000  0.000000
1  346.161020  346.161020  346.177481  0.543566  0.015424  0.000000  0.000000  0.000000  0.000000  0.000000
1  346.177481  346.177481  345.993360  0.519641  -0.025968  0.000000  0.000000  0.000000  0.000000  0.000000
1  345.993360  345.993360  346.023965  0.438205  -0.222415  0.000000  0.000000  0.000000  0.000000  0.000000
1  346.023965  346.023965  345.944439  0.444055  -0.127044  0.000000  0.000000  0.000000  0.000000  0.000000
1  345.944439  345.944439  346.147944  0.485502  0.037443  0.000000  0.000000  0.000000  0.000000  0.000000
1  346.147944  346.147944  345.975119  0.433699  -0.129672  0.000000  0.000000  0.000000  0.000000  0.000000
1  345.975119  345.975119  346.169875  0.443513  -0.099207  0.000000  0.000000  0.000000  0.000000  0.000000
1  346.169875  346.169875  346.333308  0.452139  -0.021286  0.000000  0.000000  0.000000  0.000000  0.000000
1  346.333308  346.333308  345.994753  0.553509  0.348921  0.000000  0.000000  0.000000  0.000000  0.000000
1  345.994753  345.994753  345.748922  0.435603  -0.106615  0.000000  0.000000  0.000000  0.000000  0.000000
1  345.748922  345.748922  346.033843  0.506276  0.139749  0.000000  0.000000  0.000000  0.000000  0.000000
1  346.033843  346.033843  346.160424  0.381480  -0.274080  0.000000  0.000000  0.000000  0.000000  0.000000
1  346.160424  346.160424  346.227946  0.377748  -0.209521  0.000000  0.000000  0.000000  0.000000  0.000000
1  346.227946  346.227946  346.422423  0.401791  -0.068318  0.000000  0.000000  0.000000  0.000000  0.000000
1  346.422423  346.422423  346.566589  0.455496  0.159365  0.000000  0.000000  0.000000  0.000000  0.000000
1  346.566589  346.566589  346.596905  0.538876  0.339211  0.000000  0.000000  0.000000  0.000000  0.000000
1  346.596905  346.596905  346.727276  0.371593  -0.354214  0.000000  0.000000  0.000000  0.000000  0.000000
1  346.727276  346.727276  346.647951  0.409522  -0.113669  0.000000  0.000000  0.000000  0.000000  0.000000
1  346.647951  346.647951  346.431102  0.495656  0.122354  0.000000  0.000000  0.000000  0.000000  0.000000
1  346.431102  346.431102  346.495529  0.494111  0.096415  0.000000  0.000000  0.000000  0.000000  0.000000
1  346.495529  346.495529  346.558021  0.457218  -0.031051  0.000000  0.000000  0.000000  0.000000  0.000000
1  346.558021  346.558021  346.671696  0.525679  0.217895  0.000000  0.000000  0.000000  0.000000  0.000000
1  346.671696  346.671696  346.704017  0.628853  0.555245  0.000000  0.000000  0.000000  0.000000  0.000000
1  346.704017  346.704017  346.611446  0.319877  -0.638360  0.000000  0.000000  0.000000  0.000000  0.000000
1  346.611446  346.611446  346.550306  0.592591  0.427769  0.000000  0.000000  0.000000  0.000000  0.000000
1  346.550306  346.550306  346.233927  0.434967  -0.236302  0.000000  0.000000  0.000000  0.000000  0.000000
1  346.233927  346.233927  346.283119  0.450649  -0.159043  0.000000  0.000000  0.000000  0.000000  0.000000
1  346.283119  346.283119  346.435306  0.545424  0.165274  0.000000  0.000000  0.000000  0.000000  0.000000
1  346.435306  346.435306  346.431110  0.388469  -0.455647  0.000000  0.000000  0.000000  0.000000  0.000000
1  346.431110  346.431110  346.408365  0.446518  -0.120812  0.000000  0.000000  0.000000  0.000000  0.000000
1  346.408365  346.408365  346.271396  0.415119  -0.168207  0.000000  0.000000  0.000000  0.000000  0.000000
1  346.271396  346.271396  345.828046  0.385951  -0.291560  0.000000  0.000000  0.000000  0.000000  0.000000
1  345.828046  345.828046  345.805998  0.460356  0.083215  0.000000  0.000000  0.000000  0.000000  0.000000
1  345.805998  345.805998  345.536833  0.552451  0.374534  0.000000  0.000000  0.000000  0.000000  0.000000
1  345.536833  345.536833  345.542211  0.512872  0.114674  0.000000  0.000000  0.000000  0.000000  0.000000
1  345.542211  345.542211  345.493210  0.429346  -0.205223  0.000000  0.000000  0.000000  0.000000  0.000000
1  345.493210  345.493210  345.629812  0.490827  0.158184  0.000000  0.000000  0.000000  0.000000  0.000000
1  345.629812  345.629812  345.731805  0.418469  -0.123911  0.000000  0.000000  0.000000  0.000000  0.000000
1  345.731805  345.731805  345.780384  0.525073  0.253030  0.000000  0.000000  0.000000  0.000000  0.000000
1  345.780384  345.780384  345.988711  0.500655  0.130029  0.000000  0.000000  0.000000  0.000000  0.000000
1  345.988711  345.988711  345.807501  0.542825  0.331882  0.000000  0.000000  0.000000  0.000000  0.000000
1  345.807501  345.807501  345.767400  0.454676  -0.086733  0.000000  0.000000  0.000000  0.000000  0.000000
1  345.767400  345.767400  345.764886  0.451233  0.014170  0.000000  0.000000  0.000000  0.000000  0.000000
1  345.764886  345.764886  345.952166  0.481192  0.107349  0.000000  0.000000  0.000000  0.000000  0.000000
1  345.952166  345.952166  345.884759  0.421971  -0.133151  0.000000  0.000000  0.000000  0.000000  0.000000
1  345.884759  345.884759  346.057787  0.456941  0.034311  0.000000  0.000000  0.000000  0.000000  0.000000
1  346.057787  346.057787  346.245933  0.405584  -0.170895  0.000000  0.000000  0.000000  0.000000  0.000000
1  346.245933  346.245933  346.535737  0.529453  0.292526  0.000000  0.000000  0.000000  0.000000  0.000000
1  346.535737  346.535737  346.515616  0.436933  -0.065919  0.000000  0.000000  0.000000  0.000000  0.000000
1  346.515616  346.515616  346.510428  0.416215  -0.170728  0.000000  0.000000  0.000000  0.000000  0.000000
1  346.510428  346.510428  346.764110  0.439202  -0.126843  0.000000  0.000000  0.000000  0.000000  0.000000
1  346.764110  346.764110  346.863851  0.547774  0.257469  0.000000  0.000000  0.000000  0.000000  0.000000
1  346.863851  346.863851  346.397891  0.417917  -0.279952  0.000000  0.000000  0.000000  0.000000  0.000000
1  346.397891  346.397891  346.567371  0.400547  -0.227917  0.000000  0.000000  0.000000  0.000000  0.000000
1  346.567371  346.567371  346.205448  0.308612  -0.417127  0.000000  0.000000  0.000000  0.000000  0.000000
1  346.205448  346.205448  346.520177  0.427658  0.135120  0.000000  0.000000  0.000000  0.000000  0.000000
1  346.520177  346.520177  346.436027  0.508710  0.366543  0.000000  0.000000  0.000000  0.000000  0.000000
1  346.436027  346.436027  346.628377  0.452187  0.010996  0.000000  0.000000  0.000000  0.000000  0.000000
1  346.628377  346.628377  346.600221  0.534871  0.235391  0.000000  0.000000  0.000000  0.000000  0.000000
1  346.600221  346.600221  346.704968  0.415949  -0.257442  0.000000  0.000000  0.000000  0.000000  0.000000
1  346.704968  346.704968  346.683521  0.453715  -0.072268  0.000000  0.000000  0.000000  0.000000  0.000000
1  346.683521  346.683521  346.943609  0.427851  -0.158597  0.000000  0.000000  0.000000  0.000000  0.000000
1  346.943609  346.943609  346.670900  0.481527  0.053596  0.000000  0.000000  0.000000  0.000000  0.000000
1  346.670900  346.670900  346.233722  0.311398  -0.553525  0.000000  0.000000  0.000000  0.000000  0.000000
1  346.233722  346.233722  346.370753  0.372982  -0.116210  0.000000  0.000000  0.000000  0.000000  0.000000
1  346.370753  346.370753  346.253496  0.413898  0.009420  0.000000  0.000000  0.000000  0.000000  0.000000
1  346.253496  346.253496  346.661011  0.384193  -0.093155  0.000000  0.000000  0.000000  0.000000  0.000000
1  346.661011  346.661011  346.404921  0.454939  0.143248  0.000000  0.000000  0.000000  0.000000  0.000000
1  346.404921  346.404921  346.553750  0.407529  -0.086391  0.000000  0.000000  0.000000  0.000000  0.000000
1  346.553750  346.553750  346.624243  0.373053  -0.159497  0.000000  0.000000  0.000000  0.000000  0.000000
1  346.624243  346.624243  346.581712  0.267991  -0.478831  0.000000  0.000000  0.000000  0.000000  0.000000
1  346.581712  346.581712  346.706750  0.413653  0.116159  0.000000  0.000000  0.000000  0.000000  0.000000
1  346.706750  346.706750  346.510533  0.392484  -0.021304  0.000000  0.000000  0.000000  0.000000  0.000000
1  346.510533  346.510533  346.811095  0.473260  0.251322  0.000000  0.000000  0.000000  0.000000  0.000000
1  346.811095  346.811095  346.759755  0.359068  -0.144778  0.000000  0.000000  0.000000  0.000000  0.000000
1  346.759755  346.759755  346.563571  0.431194  0.099645  0.000000  0.000000  0.000000  0.000000  0.000000
1  346.563571  346.563571  346.441142  0.411680  0.034207  0.000000  0.000000  0.000000  0.000000  0.000000
1  346.441142  346.441142  346.303281  0.386797  -0.026676  0.000000  0.000000  0.000000  0.000000  0.000000
1  346.303281  346.303281  346.637666  0.371341  -0.087333  0.000000  0.000000  0.000000  0.000000  0.000000
1  346.637666  346.637666  346.746446  0.370580  -0.116954  0.000000  0.000000  0.000000  0.000000  0.000000
1  346.746446  346.746446  346.866452  0.466014  0.276459  0.000000  0.000000  0.000000  0.000000  0.000000
1  346.866452  346.866452  347.183507  0.317899  -0.286334  0.000000  0.000000  0.000000  0.000000  0.000000
1  347.183507  347.183507  347.071039  0.427882  0.235907  0.000000  0.000000  0.000000  0.000000  0.000000
1  347.071039  347.071039  347.121477  0.524838  0.485651  0.000000  0.000000  0.000000  0.000000  0.000000
1  347.121477  347.121477  346.978708  0.410283  0.030406  0.000000  0.000000  0.000000  0.000000  0.000000
1  346.978708  346.978708  346.904760  0.344537  -0.276622  0.000000  0.000000  0.000000  0.000000  0.000000
1  346.904760  346.904760  346.857851  0.500227  0.210535  0.000000  0.000000  0.000000  0.000000  0.000000
1  346.857851  346.857851  346.829527  0.473613  0.124671  0.000000  0.000000  0.000000  0.000000  0.000000
1  346.829527  346.829527  346.487780  0.490525  0.137329  0.000000  0.000000  0.000000  0.000000  0.000000
1  346.487780  346.487780  346.545073  0.488493  0.091603  0.000000  0.000000  0.000000  0.000000  0.000000
1  346.545073  346.545073  346.358551  0.387797  -0.270200  0.000000  0.000000  0.000000  0.000000  0.000000
1  346.358551  346.358551  346.671781  0.423993  -0.120163  0.000000  0.000000  0.000000  0.000000  0.000000
1  346.671781  346.671781  346.280318  0.337499  -0.443519  0.000000  0.000000  0.000000  0.000000  0.000000
1  346.280318  346.280318  346.295232  0.430987  0.021627  0.000000  0.000000  0.000000  0.000000  0.000000
1  346.295232  346.295232  345.806679  0.438684  0.041249  0.000000  0.000000  0.000000  0.000000  0.000000
1  345.806679  345.806679  345.891672  0.441978  0.121087  0.000000  0.000000  0.000000  0.000000  0.000000
1  345.891672  345.891672  346.154851  0.529285  0.362975  0.000000  0.000000  0.000000  0.000000  0.000000
1  346.154851  346.154851  345.983188  0.522730  0.226546  0.000000  0.000000  0.000000  0.000000  0.000000
1  345.983188  345.983188  346.039951  0.499890  0.078548  0.000000  0.000000  0.000000  0.000000  0.000000
1  346.039951  346.039951  345.737270  0.415889  -0.143188  0.000000  0.000000  0.000000  0.000000  0.000000
1  345.737270  345.737270  345.838712  0.381014  -0.226708  0.000000  0.000000  0.000000  0.000000  0.000000
1  345.838712  345.838712  345.785527  0.254696  -0.558539  0.000000  0.000000  0.000000  0.000000  0.000000
1  345.785527  345.785527  345.663121  0.331071  -0.148519  0.000000  0.000000  0.000000  0.000000  0.000000
1  345.663121  345.663121  345.732691  0.411422  0.194201  0.000000  0.000000  0.000000  0.000000  0.000000
1  345.732691  345.732691  345.921306  0.358222  -0.082891  0.000000  0.000000  0.000000  0.000000  0.000000
1  345.921306  345.921306  346.116562  0.443287  0.289868  0.000000  0.000000  0.000000  0.000000  0.000000
1  346.116562  346.116562  346.074477  0.471565  0.340545  0.000000  0.000000  0.000000  0.000000  0.000000
1  346.074477  346.074477  345.749202  0.321850  -0.224586  0.000000  0.000000  0.000000  0.000000  0.000000
1  345.749202  345.749202  345.949967  0.244895  -0.490735  0.000000  0.000000  0.000000  0.000000  0.000000
1  345.949967  345.949967  346.033752  0.350385  -0.030650  0.000000  0.000000  0.000000  0.000000  0.000000
1  346.033752  346.033752  346.279564  0.329153  -0.113360  0.000000  0.000000  0.000000  0.000000  0.000000
1  346.279564  346.279564  346.134394  0.386768  0.123974  0.000000  0.000000  0.000000  0.000000  0.000000
1  346.134394  346.134394  346.180399  0.408953  0.192044  0.000000  0.000000  0.000000  0.000000  0.000000
1  346.180399  346.180399  346.281411  0.295291  -0.354934  0.000000  0.000000  0.000000  0.000000  0.000000
1  346.281411  346.281411  346.542230  0.353335  -0.007101  0.000000  0.000000  0.000000  0.000000  0.000000
1  346.542230  346.542230  346.889064  0.507127  0.438480  0.000000  0.000000  0.000000  0.000000  0.000000
1  346.889064  346.889064  346.462636  0.449745  0.160949  0.000000  0.000000  0.000000  0.000000  0.000000
1  346.462636  346.462636  346.384697  0.310673  -0.355389  0.000000  0.000000  0.000000  0.000000  0.000000
1  346.384697  346.384697  345.611369  0.326587  -0.210229  0.000000  0.000000  0.000000  0.000000  0.000000
1  345.611369  345.611369  345.331432  0.399839  0.044642  0.000000  0.000000  0.000000  0.000000  0.000000
1  345.331432  345.331432  345.502066  0.289562  -0.322674  0.000000  0.000000  0.000000  0.000000  0.000000
1  345.502066  345.502066  345.447628  0.426155  0.202638  0.000000  0.000000  0.000000  0.000000  0.000000
1  345.447628  345.447628  345.570910  0.425521  0.119734  0.000000  0.000000  0.000000  0.000000  0.000000
1  345.570910  345.570910  345.691809  0.234592  -0.464052  0.000000  0.000000  0.000000  0.000000  0.000000
1  345.691809  345.691809  345.712601  0.337970  0.021618  0.000000  0.000000  0.000000  0.000000  0.000000
1  345.712601  345.712601  345.795895  0.402226  0.239526  0.000000  0.000000  0.000000  0.000000  0.000000
1  345.795895  345.795895  345.669520  0.176067  -0.644900  0.000000  0.000000  0.000000  0.000000  0.000000
1  345.669520  345.669520  345.736698  0.201853  -0.365535  0.000000  0.000000  0.000000  0.000000  0.000000
1  345.736698  345.736698  345.568036  0.337536  0.123354  0.000000  0.000000  0.000000  0.000000  0.000000
1  345.568036  345.568036  345.761423  0.426713  0.385258  0.000000  0.000000  0.000000  0.000000  0.000000
1  345.761423  345.761423  345.918282  0.304003  -0.040373  0.000000  0.000000  0.000000  0.000000  0.000000
1  345.918282  345.918282  346.017790  0.352539  0.128507  0.000000  0.000000  0.000000  0.000000  0.000000
1  346.017790  346.017790  345.940320  0.369966  0.155967  0.000000  0.000000  0.000000  0.000000  0.000000
1  345.940320  345.940320  346.028258  0.349077  0.046935  0.000000  0.000000  0.000000  0.000000  0.000000
1  346.028258  346.028258  345.899928  0.359847  0.065284  0.000000  0.000000  0.000000  0.000000  0.000000
1  345.899928  345.899928  345.989641  0.290724  -0.186118  0.000000  0.000000  0.000000  0.000000  0.000000
1  345.989641  345.989641  345.770454  0.384118  0.051711  0.000000  0.000000  0.000000  0.000000  0.000000
1  345.770454  345.770454  345.906598  0.352527  -0.015734  0.000000  0.000000  0.000000  0.000000  0.000000
1  345.906598  345.906598  345.941078  0.331727  -0.107461  0.000000  0.000000  0.000000  0.000000  0.000000
1  345.941078  345.941078  346.202380  0.288639  -0.151828  0.000000  0.000000  0.000000  0.000000  0.000000
1  346.202380  346.202380  346.067591  0.238599  -0.334996  0.000000  0.000000  0.000000  0.000000  0.000000
1  346.067591  346.067591  345.840305  0.392172  0.327773  0.000000  0.000000  0.000000  0.000000  0.000000
1  345.840305  345.840305  345.957202  0.450863  0.398960  0.000000  0.000000  0.000000  0.000000  0.000000
1  345.957202  345.957202  345.918940  0.411140  0.106503  0.000000  0.000000  0.000000  0.000000  0.000000
1  345.918940  345.918940  345.809248  0.479195  0.243693  0.000000  0.000000  0.000000  0.000000  0.000000
1  345.809248  345.809248  345.995732  0.441372  0.052519  0.000000  0.000000  0.000000  0.000000  0.000000
1  345.995732  345.995732  346.088825  0.432150  0.032442  0.000000  0.000000  0.000000  0.000000  0.000000
1  346.088825  346.088825  346.150713  0.321495  -0.309999  0.000000  0.000000  0.000000  0.000000  0.000000
1  346.150713  346.150713  345.939597  0.347200  -0.048835  0.000000  0.000000  0.000000  0.000000  0.000000
1  345.939597  345.939597  346.026174  0.325171  -0.139766  0.000000  0.000000  0.000000  0.000000  0.000000
1  346.026174  346.026174  346.418377  0.314856  -0.051553  0.000000  0.000000  0.000000  0.000000  0.000000
1  346.418377  346.418377  346.316477  0.346228  0.017935  0.000000  0.000000  0.000000  0.000000  0.000000
1  346.316477  346.316477  346.670944  0.319476  -0.072994  0.000000  0.000000  0.000000  0.000000  0.000000
1  346.670944  346.670944  346.828131  0.276564  -0.164606  0.000000  0.000000  0.000000  0.000000  0.000000
1  346.828131  346.828131  346.880140  0.367940  0.139289  0.000000  0.000000  0.000000  0.000000  0.000000
1  346.880140  346.880140  346.696763  0.244433  -0.306475  0.000000  0.000000  0.000000  0.000000  0.000000
1  346.696763  346.696763  346.471575  0.433612  0.413734  0.000000  0.000000  0.000000  0.000000  0.000000
1  346.471575  346.471575  346.840038  0.288355  -0.196733  0.000000  0.000000  0.000000  0.000000  0.000000
1  346.840038  346.840038  346.569302  0.270774  -0.188774  0.000000  0.000000  0.000000  0.000000  0.000000
1  346.569302  346.569302  346.439114  0.323656  0.062074  0.000000  0.000000  0.000000  0.000000  0.000000
1  346.439114  346.439114  346.721550  0.420184  0.279595  0.000000  0.000000  0.000000  0.000000  0.000000
1  346.721550  346.721550  346.417744  0.352390  -0.099188  0.000000  0.000000  0.000000  0.000000  0.000000
1  346.417744  346.417744  346.608423  0.411904  0.140930  0.000000  0.000000  0.000000  0.000000  0.000000
1  346.608423  346.608423  346.203133  0.318680  -0.194258  0.000000  0.000000  0.000000  0.000000  0.000000
1  346.203133  346.203133  346.304141  0.353833  0.021615  0.000000  0.000000  0.000000  0.000000  0.000000
1  346.304141  346.304141  346.627890  0.346451  -0.038292  0.000000  0.000000  0.000000  0.000000  0.000000
1  346.627890  346.627890  346.574566  0.445986  0.287161  0.000000  0.000000  0.000000  0.000000  0.000000
1  346.574566  346.574566  346.607850  0.256940  -0.421786  0.000000  0.000000  0.000000  0.000000  0.000000
1  346.607850  346.607850  346.954948  0.261807  -0.280525  0.000000  0.000000  0.000000  0.000000  0.000000
1  346.954948  346.954948  346.628079  0.173936  -0.489171  0.000000  0.000000  0.000000  0.000000  0.000000
1  346.628079  346.628079  346.440458  0.308123  0.133663  0.000000  0.000000  0.000000  0.000000  0.000000
1  346.440458  346.440458  346.648472  0.222886  -0.184076  0.000000  0.000000  0.000000  0.000000  0.000000
1  346.648472  346.648472  346.449956  0.235845  -0.081435  0.000000  0.000000  0.000000  0.000000  0.000000
1  346.449956  346.449956  346.505972  0.388497  0.412878  0.000000  0.000000  0.000000  0.000000  0.000000
1  346.505972  346.505972  346.619389  0.277562  -0.057550  0.000000  0.000000  0.000000  0.000000  0.000000
1  346.619389  346.619389  346.290854  0.337411  0.215303  0.000000  0.000000  0.000000  0.000000  0.000000
1  346.290854  346.290854  346.426345  0.317358  0.079287  0.000000  0.000000  0.000000  0.000000  0.000000
1  346.426345  346.426345  346.481955  0.217304  -0.293314  0.000000  0.000000  0.000000  0.000000  0.000000
1  346.481955  346.481955  346.429325  0.319346  0.128499  0.000000  0.000000  0.000000  0.000000  0.000000
1  346.429325  346.429325  346.320089  0.327805  0.059404  0.000000  0.000000  0.000000  0.000000  0.000000
1  346.320089  346.320089  346.032822  0.308688  -0.016418  0.000000  0.000000  0.000000  0.000000  0.000000
1  346.032822  346.032822  346.045087  0.321424  0.051610  0.000000  0.000000  0.000000  0.000000  0.000000
1  346.045087  346.045087  346.167171  0.285524  -0.038970  0.000000  0.000000  0.000000  0.000000  0.000000
1  346.167171  346.167171  345.928716  0.237882  -0.178033  0.000000  0.000000  0.000000  0.000000  0.000000
1  345.928716  345.928716  346.369528  0.246512  -0.130105  0.000000  0.000000  0.000000  0.000000  0.000000
1  346.369528  346.369528  346.214237  0.074744  -0.619455  0.000000  0.000000  0.000000  0.000000  0.000000
1  346.214237  346.214237  345.974932  0.262921  0.169246  0.000000  0.000000  0.000000  0.000000  0.000000
1  345.974932  345.974932  346.077314  0.350104  0.371309  0.000000  0.000000  0.000000  0.000000  0.000000
1  346.077314  346.077314  346.062818  0.329250  0.160895  0.000000  0.000000  0.000000  0.000000  0.000000
1  346.062818  346.062818  345.989132  0.274614  -0.040040  0.000000  0.000000  0.000000  0.000000  0.000000
1  345.989132  345.989132  346.311637  0.341518  0.188879  0.000000  0.000000  0.000000  0.000000  0.000000
1  346.311637  346.311637  346.095260  0.376682  0.251685  0.000000  0.000000  0.000000  0.000000  0.000000
1  346.095260  346.095260  345.807514  0.324255  -0.060393  0.000000  0.000000  0.000000  0.000000  0.000000
1  345.807514  345.807514  345.899731  0.384059  0.162753  0.000000  0.000000  0.000000  0.000000  0.000000
1  345.899731  345.899731  345.498644  0.307272  -0.215628  0.000000  0.000000  0.000000  0.000000  0.000000
1  345.498644  345.498644  345.772104  0.326505  -0.098301  0.000000  0.000000  0.000000  0.000000  0.000000
1  345.772104  345.772104  346.227356  0.415941  0.278831  0.000000  0.000000  0.000000  0.000000  0.000000
1  346.227356  346.227356  346.190728  0.222508  -0.459228  0.000000  0.000000  0.000000  0.000000  0.000000
1  346.190728  346.190728  346.079969  0.344657  0.123756  0.000000  0.000000  0.000000  0.000000  0.000000
1  346.079969  346.079969  345.973935  0.376441  0.171659  0.000000  0.000000  0.000000  0.000000  0.000000
1  345.973935  345.973935  345.724544  0.173797  -0.570641  0.000000  0.000000  0.000000  0.000000  0.000000
1  345.724544  345.724544  345.986599  0.292758  -0.015056  0.000000  0.000000  0.000000  0.000000  0.000000
1  345.986599  345.986599  346.301932  0.272358  -0.036280  0.000000  0.000000  0.000000  0.000000  0.000000
1  346.301932  346.301932  346.218986  0.220656  -0.189521  0.000000  0.000000  0.000000  0.000000  0.000000
1  346.218986  346.218986  346.038275  0.241600  -0.097435  0.000000  0.000000  0.000000  0.000000  0.000000
1  346.038275  346.038275  346.224152  0.262010  -0.061881  0.000000  0.000000  0.000000  0.000000  0.000000
1  346.224152  346.224152  346.071069  0.355662  0.279660  0.000000  0.000000  0.000000  0.000000  0.000000
1  346.071069  346.071069  345.900439  0.280289  -0.002126  0.000000  0.000000  0.000000  0.000000  0.000000
1  345.900439  345.900439  345.963110  0.375996  0.253232  0.000000  0.000000  0.000000  0.000000  0.000000
