1  0.000000  0.000000  19.563497  1.159403  0.332610  0.000000  0.000000  0.000000  0.000000  0.000000
1  19.563497  19.563497  20.123892  1.142232  0.126772  0.000000  0.000000  0.000000  0.000000  0.000000
1  20.123892  20.123892  20.515259  1.035438  -0.358698  0.000000  0.000000  0.000000  0.000000  0.000000
1  20.515259  20.515259  20.870094  1.038782  -0.194069  0.000000  0.000000  0.000000  0.000000  0.000000
1  20.870094  20.870094  20.695399  1.316862  0.772009  0.000000  0.000000  0.000000  0.000000  0.000000
1  20.695399  20.695399  20.701027  1.300989  0.452056  0.000000  0.000000  0.000000  0.000000  0.000000
1  20.701027  20.701027  20.779245  1.347684  0.431226  0.000000  0.000000  0.000000  0.000000  0.000000
1  20.779245  20.779245  21.014362  1.602145  1.090811  0.000000  0.000000  0.000000  0.000000  0.000000
1  21.014362  21.014362  21.027104  1.784744  1.312207  0.000000  0.000000  0.000000  0.000000  0.000000
1  21.027104  21.027104  20.872394  1.990796  1.566922  0.000000  0.000000  0.000000  0.000000  0.000000
1  20.872394  20.872394  20.923730  2.193555  1.643000  0.000000  0.000000  0.000000  0.000000  0.000000
1  20.923730  20.923730  21.215011  2.321222  1.610361  0.000000  0.000000  0.000000  0.000000  0.000000
1  21.215011  21.215011  21.146756  2.205511  0.770156  0.000000  0.000000  0.000000  0.000000  0.000000
1  21.146756  21.146756  21.000027  2.068047  0.091432  0.000000  0.000000  0.000000  0.000000  0.000000
1  21.000027  21.000027  21.056893  1.807338  -0.807964  0.000000  0.000000  0.000000  0.000000  0.000000
