mode yawCmd rudderSet rudderIs gpsCourse gpsSpeed cY cW cWd mY mW mWd accGyroCount magCount psid psiTilde rTilde integralPsiTilde rudderMoment tauFF 
1  0.000000  1.217322  1.217322  10481040969856236141839109937403423540461854892352873965372708267130680644401817712166363513961625573553050640059468881127083634276002919270874489704523270538530694224452621064652643457356760410632727054775334997905343337471687178391037063207699390341893297822236672.000000  0.000000 0.000000  0.000000  0.000000  0.000000  0.000000  0.000000 446 219 0.000000  0.000000  0.000000  0.000000  0.000000  0.000000 
1  0.000000  1.219474  1.219474  10481040969856236141839109937403423540461854892352873965372708267130680644401817712166363513961625573553050640059468881127083634276002919270874489704523270538530694224452621064652643457356760410632727054775334997905343337471687178391037063207699390341893297822236672.000000  0.000000 0.000000  0.000000  0.000000  0.000000  0.000000  0.000000 25 13 0.000000  0.000000  0.000000  0.000000  0.000000  0.000000 
1  0.000000  1.219486  1.219486  10481040969856236141839109937403423540461854892352873965372708267130680644401817712166363513961625573553050640059468881127083634276002919270874489704523270538530694224452621064652643457356760410632727054775334997905343337471687178391037063207699390341893297822236672.000000  0.000000 0.000000  0.000000  0.000000  0.000000  0.000000  0.000000 25 12 0.000000  0.000000  0.000000  0.000000  0.000000  0.000000 
1  0.000000  1.217927  1.217927  10481040969856236141839109937403423540461854892352873965372708267130680644401817712166363513961625573553050640059468881127083634276002919270874489704523270538530694224452621064652643457356760410632727054775334997905343337471687178391037063207699390341893297822236672.000000  0.000000 0.000000  0.000000  0.000000  0.000000  0.000000  0.000000 25 13 0.000000  0.000000  0.000000  0.000000  0.000000  0.000000 
1  0.000000  1.219182  1.219182  10481040969856236141839109937403423540461854892352873965372708267130680644401817712166363513961625573553050640059468881127083634276002919270874489704523270538530694224452621064652643457356760410632727054775334997905343337471687178391037063207699390341893297822236672.000000  0.000000 0.000000  0.000000  0.000000  0.000000  0.000000  0.000000 25 12 0.000000  0.000000  0.000000  0.000000  0.000000  0.000000 
1  0.000000  1.217750  1.217750  10481040969856236141839109937403423540461854892352873965372708267130680644401817712166363513961625573553050640059468881127083634276002919270874489704523270538530694224452621064652643457356760410632727054775334997905343337471687178391037063207699390341893297822236672.000000  0.000000 0.000000  0.000000  0.000000  0.000000  0.000000  0.000000 25 13 0.000000  0.000000  0.000000  0.000000  0.000000  0.000000 
1  0.000000  1.218484  1.218667  10481040969856236141839109937403423540461854892352873965372708267130680644401817712166363513961625573553050640059468881127083634276002919270874489704523270538530694224452621064652643457356760410632727054775334997905343337471687178391037063207699390341893297822236672.000000  0.000000 0.000000  0.000000  0.000000  0.000000  0.000000  0.000000 25 12 0.000000  0.000000  0.000000  0.000000  0.000000  0.000000 
1  0.000000  1.218198  1.218198  10481040969856236141839109937403423540461854892352873965372708267130680644401817712166363513961625573553050640059468881127083634276002919270874489704523270538530694224452621064652643457356760410632727054775334997905343337471687178391037063207699390341893297822236672.000000  0.000000 0.000000  0.000000  0.000000  0.000000  0.000000  0.000000 25 12 0.000000  0.000000  0.000000  0.000000  0.000000  0.000000 
1  0.000000  1.219119  1.219119  10481040969856236141839109937403423540461854892352873965372708267130680644401817712166363513961625573553050640059468881127083634276002919270874489704523270538530694224452621064652643457356760410632727054775334997905343337471687178391037063207699390341893297822236672.000000  0.000000 0.000000  0.000000  0.000000  0.000000  0.000000  0.000000 25 13 0.000000  0.000000  0.000000  0.000000  0.000000  0.000000 
1  0.000000  1.218675  1.218675  305.769989  1.180000 0.000000  0.000000  0.000000  0.000000  0.000000  0.000000 25 12 0.000000  0.000000  0.000000  0.000000  0.000000  0.000000 
1  0.000000  1.218515  1.218515  305.769989  1.180000 0.000000  0.000000  0.000000  0.000000  0.000000  0.000000 25 13 0.000000  0.000000  0.000000  0.000000  0.000000  0.000000 
1  0.000000  1.218616  1.218616  305.769989  1.180000 0.000000  0.000000  0.000000  0.000000  0.000000  0.000000 16 8 0.000000  0.000000  0.000000  0.000000  0.000000  0.000000 
1  0.000000  1.218041  1.218041  305.769989  1.180000 1.725181  0.133792  -0.692388  0.412346  0.467270  1.400814 24 12 0.000000  0.000000  0.000000  0.000000  0.000000  0.000000 
1  0.412346  1.218402  1.218402  305.769989  1.180000 3.707464  0.656180  1.177545  0.711592  0.719549  1.757126 25 12 0.412346  0.000000  0.000000  0.000000  0.000000  0.000000 
1  0.711592  1.218143  1.218143  305.769989  1.180000 5.793952  1.047620  1.505832  1.020700  0.757203  1.298653 25 12 0.711592  0.000000  0.000000  0.000000  0.000000  0.000000 
1  1.020700  1.218490  1.218490  305.769989  1.180000 8.120571  0.656136  -0.580148  1.329606  0.708340  0.701606 25 13 1.020700  0.000000  0.000000  0.000000  0.000000  0.000000 
1  1.329606  1.218867  1.218867  305.769989  1.180000 10.345205  0.427304  -0.146232  1.627096  0.686606  0.352274 25 12 1.329606  0.000000  0.000000  0.000000  0.000000  0.000000 
1  1.627096  1.218444  1.218444  305.769989  1.180000 12.985604  0.953120  1.256456  1.943240  0.774832  0.552697 25 13 1.627096  0.000000  0.000000  0.000000  0.000000  0.000000 
1  1.943240  1.219312  1.218875  305.769989  1.180000 15.670816  0.938362  1.116758  2.249113  0.808812  0.460272 25 12 1.943240  0.000000  0.000000  0.000000  0.000000  0.000000 
1  2.249113  1.218216  1.218216  305.769989  1.180000 18.363909  0.618009  -2.447168  2.558066  0.758083  0.064074 25 12 2.249113  0.000000  0.000000  0.000000  0.000000  0.000000 
1  2.558066  1.218345  1.218345  305.769989  1.180000 21.506378  0.254885  -1.743407  2.875126  0.702501  -0.219395 25 13 2.558066  0.000000  0.000000  0.000000  0.000000  0.000000 
1  2.875126  1.217986  1.217986  303.250000  0.590000 24.657775  0.762990  1.464989  3.170686  0.841788  0.446070 25 12 2.875126  0.000000  0.000000  0.000000  0.000000  0.000000 
1  3.170686  1.217796  1.217796  303.250000  0.590000 27.833825  0.613207  -0.128423  3.472697  0.824906  0.322125 25 12 3.170686  0.000000  0.000000  0.000000  0.000000  0.000000 
1  3.472697  1.218493  1.218916  303.250000  0.590000 31.380476  0.917953  0.718807  3.791221  0.926291  0.606380 25 13 3.472697  0.000000  0.000000  0.000000  0.000000  0.000000 
1  3.791221  1.219269  1.219269  303.250000  0.590000 35.064433  0.503768  -3.869816  4.103925  0.856051  0.139590 25 12 3.791221  0.000000  0.000000  0.000000  0.000000  0.000000 
1  4.103925  1.216883  1.216883  303.250000  0.590000 38.823677  0.812308  0.340250  4.403372  0.750321  -0.286235 25 12 4.103925  0.000000  0.000000  0.000000  0.000000  0.000000 
1  4.403372  1.218016  1.218016  303.250000  0.590000 42.788598  0.714379  0.049854  4.718933  0.761946  -0.137713 25 13 4.403372  0.000000  0.000000  0.000000  0.000000  0.000000 
1  4.718933  1.218738  1.218738  303.250000  0.590000 46.910614  0.907832  1.379186  5.032917  0.881625  0.285245 25 12 4.718933  0.000000  0.000000  0.000000  0.000000  0.000000 
1  5.032917  1.217037  1.216880  303.250000  0.590000 51.199167  0.899072  0.827131  5.341571  0.782373  -0.087290 25 13 5.032917  0.000000  0.000000  0.000000  0.000000  0.000000 
1  5.341571  1.218985  1.218985  11.340000  0.340000 55.463818  0.953559  -0.338294  5.642892  0.799633  0.007691 25 12 5.341571  0.000000  0.000000  0.000000  0.000000  0.000000 
1  5.642892  1.218251  1.218251  11.340000  0.340000 59.637726  0.076419  1.542559  5.952286  0.782216  -0.089797 25 12 5.642892  0.000000  0.000000  0.000000  0.000000  0.000000 
1  5.952286  1.217794  1.217794  11.340000  0.340000 64.216080  0.306628  -1.477773  6.276327  0.750079  -0.215379 25 13 5.952286  0.000000  0.000000  0.000000  0.000000  0.000000 
1  6.276327  1.219544  1.219544  11.340000  0.340000 68.784229  0.686703  0.193330  6.607570  0.807471  0.083020 25 12 6.276327  0.000000  0.000000  0.000000  0.000000  0.000000 
1  6.607570  1.218367  1.218367  11.340000  0.340000 73.093800  0.785983  -1.365601  6.945088  0.781443  0.015222 25 12 6.607570  0.000000  0.000000  0.000000  0.000000  0.000000 
1  6.945088  1.217215  1.217215  11.340000  0.340000 77.780268  0.872452  0.734074  7.327412  0.896556  0.348115 25 13 6.945088  0.000000  0.000000  0.000000  0.000000  0.000000 
1  7.327412  1.218102  1.218102  11.340000  0.340000 82.224083  0.984092  -1.890224  7.726274  0.841780  0.032642 25 12 7.327412  0.000000  0.000000  0.000000  0.000000  0.000000 
1  7.726274  1.217554  1.217554  11.340000  0.340000 86.711327  0.737992  -0.030175  8.197983  0.994316  0.510210 25 13 7.726274  0.000000  0.000000  0.000000  0.000000  0.000000 
1  8.197983  1.218556  1.218556  11.340000  0.340000 90.809519  0.466933  -0.705441  8.699537  0.698099  -0.577399 25 12 8.197983  0.000000  0.000000  0.000000  0.000000  0.000000 
1  8.699537  1.218325  1.218325  11.340000  0.340000 94.918105  0.282277  -1.388262  9.302402  0.693678  -0.404106 25 12 8.699537  0.000000  0.000000  0.000000  0.000000  0.000000 
1  9.302402  1.218292  1.218292  314.790009  0.320000 98.987106  0.452604  -0.534996  10.058324  0.698592  -0.341898 25 13 9.302402  0.000000  0.000000  0.000000  0.000000  0.000000 
1  10.058324  1.218617  1.218845  314.790009  0.320000 102.569628  0.276961  -1.371331  10.853426  0.849963  0.162416 25 12 10.058324  0.000000  0.000000  0.000000  0.000000  0.000000 
1  10.853426  1.219755  1.219755  314.790009  0.320000 106.261323  0.846912  0.791204  11.750468  0.846059  0.109870 25 12 10.853426  0.000000  0.000000  0.000000  0.000000  0.000000 
1  11.750468  1.218438  1.218438  314.790009  0.320000 109.882252  0.735989  0.453842  12.713337  0.969427  0.518553 25 13 11.750468  0.000000  0.000000  0.000000  0.000000  0.000000 
1  12.713337  1.218875  1.218875  314.790009  0.320000 113.204265  0.267010  -0.558084  13.621971  0.845996  -0.006641 26 12 12.713337  0.000000  0.000000  0.000000  0.000000  0.000000 
1  13.621971  1.218340  1.218340  314.790009  0.320000 116.111704  1.106079  1.895551  14.516432  1.064281  0.765190 25 12 13.621971  0.000000  0.000000  0.000000  0.000000  0.000000 
1  14.516432  1.217009  1.217009  314.790009  0.320000 119.256875  0.564778  -0.336132  15.647634  1.057604  0.588012 25 13 14.516432  0.000000  0.000000  0.000000  0.000000  0.000000 
1  15.647634  1.217177  1.217177  314.790009  0.320000 122.074958  0.976330  0.524127  16.697070  1.150708  0.741256 24 12 15.647634  0.000000  0.000000  0.000000  0.000000  0.000000 
1  16.697070  1.218183  1.218183  314.790009  0.320000 124.738572  0.441883  -0.873223  17.782590  0.970254  -0.099212 25 13 16.697070  0.000000  0.000000  0.000000  0.000000  0.000000 
1  17.782590  1.215941  1.215941  314.790009  0.320000 127.003155  0.108639  -2.095875  18.845093  0.986389  0.003318 26 12 17.782590  0.000000  0.000000  0.000000  0.000000  0.000000 
1  18.845093  1.218582  1.218582  302.380005  0.540000 129.296846  0.408991  -0.409070  19.930225  1.018789  0.111455 25 12 18.845093  0.000000  0.000000  0.000000  0.000000  0.000000 
1  19.930225  1.218551  1.218075  302.380005  0.540000 131.381479  0.754486  0.669927  21.010536  1.039849  0.179765 24 13 19.930225  0.000000  0.000000  0.000000  0.000000  0.000000 
1  21.010536  1.218046  1.218046  302.380005  0.540000 133.288387  1.197573  -0.216165  22.124518  1.079576  0.246487 26 12 21.010536  0.000000  0.000000  0.000000  0.000000  0.000000 
1  22.124518  1.218464  1.218464  302.380005  0.540000 135.099692  0.274209  0.114623  23.249497  0.947779  -0.157288 25 12 22.124518  0.000000  0.000000  0.000000  0.000000  0.000000 
1  23.249497  1.218050  1.218050  302.380005  0.540000 136.836410  1.167195  2.551647  24.457677  1.127546  0.479040 24 13 23.249497  0.000000  0.000000  0.000000  0.000000  0.000000 
1  24.457677  1.218895  1.218895  302.380005  0.540000 138.368463  0.793441  -0.552026  25.597331  1.179239  0.467490 26 12 24.457677  0.000000  0.000000  0.000000  0.000000  0.000000 
1  25.597331  1.219122  1.219064  302.380005  0.540000 139.820612  0.284380  -1.790809  26.775490  1.052603  -0.190314 25 12 25.597331  0.000000  0.000000  0.000000  0.000000  0.000000 
1  26.775490  1.218802  1.218802  302.380005  0.540000 141.237177  0.404516  -0.359042  27.997025  1.140826  0.188564 25 13 26.775490  0.000000  0.000000  0.000000  0.000000  0.000000 
1  27.997025  1.218465  1.218465  302.380005  0.540000 142.482272  0.407350  -3.830921  29.199888  1.087498  -0.133103 25 12 27.997025  0.000000  0.000000  0.000000  0.000000  0.000000 
1  29.199888  1.217561  1.217561  302.380005  0.540000 143.528364  0.572500  1.512196  30.403979  1.153163  0.213147 25 12 29.199888  0.000000  0.000000  0.000000  0.000000  0.000000 
1  30.403979  1.220362  1.220362  340.720001  0.780000 144.611548  0.854254  2.671567  31.608623  1.116412  0.054071 25 13 30.403979  0.000000  0.000000  0.000000  0.000000  0.000000 
1  31.608623  1.218643  1.218714  340.720001  0.780000 145.557731  0.774756  -2.587843  32.810404  1.166181  0.306281 25 12 31.608623  0.000000  0.000000  0.000000  0.000000  0.000000 
1  32.810404  1.219941  1.219941  340.720001  0.780000 146.467689  0.348655  -0.198294  33.980399  1.164534  0.322085 25 13 32.810404  0.000000  0.000000  0.000000  0.000000  0.000000 
1  33.980399  1.221083  1.221083  340.720001  0.780000 147.296682  0.511150  -0.135918  35.245952  1.282445  0.483047 25 12 33.980399  0.000000  0.000000  0.000000  0.000000  0.000000 
1  35.245952  1.218971  1.218971  340.720001  0.780000 148.164297  0.828014  1.593143  36.546542  1.325278  0.420363 25 12 35.245952  0.000000  0.000000  0.000000  0.000000  0.000000 
1  36.546542  1.218265  1.218265  340.720001  0.780000 148.912439  0.473224  0.311086  37.836471  1.325176  0.246689 25 13 36.546542  0.000000  0.000000  0.000000  0.000000  0.000000 
1  37.836471  1.219115  1.219115  340.720001  0.780000 149.507003  1.050012  1.013575  39.047297  1.382761  0.410451 25 12 37.836471  0.000000  0.000000  0.000000  0.000000  0.000000 
1  39.047297  1.219187  1.219187  340.720001  0.780000 150.073630  0.547077  -0.758818  40.323414  1.364547  0.289217 25 12 39.047297  0.000000  0.000000  0.000000  0.000000  0.000000 
1  40.323414  1.218312  1.218312  340.720001  0.780000 150.692857  0.595093  3.977393  41.623510  1.387917  0.280900 25 13 40.323414  0.000000  0.000000  0.000000  0.000000  0.000000 
1  41.623510  1.220222  1.220222  340.720001  0.780000 151.179504  1.344868  0.576909  42.874441  1.500149  0.619008 25 12 41.623510  0.000000  0.000000  0.000000  0.000000  0.000000 
1  42.874441  1.218734  1.218734  340.720001  0.780000 151.602097  0.766181  0.886272  44.184925  1.366761  -0.002955 25 13 42.874441  0.000000  0.000000  0.000000  0.000000  0.000000 
1  44.184925  1.220270  1.220270  340.720001  0.780000 152.027155  0.312674  1.243686  45.483517  1.368040  -0.095693 25 12 44.184925  0.000000  0.000000  0.000000  0.000000  0.000000 
1  45.483517  1.218592  1.218592  272.100006  0.740000 152.422234  0.208383  -2.427615  46.745424  1.418150  -0.038532 25 12 45.483517  0.000000  0.000000  0.000000  0.000000  0.000000 
1  46.745424  1.219811  1.220142  272.100006  0.740000 152.809570  0.755154  2.768420  48.031467  1.403486  0.041699 25 13 46.745424  0.000000  0.000000  0.000000  0.000000  0.000000 
1  48.031467  1.218385  1.218385  272.100006  0.740000 153.144808  -0.275137  -2.859347  49.329958  1.474911  0.228406 25 12 48.031467  0.000000  0.000000  0.000000  0.000000  0.000000 
1  49.329958  1.218410  1.218410  272.100006  0.740000 153.453799  0.379377  3.230952  50.637132  1.564875  0.475161 25 12 49.329958  0.000000  0.000000  0.000000  0.000000  0.000000 
1  50.637132  1.219092  1.219092  272.100006  0.740000 153.718171  0.114299  0.415052  51.936298  1.455837  -0.075952 25 13 50.637132  0.000000  0.000000  0.000000  0.000000  0.000000 
1  51.936298  1.219187  1.219187  272.100006  0.740000 153.988702  1.160861  0.206768  53.245255  1.693823  0.667255 25 12 51.936298  0.000000  0.000000  0.000000  0.000000  0.000000 
1  53.245255  1.219131  1.219131  272.100006  0.740000 154.231761  0.193289  -0.956147  54.591547  1.658628  0.337543 25 13 53.245255  0.000000  0.000000  0.000000  0.000000  0.000000 
1  54.591547  1.219175  1.219175  272.100006  0.740000 154.405680  -0.449784  -2.132739  55.846642  1.385928  -0.648720 25 12 54.591547  0.000000  0.000000  0.000000  0.000000  0.000000 
1  55.846642  1.220245  1.220245  356.709991  0.980000 154.572374  0.319399  2.172046  57.147660  1.591041  0.217295 25 12 55.846642  0.000000  0.000000  0.000000  0.000000  0.000000 
1  57.147660  1.218687  1.218687  356.709991  0.980000 154.773295  1.563559  2.911988  58.510377  1.929124  1.415660 25 13 57.147660  0.000000  0.000000  0.000000  0.000000  0.000000 
1  58.510377  1.218579  1.218579  356.709991  0.980000 154.977559  0.709293  -3.035545  59.874356  1.854961  0.638314 25 12 58.510377  0.000000  0.000000  0.000000  0.000000  0.000000 
1  59.874356  1.218984  1.218984  356.709991  0.980000 155.082935  -0.322980  -2.629195  61.145759  1.637106  -0.289895 25 12 59.874356  0.000000  0.000000  0.000000  0.000000  0.000000 
1  61.145759  1.219926  1.219926  356.709991  0.980000 155.187825  1.365572  5.282302  62.500597  2.082575  1.449703 25 13 61.145759  0.000000  0.000000  0.000000  0.000000  0.000000 
1  62.500597  1.219141  1.219095  356.709991  0.980000 155.332994  0.759354  0.925358  63.802816  1.925230  0.643556 25 12 62.500597  0.000000  0.000000  0.000000  0.000000  0.000000 
1  63.802816  1.219455  1.219455  356.709991  0.980000 155.476589  1.050309  1.522325  65.132642  2.156236  1.479762 25 12 63.802816  0.000000  0.000000  0.000000  0.000000  0.000000 
1  65.132642  1.220556  1.220556  356.709991  0.980000 155.622629  -0.388639  -3.929919  66.468518  1.858095  -0.076416 25 13 65.132642  0.000000  0.000000  0.000000  0.000000  0.000000 
1  66.468518  1.219183  1.219183  356.709991  0.980000 155.716194  1.025478  -1.609318  67.777485  1.879106  0.061519 25 12 66.468518  0.000000  0.000000  0.000000  0.000000  0.000000 
1  67.777485  1.217976  1.217976  356.709991  0.980000 155.829408  0.184085  -1.024945  69.137765  1.951619  0.356386 25 13 67.777485  0.000000  0.000000  0.000000  0.000000  0.000000 
1  69.137765  1.218314  1.218174  345.730011  1.360000 155.834900  0.541691  2.439796  70.418105  1.916944  0.221130 25 12 69.137765  0.000000  0.000000  0.000000  0.000000  0.000000 
1  70.418105  1.220217  1.220217  345.730011  1.360000 155.855849  0.016007  0.454812  71.739416  2.002191  0.447024 25 12 70.418105  0.000000  0.000000  0.000000  0.000000  0.000000 
1  71.739416  1.219352  1.219352  345.730011  1.360000 156.025472  0.587374  -1.472314  73.134816  2.236149  1.007953 25 13 71.739416  0.000000  0.000000  0.000000  0.000000  0.000000 
1  73.134816  1.218901  1.218901  345.730011  1.360000 156.026742  0.533752  -1.442043  74.383041  1.801510  -0.732901 25 12 73.134816  0.000000  0.000000  0.000000  0.000000  0.000000 
1  74.383041  1.218722  1.218722  345.730011  1.360000 156.137627  -0.071656  -1.957764  75.701338  1.900129  -0.213267 25 12 74.383041  0.000000  0.000000  0.000000  0.000000  0.000000 
1  75.701338  1.219208  1.219208  345.730011  1.360000 156.287473  -0.572041  0.250959  77.033277  1.965298  0.044640 25 13 75.701338  0.000000  0.000000  0.000000  0.000000  0.000000 
1  77.033277  1.220397  1.220397  345.730011  1.360000 156.320255  1.220140  0.866903  78.356347  2.179522  0.709193 25 12 77.033277  0.000000  0.000000  0.000000  0.000000  0.000000 
1  78.356347  1.218259  1.218259  345.730011  1.360000 156.411034  1.784375  5.597721  79.709088  2.268590  0.935908 25 13 78.356347  0.000000  0.000000  0.000000  0.000000  0.000000 
1  79.709088  1.220738  1.220738  345.730011  1.360000 156.478392  0.946065  1.291650  81.012736  2.444150  1.346731 25 12 79.709088  0.000000  0.000000  0.000000  0.000000  0.000000 
1  81.012736  1.218942  1.218942  345.730011  1.360000 156.517046  1.114787  -1.472069  82.340880  2.314635  0.461484 25 12 81.012736  0.000000  0.000000  0.000000  0.000000  0.000000 
1  82.340880  1.219369  1.219369  349.450012  1.590000 156.572659  0.657474  0.590637  83.701234  2.522570  1.016502 25 13 82.340880  0.000000  0.000000  0.000000  0.000000  0.000000 
1  83.701234  1.219140  1.219140  349.450012  1.590000 156.622507  0.808466  -4.798380  84.970537  2.189547  -0.351738 25 12 83.701234  0.000000  0.000000  0.000000  0.000000  0.000000 
1  84.970537  1.220753  1.220245  349.450012  1.590000 156.689902  0.938717  3.191617  86.321395  2.622473  1.119984 25 12 84.970537  0.000000  0.000000  0.000000  0.000000  0.000000 
1  86.321395  1.218625  1.218625  349.450012  1.590000 156.712560  0.780870  -0.103780  87.616492  2.401399  0.092437 25 13 86.321395  0.000000  0.000000  0.000000  0.000000  0.000000 
1  87.616492  1.218567  1.218567  349.450012  1.590000 156.759925  0.587909  -5.375325  88.936191  2.494658  0.299749 25 12 87.616492  0.000000  0.000000  0.000000  0.000000  0.000000 
1  88.936191  1.218727  1.218727  349.450012  1.590000 156.836098  0.197968  -1.901170  90.318155  2.877715  1.505212 25 13 88.936191  0.000000  0.000000  0.000000  0.000000  0.000000 
1  90.318155  1.219552  1.219552  349.450012  1.590000 156.885063  1.495355  0.779629  91.646848  2.956226  1.439234 25 12 90.318155  0.000000  0.000000  0.000000  0.000000  0.000000 
1  91.646848  1.219282  1.219268  349.450012  1.590000 156.923818  1.014628  -1.482552  92.958170  2.736710  0.207834 25 12 91.646848  0.000000  0.000000  0.000000  0.000000  0.000000 
1  92.958170  1.219200  1.219200  349.450012  1.590000 156.912188  0.832290  0.631098  94.274600  2.821777  0.559031 25 13 92.958170  0.000000  0.000000  0.000000  0.000000  0.000000 
1  94.274600  1.219508  1.219508  349.450012  1.590000 156.941297  0.686760  -2.562750  95.567238  2.841347  0.377881 25 12 94.274600  0.000000  0.000000  0.000000  0.000000  0.000000 
1  95.567238  1.219209  1.219209  2.030000  1.820000 156.951398  1.443445  4.409739  96.889026  3.003673  0.906558 25 12 95.567238  0.000000  0.000000  0.000000  0.000000  0.000000 
1  96.889026  1.218357  1.218357  2.030000  1.820000 156.979456  0.114083  -2.753985  98.241190  2.885097  -0.016496 25 13 96.889026  0.000000  0.000000  0.000000  0.000000  0.000000 
1  98.241190  1.218370  1.218370  2.030000  1.820000 156.957411  0.655970  -0.646985  99.547270  3.052362  0.543031 25 12 98.241190  0.000000  0.000000  0.000000  0.000000  0.000000 
1  99.547270  1.218389  1.218389  2.030000  1.820000 157.054172  1.081605  1.039999  100.914666  3.137224  0.686621 25 13 99.547270  0.000000  0.000000  0.000000  0.000000  0.000000 
1  100.914666  1.218865  1.218865  2.030000  1.820000 157.097163  1.426572  3.877542  102.245014  3.336994  1.116157 25 12 100.914666  0.000000  0.000000  0.000000  0.000000  0.000000 
1  102.245014  1.219702  1.219702  2.030000  1.820000 157.168680  1.205480  0.186827  103.586695  3.313910  0.790760 25 12 102.245014  0.000000  0.000000  0.000000  0.000000  0.000000 
1  103.586695  1.219026  1.219026  2.030000  1.820000 157.223642  -0.078840  -4.078020  104.952012  3.214045  0.178828 25 13 103.586695  0.000000  0.000000  0.000000  0.000000  0.000000 
1  104.952012  1.218262  1.218262  2.030000  1.820000 157.279931  0.442194  0.671411  106.266841  3.069232  -0.475992 25 12 104.952012  0.000000  0.000000  0.000000  0.000000  0.000000 
1  106.266841  1.217961  1.217961  2.030000  1.820000 157.286916  0.420220  -1.843228  107.603362  3.433763  0.790576 25 12 106.266841  0.000000  0.000000  0.000000  0.000000  0.000000 
1  107.603362  1.218830  1.218636  2.030000  1.820000 157.285950  0.973101  -0.047615  108.944791  3.483665  0.787859 25 13 107.603362  0.000000  0.000000  0.000000  0.000000  0.000000 
1  108.944791  1.220077  1.220077  2.030000  1.820000 157.320762  1.182847  0.821539  110.241972  3.415638  0.370004 25 12 108.944791  0.000000  0.000000  0.000000  0.000000  0.000000 
1  110.241972  1.219397  1.219397  2.030000  1.820000 157.329115  1.469792  1.969123  111.569519  3.493287  0.462405 25 13 110.241972  0.000000  0.000000  0.000000  0.000000  0.000000 
1  111.569519  1.218473  1.218473  345.920013  1.190000 157.324939  0.644880  -1.173430  112.842764  3.272926  -0.416823 25 12 111.569519  0.000000  0.000000  0.000000  0.000000  0.000000 
1  112.842764  1.220495  1.220495  345.920013  1.190000 157.331051  1.068112  -2.595538  114.132648  3.487384  0.478271 25 12 112.842764  0.000000  0.000000  0.000000  0.000000  0.000000 
1  114.132648  1.219078  1.219078  345.920013  1.190000 157.402517  0.274840  -2.710729  115.477834  3.524720  0.395261 25 13 114.132648  0.000000  0.000000  0.000000  0.000000  0.000000 
1  115.477834  1.218840  1.218840  345.920013  1.190000 157.403143  0.412265  1.128685  116.744786  3.449741  0.051640 25 12 115.477834  0.000000  0.000000  0.000000  0.000000  0.000000 
1  116.744786  1.219518  1.219064  345.920013  1.190000 157.352641  0.579902  0.491646  117.997118  3.518516  0.248933 25 12 116.744786  0.000000  0.000000  0.000000  0.000000  0.000000 
1  117.997118  1.218944  1.218944  345.920013  1.190000 157.334090  1.599137  2.765318  119.306040  3.631310  0.665393 25 13 117.997118  0.000000  0.000000  0.000000  0.000000  0.000000 
1  119.306040  1.220356  1.220356  345.920013  1.190000 157.357281  0.717114  0.443714  120.584115  3.643317  0.452069 25 12 119.306040  0.000000  0.000000  0.000000  0.000000  0.000000 
1  120.584115  1.219538  1.219538  345.920013  1.190000 157.377939  0.612901  -3.185766  121.844924  3.536931  -0.036854 25 12 120.584115  0.000000  0.000000  0.000000  0.000000  0.000000 
1  121.844924  1.222170  1.222170  347.109985  0.700000 157.370269  0.890463  -0.075451  123.148787  3.669658  0.454321 25 13 121.844924  0.000000  0.000000  0.000000  0.000000  0.000000 
1  123.148787  1.220113  1.219899  347.109985  0.700000 157.414731  1.464936  3.107858  124.411664  3.785144  0.771024 26 12 123.148787  0.000000  0.000000  0.000000  0.000000  0.000000 
1  124.411664  1.222657  1.222657  347.109985  0.700000 157.423900  1.641464  2.558268  125.723295  3.941452  1.062528 24 13 124.411664  0.000000  0.000000  0.000000  0.000000  0.000000 
1  125.723295  1.219443  1.219443  347.109985  0.700000 157.445374  0.427367  -1.877358  126.992415  3.734275  -0.036351 25 12 125.723295  0.000000  0.000000  0.000000  0.000000  0.000000 
1  126.992415  1.218271  1.218271  347.109985  0.700000 157.421429  1.152011  -1.383775  128.217788  3.625198  -0.305944 26 12 126.992415  0.000000  0.000000  0.000000  0.000000  0.000000 
1  128.217788  1.217663  1.217663  347.109985  0.700000 157.429061  0.962304  0.304100  129.522734  3.785648  0.377592 24 13 128.217788  0.000000  0.000000  0.000000  0.000000  0.000000 
1  129.522734  1.218995  1.218846  347.109985  0.700000 157.339452  0.628604  -2.055916  130.751501  3.708707  -0.031613 25 12 129.522734  0.000000  0.000000  0.000000  0.000000  0.000000 
1  130.751501  1.218197  1.218197  347.109985  0.700000 157.365965  1.249437  -1.463611  132.024731  3.813416  0.351592 25 12 130.751501  0.000000  0.000000  0.000000  0.000000  0.000000 
1  132.024731  1.220636  1.220636  347.109985  0.700000 157.349060  0.511269  1.603424  133.282962  3.741577  -0.051920 25 13 132.024731  0.000000  0.000000  0.000000  0.000000  0.000000 
1  133.282962  1.218140  1.218064  347.109985  0.700000 157.339779  1.092801  0.777734  134.512476  3.700152  -0.202140 25 12 133.282962  0.000000  0.000000  0.000000  0.000000  0.000000 
1  134.512476  1.219525  1.219525  349.410004  0.790000 157.385724  0.584782  -0.894997  135.764090  3.785026  0.063667 24 13 134.512476  0.000000  0.000000  0.000000  0.000000  0.000000 
1  135.764090  1.220683  1.220683  349.410004  0.790000 157.412861  0.633199  3.457189  137.026232  3.881549  0.313723 26 12 135.764090  0.000000  0.000000  0.000000  0.000000  0.000000 
1  137.026232  1.218245  1.218245  349.410004  0.790000 157.460237  0.502939  -0.102744  138.286752  3.958140  0.457087 25 12 137.026232  0.000000  0.000000  0.000000  0.000000  0.000000 
1  138.286752  1.218446  1.218446  349.410004  0.790000 157.439182  1.289324  3.146429  139.493904  4.119213  0.898531 25 13 138.286752  0.000000  0.000000  0.000000  0.000000  0.000000 
1  139.493904  1.219265  1.219265  349.410004  0.790000 157.445287  1.177026  1.995197  140.758732  4.156091  0.725701 25 12 139.493904  0.000000  0.000000  0.000000  0.000000  0.000000 
1  140.758732  1.219170  1.219170  349.410004  0.790000 157.404540  1.540531  2.674403  141.973774  3.832268  -0.512739 25 12 140.758732  0.000000  0.000000  0.000000  0.000000  0.000000 
1  141.973774  1.218306  1.218306  349.410004  0.790000 157.346390  0.648686  0.021963  143.189894  3.902616  -0.156071 25 13 141.973774  0.000000  0.000000  0.000000  0.000000  0.000000 
1  143.189894  1.219318  1.219318  349.410004  0.790000 157.332469  -0.513564  -0.758505  144.441608  4.069768  0.264760 25 12 143.189894  0.000000  0.000000  0.000000  0.000000  0.000000 
1  144.441608  1.218313  1.218313  349.410004  0.790000 157.376349  1.078030  0.924494  145.738072  4.052093  0.101683 25 13 144.441608  0.000000  0.000000  0.000000  0.000000  0.000000 
1  145.738072  1.218069  1.218069  349.410004  0.790000 157.391049  0.915671  -2.131914  146.994434  4.292003  0.850682 25 12 145.738072  0.000000  0.000000  0.000000  0.000000  0.000000 
1  146.994434  1.218487  1.218487  346.549988  0.830000 157.426792  0.828311  1.520280  148.254877  4.359201  0.776730 25 12 146.994434  0.000000  0.000000  0.000000  0.000000  0.000000 
1  148.254877  1.218605  1.218557  346.549988  0.830000 157.443605  1.015014  0.322830  149.506093  4.341804  0.515033 25 13 148.254877  0.000000  0.000000  0.000000  0.000000  0.000000 
1  149.506093  1.218818  1.218818  346.549988  0.830000 157.440253  1.158919  -1.746775  150.657413  4.283600  0.155364 25 12 149.506093  0.000000  0.000000  0.000000  0.000000  0.000000 
1  150.657413  1.219183  1.219183  346.549988  0.830000 157.501544  0.848206  -0.472669  151.908826  4.359875  0.415818 25 12 150.657413  0.000000  0.000000  0.000000  0.000000  0.000000 
1  151.908826  1.217542  1.217542  346.549988  0.830000 157.529309  1.411191  0.126022  153.076655  4.468961  0.597433 25 13 151.908826  0.000000  0.000000  0.000000  0.000000  0.000000 
1  153.076655  1.218942  1.218942  346.549988  0.830000 157.595061  1.553411  -0.535143  154.248616  4.500460  0.595856 25 12 153.076655  0.000000  0.000000  0.000000  0.000000  0.000000 
1  154.248616  1.218857  1.218775  346.549988  0.830000 157.604749  0.984295  1.730778  155.123962  4.513383  0.451231 25 13 154.248616  0.000000  0.000000  0.000000  0.000000  0.000000 
1  155.123962  1.217813  1.217813  346.549988  0.830000 157.621373  0.480675  2.211058  155.864621  4.458651  0.144456 25 12 155.123962  0.000000  0.000000  0.000000  0.000000  0.000000 
1  155.864621  1.218925  1.218925  346.549988  0.830000 157.600839  1.217109  1.547095  156.322890  4.375978  -0.168574 25 12 155.864621  0.000000  0.000000  0.000000  0.000000  0.000000 
1  156.322890  1.220406  1.220406  346.549988  0.830000 157.650173  1.220684  1.773431  156.963880  4.402869  0.075517 25 13 156.322890  0.000000  0.000000  0.000000  0.000000  0.000000 
1  156.963880  1.218282  1.218282  336.839996  0.640000 157.599222  0.658825  -0.929925  157.046874  4.281441  -0.349967 25 12 156.963880  0.000000  0.000000  0.000000  0.000000  0.000000 
1  157.046874  1.218580  1.218194  336.839996  0.640000 157.626089  0.292309  1.555168  157.265373  4.308940  -0.170811 25 12 157.046874  0.000000  0.000000  0.000000  0.000000  0.000000 
1  157.265373  1.218809  1.218809  336.839996  0.640000 157.627448  1.403470  0.873032  157.324567  4.387135  0.103858 25 13 157.265373  0.000000  0.000000  0.000000  0.000000  0.000000 
1  157.324567  1.217727  1.217727  336.839996  0.640000 157.616969  1.605918  1.570275  157.408066  4.384545  0.093558 25 12 157.324567  0.000000  0.000000  0.000000  0.000000  0.000000 
1  157.408066  1.218125  1.218125  336.839996  0.640000 157.610920  0.366434  -0.547242  157.405011  4.270346  -0.394414 25 13 157.408066  0.000000  0.000000  0.000000  0.000000  0.000000 
1  157.405011  1.217860  1.217860  336.839996  0.640000 157.640076  0.724896  -0.020230  157.483457  4.324525  -0.161996 25 12 157.405011  0.000000  0.000000  0.000000  0.000000  0.000000 
1  157.483457  1.220201  1.220201  336.839996  0.640000 157.622924  1.209783  -1.575239  157.487688  4.354548  -0.030546 25 12 157.483457  0.000000  0.000000  0.000000  0.000000  0.000000 
1  157.487688  1.218856  1.218856  336.839996  0.640000 157.622011  1.640176  -0.737707  157.495072  4.522600  0.533496 25 13 157.487688  0.000000  0.000000  0.000000  0.000000  0.000000 
1  157.495072  1.218187  1.218187  336.839996  0.640000 157.671772  1.465589  0.286616  157.778918  4.563521  0.607687 25 12 157.495072  0.000000  0.000000  0.000000  0.000000  0.000000 
1  157.778918  1.219130  1.219130  336.839996  0.640000 157.649693  0.849255  0.607955  157.650981  4.400642  -0.108900 25 12 157.778918  0.000000  0.000000  0.000000  0.000000  0.000000 
1  157.650981  1.218626  1.218626  336.839996  0.640000 157.603147  0.427590  -0.086652  157.406726  4.166056  -0.799589 25 13 157.650981  0.000000  0.000000  0.000000  0.000000  0.000000 
1  157.406726  1.218236  1.218236  336.839996  0.640000 157.624510  1.655425  1.457293  157.550592  4.198873  -0.383383 25 12 157.406726  0.000000  0.000000  0.000000  0.000000  0.000000 
1  157.550592  1.217721  1.217721  325.989990  0.340000 157.725729  0.968238  0.039750  157.993301  4.301327  0.052363 25 13 157.550592  0.000000  0.000000  0.000000  0.000000  0.000000 
1  157.993301  1.219063  1.218448  325.989990  0.340000 157.682503  1.037726  1.512138  157.838477  4.393030  0.379693 25 12 157.993301  0.000000  0.000000  0.000000  0.000000  0.000000 
1  157.838477  1.217313  1.217313  325.989990  0.340000 157.726245  0.937362  -0.261354  158.022425  4.242266  -0.258195 25 12 157.838477  0.000000  0.000000  0.000000  0.000000  0.000000 
1  158.022425  1.217495  1.217495  325.989990  0.340000 157.719537  0.366192  1.167329  157.880876  4.237679  -0.230498 25 13 158.022425  0.000000  0.000000  0.000000  0.000000  0.000000 
1  157.880876  1.218875  1.218875  325.989990  0.340000 157.696707  1.106168  -0.097526  157.766752  4.136435  -0.475571 25 12 157.880876  0.000000  0.000000  0.000000  0.000000  0.000000 
1  157.766752  1.218976  1.218976  325.989990  0.340000 157.691797  1.005584  -0.386960  157.733158  4.126104  -0.291039 25 12 157.766752  0.000000  0.000000  0.000000  0.000000  0.000000 
1  157.733158  1.218896  1.218878  325.989990  0.340000 157.662848  0.770524  1.784164  157.537286  4.051206  -0.471262 25 13 157.733158  0.000000  0.000000  0.000000  0.000000  0.000000 
1  157.537286  1.217512  1.217512  325.989990  0.340000 157.631288  1.006480  1.014390  157.435438  4.063084  -0.303714 25 12 157.537286  0.000000  0.000000  0.000000  0.000000  0.000000 
1  157.435438  1.217654  1.217654  58.880001  0.110000 157.592172  0.842618  -0.097343  157.361890  4.110114  0.016677 25 13 157.435438  0.000000  0.000000  0.000000  0.000000  0.000000 
1  157.361890  1.218650  1.218650  58.880001  0.110000 157.598168  1.098615  -0.459345  157.511977  4.037066  -0.276379 25 12 157.361890  0.000000  0.000000  0.000000  0.000000  0.000000 
1  157.511977  1.218056  1.218056  58.880001  0.110000 157.621765  0.568467  0.677477  157.576281  3.972234  -0.342481 25 12 157.511977  0.000000  0.000000  0.000000  0.000000  0.000000 
1  157.576281  1.218355  1.218873  58.880001  0.110000 157.593497  0.699602  1.298488  157.489035  4.055510  0.026980 25 13 157.576281  0.000000  0.000000  0.000000  0.000000  0.000000 
1  157.489035  1.219349  1.219349  58.880001  0.110000 157.592097  1.121500  -0.600159  157.495956  4.129569  0.183963 25 12 157.489035  0.000000  0.000000  0.000000  0.000000  0.000000 
1  157.495956  1.218096  1.218096  58.880001  0.110000 157.568603  1.228280  1.416408  157.569209  3.997998  -0.245894 25 13 157.495956  0.000000  0.000000  0.000000  0.000000  0.000000 
1  157.569209  1.219303  1.219303  58.880001  0.110000 157.568953  0.854396  0.233833  157.597009  4.017204  -0.160358 25 12 157.569209  0.000000  0.000000  0.000000  0.000000  0.000000 
1  157.597009  1.218082  1.218082  58.880001  0.110000 157.532956  1.411385  0.145377  157.358561  4.126386  0.299858 25 12 157.597009  0.000000  0.000000  0.000000  0.000000  0.000000 
1  157.358561  1.217160  1.216940  58.880001  0.110000 157.553363  0.909409  -0.175912  157.509054  4.075647  -0.006203 25 13 157.358561  0.000000  0.000000  0.000000  0.000000  0.000000 
1  157.509054  1.217132  1.217132  58.880001  0.110000 157.559960  0.404624  0.293543  157.427821  4.027013  -0.163392 25 12 157.509054  0.000000  0.000000  0.000000  0.000000  0.000000 
1  157.427821  1.218607  1.218607  177.210007  0.340000 157.546720  1.182423  -1.016985  157.435985  3.935010  -0.429793 25 12 157.427821  0.000000  0.000000  0.000000  0.000000  0.000000 
1  157.435985  1.221595  1.221595  177.210007  0.340000 157.568509  1.336969  1.685843  157.524065  4.023353  0.012494 25 13 157.435985  0.000000  0.000000  0.000000  0.000000  0.000000 
1  157.524065  1.219203  1.219203  177.210007  0.340000 157.584681  0.732535  0.673788  157.583188  3.973851  -0.104534 25 12 157.524065  0.000000  0.000000  0.000000  0.000000  0.000000 
1  157.583188  1.215967  1.215748  177.210007  0.340000 157.618871  0.629353  0.064696  157.713692  3.771137  -0.783439 25 12 157.583188  0.000000  0.000000  0.000000  0.000000  0.000000 
1  157.713692  1.218054  1.218054  177.210007  0.340000 157.548217  0.913304  0.278399  157.480653  3.905649  -0.071671 25 13 157.713692  0.000000  0.000000  0.000000  0.000000  0.000000 
1  157.480653  1.218023  1.218023  177.210007  0.340000 157.545192  0.770546  -0.203740  157.588377  3.965935  0.135710 25 12 157.480653  0.000000  0.000000  0.000000  0.000000  0.000000 
1  157.588377  1.217572  1.217572  177.210007  0.340000 157.556814  0.687631  -0.920818  157.773976  4.002306  0.219058 25 13 157.588377  0.000000  0.000000  0.000000  0.000000  0.000000 
1  157.773976  1.219568  1.219568  177.210007  0.340000 157.519156  1.251012  1.622553  157.612322  4.079414  0.409591 25 12 157.773976  0.000000  0.000000  0.000000  0.000000  0.000000 
1  157.612322  1.218787  1.218787  177.210007  0.340000 157.506237  0.885033  0.575793  157.494150  3.953619  -0.135982 25 12 157.612322  0.000000  0.000000  0.000000  0.000000  0.000000 
1  157.494150  1.219889  1.219889  177.210007  0.340000 157.498796  0.795892  -0.507103  157.534329  3.862725  -0.310692 25 13 157.494150  0.000000  0.000000  0.000000  0.000000  0.000000 
1  157.534329  1.218205  1.218205  192.220001  0.430000 157.464049  0.602873  -1.282193  157.386280  3.855006  -0.298811 25 12 157.534329  0.000000  0.000000  0.000000  0.000000  0.000000 
1  157.386280  1.218698  1.218698  192.220001  0.430000 157.510697  0.740047  -1.779517  157.574314  3.799250  -0.406603 25 12 157.386280  0.000000  0.000000  0.000000  0.000000  0.000000 
1  157.574314  1.218478  1.218478  192.220001  0.430000 157.506870  0.926172  0.057859  157.486702  3.842592  -0.192092 25 13 157.574314  0.000000  0.000000  0.000000  0.000000  0.000000 
1  157.486702  1.218352  1.218352  192.220001  0.430000 157.545371  0.519105  -0.690610  157.641657  3.890205  0.049796 25 12 157.486702  0.000000  0.000000  0.000000  0.000000  0.000000 
1  157.641657  1.218168  1.218168  192.220001  0.430000 157.548782  1.230236  1.342947  157.551726  3.768743  -0.428631 25 13 157.641657  0.000000  0.000000  0.000000  0.000000  0.000000 
1  157.551726  1.219280  1.219162  192.220001  0.430000 157.508365  0.875057  -0.116847  157.440893  3.853368  0.033057 25 12 157.551726  0.000000  0.000000  0.000000  0.000000  0.000000 
1  157.440893  1.218669  1.218669  192.220001  0.430000 157.522946  1.144263  -0.482408  157.481072  3.878135  0.119035 25 12 157.440893  0.000000  0.000000  0.000000  0.000000  0.000000 
1  157.481072  1.218292  1.218292  192.220001  0.430000 157.472647  0.874374  -0.062850  157.158161  3.724751  -0.383552 25 13 157.481072  0.000000  0.000000  0.000000  0.000000  0.000000 
1  157.158161  1.219183  1.219183  192.220001  0.430000 157.406431  0.648394  1.964162  156.999715  3.607833  -0.663122 25 12 157.158161  0.000000  0.000000  0.000000  0.000000  0.000000 
1  156.999715  1.217686  1.217686  192.220001  0.430000 157.460858  0.915659  0.245987  157.381096  3.719495  -0.092478 24 12 156.999715  0.000000  0.000000  0.000000  0.000000  0.000000 
1  157.381096  1.217536  1.217501  54.590000  0.420000 157.441535  0.609656  -1.042742  157.209795  3.702162  -0.120841 25 13 157.381096  0.000000  0.000000  0.000000  0.000000  0.000000 
1  157.209795  1.218653  1.218653  54.590000  0.420000 157.403992  0.991760  0.515806  157.210056  3.762461  0.129604 26 12 157.209795  0.000000  0.000000  0.000000  0.000000  0.000000 
1  157.210056  1.218273  1.218273  54.590000  0.420000 157.419140  0.712206  -0.613366  157.365384  3.647295  -0.335626 24 13 157.210056  0.000000  0.000000  0.000000  0.000000  0.000000 
1  157.365384  1.218936  1.218936  54.590000  0.420000 157.409375  0.986075  0.688484  157.491210  3.581071  -0.407206 26 12 157.365384  0.000000  0.000000  0.000000  0.000000  0.000000 
1  157.491210  1.219220  1.219220  54.590000  0.420000 157.423886  0.427200  -2.265040  157.582552  3.550788  -0.480611 24 12 157.491210  0.000000  0.000000  0.000000  0.000000  0.000000 
1  157.582552  1.218932  1.218932  54.590000  0.420000 157.436828  0.724496  -0.506073  157.630539  3.696023  0.112960 25 13 157.582552  0.000000  0.000000  0.000000  0.000000  0.000000 
1  157.630539  1.218972  1.218972  54.590000  0.420000 157.403905  1.160918  1.401663  157.471794  3.587509  -0.244291 26 12 157.630539  0.000000  0.000000  0.000000  0.000000  0.000000 
1  157.471794  1.218978  1.218978  54.590000  0.420000 157.380399  0.793497  0.890317  157.284653  3.564707  -0.255427 25 12 157.471794  0.000000  0.000000  0.000000  0.000000  0.000000 
1  157.284653  1.218549  1.218549  54.590000  0.420000 157.357144  0.747833  -0.198091  157.259632  3.494657  -0.406428 24 13 157.284653  0.000000  0.000000  0.000000  0.000000  0.000000 
1  157.259632  1.218492  1.218492  54.590000  0.420000 157.358610  1.027878  0.496978  157.295887  3.649570  0.296629 26 12 157.259632  0.000000  0.000000  0.000000  0.000000  0.000000 
1  157.295887  1.220506  1.220506  54.590000  0.420000 157.434984  0.602789  0.082779  157.515056  3.553456  -0.095408 25 12 157.295887  0.000000  0.000000  0.000000  0.000000  0.000000 
1  157.515056  1.218130  1.218130  54.590000  0.420000 157.459101  0.866090  0.174776  157.565938  3.578997  0.008405 25 13 157.515056  0.000000  0.000000  0.000000  0.000000  0.000000 
1  157.565938  1.219351  1.219036  32.959999  0.630000 157.477849  0.133886  -1.278763  157.549151  3.499202  -0.322065 25 12 157.565938  0.000000  0.000000  0.000000  0.000000  0.000000 
1  157.549151  1.219129  1.219129  32.959999  0.630000 157.519273  0.609755  -1.065360  157.610536  3.580098  0.009383 25 12 157.549151  0.000000  0.000000  0.000000  0.000000  0.000000 
1  157.610536  1.217505  1.217505  32.959999  0.630000 157.569324  0.770546  0.624427  157.817414  3.491189  -0.253152 25 13 157.610536  0.000000  0.000000  0.000000  0.000000  0.000000 
1  157.817414  1.218992  1.218992  32.959999  0.630000 157.527581  1.146502  1.324611  157.589960  3.417469  -0.316668 25 12 157.817414  0.000000  0.000000  0.000000  0.000000  0.000000 
1  157.589960  1.219248  1.219248  32.959999  0.630000 157.531061  1.005860  0.732695  157.515484  3.604916  0.375429 24 13 157.589960  0.000000  0.000000  0.000000  0.000000  0.000000 
1  157.515484  1.219951  1.219455  32.959999  0.630000 157.482623  1.365645  -0.397501  157.211447  3.489727  -0.050381 26 12 157.515484  0.000000  0.000000  0.000000  0.000000  0.000000 
1  157.211447  1.219097  1.219097  32.959999  0.630000 157.490502  0.991670  -0.167886  157.238261  3.468228  -0.113762 25 12 157.211447  0.000000  0.000000  0.000000  0.000000  0.000000 
1  157.238261  1.219690  1.219690  32.959999  0.630000 157.513504  1.047670  0.959078  157.473752  3.454218  -0.081675 25 13 157.238261  0.000000  0.000000  0.000000  0.000000  0.000000 
1  157.473752  1.219112  1.219112  0.730000  0.560000 157.509747  1.010072  0.432640  157.411884  3.551085  0.298937 25 12 157.473752  0.000000  0.000000  0.000000  0.000000  0.000000 
1  157.411884  1.219115  1.219115  0.730000  0.560000 157.465922  0.921070  1.960506  157.237394  3.458075  -0.084366 25 12 157.411884  0.000000  0.000000  0.000000  0.000000  0.000000 
1  157.237394  1.219060  1.219071  0.730000  0.560000 157.451306  0.533805  -1.285891  157.206390  3.258416  -0.827046 25 13 157.237394  0.000000  0.000000  0.000000  0.000000  0.000000 
1  157.206390  1.218017  1.218017  0.730000  0.560000 157.458028  1.275001  -0.880878  157.274025  3.528241  0.303101 25 12 157.206390  0.000000  0.000000  0.000000  0.000000  0.000000 
1  157.274025  1.219100  1.219100  0.730000  0.560000 157.439099  0.501447  -0.029911  157.191299  3.422051  -0.113279 25 12 157.274025  0.000000  0.000000  0.000000  0.000000  0.000000 
1  157.191299  1.218676  1.218676  0.730000  0.560000 157.478567  -0.060846  -0.542499  157.498530  3.298325  -0.546294 25 13 157.191299  0.000000  0.000000  0.000000  0.000000  0.000000 
1  157.498530  1.219967  1.219967  0.730000  0.560000 157.482075  0.906999  -2.862342  157.454781  3.389879  -0.090818 25 12 157.498530  0.000000  0.000000  0.000000  0.000000  0.000000 
1  157.454781  1.218331  1.218331  0.730000  0.560000 157.484286  0.618037  -0.428077  157.548378  3.310298  -0.266900 25 13 157.454781  0.000000  0.000000  0.000000  0.000000  0.000000 
1  157.548378  1.218765  1.218765  0.730000  0.560000 157.520955  0.496093  0.078329  157.522761  3.425473  0.186856 25 12 157.548378  0.000000  0.000000  0.000000  0.000000  0.000000 
1  157.522761  1.218401  1.218401  0.730000  0.560000 157.513209  0.753965  0.701759  157.591517  3.302623  -0.213404 25 12 157.522761  0.000000  0.000000  0.000000  0.000000  0.000000 
1  157.591517  1.219637  1.219637  1.410000  0.480000 157.488258  0.702096  0.112957  157.485729  3.410881  0.155452 25 13 157.591517  0.000000  0.000000  0.000000  0.000000  0.000000 
1  157.485729  1.219602  1.219602  1.410000  0.480000 157.480903  0.494267  0.849194  157.438612  3.283329  -0.251129 25 12 157.485729  0.000000  0.000000  0.000000  0.000000  0.000000 
1  157.438612  1.216587  1.216587  1.410000  0.480000 157.474672  0.907599  -0.375873  157.309711  3.388997  0.166160 25 12 157.438612  0.000000  0.000000  0.000000  0.000000  0.000000 
1  157.309711  1.218395  1.218395  1.410000  0.480000 157.498492  1.365539  2.162537  157.424631  3.515629  0.650137 25 13 157.309711  0.000000  0.000000  0.000000  0.000000  0.000000 
1  157.424631  1.216117  1.216105  1.410000  0.480000 157.476219  1.110598  1.816216  157.558087  3.245129  -0.389871 25 12 157.424631  0.000000  0.000000  0.000000  0.000000  0.000000 
1  157.558087  1.218282  1.218282  1.410000  0.480000 157.463585  0.999413  1.142099  157.512218  3.281318  -0.140515 25 13 157.558087  0.000000  0.000000  0.000000  0.000000  0.000000 
1  157.512218  1.220292  1.220292  1.410000  0.480000 157.475240  0.610510  -0.288698  157.468432  3.250457  -0.151029 25 12 157.512218  0.000000  0.000000  0.000000  0.000000  0.000000 
1  157.468432  1.219667  1.219667  1.410000  0.480000 157.400764  0.536453  -1.026493  157.045585  3.279683  -0.035425 25 12 157.468432  0.000000  0.000000  0.000000  0.000000  0.000000 
1  157.045585  1.223700  1.223700  1.410000  0.480000 157.402476  0.763059  -1.086432  157.137616  3.227277  -0.116938 25 13 157.045585  0.000000  0.000000  0.000000  0.000000  0.000000 
1  157.137616  1.217863  1.217863  1.410000  0.480000 157.393802  0.389100  0.417795  157.068675  3.217146  -0.140815 25 12 157.137616  0.000000  0.000000  0.000000  0.000000  0.000000 
1  157.068675  1.219554  1.219554  1.790000  0.470000 157.399116  0.876930  -0.573752  157.075505  3.153389  -0.353120 25 12 157.068675  0.000000  0.000000  0.000000  0.000000  0.000000 
1  157.075505  1.219322  1.219322  1.790000  0.470000 157.386543  1.029886  -1.756521  157.157338  3.197266  -0.081601 25 13 157.075505  0.000000  0.000000  0.000000  0.000000  0.000000 
1  157.157338  1.219306  1.219306  1.790000  0.470000 157.412311  1.060934  -1.369462  157.340493  3.259910  0.184281 25 12 157.157338  0.000000  0.000000  0.000000  0.000000  0.000000 
1  157.340493  1.218751  1.218751  1.790000  0.470000 157.445008  0.953236  0.499628  157.431787  3.281219  0.242836 25 13 157.340493  0.000000  0.000000  0.000000  0.000000  0.000000 
1  157.431787  1.218881  1.218881  1.790000  0.470000 157.405297  0.724889  -0.291366  157.203304  3.269135  0.145732 25 12 157.431787  0.000000  0.000000  0.000000  0.000000  0.000000 
1  157.203304  1.218823  1.218823  1.790000  0.470000 157.325087  1.274557  -0.439721  157.061936  3.126604  -0.379892 25 12 157.203304  0.000000  0.000000  0.000000  0.000000  0.000000 
1  157.061936  1.218683  1.218426  1.790000  0.470000 157.319981  1.152026  2.412252  157.109856  3.168369  -0.075963 25 13 157.061936  0.000000  0.000000  0.000000  0.000000  0.000000 
1  157.109856  1.219453  1.219453  1.790000  0.470000 157.337379  1.373213  1.093515  157.272576  3.283517  0.334582 25 12 157.109856  0.000000  0.000000  0.000000  0.000000  0.000000 
1  157.272576  1.219328  1.219328  1.790000  0.470000 157.350802  0.936919  0.432845  157.192007  3.193754  -0.033963 25 12 157.272576  0.000000  0.000000  0.000000  0.000000  0.000000 
1  157.192007  1.218252  1.218252  1.790000  0.470000 157.308218  1.266204  -0.063491  157.099214  3.130585  -0.216471 25 13 157.192007  0.000000  0.000000  0.000000  0.000000  0.000000 
1  157.099214  1.219636  1.219636  352.549988  0.100000 157.344392  1.179861  1.791149  157.322246  3.110915  -0.194954 25 12 157.099214  0.000000  0.000000  0.000000  0.000000  0.000000 
1  157.322246  1.218301  1.218301  352.549988  0.100000 157.349084  0.660364  -0.475755  157.313448  3.067263  -0.280671 25 13 157.322246  0.000000  0.000000  0.000000  0.000000  0.000000 
1  157.313448  1.217673  1.217673  352.549988  0.100000 157.349934  0.694194  1.234025  157.332521  3.029476  -0.309364 25 12 157.313448  0.000000  0.000000  0.000000  0.000000  0.000000 
1  157.332521  1.218758  1.218758  352.549988  0.100000 157.354468  0.988830  2.115120  157.353230  3.137878  0.106695 25 12 157.332521  0.000000  0.000000  0.000000  0.000000  0.000000 
1  157.353230  1.218800  1.218800  352.549988  0.100000 157.351171  1.354876  2.086983  157.260257  3.269078  0.522431 25 13 157.353230  0.000000  0.000000  0.000000  0.000000  0.000000 
1  157.260257  1.220515  1.220515  352.549988  0.100000 157.401026  0.892446  1.453383  157.451658  3.130875  -0.049020 25 12 157.260257  0.000000  0.000000  0.000000  0.000000  0.000000 
1  157.451658  1.218873  1.218873  352.549988  0.100000 157.329113  1.108208  0.969770  157.138505  3.148954  0.003562 25 12 157.451658  0.000000  0.000000  0.000000  0.000000  0.000000 
1  157.138505  1.219278  1.219278  352.549988  0.100000 157.331054  0.396846  -0.265861  157.286959  3.067460  -0.219876 25 13 157.138505  0.000000  0.000000  0.000000  0.000000  0.000000 
1  157.286959  1.219478  1.219478  352.549988  0.100000 157.330548  0.511267  0.138488  157.164158  2.925702  -0.601334 25 12 157.286959  0.000000  0.000000  0.000000  0.000000  0.000000 
1  157.164158  1.218209  1.218209  352.549988  0.100000 157.360293  0.975005  0.812455  157.322282  3.030993  -0.054828 25 13 157.164158  0.000000  0.000000  0.000000  0.000000  0.000000 
1  157.322282  1.218662  1.218662  352.549988  0.100000 157.353242  0.762694  1.388353  157.275412  2.941145  -0.321893 25 12 157.322282  0.000000  0.000000  0.000000  0.000000  0.000000 
1  157.275412  1.219167  1.219167  352.549988  0.100000 157.318203  0.375786  0.764984  157.005117  3.002007  -0.026368 25 12 157.275412  0.000000  0.000000  0.000000  0.000000  0.000000 
1  157.005117  1.219627  1.219627  22.059999  0.840000 157.368308  0.538557  -0.971947  157.224889  3.027473  0.040809 25 13 157.005117  0.000000  0.000000  0.000000  0.000000  0.000000 
1  157.224889  1.219399  1.219399  22.059999  0.840000 157.340017  1.067854  0.277998  157.173267  2.940701  -0.233846 25 12 157.224889  0.000000  0.000000  0.000000  0.000000  0.000000 
1  157.173267  1.219533  1.219533  22.059999  0.840000 157.359973  0.689638  -0.880697  157.303935  2.968815  -0.129253 25 12 157.173267  0.000000  0.000000  0.000000  0.000000  0.000000 
1  157.303935  1.219207  1.219207  22.059999  0.840000 157.389781  0.651051  -0.511220  157.264117  3.022598  0.150620 25 13 157.303935  0.000000  0.000000  0.000000  0.000000  0.000000 
1  157.264117  1.219199  1.219199  22.059999  0.840000 157.368185  0.633125  1.534722  157.242185  2.902864  -0.293016 25 12 157.264117  0.000000  0.000000  0.000000  0.000000  0.000000 
1  157.242185  1.219062  1.219062  22.059999  0.840000 157.406607  0.653138  1.176052  157.429608  3.035563  0.208137 25 12 157.242185  0.000000  0.000000  0.000000  0.000000  0.000000 
1  157.429608  1.219962  1.220025  22.059999  0.840000 157.459427  0.855704  -3.098649  157.501492  3.022220  0.041769 25 13 157.429608  0.000000  0.000000  0.000000  0.000000  0.000000 
1  157.501492  1.218082  1.218082  22.059999  0.840000 157.422250  0.610560  1.035458  157.290312  2.986017  -0.076594 25 12 157.501492  0.000000  0.000000  0.000000  0.000000  0.000000 
1  157.290312  1.218996  1.218996  6.600000  0.900000 157.437978  0.938565  0.572563  157.339373  2.978220  -0.038919 25 13 157.290312  0.000000  0.000000  0.000000  0.000000  0.000000 
1  157.339373  1.220902  1.220902  6.600000  0.900000 157.409063  0.648416  0.641223  157.308439  2.935965  -0.228283 25 12 157.339373  0.000000  0.000000  0.000000  0.000000  0.000000 
1  157.308439  1.219746  1.219746  6.600000  0.900000 157.402059  0.839265  0.300924  157.342111  2.950091  -0.072225 25 12 157.308439  0.000000  0.000000  0.000000  0.000000  0.000000 
1  157.342111  1.219931  1.217258  6.600000  0.900000 157.410177  0.359374  -1.552898  157.414908  2.761580  -0.695075 25 13 157.342111  0.000000  0.000000  0.000000  0.000000  0.000000 
1  157.414908  1.218734  1.218734  6.600000  0.900000 157.409301  0.938259  0.863816  157.332074  2.783893  -0.405566 25 12 157.414908  0.000000  0.000000  0.000000  0.000000  0.000000 
1  157.332074  1.219531  1.219531  6.600000  0.900000 157.374581  0.382488  -1.282097  157.231106  2.742445  -0.454234 25 13 157.332074  0.000000  0.000000  0.000000  0.000000  0.000000 
1  157.231106  1.218838  1.218838  6.600000  0.900000 157.409110  0.432265  -1.247447  157.328129  2.889074  0.140919 25 12 157.231106  0.000000  0.000000  0.000000  0.000000  0.000000 
1  157.328129  1.219622  1.219622  6.600000  0.900000 157.363335  0.709480  -0.315322  157.276713  2.740753  -0.342863 25 12 157.328129  0.000000  0.000000  0.000000  0.000000  0.000000 
1  157.276713  1.218997  1.219870  6.600000  0.900000 157.435404  0.706686  -0.254596  157.536557  2.940969  0.365175 25 13 157.276713  0.000000  0.000000  0.000000  0.000000  0.000000 
1  157.536557  1.217784  1.217784  6.600000  0.900000 157.407015  0.579800  1.168560  157.456163  2.744469  -0.334616 25 12 157.536557  0.000000  0.000000  0.000000  0.000000  0.000000 
1  157.456163  1.219460  1.219460  3.910000  0.970000 157.403682  0.762858  2.585513  157.315149  2.834923  0.057077 25 12 157.456163  0.000000  0.000000  0.000000  0.000000  0.000000 
1  157.315149  1.219983  1.219983  3.910000  0.970000 157.400925  0.793950  0.026144  157.224418  2.946316  0.386424 25 13 157.315149  0.000000  0.000000  0.000000  0.000000  0.000000 
1  157.224418  1.219389  1.219389  3.910000  0.970000 157.390584  0.946066  1.284276  157.229369  2.831716  -0.022993 25 12 157.224418  0.000000  0.000000  0.000000  0.000000  0.000000 
1  157.229369  1.220228  1.220282  3.910000  0.970000 157.379143  0.376069  -1.101712  157.086195  2.761121  -0.320963 25 12 157.229369  0.000000  0.000000  0.000000  0.000000  0.000000 
1  157.086195  1.219516  1.219516  3.910000  0.970000 157.347770  0.415097  -1.349000  157.003226  2.725585  -0.364169 25 13 157.086195  0.000000  0.000000  0.000000  0.000000  0.000000 
1  157.003226  1.222100  1.222100  3.910000  0.970000 157.309407  0.747631  0.202878  156.956771  2.648073  -0.391192 25 12 157.003226  0.000000  0.000000  0.000000  0.000000  0.000000 
1  156.956771  1.218740  1.218740  3.910000  0.970000 157.328296  0.691462  0.084869  157.076337  2.666741  -0.216444 25 13 156.956771  0.000000  0.000000  0.000000  0.000000  0.000000 
1  157.076337  1.219381  1.219381  3.910000  0.970000 157.266039  0.183301  0.049975  156.852012  2.609958  -0.356557 25 12 157.076337  0.000000  0.000000  0.000000  0.000000  0.000000 
1  156.852012  1.218674  1.218674  3.910000  0.970000 157.249679  0.945985  -0.349688  156.855557  2.822690  0.457258 25 12 156.852012  0.000000  0.000000  0.000000  0.000000  0.000000 
1  156.855557  1.219579  1.219579  3.910000  0.970000 157.298023  0.933931  0.740738  157.196154  2.807405  0.275144 25 13 156.855557  0.000000  0.000000  0.000000  0.000000  0.000000 
1  157.196154  1.219818  1.219818  294.500000  0.590000 157.299588  0.396822  0.635630  157.165669  2.647952  -0.271371 26 12 157.196154  0.000000  0.000000  0.000000  0.000000  0.000000 
1  157.165669  1.218003  1.218003  294.500000  0.590000 157.277658  1.192975  1.665881  156.902460  2.861864  0.477649 24 13 157.165669  0.000000  0.000000  0.000000  0.000000  0.000000 
1  156.902460  1.218433  1.218433  294.500000  0.590000 157.220929  0.602590  -0.616260  156.762783  2.682227  -0.225878 26 12 156.902460  0.000000  0.000000  0.000000  0.000000  0.000000 
1  156.762783  1.219647  1.219647  294.500000  0.590000 157.216303  0.694128  -1.174855  156.886539  2.737761  0.075600 25 12 156.762783  0.000000  0.000000  0.000000  0.000000  0.000000 
1  156.886539  1.218207  1.218207  294.500000  0.590000 157.290106  1.162716  1.462308  157.189481  2.846307  0.470257 24 13 156.886539  0.000000  0.000000  0.000000  0.000000  0.000000 
1  157.189481  1.218200  1.218355  294.500000  0.590000 157.364586  0.895442  1.130222  157.375480  2.815422  0.236161 26 12 157.189481  0.000000  0.000000  0.000000  0.000000  0.000000 
1  157.375480  1.218906  1.218906  294.500000  0.590000 157.416398  0.313555  -0.735239  157.552258  2.734259  -0.168731 25 12 157.375480  0.000000  0.000000  0.000000  0.000000  0.000000 
1  157.552258  1.218958  1.218958  294.500000  0.590000 157.425545  0.641072  0.831925  157.502011  2.699849  -0.179780 25 13 157.552258  0.000000  0.000000  0.000000  0.000000  0.000000 
1  157.502011  1.218634  1.218682  294.500000  0.590000 157.379077  0.840430  1.027994  157.261353  2.674441  -0.193192 25 12 157.502011  0.000000  0.000000  0.000000  0.000000  0.000000 
1  157.261353  1.219782  1.219782  294.500000  0.590000 157.372972  0.880371  0.403158  157.069449  2.696396  -0.096802 25 12 157.261353  0.000000  0.000000  0.000000  0.000000  0.000000 
1  157.069449  1.218270  1.218270  263.670013  0.550000 157.385154  0.976503  -0.407710  157.180458  2.753094  0.114841 25 13 157.069449  0.000000  0.000000  0.000000  0.000000  0.000000 
1  157.180458  1.218622  1.218622  263.670013  0.550000 157.393414  1.155627  -0.488153  157.391201  2.571689  -0.491390 25 12 157.180458  0.000000  0.000000  0.000000  0.000000  0.000000 
1  157.391201  1.219253  1.219253  263.670013  0.550000 157.386289  0.833047  -0.022057  157.293895  2.828896  0.501674 24 13 157.391201  0.000000  0.000000  0.000000  0.000000  0.000000 
1  157.293895  1.218962  1.219664  263.670013  0.550000 157.383007  0.389078  0.182940  157.173584  2.595729  -0.414674 26 12 157.293895  0.000000  0.000000  0.000000  0.000000  0.000000 
1  157.173584  1.217911  1.217911  263.670013  0.550000 157.417296  0.986437  1.015770  157.081327  2.689414  0.035312 25 12 157.173584  0.000000  0.000000  0.000000  0.000000  0.000000 
1  157.081327  1.219094  1.219094  263.670013  0.550000 157.395376  0.732356  -0.280234  157.112830  2.550797  -0.416799 25 13 157.081327  0.000000  0.000000  0.000000  0.000000  0.000000 
1  157.112830  1.218114  1.218114  263.670013  0.550000 157.391655  0.736162  -1.543250  157.028859  2.611201  -0.091513 25 12 157.112830  0.000000  0.000000  0.000000  0.000000  0.000000 
1  157.028859  1.218835  1.218835  263.670013  0.550000 157.342449  0.547227  1.276272  156.840448  2.447540  -0.579167 25 12 157.028859  0.000000  0.000000  0.000000  0.000000  0.000000 
1  156.840448  1.218634  1.218543  263.670013  0.550000 157.304342  0.679207  2.214734  156.774905  2.627858  0.250400 25 13 156.840448  0.000000  0.000000  0.000000  0.000000  0.000000 
1  156.774905  1.217631  1.217631  263.670013  0.550000 157.297958  1.059143  0.256567  156.731969  2.598830  0.046529 25 12 156.774905  0.000000  0.000000  0.000000  0.000000  0.000000 
1  156.731969  1.218669  1.218669  263.670013  0.550000 157.330464  0.837729  1.211854  157.034026  2.533490  -0.197884 25 12 156.731969  0.000000  0.000000  0.000000  0.000000  0.000000 
1  157.034026  1.219223  1.219223  263.670013  0.550000 157.339324  0.617970  -1.116408  157.010166  2.508373  -0.242392 25 13 157.034026  0.000000  0.000000  0.000000  0.000000  0.000000 
1  157.010166  1.218030  1.218030  239.039993  0.390000 157.286338  1.017554  0.416585  156.701954  2.532893  -0.030082 25 12 157.010166  0.000000  0.000000  0.000000  0.000000  0.000000 
1  156.701954  1.218622  1.218622  239.039993  0.390000 157.284100  0.931006  1.064669  156.863825  2.576207  0.179776 25 13 156.701954  0.000000  0.000000  0.000000  0.000000  0.000000 
1  156.863825  1.219510  1.219510  239.039993  0.390000 157.326052  0.808792  1.152705  157.035619  2.557818  0.105197 25 12 156.863825  0.000000  0.000000  0.000000  0.000000  0.000000 
1  157.035619  1.218733  1.218945  239.039993  0.390000 157.287299  0.641466  0.487843  156.793842  2.367523  -0.527687 25 12 157.035619  0.000000  0.000000  0.000000  0.000000  0.000000 
1  156.793842  1.218995  1.218995  239.039993  0.390000 157.274282  0.450242  2.142038  156.882111  2.478397  0.040409 25 13 156.793842  0.000000  0.000000  0.000000  0.000000  0.000000 
1  156.882111  1.218407  1.218407  239.039993  0.390000 157.263741  1.185250  -1.470374  156.892822  2.487973  0.007404 25 12 156.882111  0.000000  0.000000  0.000000  0.000000  0.000000 
1  156.892822  1.218640  1.218640  239.039993  0.390000 157.245255  0.645801  2.120622  156.709704  2.542881  0.222932 25 12 156.892822  0.000000  0.000000  0.000000  0.000000  0.000000 
1  156.709704  1.218490  1.218490  239.039993  0.390000 157.190112  -0.182739  -3.894194  156.633796  2.387657  -0.417683 25 13 156.709704  0.000000  0.000000  0.000000  0.000000  0.000000 
1  156.633796  1.218363  1.218227  243.199997  0.430000 157.176569  0.364417  -0.573247  156.662099  2.516006  0.103967 25 12 156.633796  0.000000  0.000000  0.000000  0.000000  0.000000 
1  156.662099  1.218955  1.218955  243.199997  0.430000 157.207770  1.029913  -0.171725  156.866110  2.535949  0.170082 25 13 156.662099  0.000000  0.000000  0.000000  0.000000  0.000000 
1  156.866110  1.218471  1.218471  243.199997  0.430000 157.204293  0.564545  -1.407514  156.982458  2.320764  -0.641132 25 12 156.866110  0.000000  0.000000  0.000000  0.000000  0.000000 
1  156.982458  1.217869  1.217869  243.199997  0.430000 157.277697  0.987629  -0.618078  157.260391  2.440246  -0.094298 25 12 156.982458  0.000000  0.000000  0.000000  0.000000  0.000000 
1  157.260391  1.219047  1.219047  243.199997  0.430000 157.260388  0.862056  0.642040  157.242305  2.419696  -0.100437 25 13 157.260391  0.000000  0.000000  0.000000  0.000000  0.000000 
1  157.242305  1.217710  1.217727  243.199997  0.430000 157.300132  0.903969  0.705625  157.347818  2.452754  0.031190 25 12 157.242305  0.000000  0.000000  0.000000  0.000000  0.000000 
1  157.347818  1.218406  1.218406  243.199997  0.430000 157.346004  0.399871  -1.023892  157.324302  2.436730  -0.085193 25 12 157.347818  0.000000  0.000000  0.000000  0.000000  0.000000 
1  157.324302  1.218326  1.218326  243.199997  0.430000 157.361173  0.686535  -1.497826  157.481296  2.317397  -0.461299 25 13 157.324302  0.000000  0.000000  0.000000  0.000000  0.000000 
1  157.481296  1.219153  1.219153  243.199997  0.430000 157.333975  0.430391  -0.776150  157.277846  2.433130  0.024465 25 12 157.481296  0.000000  0.000000  0.000000  0.000000  0.000000 
1  157.277846  1.218259  1.218259  243.199997  0.430000 157.330070  0.897725  0.712020  157.135832  2.427748  0.053020 25 13 157.277846  0.000000  0.000000  0.000000  0.000000  0.000000 
1  157.135832  1.218855  1.219872  321.380005  1.130000 157.328360  0.953770  1.365574  157.136894  2.506849  0.274299 25 12 157.135832  0.000000  0.000000  0.000000  0.000000  0.000000 
1  157.136894  1.218458  1.218458  321.380005  1.130000 157.352453  0.937821  -0.067653  157.196305  2.393281  -0.168530 25 12 157.136894  0.000000  0.000000  0.000000  0.000000  0.000000 
1  157.196305  1.218625  1.218625  321.380005  1.130000 157.326633  1.106314  -0.231928  156.972690  2.497400  0.271207 25 13 157.196305  0.000000  0.000000  0.000000  0.000000  0.000000 
1  156.972690  1.218633  1.218633  321.380005  1.130000 157.331859  0.892578  -0.511409  157.069241  2.406480  -0.031796 25 12 156.972690  0.000000  0.000000  0.000000  0.000000  0.000000 
1  157.069241  1.217454  1.217454  321.380005  1.130000 157.338535  0.207641  -2.731945  157.095352  2.408670  -0.135993 25 12 157.069241  0.000000  0.000000  0.000000  0.000000  0.000000 
1  157.095352  1.218258  1.218258  321.380005  1.130000 157.284102  0.831758  -0.947547  156.856528  2.335917  -0.207868 25 13 157.095352  0.000000  0.000000  0.000000  0.000000  0.000000 
1  156.856528  1.218572  1.218572  321.380005  1.130000 157.237752  0.315948  0.263123  156.660716  2.290262  -0.325637 25 12 156.856528  0.000000  0.000000  0.000000  0.000000  0.000000 
1  156.660716  1.217837  1.217837  321.380005  1.130000 157.232871  0.831968  0.442791  156.679526  2.358687  0.027347 25 13 156.660716  0.000000  0.000000  0.000000  0.000000  0.000000 
1  156.679526  1.221182  1.221182  321.380005  1.130000 157.209926  0.816257  1.108785  156.754530  2.263964  -0.273371 25 12 156.679526  0.000000  0.000000  0.000000  0.000000  0.000000 
1  156.754530  1.218761  1.218761  321.380005  1.130000 157.244243  0.768325  -0.313573  156.855639  2.256108  -0.294874 25 12 156.754530  0.000000  0.000000  0.000000  0.000000  0.000000 
1  156.855639  1.220162  1.220162  349.589996  1.520000 157.250146  0.839996  0.877679  156.900272  2.300764  -0.076730 25 13 156.855639  0.000000  0.000000  0.000000  0.000000  0.000000 
1  156.900272  1.219087  1.219087  349.589996  1.520000 157.222865  0.724807  0.513476  156.988107  2.244551  -0.187150 25 12 156.900272  0.000000  0.000000  0.000000  0.000000  0.000000 
1  156.988107  1.218580  1.218148  349.589996  1.520000 157.219759  0.730433  0.140299  156.858140  2.279156  -0.047875 25 13 156.988107  0.000000  0.000000  0.000000  0.000000  0.000000 
1  156.858140  1.218926  1.218926  349.589996  1.520000 157.176500  0.610440  1.303819  156.792271  2.206509  -0.244966 25 12 156.858140  0.000000  0.000000  0.000000  0.000000  0.000000 
1  156.792271  1.219655  1.219655  349.589996  1.520000 157.196816  1.243444  1.067198  156.970108  2.266195  0.094418 25 12 156.792271  0.000000  0.000000  0.000000  0.000000  0.000000 
1  156.970108  1.217591  1.217591  349.589996  1.520000 157.161435  0.530693  -0.521111  156.795383  2.213001  -0.124059 25 13 156.970108  0.000000  0.000000  0.000000  0.000000  0.000000 
1  156.795383  1.217671  1.217671  349.589996  1.520000 157.158615  0.511267  0.522270  156.922703  2.159936  -0.237369 25 12 156.795383  0.000000  0.000000  0.000000  0.000000  0.000000 
1  156.922703  1.218387  1.218243  349.589996  1.520000 157.192481  0.880224  0.153017  157.100862  2.124444  -0.297434 25 12 156.922703  0.000000  0.000000  0.000000  0.000000  0.000000 
1  157.100862  1.217894  1.217894  349.589996  1.520000 157.222454  0.983177  1.416206  157.231872  2.173980  -0.070212 25 13 157.100862  0.000000  0.000000  0.000000  0.000000  0.000000 
1  157.231872  1.218659  1.218659  349.589996  1.520000 157.206973  1.251088  2.553797  157.017989  2.357134  0.613071 25 12 157.231872  0.000000  0.000000  0.000000  0.000000  0.000000 
1  157.017989  1.219879  1.219879  341.220001  1.200000 157.193992  0.240181  -1.879120  156.876501  2.251611  0.043096 25 13 157.017989  0.000000  0.000000  0.000000  0.000000  0.000000 
1  156.876501  1.217942  1.217942  341.220001  1.200000 157.191242  0.679051  -0.578997  156.926200  2.179440  -0.257098 25 12 156.876501  0.000000  0.000000  0.000000  0.000000  0.000000 
1  156.926200  1.220208  1.220045  341.220001  1.200000 157.147280  0.518747  -0.882745  156.658347  2.129904  -0.334473 25 12 156.926200  0.000000  0.000000  0.000000  0.000000  0.000000 
1  156.658347  1.218921  1.218921  341.220001  1.200000 157.112442  0.734141  0.070439  156.558331  2.281268  0.320243 25 13 156.658347  0.000000  0.000000  0.000000  0.000000  0.000000 
1  156.558331  1.218438  1.218438  341.220001  1.200000 157.100163  1.228510  1.583319  156.494114  2.421932  0.753014 25 12 156.558331  0.000000  0.000000  0.000000  0.000000  0.000000 
1  156.494114  1.219352  1.219352  341.220001  1.200000 157.116139  1.296750  -0.488068  156.732833  2.343471  0.293217 25 12 156.494114  0.000000  0.000000  0.000000  0.000000  0.000000 
1  156.732833  1.218573  1.218573  341.220001  1.200000 157.077468  0.922356  0.561979  156.449489  2.326605  0.211774 25 13 156.732833  0.000000  0.000000  0.000000  0.000000  0.000000 
1  156.449489  1.219537  1.219537  341.220001  1.200000 157.114452  0.625646  -0.714670  156.624548  2.056999  -0.744375 25 12 156.449489  0.000000  0.000000  0.000000  0.000000  0.000000 
1  156.624548  1.219070  1.219070  341.220001  1.200000 157.140992  1.418172  1.613931  156.931438  2.198763  -0.045291 25 12 156.624548  0.000000  0.000000  0.000000  0.000000  0.000000 
1  156.931438  1.218928  1.218928  341.220001  1.200000 157.187073  0.749948  -0.044831  157.045385  2.297931  0.283299 25 13 156.931438  0.000000  0.000000  0.000000  0.000000  0.000000 
1  157.045385  1.219454  1.219454  341.220001  1.200000 157.185233  0.938378  1.354480  156.996545  2.285601  0.188913 25 12 157.045385  0.000000  0.000000  0.000000  0.000000  0.000000 
1  156.996545  1.218243  1.218243  341.220001  1.200000 157.133915  1.159888  1.659925  156.802983  2.189903  -0.138722 25 13 156.996545  0.000000  0.000000  0.000000  0.000000  0.000000 
1  156.802983  1.218512  1.218512  351.559998  0.950000 157.165154  1.145019  1.474048  156.912940  2.278100  0.247895 25 12 156.802983  0.000000  0.000000  0.000000  0.000000  0.000000 
1  156.912940  1.220410  1.220410  351.559998  0.950000 157.184089  0.213948  0.600470  157.135419  2.171645  -0.180205 25 12 156.912940  0.000000  0.000000  0.000000  0.000000  0.000000 
1  157.135419  1.218148  1.217999  351.559998  0.950000 157.187821  0.375416  -1.575377  156.946714  2.177821  -0.194093 25 13 157.135419  0.000000  0.000000  0.000000  0.000000  0.000000 
1  156.946714  1.217356  1.217356  351.559998  0.950000 157.189463  0.694197  -0.278072  156.871234  2.119934  -0.308857 25 12 156.946714  0.000000  0.000000  0.000000  0.000000  0.000000 
1  156.871234  1.219064  1.219064  351.559998  0.950000 157.191952  0.519068  0.157498  156.855193  2.174117  -0.037686 25 12 156.871234  0.000000  0.000000  0.000000  0.000000  0.000000 
1  156.855193  1.219237  1.219237  351.559998  0.950000 157.211326  0.860778  0.520696  156.882752  2.133893  -0.101692 25 13 156.855193  0.000000  0.000000  0.000000  0.000000  0.000000 
1  156.882752  1.219580  1.219580  351.559998  0.950000 157.258613  0.533948  0.040605  157.108226  2.037658  -0.470033 25 12 156.882752  0.000000  0.000000  0.000000  0.000000  0.000000 
1  157.108226  1.219687  1.219687  351.559998  0.950000 157.241095  0.676552  -0.058260  156.915131  2.073629  -0.228123 25 13 157.108226  0.000000  0.000000  0.000000  0.000000  0.000000 
1  156.915131  1.218677  1.218677  320.149994  0.450000 157.269051  0.994497  1.201219  157.124522  2.109971  -0.030479 25 12 156.915131  0.000000  0.000000  0.000000  0.000000  0.000000 
1  157.124522  1.219805  1.219805  320.149994  0.450000 157.291019  0.381588  -0.249451  157.134522  2.206934  0.330029 26 12 157.124522  0.000000  0.000000  0.000000  0.000000  0.000000 
1  157.134522  1.218938  1.218938  320.149994  0.450000 157.264208  0.549231  -0.653100  156.952340  2.082360  -0.169839 24 13 157.134522  0.000000  0.000000  0.000000  0.000000  0.000000 
1  156.952340  1.218854  1.218854  320.149994  0.450000 157.242186  0.770794  -1.949605  156.886496  2.134500  0.079002 25 12 156.952340  0.000000  0.000000  0.000000  0.000000  0.000000 
1  156.886496  1.219397  1.219397  320.149994  0.450000 157.246699  1.075748  2.192103  156.886765  2.237738  0.445352 25 12 156.886496  0.000000  0.000000  0.000000  0.000000  0.000000 
1  156.886765  1.219960  1.219960  320.149994  0.450000 157.246947  0.780856  0.132371  156.942036  2.108007  -0.092800 26 13 156.886765  0.000000  0.000000  0.000000  0.000000  0.000000 
1  156.942036  1.219179  1.219318  320.149994  0.450000 157.281608  0.922858  0.205507  157.081803  2.111252  -0.062513 25 12 156.942036  0.000000  0.000000  0.000000  0.000000  0.000000 
1  157.081803  1.220296  1.220296  320.149994  0.450000 157.303352  0.407951  -1.414432  157.089458  2.097924  -0.157966 24 13 157.081803  0.000000  0.000000  0.000000  0.000000  0.000000 
1  157.089458  1.219558  1.219558  320.149994  0.450000 157.313603  0.183333  -2.048872  157.108476  1.988292  -0.590490 26 12 157.089458  0.000000  0.000000  0.000000  0.000000  0.000000 
1  157.108476  1.218503  1.218503  286.809998  0.510000 157.308835  0.808720  0.495503  157.091936  2.013503  -0.389385 25 12 157.108476  0.000000  0.000000  0.000000  0.000000  0.000000 
1  157.091936  1.219232  1.219232  286.809998  0.510000 157.280772  0.853756  0.599960  157.065836  1.965057  -0.460802 24 13 157.091936  0.000000  0.000000  0.000000  0.000000  0.000000 
1  157.065836  1.219913  1.219706  286.809998  0.510000 157.301422  0.929480  0.198652  157.027238  2.220683  0.577862 26 12 157.065836  0.000000  0.000000  0.000000  0.000000  0.000000 
1  157.027238  1.219163  1.219163  286.809998  0.510000 157.379824  0.525380  -0.455233  157.395209  2.152091  0.210627 25 12 157.027238  0.000000  0.000000  0.000000  0.000000  0.000000 
1  157.395209  1.219137  1.219137  286.809998  0.510000 157.338468  1.068161  0.996975  157.243901  2.186845  0.234868 25 13 157.395209  0.000000  0.000000  0.000000  0.000000  0.000000 
1  157.243901  1.219714  1.219714  286.809998  0.510000 157.368109  0.350056  -0.908203  157.310420  2.144133  0.035423 25 12 157.243901  0.000000  0.000000  0.000000  0.000000  0.000000 
1  157.310420  1.219767  1.219767  286.809998  0.510000 157.338318  1.236421  0.166608  157.133366  2.152418  0.103944 25 12 157.310420  0.000000  0.000000  0.000000  0.000000  0.000000 
1  157.133366  1.219593  1.219560  286.809998  0.510000 157.346072  0.778128  1.040371  157.158116  2.027248  -0.327921 25 13 157.133366  0.000000  0.000000  0.000000  0.000000  0.000000 
1  157.158116  1.220544  1.220544  286.809998  0.510000 157.315142  0.766976  -1.480703  156.799267  2.019353  -0.296013 25 12 157.158116  0.000000  0.000000  0.000000  0.000000  0.000000 
1  156.799267  1.219728  1.219728  286.809998  0.510000 157.346526  0.401480  -1.518634  156.950356  2.027751  -0.221618 24 13 156.799267  0.000000  0.000000  0.000000  0.000000  0.000000 
1  156.950356  1.217087  1.217087  1.200000  0.430000 157.379628  0.541694  -0.546593  157.128639  1.983965  -0.270820 26 12 156.950356  0.000000  0.000000  0.000000  0.000000  0.000000 
1  157.128639  1.219924  1.219924  1.200000  0.430000 157.373532  0.908492  -0.481427  157.179921  1.981777  -0.213373 25 12 157.128639  0.000000  0.000000  0.000000  0.000000  0.000000 
1  157.179921  1.219649  1.219649  1.200000  0.430000 157.414468  0.617907  0.471210  157.292848  2.016091  -0.023259 25 13 157.179921  0.000000  0.000000  0.000000  0.000000  0.000000 
1  157.292848  1.219522  1.219522  1.200000  0.430000 157.377801  0.334497  0.510694  157.021039  1.972603  -0.217586 25 12 157.292848  0.000000  0.000000  0.000000  0.000000  0.000000 
1  157.021039  1.217721  1.217721  1.200000  0.430000 157.362823  0.668246  -0.568987  156.930295  1.943355  -0.330583 25 12 157.021039  0.000000  0.000000  0.000000  0.000000  0.000000 
