1  0.000000  1.213420  1.213420  29.014190  0.579851  -1.054089  2.481535  0.686135  -1.025302  11361370983101060608682081276432478599255697694680518138602441835755546349218517246806007219931876204366200255496586807099633467349876836798259035813202408242623437812457350806070291373752905723528043089647844604619717890234300197882209156441959895823539925118091264.000000  0.000000
1  2.481535  1.214923  1.214923  32.209626  0.671232  0.511019  2.618371  0.661012  0.539226  11361370983101060608682081276432478599255697694680518138602441835755546349218517246806007219931876204366200255496586807099633467349876836798259035813202408242623437812457350806070291373752905723528043089647844604619717890234300197882209156441959895823539925118091264.000000  0.000000
1  2.618371  1.216565  1.216565  35.746108  0.801176  2.129386  2.775718  0.930430  2.156921  11361370983101060608682081276432478599255697694680518138602441835755546349218517246806007219931876204366200255496586807099633467349876836798259035813202408242623437812457350806070291373752905723528043089647844604619717890234300197882209156441959895823539925118091264.000000  0.000000
1  2.775718  1.215288  1.215288  39.520149  0.732561  -0.233169  2.923221  0.829158  -0.206110  11361370983101060608682081276432478599255697694680518138602441835755546349218517246806007219931876204366200255496586807099633467349876836798259035813202408242623437812457350806070291373752905723528043089647844604619717890234300197882209156441959895823539925118091264.000000  0.000000
1  2.923221  1.216375  1.216375  43.133149  0.656316  0.942824  3.075119  0.823081  0.968740  11361370983101060608682081276432478599255697694680518138602441835755546349218517246806007219931876204366200255496586807099633467349876836798259035813202408242623437812457350806070291373752905723528043089647844604619717890234300197882209156441959895823539925118091264.000000  0.000000
1  3.075119  1.215095  1.215095  47.193067  1.098385  2.004949  3.236680  0.925167  2.029797  11361370983101060608682081276432478599255697694680518138602441835755546349218517246806007219931876204366200255496586807099633467349876836798259035813202408242623437812457350806070291373752905723528043089647844604619717890234300197882209156441959895823539925118091264.000000  0.000000
1  3.236680  1.215395  1.215667  51.490451  1.007119  0.319139  3.408628  0.973541  0.343005  11361370983101060608682081276432478599255697694680518138602441835755546349218517246806007219931876204366200255496586807099633467349876836798259035813202408242623437812457350806070291373752905723528043089647844604619717890234300197882209156441959895823539925118091264.000000  0.000000
1  3.408628  1.214167  1.214167  55.918510  0.961694  -0.451511  3.569863  0.864974  -0.427767  11361370983101060608682081276432478599255697694680518138602441835755546349218517246806007219931876204366200255496586807099633467349876836798259035813202408242623437812457350806070291373752905723528043089647844604619717890234300197882209156441959895823539925118091264.000000  0.000000
1  3.569863  1.215489  1.215489  60.667011  0.753137  -0.283019  3.736368  0.904101  -0.259931  11361370983101060608682081276432478599255697694680518138602441835755546349218517246806007219931876204366200255496586807099633467349876836798259035813202408242623437812457350806070291373752905723528043089647844604619717890234300197882209156441959895823539925118091264.000000  0.000000
1  3.736368  1.215462  1.215462  65.637898  0.898429  -1.045029  3.900584  0.903513  -1.023125  80.220001  0.390000
1  3.900584  1.215742  1.215742  70.389028  1.172138  0.304702  4.082144  1.103597  0.326624  80.220001  0.390000
1  4.082144  1.214314  1.214536  75.308158  0.771666  1.023297  4.256905  0.982203  1.044392  80.220001  0.390000
1  4.256905  1.215925  1.215925  80.481825  0.776072  1.840634  4.438030  1.002143  1.861083  80.220001  0.390000
1  4.438030  1.215057  1.215057  85.823378  1.236041  0.738541  4.609722  1.090790  0.758330  80.220001  0.390000
1  4.609722  1.215754  1.215754  91.134426  0.381547  1.100872  4.787200  0.869203  1.120397  80.220001  0.390000
1  4.787200  1.215975  1.215975  96.240342  1.274182  0.417042  4.953594  1.010575  0.435265  80.220001  0.390000
1  4.953594  1.216709  1.216287  101.063601  1.014615  0.392677  5.122915  0.964147  0.409512  80.220001  0.390000
1  5.122915  1.215297  1.215297  105.910095  1.182311  -0.317324  5.299617  0.995695  -0.301944  80.220001  0.390000
1  5.299617  1.215799  1.215799  110.392726  0.953193  0.262941  5.482931  1.042140  0.278306  80.220001  0.390000
1  5.482931  1.216318  1.216318  114.801520  0.656275  -1.698872  5.663759  0.989722  -1.684417  80.220001  0.390000
1  5.663759  1.215258  1.215258  119.214333  0.915650  0.164244  5.834233  1.030214  0.177684  80.220001  0.390000
1  5.834233  1.216000  1.215801  123.348038  0.595395  0.456165  6.019807  1.033145  0.468743  84.300003  0.670000
1  6.019807  1.216120  1.216120  127.103736  1.326318  0.137568  6.204850  1.151952  0.148893  84.300003  0.670000
1  6.204850  1.215363  1.215363  130.462860  0.817272  2.504360  6.378489  1.061291  2.515304  84.300003  0.670000
1  6.378489  1.215295  1.215295  133.575493  0.716091  -1.706470  6.538674  0.843387  -1.697560  84.300003  0.670000
1  6.538674  1.214794  1.214794  136.496921  0.677941  -0.901522  6.696293  0.904007  -0.893994  84.300003  0.670000
1  6.696293  1.214785  1.214941  139.207911  0.748511  -0.090126  6.853029  0.959508  -0.084821  84.300003  0.670000
1  6.853029  1.216367  1.216367  141.873079  0.853854  0.484269  7.022843  0.971942  0.488177  84.300003  0.670000
1  7.022843  1.216344  1.216344  144.306907  0.479644  -0.668272  7.182600  0.944885  -0.666145  84.300003  0.670000
1  7.182600  1.215990  1.215990  146.573120  0.918734  -0.707384  7.356410  1.011624  -0.707065  129.479996  0.580000
1  7.356410  1.214928  1.214928  148.556432  0.667961  -1.986902  7.504077  0.864189  -1.989010  129.479996  0.580000
1  7.504077  1.215700  1.215817  150.457471  0.852401  0.700564  7.643698  0.899938  0.696530  129.479996  0.580000
1  7.643698  1.215193  1.215193  152.075425  0.226880  -0.747390  7.780262  0.876193  -0.754269  129.479996  0.580000
1  7.780262  1.215521  1.215521  153.631388  0.955766  -0.682583  7.906565  0.908019  -0.692198  129.479996  0.580000
1  7.906565  1.215498  1.215498  155.111171  0.979196  -0.162991  8.046727  1.031365  -0.173746  129.479996  0.580000
1  8.046727  1.215608  1.215608  156.467937  0.597356  -0.966623  8.169085  0.874533  -0.979731  129.479996  0.580000
1  8.169085  1.215267  1.215408  157.702940  0.867665  0.297466  8.274815  0.860751  0.282273  129.479996  0.580000
1  8.274815  1.214702  1.214702  158.926843  1.056115  0.901285  8.392750  1.054399  0.883245  129.479996  0.580000
1  8.392750  1.215837  1.215837  159.951346  0.876214  0.513261  8.470414  0.692964  0.493796  129.479996  0.580000
1  8.470414  1.215096  1.215096  160.904620  0.802085  0.089368  8.563534  0.928009  0.068165  167.080002  0.730000
1  8.563534  1.215544  1.215544  161.790367  0.471826  -1.119565  8.633821  0.726169  -1.143583  167.080002  0.730000
1  8.633821  1.216463  1.216284  162.668285  1.113020  1.366152  8.735067  0.912920  1.343976  167.080002  0.730000
1  8.735067  1.214732  1.214732  163.401758  0.723960  -0.090966  8.800683  0.748418  -0.114409  167.080002  0.730000
1  8.800683  1.215006  1.215006  164.104061  0.587610  -1.286036  8.890124  0.751365  -1.306899  167.080002  0.730000
1  8.890124  1.215319  1.215319  164.756114  1.143247  1.059329  9.011650  0.976971  1.044905  167.080002  0.730000
1  9.011650  1.215787  1.215787  165.309197  1.159586  0.968454  9.117516  0.979006  0.956117  167.080002  0.730000
1  9.117516  1.217956  1.216416  165.824427  0.961356  -1.449525  9.245029  0.945103  -1.456942  167.080002  0.730000
1  9.245029  1.214765  1.214765  166.350594  0.868408  0.782107  9.368097  0.983682  0.777456  167.080002  0.730000
1  9.368097  1.214522  1.214522  166.787776  0.977762  -1.058910  9.479381  0.854908  -1.063077  167.080002  0.730000
1  9.479381  1.215240  1.215240  167.196372  0.753908  -0.072330  9.589639  0.749350  -0.073312  21.730000  0.110000
1  9.589639  1.215487  1.215487  167.523610  0.453275  -1.641405  9.701951  0.794878  -1.642948  21.730000  0.110000
1  9.701951  1.216259  1.216282  167.859836  1.117481  1.223436  9.821080  0.825283  1.225981  21.730000  0.110000
1  9.821080  1.214938  1.214938  168.162137  1.022664  0.700687  9.957911  1.039539  0.701235  21.730000  0.110000
1  9.957911  1.215630  1.215630  168.457867  0.472999  2.623133  10.068365  0.827228  2.626567  21.730000  0.110000
1  10.068365  1.214767  1.214767  168.701372  0.839232  -1.027709  10.204203  0.843036  -1.022560  21.730000  0.110000
1  10.204203  1.213306  1.213306  168.947462  1.111158  1.355887  10.333280  0.877046  1.363903  21.730000  0.110000
1  10.333280  1.214921  1.214917  169.210118  0.663840  -1.019564  10.489344  0.974494  -1.011226  21.730000  0.110000
1  10.489344  1.215354  1.215354  169.446185  0.945297  1.279317  10.643636  0.887616  1.292127  21.730000  0.110000
1  10.643636  1.215815  1.215815  169.620530  0.364350  -0.191922  10.777990  0.900611  -0.179397  21.730000  0.110000
1  10.777990  1.216078  1.216078  169.804527  0.640886  0.371701  10.907683  0.848155  0.386854  296.059998  0.470000
1  10.907683  1.215903  1.215903  169.941058  1.334990  -1.248152  11.047882  0.784500  -1.232120  296.059998  0.470000
1  11.047882  1.213969  1.213766  170.071729  0.612695  -0.303173  11.214429  0.833422  -0.283672  296.059998  0.470000
1  11.214429  1.215450  1.215450  170.238451  0.616640  -0.481694  11.354633  0.780590  -0.460913  296.059998  0.470000
1  11.354633  1.216136  1.216136  170.354199  1.388401  1.776185  11.521588  1.142243  1.796806  296.059998  0.470000
1  11.521588  1.217700  1.217700  170.460545  0.793626  1.485210  11.661338  0.806676  1.506328  296.059998  0.470000
1  11.661338  1.215357  1.215357  170.610956  0.801024  -2.490846  11.833391  0.869841  -2.467714  296.059998  0.470000
1  11.833391  1.215576  1.215380  170.715125  0.564568  -0.830271  11.971516  0.773342  -0.807636  296.059998  0.470000
1  11.971516  1.215145  1.215145  170.816691  0.686789  1.123290  12.137828  0.896964  1.147260  296.059998  0.470000
1  12.137828  1.215266  1.215266  170.930513  0.335826  -1.037556  12.299874  0.813103  -1.013256  296.059998  0.470000
1  12.299874  1.215789  1.215789  170.952549  0.427233  -2.323454  12.418508  0.713707  -2.302115  296.059998  0.470000
1  12.418508  1.216568  1.216568  171.023054  1.037581  1.297556  12.575707  0.928240  1.319980  296.059998  0.470000
1  12.575707  1.216145  1.216492  171.039002  1.006943  1.490610  12.720372  0.992587  1.510822  250.240005  1.000000
1  12.720372  1.215661  1.215661  171.126355  1.494765  0.047363  12.889659  0.957002  0.072767  250.240005  1.000000
1  12.889659  1.215367  1.215367  171.196780  1.068136  0.802846  13.067089  1.016948  0.829192  250.240005  1.000000
1  13.067089  1.214532  1.214532  171.230410  0.485439  -1.614069  13.226917  0.774754  -1.586755  250.240005  1.000000
1  13.226917  1.216175  1.216175  171.232618  0.862419  -1.964272  13.375007  0.841756  -1.938557  250.240005  1.000000
1  13.375007  1.214856  1.214943  171.253192  0.289902  -0.057922  13.524412  0.780925  -0.032189  250.240005  1.000000
1  13.524412  1.215887  1.215887  171.302976  0.950541  -0.563935  13.706925  1.043766  -0.535281  250.240005  1.000000
1  13.706925  1.214992  1.214992  171.306324  0.976535  -1.262288  13.893473  1.019699  -1.234038  250.240005  1.000000
1  13.893473  1.215215  1.215215  171.375384  0.816466  1.742523  14.068023  0.958438  1.772408  229.990005  1.000000
1  14.068023  1.215086  1.215086  171.422595  0.473124  -0.836012  14.268388  0.899026  -0.803027  229.990005  1.000000
1  14.268388  1.215143  1.215243  171.453806  0.977307  1.814955  14.462925  0.907867  1.848803  229.990005  1.000000
1  14.462925  1.215740  1.215740  171.471398  0.945887  0.116858  14.650191  0.892213  0.153481  229.990005  1.000000
1  14.650191  1.215412  1.215412  171.548051  0.256792  0.037119  14.849363  0.740944  0.075214  229.990005  1.000000
1  14.849363  1.213608  1.213608  171.539342  1.206645  0.000759  15.029171  0.906832  0.036899  229.990005  1.000000
1  15.029171  1.215317  1.215317  171.601460  0.531658  2.674222  15.247002  0.938679  2.714018  229.990005  1.000000
1  15.247002  1.215458  1.215080  171.609126  0.482831  -1.299290  15.450191  0.941501  -1.259556  229.990005  1.000000
1  15.450191  1.215754  1.215754  171.653342  0.936321  0.286831  15.669479  1.078927  0.327085  229.990005  1.000000
1  15.669479  1.214848  1.214848  171.600870  1.129640  1.214528  15.877510  1.081591  1.256549  229.990005  1.000000
1  15.877510  1.215313  1.215313  171.607929  0.463756  1.355769  16.112840  1.106867  1.401908  228.389999  0.880000
1  16.112840  1.213937  1.213937  171.597178  0.737505  -2.556911  16.297878  0.688826  -2.512140  228.389999  0.880000
1  16.297878  1.216010  1.215828  171.594966  0.864661  0.639233  16.509827  0.837242  0.686242  228.389999  0.880000
1  16.509827  1.214828  1.214828  171.600490  1.200464  1.722107  16.745924  1.077639  1.772354  228.389999  0.880000
1  16.745924  1.216249  1.216249  171.601976  0.842673  1.115491  16.952067  0.897172  1.168608  228.389999  0.880000
1  16.952067  1.216019  1.216019  171.644322  1.178058  0.236103  17.188817  0.976124  0.294605  228.389999  0.880000
1  17.188817  1.214841  1.214841  171.661643  0.511082  -0.368236  17.407634  0.797324  -0.309505  228.389999  0.880000
1  17.407634  1.214604  1.214354  171.701963  0.976315  -0.805971  17.631027  0.955726  -0.748047  228.389999  0.880000
1  17.631027  1.215467  1.215467  171.662614  0.435162  -1.105211  17.869511  0.916835  -1.042729  228.389999  0.880000
1  17.869511  1.215183  1.215183  171.612391  0.928691  -3.450958  18.087120  0.899477  -3.388985  228.389999  0.880000
1  18.087120  1.215937  1.215937  171.652837  0.976864  2.027738  18.329800  1.089743  2.089788  321.549988  0.200000
1  18.329800  1.216165  1.216165  171.624058  0.760162  0.289520  18.554982  0.956166  0.349474  321.549988  0.200000
1  18.554982  1.215834  1.215806  171.629506  0.841765  0.401837  18.787677  1.156987  0.459852  321.549988  0.200000
1  18.787677  1.213270  1.213270  171.641528  0.304876  -1.926045  19.023668  0.830640  -1.865819  321.549988  0.200000
1  19.023668  1.215357  1.215357  171.693112  1.553584  1.211369  19.288458  1.070280  1.276186  321.549988  0.200000
1  19.288458  1.214437  1.214437  171.728553  0.649241  -0.348469  19.575829  0.985206  -0.277703  321.549988  0.200000
1  19.575829  1.215738  1.215738  171.756379  1.272636  2.137004  19.826734  1.051342  2.205980  321.549988  0.200000
1  19.826734  1.215700  1.215841  171.686800  0.603670  -0.495702  20.073551  0.840780  -0.426363  321.549988  0.200000
1  20.073551  1.214646  1.214646  171.660817  1.140220  -0.489490  20.338733  1.107370  -0.418803  321.549988  0.200000
1  20.338733  1.214741  1.214741  171.685534  1.417096  2.545831  20.634161  1.213328  2.619418  321.549988  0.200000
1  20.634161  1.214504  1.214504  171.651539  1.197561  0.402706  20.905889  1.166630  0.477459  169.139999  0.470000
1  20.905889  1.214459  1.214459  171.715314  1.595805  3.113073  21.237854  1.328194  3.194444  169.139999  0.470000
1  21.237854  1.216101  1.215898  171.723150  0.934518  -0.081094  21.529765  1.212394  0.003455  169.139999  0.470000
1  21.529765  1.216011  1.216011  171.750417  0.663681  -1.121905  21.861783  1.098783  -1.032073  169.139999  0.470000
1  21.861783  1.216356  1.216356  171.751180  1.030718  0.182908  22.161343  1.091397  0.273044  169.139999  0.470000
1  22.161343  1.214658  1.214658  171.782206  1.177831  1.229131  22.515197  1.437909  1.320483  169.139999  0.470000
1  22.515197  1.215222  1.215222  171.830822  1.294944  1.210831  22.876419  1.294697  1.308909  169.139999  0.470000
1  22.876419  1.217266  1.216320  171.837710  0.467641  1.285935  23.198316  1.197598  1.384945  169.139999  0.470000
1  23.198316  1.214823  1.214823  171.835398  0.976860  1.055487  23.534880  1.257579  1.156637  169.139999  0.470000
1  23.534880  1.216482  1.216482  171.860248  1.131093  2.603937  23.897170  1.373005  2.709779  169.139999  0.470000
1  23.897170  1.215860  1.215860  171.814783  0.712075  0.474856  24.296863  1.194812  0.587579  169.139999  0.470000
1  24.296863  1.216273  1.216273  171.804646  0.777003  0.320185  24.637418  1.259979  0.429190  169.139999  0.470000
1  24.637418  1.216363  1.216147  171.750332  1.212620  2.413633  25.000176  1.302612  2.522733  210.369995  1.080000
1  25.000176  1.214044  1.214044  171.813996  0.864216  0.950405  25.362550  1.322570  1.059241  210.369995  1.080000
1  25.362550  1.215755  1.215755  171.781575  0.576844  0.448448  25.725841  1.170041  0.561710  210.369995  1.080000
1  25.725841  1.216531  1.216531  171.759229  0.942606  0.959763  26.132875  1.412152  1.078104  210.369995  1.080000
1  26.132875  1.215890  1.215890  171.783202  1.011865  1.225246  26.542897  1.261842  1.351143  210.369995  1.080000
1  26.542897  1.215459  1.215166  171.824571  0.648192  -0.750202  26.963662  1.428307  -0.620847  210.369995  1.080000
1  26.963662  1.214674  1.214674  171.823293  0.822777  0.456496  27.361842  1.402751  0.582185  210.369995  1.080000
1  27.361842  1.215587  1.215587  171.788018  0.829658  -1.462926  27.792124  1.417156  -1.333543  210.369995  1.080000
1  27.792124  1.216250  1.216250  171.845138  0.703249  -1.640597  28.241032  1.375619  -1.504802  222.449997  1.010000
1  28.241032  1.215466  1.215466  171.846349  1.085766  -1.874690  28.659856  1.318814  -1.736091  222.449997  1.010000
1  28.659856  1.214795  1.214781  171.781369  1.327216  2.001299  29.083974  1.508511  2.140924  222.449997  1.010000
1  29.083974  1.215827  1.215827  171.802216  1.073500  2.001048  29.562810  1.557821  2.147912  222.449997  1.010000
1  29.562810  1.216100  1.216100  171.774782  1.301935  2.912626  30.052426  1.495494  3.066766  222.449997  1.010000
1  30.052426  1.215262  1.215262  171.773531  0.464647  -0.804715  30.495698  1.313252  -0.651660  222.449997  1.010000
1  30.495698  1.215794  1.215794  171.787691  0.807517  3.202682  30.982470  1.599563  3.359525  222.449997  1.010000
1  30.982470  1.215979  1.216255  171.782134  0.800033  -0.356114  31.486016  1.562072  -0.194144  222.449997  1.010000
1  31.486016  1.215810  1.215810  171.877325  1.263944  1.586459  31.968480  1.654919  1.749658  222.449997  1.010000
1  31.968480  1.214826  1.214826  171.909013  0.958759  -1.919702  32.466609  1.549534  -1.755330  222.449997  1.010000
1  32.466609  1.215761  1.215761  171.890071  1.153230  0.007972  32.955192  1.709140  0.170491  202.229996  0.600000
1  32.955192  1.215655  1.215655  171.896433  0.799591  0.658752  33.437523  1.361465  0.825694  202.229996  0.600000
1  33.437523  1.216917  1.217890  171.872959  0.692330  1.039140  33.933629  1.493009  1.207962  202.229996  0.600000
1  33.933629  1.215713  1.215713  171.882435  0.453910  1.706432  34.463059  1.469683  1.882783  202.229996  0.600000
1  34.463059  1.216938  1.216938  171.875696  0.590160  -0.237083  35.019834  1.600449  -0.052790  202.229996  0.600000
1  35.019834  1.215458  1.215458  171.899698  1.220099  -0.301549  35.549554  1.686393  -0.118411  202.229996  0.600000
1  35.549554  1.214929  1.214929  171.929480  0.285280  -2.284346  36.116823  1.623594  -2.096111  202.229996  0.600000
1  36.116823  1.216107  1.215895  171.899962  1.235910  1.488947  36.666092  1.584149  1.680955  202.229996  0.600000
1  36.666092  1.215541  1.215541  171.905779  1.533317  1.486857  37.252003  1.943955  1.684824  202.229996  0.600000
1  37.252003  1.216302  1.216302  171.914795  0.709608  1.588673  37.816031  1.741114  1.787860  202.229996  0.600000
1  37.816031  1.216316  1.216316  171.934360  1.320529  0.098716  38.416033  1.939586  0.300244  203.410004  0.600000
1  38.416033  1.214928  1.214928  171.968248  1.169996  0.641916  38.996471  1.825054  0.843669  203.410004  0.600000
1  38.996471  1.216293  1.215811  171.968156  0.806770  1.450555  39.580205  1.774310  1.655520  203.410004  0.600000
1  39.580205  1.214733  1.214733  172.002538  0.625484  -1.014044  40.203183  1.875256  -0.804666  203.410004  0.600000
1  40.203183  1.214987  1.214987  171.938680  0.356575  -2.171147  40.789337  1.905199  -1.963837  203.410004  0.600000
1  40.789337  1.215896  1.215896  171.928124  0.612051  1.757870  41.395808  1.826682  1.969875  203.410004  0.600000
1  41.395808  1.215764  1.215764  171.942979  0.846879  -0.152886  42.006798  1.894462  0.061915  203.410004  0.600000
1  42.006798  1.214771  1.214654  171.926631  1.495149  -0.739154  42.630181  1.906396  -0.519609  203.410004  0.600000
1  42.630181  1.215392  1.215392  171.916678  0.587660  -0.117463  43.256383  1.959704  0.104055  203.410004  0.600000
1  43.256383  1.214266  1.214266  171.976653  0.526656  0.219878  43.927437  1.945826  0.445865  203.410004  0.600000
1  43.927437  1.215286  1.215286  171.927740  0.084232  -2.812949  44.564163  1.872642  -2.589706  197.559998  0.630000
1  44.564163  1.216030  1.216030  171.938434  0.984223  1.790383  45.201801  2.063756  2.014746  197.559998  0.630000
1  45.201801  1.216388  1.215953  171.860779  0.833710  -0.248594  45.806010  1.915927  -0.028883  197.559998  0.630000
1  45.806010  1.216002  1.216002  171.872248  0.644632  -1.774597  46.447337  1.780981  -1.548957  197.559998  0.630000
1  46.447337  1.215162  1.215162  171.899359  1.066316  -1.451485  47.073437  1.896341  -1.226477  197.559998  0.630000
1  47.073437  1.215432  1.215432  171.943021  0.850756  1.660692  47.731147  2.160316  1.889165  197.559998  0.630000
1  47.731147  1.216048  1.216048  171.910343  1.321613  2.232505  48.405080  2.023367  2.463910  197.559998  0.630000
1  48.405080  1.215257  1.214504  171.912670  0.795616  -0.000318  49.080502  2.095004  0.233332  197.559998  0.630000
1  49.080502  1.215525  1.215525  171.961870  0.859191  0.087302  49.759947  2.241349  0.322130  197.559998  0.630000
1  49.759947  1.216909  1.216909  171.983741  1.280636  -0.314104  50.450956  2.256627  -0.075443  197.559998  0.630000
1  50.450956  1.214767  1.214767  171.966267  0.465545  0.023304  51.153809  2.070479  0.265510  197.559998  0.630000
1  51.153809  1.215749  1.215749  171.941904  0.671312  -1.497250  51.847309  2.178552  -1.253903  197.559998  0.630000
1  51.847309  1.216444  1.216518  171.911076  0.778154  0.989216  52.523586  2.120080  1.232017  180.000000  0.400000
1  52.523586  1.215913  1.215913  171.914063  0.778306  -1.480638  53.251157  2.237446  -1.230823  180.000000  0.400000
1  53.251157  1.218617  1.218617  171.941794  0.763017  0.953337  53.958842  2.402162  1.203221  180.000000  0.400000
1  53.958842  1.217131  1.217131  171.971335  0.656229  -0.066204  54.693522  2.346972  0.186699  180.000000  0.400000
1  54.693522  1.216747  1.216747  171.953600  0.884765  0.783146  55.411966  2.253646  1.037757  180.000000  0.400000
1  55.411966  1.215644  1.216054  171.942341  0.991726  0.481753  56.148145  2.262207  0.740011  180.000000  0.400000
1  56.148145  1.217376  1.217376  171.913185  0.636981  2.574144  56.865191  2.210859  2.836069  180.000000  0.400000
1  56.865191  1.216360  1.216360  171.948241  0.668357  0.773382  57.608285  2.364330  1.035643  180.000000  0.400000
1  57.608285  1.216563  1.216563  171.890329  1.034570  0.979021  58.376650  2.526202  1.242481  126.489998  0.250000
1  58.376650  1.215817  1.215817  171.899034  1.320437  2.056310  59.145758  2.591132  2.323939  126.489998  0.250000
1  59.145758  1.215728  1.214968  171.853589  0.945702  0.340922  59.924882  2.608009  0.609206  126.489998  0.250000
1  59.924882  1.215878  1.215878  171.875576  0.745217  -0.475540  60.690243  2.529519  -0.206432  126.489998  0.250000
1  60.690243  1.215654  1.215654  171.864444  1.542323  2.886655  61.452435  2.645255  3.155709  126.489998  0.250000
1  61.452435  1.215690  1.215690  171.909666  0.930721  0.034809  62.225692  2.616643  0.305740  126.489998  0.250000
1  62.225692  1.214617  1.214617  171.977840  1.286772  0.509102  62.984627  2.588141  0.778514  126.489998  0.250000
1  62.984627  1.216790  1.217008  171.964612  0.723150  0.379309  63.769324  2.749435  0.647763  126.489998  0.250000
1  63.769324  1.215553  1.215553  171.999161  1.365557  1.814058  64.563979  2.841686  2.086282  126.489998  0.250000
1  64.563979  1.215071  1.215071  172.011775  0.941706  0.289679  65.377052  2.736692  0.565880  126.489998  0.250000
1  65.377052  1.215657  1.215657  172.021940  0.743043  2.222203  66.155027  2.651814  2.497983  168.619995  0.610000
1  66.155027  1.215798  1.215798  172.040671  0.770641  -1.478917  66.947044  2.806571  -1.199805  168.619995  0.610000
1  66.947044  1.215103  1.215103  172.067807  1.083277  1.978378  67.781156  2.925046  2.260615  168.619995  0.610000
1  67.781156  1.215617  1.215617  172.074135  0.686799  0.649079  68.608269  2.778557  0.932438  168.619995  0.610000
1  68.608269  1.215123  1.215123  172.056669  0.442642  0.502097  69.361818  2.704257  0.782421  168.619995  0.610000
1  69.361818  1.214860  1.214860  172.047601  0.922703  -0.316986  70.204257  2.929437  -0.034976  168.619995  0.610000
1  70.204257  1.216331  1.216331  172.113281  1.258773  1.994335  71.020908  3.140240  2.279465  168.619995  0.610000
1  71.020908  1.215906  1.215906  172.108871  0.590009  -2.350591  71.868807  2.867116  -2.065136  168.619995  0.610000
1  71.868807  1.214942  1.214942  172.050833  0.908113  0.695585  72.648029  3.046969  0.981254  168.619995  0.610000
1  72.648029  1.216529  1.216325  171.972425  0.916572  2.644400  73.485655  2.983999  2.930442  168.619995  0.610000
1  73.485655  1.216030  1.216030  172.011076  0.747231  0.544977  74.328834  3.028099  0.833897  180.410004  0.730000
1  74.328834  1.215594  1.215594  172.013127  0.485889  0.144252  75.169549  3.061517  0.435471  180.410004  0.730000
1  75.169549  1.215024  1.215024  172.018259  0.655832  0.156521  76.002190  3.166782  0.448027  180.410004  0.730000
1  76.002190  1.216627  1.216627  172.033736  1.180763  0.984274  76.843557  3.186758  1.277574  180.410004  0.730000
1  76.843557  1.215333  1.215348  172.002696  1.230283  1.136106  77.688493  3.212351  1.429572  180.410004  0.730000
1  77.688493  1.217422  1.217422  171.984756  0.374887  -2.089254  78.508214  2.939054  -1.796617  180.410004  0.730000
1  78.508214  1.214711  1.214711  171.982186  0.645506  1.561813  79.306470  3.170793  1.855172  180.410004  0.730000
1  79.306470  1.217263  1.217263  171.923135  0.717112  -1.023230  80.159214  3.111405  -0.730716  180.410004  0.730000
1  80.159214  1.216067  1.216067  171.912607  1.129169  -2.169869  81.021885  3.373793  -1.874973  180.410004  0.730000
1  81.021885  1.214853  1.214445  171.917994  1.030003  0.804253  81.870124  3.355664  1.098487  180.410004  0.730000
1  81.870124  1.214320  1.214320  171.947464  0.590858  -0.286831  82.716973  3.395232  0.006656  179.270004  0.990000
1  82.716973  1.215374  1.215374  171.947420  0.981003  2.009298  83.591833  3.425030  2.305218  179.270004  0.990000
1  83.591833  1.215954  1.215954  171.900115  1.194821  -1.045572  84.427750  3.295326  -0.749947  179.270004  0.990000
1  84.427750  1.215853  1.215853  171.939744  1.171489  0.519877  85.294032  3.509388  0.816600  179.270004  0.990000
1  85.294032  1.215038  1.215090  171.940773  0.611098  1.941060  86.131709  3.266945  2.238156  179.270004  0.990000
1  86.131709  1.215264  1.215264  171.916286  1.275007  2.344355  87.006242  3.511823  2.643327  179.270004  0.990000
1  87.006242  1.215119  1.215119  171.860642  0.577592  0.263758  87.848426  3.389643  0.561991  179.270004  0.990000
1  87.848426  1.214312  1.214312  171.852611  1.081577  0.490848  88.733640  3.790050  0.790425  179.270004  0.990000
1  88.733640  1.216409  1.216409  171.832616  0.810067  0.349014  89.600653  3.531487  0.649409  179.270004  0.990000
1  89.600653  1.215813  1.216027  171.798641  1.031603  -0.817374  90.447046  3.694818  -0.520187  179.270004  0.990000
1  90.447046  1.216152  1.216152  171.790748  0.878578  2.895590  91.318922  3.688327  3.193186  179.270004  0.990000
1  91.318922  1.215550  1.215550  171.790213  0.565625  -0.188759  92.183137  3.663843  0.109220  179.270004  0.990000
1  92.183137  1.214921  1.214921  171.830191  0.740947  1.571339  93.047713  3.699835  1.870401  182.729996  0.700000
1  93.047713  1.215171  1.215171  171.810238  1.021884  -0.125780  93.894815  3.643113  0.173103  182.729996  0.700000
1  93.894815  1.216279  1.216142  171.808833  1.130497  -0.214036  94.762009  3.768077  0.084220  182.729996  0.700000
1  94.762009  1.216472  1.216472  171.781206  1.102823  -0.171096  95.629619  3.829974  0.127731  182.729996  0.700000
1  95.629619  1.216722  1.216722  171.813806  0.334797  0.585155  96.509497  3.707880  0.886761  182.729996  0.700000
1  96.509497  1.215592  1.215592  171.802200  0.491869  -1.762053  97.390076  3.791156  -1.460346  182.729996  0.700000
1  97.390076  1.215006  1.215006  171.813371  0.925791  0.175759  98.282032  3.931294  0.475898  182.729996  0.700000
1  98.282032  1.215245  1.215838  171.801192  0.309347  0.246218  99.146680  3.846225  0.546202  182.729996  0.700000
1  99.146680  1.215107  1.215107  171.810957  0.757466  3.379540  99.994282  3.843484  3.679394  55.200001  1.110000
1  99.994282  1.215814  1.215814  171.822629  0.396895  -0.198804  100.870429  3.894218  0.102172  55.200001  1.110000
1  100.870429  1.217050  1.217050  171.830266  1.205593  -0.699688  101.749939  4.005648  -0.397398  55.200001  1.110000
1  101.749939  1.216315  1.216315  171.836455  0.564691  -0.929313  102.622734  3.979444  -0.627566  55.200001  1.110000
1  102.622734  1.216124  1.215697  171.844647  1.144356  1.161218  103.479899  4.036042  1.462224  55.200001  1.110000
1  103.479899  1.216095  1.216095  171.860447  0.427645  -0.917818  104.351442  3.943225  -0.616651  55.200001  1.110000
1  104.351442  1.215158  1.215158  171.864284  0.683964  2.282488  105.231227  4.202694  2.584383  55.200001  1.110000
1  105.231227  1.215902  1.215902  171.848942  1.075243  -0.393961  106.113517  4.066244  -0.093018  55.200001  1.110000
1  106.113517  1.216778  1.216778  171.842667  0.638415  0.895609  106.988069  4.292439  1.195980  55.200001  1.110000
1  106.988069  1.216019  1.214068  171.826005  0.503842  -0.809430  107.875492  4.094926  -0.508099  55.200001  1.110000
1  107.875492  1.216528  1.216528  171.811441  1.006029  -0.731462  108.756675  4.200265  -0.429685  90.019997  0.760000
1  108.756675  1.216386  1.216386  171.818691  0.646709  1.041096  109.610800  4.096399  1.342476  90.019997  0.760000
1  109.610800  1.215793  1.215793  171.866573  1.106561  0.785238  110.506238  4.578808  1.086732  90.019997  0.760000
1  110.506238  1.216103  1.216103  171.910183  0.945329  0.455658  111.405631  4.264601  0.757629  90.019997  0.760000
1  111.405631  1.214652  1.214971  171.926817  1.307161  1.825110  112.294533  4.472671  2.126752  90.019997  0.760000
1  112.294533  1.214932  1.214932  171.931282  0.659888  -0.705746  113.167194  4.332961  -0.405059  90.019997  0.760000
1  113.167194  1.216232  1.216232  171.922823  0.924326  -0.120171  114.030300  4.350080  0.180703  90.019997  0.760000
1  114.030300  1.215812  1.215812  171.946237  0.648504  -2.193442  114.927433  4.484280  -1.892126  90.019997  0.760000
1  114.927433  1.217516  1.217516  171.949986  1.228084  -1.787644  115.809719  4.490148  -1.486537  90.019997  0.760000
1  115.809719  1.215487  1.215672  171.954590  0.755111  -1.837797  116.683233  4.370708  -1.537348  90.019997  0.760000
1  116.683233  1.215873  1.215873  171.961656  0.465455  -0.344503  117.563260  4.434642  -0.044659  150.899994  0.570000
1  117.563260  1.215183  1.215183  171.955685  0.883866  0.259630  118.449647  4.564757  0.558795  150.899994  0.570000
1  118.449647  1.214980  1.214980  171.938042  0.295061  0.175573  119.302363  4.480873  0.473724  150.899994  0.570000
