mode yawCmd rudderSet rudderIs gpsCourse gpsSpeed cY cW cWd mY mW mWd accGyroCount magCount psid psiTilde rTilde integralPsiTilde rudderMoment tauFF 
1  0.000000  1.214558  1.214558  8843622960488605844421186030291127268034552799830707215653855014092546098056407938589431625744014681341425284247863930584714911320365971726143813502505650551701872667447156603590691044859805759947201187440110231178302502101710793708690570046155095308573124096688128.000000  0.000000 34.306407  0.752767  -0.985804  77.602558  1.186043  0.423356 446 221 0.000000  0.000000  0.000000  0.000000  0.000000  0.000000 
1  77.602558  1.216782  1.216782  8843622960488605844421186030291127268034552799830707215653855014092546098056407938589431625744014681341425284247863930584714911320365971726143813502505650551701872667447156603590691044859805759947201187440110231178302502101710793708690570046155095308573124096688128.000000  0.000000 37.840522  0.686408  -1.604051  83.387389  1.272609  0.574323 25 13 77.602558  0.000000  0.000000  0.000000  0.000000  0.000000 
1  83.387389  1.216813  1.216813  8843622960488605844421186030291127268034552799830707215653855014092546098056407938589431625744014681341425284247863930584714911320365971726143813502505650551701872667447156603590691044859805759947201187440110231178302502101710793708690570046155095308573124096688128.000000  0.000000 41.533897  1.014822  -0.456312  89.054776  1.358315  0.644049 25 12 83.387389  0.000000  0.000000  0.000000  0.000000  0.000000 
1  89.054776  1.217213  1.217213  8843622960488605844421186030291127268034552799830707215653855014092546098056407938589431625744014681341425284247863930584714911320365971726143813502505650551701872667447156603590691044859805759947201187440110231178302502101710793708690570046155095308573124096688128.000000  0.000000 45.511664  1.248531  0.308532  94.704228  1.390775  0.497561 25 12 89.054776  0.000000  0.000000  0.000000  0.000000  0.000000 
1  94.704228  1.215545  1.215632  8843622960488605844421186030291127268034552799830707215653855014092546098056407938589431625744014681341425284247863930584714911320365971726143813502505650551701872667447156603590691044859805759947201187440110231178302502101710793708690570046155095308573124096688128.000000  0.000000 49.679617  0.778216  1.013441  100.191046  1.343989  0.215045 25 13 94.704228  0.000000  0.000000  0.000000  0.000000  0.000000 
1  100.191046  1.215612  1.215612  8843622960488605844421186030291127268034552799830707215653855014092546098056407938589431625744014681341425284247863930584714911320365971726143813502505650551701872667447156603590691044859805759947201187440110231178302502101710793708690570046155095308573124096688128.000000  0.000000 53.868307  0.704297  -0.332618  105.574570  1.349528  0.106213 25 12 100.191046  0.000000  0.000000  0.000000  0.000000  0.000000 
1  105.574570  1.215112  1.215112  8843622960488605844421186030291127268034552799830707215653855014092546098056407938589431625744014681341425284247863930584714911320365971726143813502505650551701872667447156603590691044859805759947201187440110231178302502101710793708690570046155095308573124096688128.000000  0.000000 57.814010  0.973570  -1.572356  110.765788  1.449244  0.406472 25 12 105.574570  0.000000  0.000000  0.000000  0.000000  0.000000 
1  110.765788  1.215683  1.215683  101.330002  0.140000 62.308102  1.022411  -0.723013  115.984606  1.524080  0.532841 25 13 110.765788  0.000000  0.000000  0.000000  0.000000  0.000000 
1  115.984606  1.214701  1.214701  101.330002  0.140000 66.739523  0.999750  -0.635860  121.077163  1.494295  0.263992 25 12 115.984606  0.000000  0.000000  0.000000  0.000000  0.000000 
1  121.077163  1.215966  1.216176  101.330002  0.140000 71.285903  0.267070  2.131724  126.029120  1.402909  -0.204004 25 13 121.077163  0.000000  0.000000  0.000000  0.000000  0.000000 
1  126.029120  1.215831  1.215831  101.330002  0.140000 75.535904  0.987916  0.521553  130.972218  1.540634  0.387735 25 12 126.029120  0.000000  0.000000  0.000000  0.000000  0.000000 
1  130.972218  1.215642  1.215642  101.330002  0.140000 79.946317  0.840133  -0.483744  135.847907  1.518297  0.225906 25 12 130.972218  0.000000  0.000000  0.000000  0.000000  0.000000 
1  135.847907  1.217331  1.217331  101.330002  0.140000 84.459859  0.473178  -0.070017  140.616451  1.401244  -0.250771 25 13 135.847907  0.000000  0.000000  0.000000  0.000000  0.000000 
1  140.616451  1.216546  1.216546  101.330002  0.140000 88.736101  0.859130  -0.413078  145.386225  1.553332  0.341173 25 12 140.616451  0.000000  0.000000  0.000000  0.000000  0.000000 
1  145.386225  1.216607  1.216607  101.330002  0.140000 92.711871  0.996900  -0.553476  150.118476  1.523715  0.160876 25 12 145.386225  0.000000  0.000000  0.000000  0.000000  0.000000 
1  150.118476  1.217183  1.217183  101.330002  0.140000 96.893521  1.296905  -0.035754  154.477400  1.687455  0.665140 25 12 150.118476  0.000000  0.000000  0.000000  0.000000  0.000000 
1  154.477400  1.217852  1.217639  101.330002  0.140000 100.866249  0.893236  -1.111516  157.992033  1.588299  0.141069 25 12 154.477400  0.000000  0.000000  0.000000  0.000000  0.000000 
1  157.992033  1.218522  1.218522  83.639999  0.310000 104.844081  0.808513  -0.562670  159.839281  1.587465  0.005939 25 13 157.992033  0.000000  0.000000  0.000000  0.000000  0.000000 
1  159.839281  1.216636  1.216636  83.639999  0.310000 108.285758  0.755099  -1.469127  159.705929  1.476847  -0.368863 25 12 159.839281  0.000000  0.000000  0.000000  0.000000  0.000000 
1  159.705929  1.217089  1.217089  83.639999  0.310000 111.871361  1.050460  0.162021  160.286573  1.629777  0.219673 25 12 159.705929  0.000000  0.000000  0.000000  0.000000  0.000000 
1  160.286573  1.216005  1.216005  83.639999  0.310000 115.295116  1.121365  -0.766487  159.700893  1.613282  0.111383 25 13 160.286573  0.000000  0.000000  0.000000  0.000000  0.000000 
1  159.700893  1.215496  1.215403  83.639999  0.310000 118.490417  0.730929  1.557161  160.179034  1.599445  0.075668 25 12 159.700893  0.000000  0.000000  0.000000  0.000000  0.000000 
1  160.179034  1.215497  1.215497  83.639999  0.310000 121.280805  0.333449  -0.422270  159.296627  1.519240  -0.284846 25 12 160.179034  0.000000  0.000000  0.000000  0.000000  0.000000 
1  159.296627  1.217340  1.217340  83.639999  0.310000 124.206481  0.762869  0.833101  160.093650  1.504689  -0.266733 25 13 159.296627  0.000000  0.000000  0.000000  0.000000  0.000000 
1  160.093650  1.217518  1.217518  83.639999  0.310000 126.880489  0.261349  -0.430810  159.940797  1.594253  0.090205 25 12 160.093650  0.000000  0.000000  0.000000  0.000000  0.000000 
1  159.940797  1.215387  1.215387  83.639999  0.310000 129.285620  0.704095  -0.059795  160.481273  1.596599  -0.009585 25 13 159.940797  0.000000  0.000000  0.000000  0.000000  0.000000 
1  160.481273  1.216394  1.216243  83.639999  0.310000 131.560017  1.159508  -0.834126  159.918939  1.580376  -0.008189 25 12 160.481273  0.000000  0.000000  0.000000  0.000000  0.000000 
1  159.918939  1.216716  1.216716  83.639999  0.310000 133.695327  0.627402  0.217867  159.216231  1.663543  0.202658 25 12 159.918939  0.000000  0.000000  0.000000  0.000000  0.000000 
1  159.216231  1.215229  1.215229  83.639999  0.310000 135.721638  0.541820  -1.814722  158.571214  1.523890  -0.323639 25 13 159.216231  0.000000  0.000000  0.000000  0.000000  0.000000 
1  158.571214  1.215459  1.215459  102.839996  0.260000 137.457080  0.717257  -0.843347  159.382793  1.397513  -0.631510 25 12 158.571214  0.000000  0.000000  0.000000  0.000000  0.000000 
1  159.382793  1.217566  1.217566  102.839996  0.260000 139.250210  0.797728  0.555451  159.823966  1.537388  0.028454 25 13 159.382793  0.000000  0.000000  0.000000  0.000000  0.000000 
1  159.823966  1.215128  1.215186  102.839996  0.260000 140.872559  0.267457  -2.682731  159.835374  1.569336  0.090433 25 12 159.823966  0.000000  0.000000  0.000000  0.000000  0.000000 
1  159.835374  1.217090  1.217090  102.839996  0.260000 142.419860  0.491273  -1.702303  159.975102  1.534231  -0.117535 25 12 159.835374  0.000000  0.000000  0.000000  0.000000  0.000000 
1  159.975102  1.216809  1.216809  102.839996  0.260000 143.845351  0.295467  -1.389887  160.800674  1.403402  -0.502123 25 13 159.975102  0.000000  0.000000  0.000000  0.000000  0.000000 
1  160.800674  1.216883  1.216883  102.839996  0.260000 145.133111  0.945915  -0.259152  159.747152  1.474664  -0.125556 25 12 160.800674  0.000000  0.000000  0.000000  0.000000  0.000000 
1  159.747152  1.218630  1.218630  102.839996  0.260000 146.328759  1.423309  3.099231  159.449593  1.621620  0.436239 25 13 159.747152  0.000000  0.000000  0.000000  0.000000  0.000000 
1  159.449593  1.214763  1.214888  102.839996  0.260000 147.500979  1.716176  0.342650  159.777347  1.785725  0.834403 25 12 159.449593  0.000000  0.000000  0.000000  0.000000  0.000000 
1  159.777347  1.216626  1.216626  37.560001  0.140000 148.532437  0.495945  -0.290947  160.447485  1.659256  0.222841 25 12 159.777347  0.000000  0.000000  0.000000  0.000000  0.000000 
1  160.447485  1.216242  1.216242  37.560001  0.140000 149.491268  0.646560  -0.577602  159.375402  1.755334  0.493741 25 13 160.447485  0.000000  0.000000  0.000000  0.000000  0.000000 
1  159.375402  1.214929  1.214929  37.560001  0.140000 150.347420  0.694182  2.445580  159.487579  1.632712  -0.046931 25 12 159.375402  0.000000  0.000000  0.000000  0.000000  0.000000 
1  159.487579  1.216076  1.216076  37.560001  0.140000 151.153348  1.448983  0.086482  160.271687  1.635065  -0.020961 25 12 159.487579  0.000000  0.000000  0.000000  0.000000  0.000000 
1  160.271687  1.215789  1.216113  37.560001  0.140000 151.890339  0.519268  -1.117947  160.344532  1.697673  0.205362 25 13 160.271687  0.000000  0.000000  0.000000  0.000000  0.000000 
1  160.344532  1.215187  1.215187  37.560001  0.140000 152.540244  0.282274  -0.224924  159.477239  1.584417  -0.244722 25 12 160.344532  0.000000  0.000000  0.000000  0.000000  0.000000 
1  159.477239  1.215545  1.215545  37.560001  0.140000 153.193534  0.465155  -1.184720  159.907316  1.599578  -0.065919 25 13 159.477239  0.000000  0.000000  0.000000  0.000000  0.000000 
1  159.907316  1.216360  1.216360  37.560001  0.140000 153.786988  1.117021  1.381556  160.236161  1.661325  0.122772 25 12 159.907316  0.000000  0.000000  0.000000  0.000000  0.000000 
1  160.236161  1.216492  1.216492  37.560001  0.140000 154.248787  0.671577  -0.266343  158.960765  1.596527  -0.150265 25 12 160.236161  0.000000  0.000000  0.000000  0.000000  0.000000 
1  158.960765  1.216605  1.216657  37.560001  0.140000 154.769814  1.092329  1.258350  159.872147  1.642438  0.075752 25 13 158.960765  0.000000  0.000000  0.000000  0.000000  0.000000 
1  159.872147  1.216667  1.216667  335.880005  0.240000 155.199339  0.862034  0.026852  159.166135  1.661940  0.113976 25 12 159.872147  0.000000  0.000000  0.000000  0.000000  0.000000 
1  159.166135  1.216947  1.216947  335.880005  0.240000 155.616362  0.884784  2.245946  159.840287  1.712927  0.124473 25 12 159.166135  0.000000  0.000000  0.000000  0.000000  0.000000 
1  159.840287  1.215910  1.215910  335.880005  0.240000 156.063430  1.593144  2.958253  160.162839  1.775731  0.308011 25 13 159.840287  0.000000  0.000000  0.000000  0.000000  0.000000 
1  160.162839  1.216213  1.216213  335.880005  0.240000 156.471856  0.907945  -0.084972  160.458797  1.850251  0.460512 25 12 160.162839  0.000000  0.000000  0.000000  0.000000  0.000000 
1  160.458797  1.217194  1.217207  335.880005  0.240000 156.825697  1.366418  1.768656  159.788955  1.853572  0.329476 25 13 160.458797  0.000000  0.000000  0.000000  0.000000  0.000000 
1  159.788955  1.216688  1.216688  335.880005  0.240000 157.112447  0.562275  -2.422487  159.782481  1.665503  -0.309851 25 12 159.788955  0.000000  0.000000  0.000000  0.000000  0.000000 
1  159.782481  1.215869  1.215869  335.880005  0.240000 157.369579  1.495225  3.100165  159.533138  1.751651  0.138279 25 12 159.782481  0.000000  0.000000  0.000000  0.000000  0.000000 
1  159.533138  1.216485  1.216485  335.880005  0.240000 157.733200  0.725678  -0.594235  160.762065  1.768578  0.224735 25 13 159.533138  0.000000  0.000000  0.000000  0.000000  0.000000 
1  160.762065  1.216005  1.216005  335.880005  0.240000 158.003259  1.205328  1.254469  160.255883  1.914360  0.755525 25 12 160.762065  0.000000  0.000000  0.000000  0.000000  0.000000 
1  160.255883  1.215795  1.215478  335.880005  0.240000 158.199576  1.373125  -0.122297  160.021607  1.829430  0.268028 24 12 160.255883  0.000000  0.000000  0.000000  0.000000  0.000000 
1  160.021607  1.214913  1.214913  339.760010  0.200000 158.403045  0.884902  1.698427  159.989931  1.707239  -0.162802 26 13 160.021607  0.000000  0.000000  0.000000  0.000000  0.000000 
1  159.989931  1.216172  1.216172  339.760010  0.200000 158.532740  0.846648  -1.288778  159.113374  1.581459  -0.615176 25 12 159.989931  0.000000  0.000000  0.000000  0.000000  0.000000 
1  159.113374  1.215800  1.215800  339.760010  0.200000 158.752104  0.530831  -1.221022  160.213081  1.574049  -0.522690 24 13 159.113374  0.000000  0.000000  0.000000  0.000000  0.000000 
1  160.213081  1.215363  1.215363  339.760010  0.200000 158.904792  0.606474  -0.932010  160.048610  1.692749  0.101625 26 12 160.213081  0.000000  0.000000  0.000000  0.000000  0.000000 
1  160.048610  1.216020  1.216186  339.760010  0.200000 159.077823  1.243590  -1.817718  160.061182  1.633169  -0.145284 25 12 160.048610  0.000000  0.000000  0.000000  0.000000  0.000000 
1  160.061182  1.217467  1.217467  339.760010  0.200000 159.237857  0.791518  -0.136450  160.425880  1.721520  0.247490 25 13 160.061182  0.000000  0.000000  0.000000  0.000000  0.000000 
1  160.425880  1.216328  1.216328  339.760010  0.200000 159.396133  0.982997  0.717876  160.335395  1.772544  0.376872 25 12 160.425880  0.000000  0.000000  0.000000  0.000000  0.000000 
1  160.335395  1.216948  1.217032  339.760010  0.200000 159.443191  1.031139  0.445803  159.036810  1.602519  -0.236570 25 12 160.335395  0.000000  0.000000  0.000000  0.000000  0.000000 
1  159.036810  1.216810  1.216810  339.760010  0.200000 159.532275  0.930888  0.223134  159.564732  1.709117  0.216839 25 13 159.036810  0.000000  0.000000  0.000000  0.000000  0.000000 
1  159.564732  1.216645  1.216645  339.760010  0.200000 159.674271  0.928397  -0.722712  160.148835  1.709860  0.148647 25 12 159.564732  0.000000  0.000000  0.000000  0.000000  0.000000 
1  160.148835  1.215554  1.215554  347.239990  0.420000 159.741390  1.146650  1.136712  159.855141  1.767664  0.315755 25 13 160.148835  0.000000  0.000000  0.000000  0.000000  0.000000 
1  159.855141  1.215690  1.215690  347.239990  0.420000 159.811066  0.799075  -0.692319  159.722519  1.658345  -0.125949 25 12 159.855141  0.000000  0.000000  0.000000  0.000000  0.000000 
1  159.722519  1.214813  1.214813  347.239990  0.420000 159.872421  1.049718  -0.155555  159.565279  1.712579  0.068564 25 12 159.722519  0.000000  0.000000  0.000000  0.000000  0.000000 
1  159.565279  1.216487  1.216487  347.239990  0.420000 159.968933  0.862014  0.032001  159.921279  1.651316  -0.248095 25 13 159.565279  0.000000  0.000000  0.000000  0.000000  0.000000 
1  159.921279  1.215720  1.215720  347.239990  0.420000 160.029905  0.799893  -0.317434  160.101010  1.678781  -0.086134 25 12 159.921279  0.000000  0.000000  0.000000  0.000000  0.000000 
1  160.101010  1.216722  1.216722  347.239990  0.420000 160.104745  0.854044  1.003512  159.507693  1.734339  0.099453 25 12 160.101010  0.000000  0.000000  0.000000  0.000000  0.000000 
1  159.507693  1.215694  1.215694  347.239990  0.420000 160.109428  0.862112  -2.266934  159.384938  1.702458  -0.034941 25 13 159.507693  0.000000  0.000000  0.000000  0.000000  0.000000 
1  159.384938  1.215102  1.215102  347.239990  0.420000 160.163384  0.596741  -1.436274  160.045956  1.637549  -0.240029 25 12 159.384938  0.000000  0.000000  0.000000  0.000000  0.000000 
1  160.045956  1.215795  1.215795  347.239990  0.420000 160.235248  1.281935  -0.018742  159.988859  1.697679  0.122770 25 13 160.045956  0.000000  0.000000  0.000000  0.000000  0.000000 
1  159.988859  1.216407  1.216407  347.239990  0.420000 160.295721  1.411137  0.473718  159.535531  1.816340  0.405184 25 12 159.988859  0.000000  0.000000  0.000000  0.000000  0.000000 
1  159.535531  1.216791  1.216791  347.239990  0.420000 160.320316  0.724944  0.793483  160.090515  1.708952  0.019172 25 12 159.535531  0.000000  0.000000  0.000000  0.000000  0.000000 
1  160.090515  1.217095  1.217095  347.239990  0.420000 160.327098  0.862074  -2.185032  159.790816  1.729491  0.140040 25 13 160.090515  0.000000  0.000000  0.000000  0.000000  0.000000 
1  159.790816  1.216136  1.216136  326.299988  0.220000 160.419637  0.903110  0.758386  160.600871  1.625179  -0.177669 25 12 159.790816  0.000000  0.000000  0.000000  0.000000  0.000000 
1  160.600871  1.217319  1.217319  326.299988  0.220000 160.477833  0.895181  -1.797189  160.256712  1.693316  0.088356 25 12 160.600871  0.000000  0.000000  0.000000  0.000000  0.000000 
1  160.256712  1.216205  1.216567  326.299988  0.220000 160.495419  1.358068  0.917158  159.765260  1.804540  0.485181 25 13 160.256712  0.000000  0.000000  0.000000  0.000000  0.000000 
1  159.765260  1.216926  1.216926  326.299988  0.220000 160.550210  0.264338  -2.206139  160.255445  1.570823  -0.461400 25 12 159.765260  0.000000  0.000000  0.000000  0.000000  0.000000 
1  160.255445  1.216608  1.216608  326.299988  0.220000 160.577686  0.869720  1.782932  160.158384  1.627948  -0.027351 25 13 160.255445  0.000000  0.000000  0.000000  0.000000  0.000000 
1  160.158384  1.216789  1.216789  326.299988  0.220000 160.596504  0.808755  0.170242  159.946843  1.716209  0.223909 25 12 160.158384  0.000000  0.000000  0.000000  0.000000  0.000000 
1  159.946843  1.215062  1.215062  326.299988  0.220000 160.635859  0.828313  -0.674593  160.414710  1.749609  0.285647 25 12 159.946843  0.000000  0.000000  0.000000  0.000000  0.000000 
1  160.414710  1.215581  1.215494  326.299988  0.220000 160.625814  0.534162  -2.192918  159.922657  1.578412  -0.358290 25 13 160.414710  0.000000  0.000000  0.000000  0.000000  0.000000 
1  159.922657  1.215180  1.215180  280.769989  0.250000 160.648874  1.212858  0.447849  160.121633  1.691306  0.078179 25 12 159.922657  0.000000  0.000000  0.000000  0.000000  0.000000 
1  160.121633  1.216127  1.216127  280.769989  0.250000 160.670106  0.808717  -0.834748  160.456653  1.740838  0.288200 25 12 160.121633  0.000000  0.000000  0.000000  0.000000  0.000000 
1  160.456653  1.214242  1.214242  280.769989  0.250000 160.673648  0.717220  -0.999205  160.107859  1.763872  0.295809 25 13 160.456653  0.000000  0.000000  0.000000  0.000000  0.000000 
1  160.107859  1.216214  1.216214  280.769989  0.250000 160.724802  0.770571  -0.518029  159.750210  1.788977  0.238099 25 12 160.107859  0.000000  0.000000  0.000000  0.000000  0.000000 
1  159.750210  1.216383  1.216747  280.769989  0.250000 160.719514  0.756057  -0.386286  159.745302  1.659424  -0.246593 25 12 159.750210  0.000000  0.000000  0.000000  0.000000  0.000000 
1  159.745302  1.216344  1.216344  280.769989  0.250000 160.722475  0.976524  -0.149420  160.016178  1.585391  -0.398415 25 13 159.745302  0.000000  0.000000  0.000000  0.000000  0.000000 
1  160.016178  1.217537  1.217537  280.769989  0.250000 160.758571  1.058540  0.606722  159.931886  1.795699  0.370060 25 12 160.016178  0.000000  0.000000  0.000000  0.000000  0.000000 
1  159.931886  1.216473  1.216473  280.769989  0.250000 160.739113  0.762101  -0.549201  159.649260  1.673107  -0.185960 25 13 159.931886  0.000000  0.000000  0.000000  0.000000  0.000000 
1  159.649260  1.215180  1.215180  280.769989  0.250000 160.708103  0.663796  1.455438  159.752747  1.562340  -0.529709 25 12 159.649260  0.000000  0.000000  0.000000  0.000000  0.000000 
1  159.752747  1.216500  1.216500  280.769989  0.250000 160.694112  1.304774  0.222366  159.767783  1.792116  0.414536 25 12 159.752747  0.000000  0.000000  0.000000  0.000000  0.000000 
1  159.767783  1.215483  1.215483  267.559998  0.130000 160.681450  0.740154  1.434402  159.230770  1.734512  0.108004 25 13 159.767783  0.000000  0.000000  0.000000  0.000000  0.000000 
1  159.230770  1.216105  1.216105  267.559998  0.130000 160.719828  1.228115  -0.818542  159.688407  1.721565  -0.011256 25 12 159.230770  0.000000  0.000000  0.000000  0.000000  0.000000 
1  159.688407  1.215635  1.215635  267.559998  0.130000 160.735234  0.362172  -3.969932  159.869487  1.694733  -0.106358 25 12 159.688407  0.000000  0.000000  0.000000  0.000000  0.000000 
1  159.869487  1.216981  1.216981  267.559998  0.130000 160.759640  0.610396  -0.027226  160.095830  1.632457  -0.284092 25 12 159.869487  0.000000  0.000000  0.000000  0.000000  0.000000 
1  160.095830  1.216059  1.216059  267.559998  0.130000 160.762175  1.022190  0.979358  159.794334  1.632022  -0.186841 25 12 160.095830  0.000000  0.000000  0.000000  0.000000  0.000000 
1  159.794334  1.215328  1.215328  267.559998  0.130000 160.794913  0.914017  0.368592  159.909608  1.565099  -0.370910 25 13 159.794334  0.000000  0.000000  0.000000  0.000000  0.000000 
1  159.909608  1.216245  1.215833  267.559998  0.130000 160.790274  0.961103  1.820116  159.788249  1.669093  0.122416 25 12 159.909608  0.000000  0.000000  0.000000  0.000000  0.000000 
1  159.788249  1.215223  1.215223  267.559998  0.130000 160.748859  0.403756  -0.726610  159.242231  1.618567  -0.027707 25 12 159.788249  0.000000  0.000000  0.000000  0.000000  0.000000 
1  159.242231  1.215790  1.215790  267.559998  0.130000 160.764392  0.694290  -1.199701  159.611530  1.613737  -0.086051 25 13 159.242231  0.000000  0.000000  0.000000  0.000000  0.000000 
1  159.611530  1.215191  1.215191  267.559998  0.130000 160.769520  0.602639  1.312513  160.103356  1.614622  -0.075615 25 12 159.611530  0.000000  0.000000  0.000000  0.000000  0.000000 
1  160.103356  1.214740  1.214740  54.450001  0.040000 160.775749  1.037128  0.939307  159.529133  1.539263  -0.308188 25 13 160.103356  0.000000  0.000000  0.000000  0.000000  0.000000 
1  159.529133  1.216143  1.216143  54.450001  0.040000 160.736604  0.961061  0.288394  159.706621  1.496202  -0.302186 25 12 159.529133  0.000000  0.000000  0.000000  0.000000  0.000000 
1  159.706621  1.217219  1.217219  54.450001  0.040000 160.771069  0.380869  -0.602525  159.636654  1.621445  0.144263 25 12 159.706621  0.000000  0.000000  0.000000  0.000000  0.000000 
1  159.636654  1.215052  1.215874  54.450001  0.040000 160.789661  1.309170  1.851576  159.718461  1.775014  0.612071 25 13 159.636654  0.000000  0.000000  0.000000  0.000000  0.000000 
1  159.718461  1.215726  1.215726  54.450001  0.040000 160.780676  0.816607  0.996871  159.657452  1.723735  0.285059 25 12 159.718461  0.000000  0.000000  0.000000  0.000000  0.000000 
1  159.657452  1.217650  1.217650  54.450001  0.040000 160.760515  0.562108  -1.111564  159.562837  1.601683  -0.128498 25 13 159.657452  0.000000  0.000000  0.000000  0.000000  0.000000 
1  159.562837  1.216314  1.216314  54.450001  0.040000 160.747338  0.755386  0.014083  159.387090  1.618695  -0.080197 25 12 159.562837  0.000000  0.000000  0.000000  0.000000  0.000000 
1  159.387090  1.217209  1.217209  54.450001  0.040000 160.744266  0.714214  -2.218201  159.697646  1.566001  -0.265759 25 12 159.387090  0.000000  0.000000  0.000000  0.000000  0.000000 
1  159.697646  1.216113  1.216586  54.450001  0.040000 160.704852  0.692791  -0.682644  159.207492  1.699699  0.258702 25 13 159.697646  0.000000  0.000000  0.000000  0.000000  0.000000 
1  159.207492  1.217053  1.217053  54.450001  0.040000 160.743197  1.068129  0.116181  160.105694  1.627144  -0.004894 25 12 159.207492  0.000000  0.000000  0.000000  0.000000  0.000000 
1  160.105694  1.216546  1.216546  293.230011  0.040000 160.737387  0.832055  0.197521  160.183212  1.638084  0.073086 25 12 160.105694  0.000000  0.000000  0.000000  0.000000  0.000000 
1  160.183212  1.215066  1.215066  293.230011  0.040000 160.780403  0.716711  -0.374290  159.980433  1.518502  -0.438031 25 13 160.183212  0.000000  0.000000  0.000000  0.000000  0.000000 
1  159.980433  1.215866  1.215866  293.230011  0.040000 160.713748  0.389047  -0.241086  159.280252  1.506335  -0.430803 25 12 159.980433  0.000000  0.000000  0.000000  0.000000  0.000000 
1  159.280252  1.215715  1.215715  293.230011  0.040000 160.730061  0.309834  -2.066007  159.943168  1.569862  -0.182532 25 13 159.280252  0.000000  0.000000  0.000000  0.000000  0.000000 
1  159.943168  1.214934  1.214934  293.230011  0.040000 160.690113  0.663874  0.788218  159.183295  1.557275  -0.150364 25 12 159.943168  0.000000  0.000000  0.000000  0.000000  0.000000 
1  159.183295  1.215477  1.215477  293.230011  0.040000 160.661535  0.968883  0.478698  159.964901  1.516418  -0.216810 25 12 159.183295  0.000000  0.000000  0.000000  0.000000  0.000000 
1  159.964901  1.216767  1.216767  293.230011  0.040000 160.649574  1.380337  2.260423  159.457118  1.686610  0.421822 25 13 159.964901  0.000000  0.000000  0.000000  0.000000  0.000000 
1  159.457118  1.216241  1.216241  293.230011  0.040000 160.685615  0.740162  0.105186  160.318919  1.532211  -0.154736 25 12 159.457118  0.000000  0.000000  0.000000  0.000000  0.000000 
1  160.318919  1.216580  1.216580  293.230011  0.040000 160.678476  0.894027  0.319028  160.095987  1.604304  0.093192 25 13 160.318919  0.000000  0.000000  0.000000  0.000000  0.000000 
1  160.095987  1.216548  1.216548  293.230011  0.040000 160.678423  1.762079  3.756170  159.583840  1.695231  0.418549 25 12 160.095987  0.000000  0.000000  0.000000  0.000000  0.000000 
1  159.583840  1.216878  1.216455  293.230011  0.040000 160.695895  0.656203  -0.546203  159.878928  1.725227  0.387955 25 12 159.583840  0.000000  0.000000  0.000000  0.000000  0.000000 
1  159.878928  1.215209  1.215209  293.230011  0.040000 160.682829  0.689984  -0.696170  159.603403  1.634281  0.042944 25 13 159.878928  0.000000  0.000000  0.000000  0.000000  0.000000 
1  159.603403  1.215877  1.215877  285.549988  0.020000 160.653228  0.895433  -0.374013  159.839884  1.583903  -0.141370 25 12 159.603403  0.000000  0.000000  0.000000  0.000000  0.000000 
1  159.839884  1.217055  1.217055  285.549988  0.020000 160.657279  1.052632  0.793463  159.872445  1.656032  0.125740 25 12 159.839884  0.000000  0.000000  0.000000  0.000000  0.000000 
1  159.872445  1.213236  1.213236  285.549988  0.020000 160.628147  0.210927  -2.426955  159.528458  1.475153  -0.545510 25 13 159.872445  0.000000  0.000000  0.000000  0.000000  0.000000 
1  159.528458  1.216194  1.215684  285.549988  0.020000 160.650289  1.167468  2.102231  159.748061  1.714524  0.446033 25 12 159.528458  0.000000  0.000000  0.000000  0.000000  0.000000 
1  159.748061  1.215730  1.215730  285.549988  0.020000 160.683576  1.060343  -1.204791  159.982961  1.579025  -0.089979 25 12 159.748061  0.000000  0.000000  0.000000  0.000000  0.000000 
1  159.982961  1.217124  1.217124  285.549988  0.020000 160.674991  0.796006  -0.272061  159.810874  1.663218  0.179508 25 13 159.982961  0.000000  0.000000  0.000000  0.000000  0.000000 
1  159.810874  1.215625  1.215625  285.549988  0.020000 160.649664  0.709507  2.587047  159.368934  1.601719  -0.056244 26 12 159.810874  0.000000  0.000000  0.000000  0.000000  0.000000 
1  159.368934  1.214273  1.214273  285.549988  0.020000 160.630472  0.756571  -0.464299  159.793348  1.649923  0.071630 24 13 159.368934  0.000000  0.000000  0.000000  0.000000  0.000000 
1  159.793348  1.214925  1.214925  301.700012  0.240000 160.650831  1.128056  0.981240  160.322159  1.723420  0.358826 25 12 159.793348  0.000000  0.000000  0.000000  0.000000  0.000000 
1  160.322159  1.217681  1.217681  301.700012  0.240000 160.681423  0.244278  -0.708726  160.598768  1.470872  -0.574035 26 12 160.322159  0.000000  0.000000  0.000000  0.000000  0.000000 
1  160.598768  1.215422  1.215422  301.700012  0.240000 160.664714  -0.010583  -3.155110  160.408239  1.429604  -0.508516 24 13 160.598768  0.000000  0.000000  0.000000  0.000000  0.000000 
1  160.408239  1.215410  1.215410  301.700012  0.240000 160.679780  0.663759  1.905434  160.147625  1.591819  0.152170 26 12 160.408239  0.000000  0.000000  0.000000  0.000000  0.000000 
1  160.147625  1.217110  1.217110  301.700012  0.240000 160.662436  0.587582  0.170311  159.399919  1.609544  0.134399 25 12 160.147625  0.000000  0.000000  0.000000  0.000000  0.000000 
1  159.399919  1.216031  1.216031  301.700012  0.240000 160.667219  0.113491  -2.901742  159.732845  1.555550  -0.190492 25 13 159.399919  0.000000  0.000000  0.000000  0.000000  0.000000 
1  159.732845  1.216330  1.216330  301.700012  0.240000 160.634148  0.351093  -0.656115  159.646760  1.488222  -0.395649 25 12 159.732845  0.000000  0.000000  0.000000  0.000000  0.000000 
1  159.646760  1.217433  1.217202  301.700012  0.240000 160.643343  0.773960  -0.064816  160.013438  1.509665  -0.208061 24 13 159.646760  0.000000  0.000000  0.000000  0.000000  0.000000 
1  160.013438  1.215710  1.215710  301.700012  0.240000 160.626464  1.723944  1.388241  159.895857  1.620011  0.278353 26 12 160.013438  0.000000  0.000000  0.000000  0.000000  0.000000 
1  159.895857  1.215793  1.215793  301.700012  0.240000 160.610412  0.343469  -2.115898  159.759465  1.442779  -0.465329 25 12 159.895857  0.000000  0.000000  0.000000  0.000000  0.000000 
1  159.759465  1.215699  1.215699  308.269989  0.300000 160.580347  0.838858  0.242199  159.693886  1.502644  -0.184319 24 13 159.759465  0.000000  0.000000  0.000000  0.000000  0.000000 
1  159.693886  1.215505  1.215505  308.269989  0.300000 160.587010  1.199890  -1.314882  159.409801  1.560377  0.025616 26 12 159.693886  0.000000  0.000000  0.000000  0.000000  0.000000 
1  159.409801  1.215398  1.215398  308.269989  0.300000 160.557493  0.539146  -0.408365  159.759986  1.552377  0.037324 25 12 159.409801  0.000000  0.000000  0.000000  0.000000  0.000000 
1  159.759986  1.214586  1.214586  308.269989  0.300000 160.559490  0.854310  1.328158  159.609735  1.520256  -0.066940 25 13 159.759986  0.000000  0.000000  0.000000  0.000000  0.000000 
1  159.609735  1.216459  1.216459  308.269989  0.300000 160.540137  0.852698  0.017741  159.185641  1.641509  0.414470 25 12 159.609735  0.000000  0.000000  0.000000  0.000000  0.000000 
1  159.185641  1.216515  1.216515  308.269989  0.300000 160.512268  1.294599  0.406088  159.072240  1.618727  0.280507 25 12 159.185641  0.000000  0.000000  0.000000  0.000000  0.000000 
1  159.072240  1.216816  1.216816  308.269989  0.300000 160.539959  0.539508  -1.217780  159.568873  1.631399  0.184424 25 13 159.072240  0.000000  0.000000  0.000000  0.000000  0.000000 
1  159.568873  1.215075  1.215183  308.269989  0.300000 160.561750  0.665254  -0.515781  159.763492  1.440104  -0.553493 25 12 159.568873  0.000000  0.000000  0.000000  0.000000  0.000000 
1  159.763492  1.217236  1.217236  308.269989  0.300000 160.553091  0.595093  1.020986  159.698856  1.641994  0.296510 25 12 159.763492  0.000000  0.000000  0.000000  0.000000  0.000000 
1  159.698856  1.216670  1.216670  308.269989  0.300000 160.565352  0.961230  -0.376709  159.833257  1.718263  0.399771 25 13 159.698856  0.000000  0.000000  0.000000  0.000000  0.000000 
1  159.833257  1.217128  1.217128  311.510010  0.370000 160.593472  0.838936  -0.219549  160.000318  1.624476  0.005534 25 12 159.833257  0.000000  0.000000  0.000000  0.000000  0.000000 
1  160.000318  1.219365  1.219365  311.510010  0.370000 160.632425  0.592039  -1.055546  159.700954  1.578574  -0.113348 24 13 160.000318  0.000000  0.000000  0.000000  0.000000  0.000000 
1  159.700954  1.218654  1.218100  311.510010  0.370000 160.588112  0.648515  0.197575  159.281838  1.558069  -0.182091 25 12 159.700954  0.000000  0.000000  0.000000  0.000000  0.000000 
1  159.281838  1.216333  1.216333  311.510010  0.370000 160.568332  0.109650  -0.152915  159.547477  1.465055  -0.445713 25 12 159.281838  0.000000  0.000000  0.000000  0.000000  0.000000 
1  159.547477  1.216197  1.216197  311.510010  0.370000 160.627318  0.793533  -0.928235  160.315480  1.539419  -0.029706 25 13 159.547477  0.000000  0.000000  0.000000  0.000000  0.000000 
1  160.315480  1.216005  1.216005  311.510010  0.370000 160.664138  0.610497  -0.873680  161.090683  1.512177  -0.040528 25 12 160.315480  0.000000  0.000000  0.000000  0.000000  0.000000 
1  161.090683  1.215971  1.215971  311.510010  0.370000 160.646621  0.709384  1.050160  159.272222  1.590431  0.218990 25 12 161.090683  0.000000  0.000000  0.000000  0.000000  0.000000 
1  159.272222  1.216306  1.216306  311.510010  0.370000 160.642192  0.808589  -0.110469  159.861955  1.480804  -0.221750 25 13 159.272222  0.000000  0.000000  0.000000  0.000000  0.000000 
1  159.861955  1.215611  1.215611  311.510010  0.370000 160.661060  0.464800  0.644212  160.021414  1.424272  -0.360916 25 12 159.861955  0.000000  0.000000  0.000000  0.000000  0.000000 
1  160.021414  1.216415  1.215659  311.510010  0.370000 160.664106  0.823421  0.130988  159.577392  1.525870  0.097558 25 13 160.021414  0.000000  0.000000  0.000000  0.000000  0.000000 
1  159.577392  1.216146  1.216146  314.339996  0.520000 160.674847  0.778125  1.534430  160.270727  1.546834  0.093291 25 12 159.577392  0.000000  0.000000  0.000000  0.000000  0.000000 
1  160.270727  1.215588  1.215588  314.339996  0.520000 160.701468  1.037592  -1.477743  159.690003  1.607908  0.216765 25 12 160.270727  0.000000  0.000000  0.000000  0.000000  0.000000 
1  159.690003  1.215992  1.215992  314.339996  0.520000 160.704609  0.968849  -0.625083  159.823245  1.401999  -0.452990 25 13 159.690003  0.000000  0.000000  0.000000  0.000000  0.000000 
1  159.823245  1.216587  1.216587  314.339996  0.520000 160.721278  1.070429  -0.492256  160.048752  1.531238  0.103180 25 12 159.823245  0.000000  0.000000  0.000000  0.000000  0.000000 
1  160.048752  1.216039  1.215992  314.339996  0.520000 160.750217  0.988534  1.627041  160.793122  1.511505  0.036097 25 12 160.048752  0.000000  0.000000  0.000000  0.000000  0.000000 
1  160.793122  1.217266  1.217266  314.339996  0.520000 160.696971  0.312989  -1.802367  159.631477  1.538966  0.048827 25 13 160.793122  0.000000  0.000000  0.000000  0.000000  0.000000 
1  159.631477  1.217235  1.217235  314.339996  0.520000 160.696632  1.281736  -0.183874  159.640340  1.713418  0.627551 25 12 159.631477  0.000000  0.000000  0.000000  0.000000  0.000000 
1  159.640340  1.217257  1.217257  314.339996  0.520000 160.692992  1.283552  1.813860  159.501891  1.590410  0.074573 25 13 159.640340  0.000000  0.000000  0.000000  0.000000  0.000000 
1  159.501891  1.218791  1.218791  314.339996  0.520000 160.728695  1.029920  0.476489  160.414778  1.626481  0.194099 25 12 159.501891  0.000000  0.000000  0.000000  0.000000  0.000000 
1  160.414778  1.216273  1.216273  314.339996  0.520000 160.782783  0.482597  -2.081935  160.602083  1.649504  0.151454 25 12 160.414778  0.000000  0.000000  0.000000  0.000000  0.000000 
1  160.602083  1.216395  1.216395  314.339996  0.520000 160.722230  0.862285  1.072569  159.258845  1.585957  -0.093234 25 13 160.602083  0.000000  0.000000  0.000000  0.000000  0.000000 
1  159.258845  1.217076  1.217076  314.339996  0.520000 160.740890  0.602804  -0.810647  159.983104  1.601620  -0.074231 25 12 159.258845  0.000000  0.000000  0.000000  0.000000  0.000000 
1  159.983104  1.216593  1.216593  357.880005  0.500000 160.768872  1.055996  -0.718217  159.501376  1.567772  -0.125779 25 12 159.983104  0.000000  0.000000  0.000000  0.000000  0.000000 
1  159.501376  1.216423  1.216423  357.880005  0.500000 160.728558  0.656334  -0.312219  159.008433  1.500179  -0.308034 25 13 159.501376  0.000000  0.000000  0.000000  0.000000  0.000000 
1  159.008433  1.217584  1.217090  357.880005  0.500000 160.731142  0.830256  -1.463952  159.732320  1.447550  -0.415221 25 12 159.008433  0.000000  0.000000  0.000000  0.000000  0.000000 
1  159.732320  1.217398  1.217398  357.880005  0.500000 160.656896  0.772860  -0.018290  159.097937  1.453975  -0.262251 25 13 159.732320  0.000000  0.000000  0.000000  0.000000  0.000000 
1  159.097937  1.216215  1.216215  357.880005  0.500000 160.673635  0.778100  -0.606072  159.655123  1.542938  0.116917 25 12 159.097937  0.000000  0.000000  0.000000  0.000000  0.000000 
1  159.655123  1.215974  1.215974  357.880005  0.500000 160.723294  1.344867  0.384314  160.548408  1.614769  0.376489 25 12 159.655123  0.000000  0.000000  0.000000  0.000000  0.000000 
1  160.548408  1.216005  1.216005  357.880005  0.500000 160.686891  0.709591  0.875949  159.901366  1.574057  0.095924 25 13 160.548408  0.000000  0.000000  0.000000  0.000000  0.000000 
1  159.901366  1.216405  1.216300  357.880005  0.500000 160.690271  0.198588  -0.844641  159.595217  1.462222  -0.304194 25 12 159.901366  0.000000  0.000000  0.000000  0.000000  0.000000 
1  159.595217  1.223052  1.223052  2.020000  0.630000 160.717905  1.522761  2.958217  160.090465  1.539366  0.124689 25 13 159.595217  0.000000  0.000000  0.000000  0.000000  0.000000 
