0.903262  0.403262  0
0.903262  0.404004  0
0.903262  0.401815  400
0.903262  0.403498  0
0.903262  0.402944  400
0.903262  0.403665  0
0.903262  0.402515  400
0.903262  0.401807  400
0.903262  0.403025  400
0.903262  0.402970  400
0.903262  0.403385  0
0.903262  0.403565  0
0.903262  0.401940  400
0.903262  0.401889  400
0.903262  0.403387  0
0.903262  0.402279  400
0.903262  0.402307  400
0.903262  0.401873  400
0.903262  0.403013  400
0.903262  0.404281  0
0.903262  0.403284  0
0.903262  0.402802  400
0.903262  0.402970  400
0.903262  0.401404  400
0.903262  0.400529  400
0.903262  0.399798  400
0.903262  0.400970  400
0.903262  0.400219  400
0.903262  0.400944  400
0.903262  0.402343  400
0.903262  0.401740  400
0.903262  0.401158  400
0.903262  0.401170  400
0.903262  0.400429  400
0.903262  0.400388  400
0.903262  0.402380  400
0.903262  0.402867  400
0.903262  0.402529  400
0.903262  0.401812  400
0.903262  0.403045  400
0.903262  0.403053  400
0.903262  0.400697  400
0.903262  0.400015  400
0.903262  0.401740  400
0.903262  0.401631  400
0.903262  0.402392  400
0.903262  0.402757  400
0.903262  0.402084  400
0.903262  0.402161  400
0.903262  0.401127  400
0.903262  0.401282  400
0.903262  0.402569  400
0.903262  0.402530  400
0.903262  0.401496  400
0.903262  0.402606  400
0.903262  0.401398  400
0.903262  0.400561  400
0.903262  0.402256  400
0.903262  0.401810  400
0.903262  0.400630  400
0.903262  0.401953  400
0.903262  0.402515  400
0.903262  0.401939  400
0.903262  0.402042  400
0.903262  0.402431  400
0.903262  0.401340  400
0.903262  0.400306  400
0.903262  0.402098  400
0.903262  0.402140  400
0.903262  0.402877  400
0.903262  0.401513  400
0.903262  0.403061  400
0.903262  0.401704  400
0.903262  0.401301  400
0.903262  0.400710  400
0.903262  0.401996  400
0.903262  0.400988  400
0.903262  0.401124  400
0.903262  0.402381  400
0.903262  0.402418  400
0.903262  0.401402  400
0.903262  0.402586  400
0.903262  0.402542  400
0.903262  0.401838  400
0.903262  0.401228  400
0.903262  0.401162  400
0.903262  0.401095  400
0.903262  0.401856  400
0.903262  0.400593  400
0.903262  0.398759  400
0.903262  0.399794  400
0.903262  0.400928  400
0.903262  0.401561  400
0.903262  0.399237  400
0.903262  0.399987  400
0.903262  0.402480  400
0.903262  0.402716  400
0.903262  0.400698  400
0.903262  0.401730  400
0.903262  0.401120  400
0.903262  0.400023  400
0.903262  0.400187  400
0.903262  0.399055  400
0.903262  0.400670  400
0.903262  0.400722  400
0.903262  0.401186  400
0.903262  0.400538  400
0.903262  0.403585  0
0.903262  0.403359  0
0.903262  0.403022  400
0.903262  0.402524  400
0.903262  0.402138  400
0.903262  0.402374  400
0.903262  0.401699  400
0.903262  0.402392  400
0.903262  0.402911  400
0.903262  0.402402  400
0.903262  0.401458  400
0.903262  0.401052  400
0.903262  0.400759  400
0.903262  0.402478  400
0.903262  0.401020  400
0.903262  0.402297  400
0.903262  0.401890  400
0.903262  0.401594  400
0.903262  0.401179  400
0.903262  0.400372  400
0.903262  0.400544  400
0.903262  0.401974  400
0.903262  0.401146  400
0.903262  0.401108  400
0.903262  0.401222  400
0.903262  0.401473  400
0.903262  0.401230  400
0.903262  0.401305  400
0.903262  0.400171  400
0.903262  0.401844  400
0.903262  0.401166  400
0.903262  0.399838  400
0.903262  0.400831  400
0.903262  0.401469  400
0.903262  0.400980  400
0.903262  0.400726  400
0.903262  0.400594  400
0.903262  0.401598  400
0.903262  0.401045  400
0.903262  0.402234  400
0.903262  0.401153  400
0.903262  0.402086  400
0.903262  0.401613  400
0.903262  0.400151  400
0.903262  0.398854  400
0.903262  0.401165  400
0.903262  0.401903  400
0.903262  0.401237  400
0.903262  0.400797  400
0.903262  0.402365  400
0.903262  0.402165  400
0.903262  0.399864  400
0.903262  0.400272  400
0.903262  0.402442  400
0.903262  0.400156  400
0.903262  0.400815  400
0.903262  0.399542  400
0.903262  0.401583  400
0.903262  0.400456  400
0.903262  0.400700  400
0.903262  0.400196  400
0.903262  0.402599  400
0.903262  0.401407  400
0.903262  0.402039  400
0.903262  0.402138  400
0.903262  0.402024  400
0.903262  0.401754  400
0.903262  0.401427  400
0.903262  0.399684  400
0.903262  0.400289  400
0.903262  0.400705  400
0.903262  0.401417  400
0.903262  0.401953  400
0.903262  0.402734  400
0.903262  0.402251  400
0.903262  0.401627  400
0.903262  0.405198  0
0.903262  0.401076  400
0.903262  0.400231  400
0.903262  0.401063  400
0.903262  0.401742  400
0.903262  0.402442  400
0.903262  0.401913  400
0.903262  0.399570  400
0.903262  0.399269  400
0.903262  0.401878  400
0.903262  0.400889  400
0.903262  0.400044  400
0.903262  0.400022  400
0.903262  0.402050  400
0.903262  0.400904  400
0.903262  0.399501  400
0.903262  0.397565  400
0.903262  0.400134  400
0.903262  0.398700  400
0.903262  0.399416  400
0.903262  0.400899  400
0.903262  0.401270  400
0.903262  0.401055  400
0.903262  0.401422  400
0.903262  0.400196  400
0.903262  0.401012  400
0.903262  0.401492  400
0.903262  0.400167  400
0.903262  0.399659  400
0.903262  0.399945  400
0.903262  0.400249  400
0.903262  0.400108  400
0.903262  0.399699  400
0.903262  0.399918  400
0.903262  0.399424  400
0.903262  0.401379  400
0.903262  0.401503  400
0.903262  0.399409  400
0.903262  0.400278  400
0.903262  0.398845  400
0.903262  0.400393  400
0.903262  0.396843  400
0.903262  0.398913  400
0.903262  0.399185  400
0.903262  0.400710  400
0.903262  0.399738  400
0.903262  0.398719  400
0.903262  0.401777  400
0.903262  0.402639  400
0.903262  0.399880  400
0.903262  0.401023  400
0.903262  0.402108  400
0.903262  0.401735  400
0.903262  0.401485  400
0.903262  0.401004  400
0.903262  0.402056  400
0.903262  0.401100  400
0.903262  0.398261  400
0.903262  0.398421  400
0.903262  0.399843  400
0.903262  0.400474  400
0.903262  0.400365  400
0.903262  0.400621  400
0.903262  0.400350  400
0.903262  0.399650  400
0.903262  0.400710  400
0.903262  0.401798  400
0.903262  0.401392  400
0.903262  0.401680  400
0.903262  0.401574  400
0.903262  0.400328  400
0.903262  0.400534  400
0.903262  0.401806  400
0.903262  0.401599  400
0.903262  0.399576  400
0.903262  0.399083  400
0.903262  0.401383  400
0.903262  0.400404  400
0.903262  0.400103  400
0.903262  0.400889  400
0.903262  0.401690  400
0.903262  0.400461  400
0.903262  0.400083  400
0.903262  0.399161  400
0.903262  0.399039  400
0.903262  0.398882  400
0.903262  0.398697  400
0.903262  0.399884  400
0.903262  0.400282  400
0.403262  0.400364  0
0.403262  0.400525  0
0.403262  0.400914  0
0.403262  0.400252  0
0.403262  0.400272  0
0.403262  0.401281  0
0.403262  0.401484  0
0.403262  0.399894  0
0.403262  0.399765  0
0.403262  0.400580  0
0.403262  0.401289  0
0.403262  0.401213  0
0.403262  0.400701  0
0.403262  0.398392  0
0.403262  0.399288  0
0.403262  0.400234  0
0.403262  0.400291  0
0.403262  0.400269  0
0.403262  0.401357  0
0.403262  0.401051  0
0.403262  0.402072  0
0.403262  0.401028  0
0.403262  0.399950  0
0.403262  0.401483  0
0.403262  0.401150  0
0.403262  0.400326  0
0.403262  0.400450  0
0.403262  0.400526  0
0.403262  0.399361  0
0.403262  0.400179  0
0.403262  0.400556  0
0.403262  0.400466  0
0.403262  0.400399  0
0.403262  0.401305  0
0.403262  0.401484  0
0.403262  0.402496  0
0.403262  0.401244  0
0.403262  0.401138  0
0.403262  0.400434  0
0.403262  0.400364  0
0.403262  0.396010  0
0.403262  0.399166  0
0.403262  0.400535  0
0.403262  0.400045  0
0.403262  0.401941  0
0.403262  0.401218  0
0.403262  0.400475  0
0.403262  0.400844  0
0.403262  0.401619  0
0.403262  0.402027  0
0.403262  0.400550  0
0.403262  0.401470  0
0.403262  0.401240  0
0.403262  0.399996  0
0.403262  0.400554  0
0.403262  0.400586  0
0.403262  0.400968  0
0.403262  0.401348  0
0.403262  0.400988  0
0.403262  0.401209  0
0.403262  0.401840  0
0.403262  0.401493  0
0.403262  0.398946  0
0.403262  0.398633  0
0.403262  0.399853  0
0.403262  0.401909  0
0.403262  0.400837  0
0.403262  0.400450  0
0.403262  0.400331  0
0.403262  0.401663  0
0.403262  0.401037  0
0.403262  0.399476  0
0.403262  0.402135  0
0.403262  0.401255  0
0.403262  0.401538  0
0.403262  0.401503  0
0.403262  0.401125  0
0.403262  0.401847  0
0.403262  0.400017  0
0.403262  0.399444  0
0.403262  0.399058  0
0.403262  0.400286  0
0.403262  0.400547  0
0.403262  0.401661  0
0.403262  0.401389  0
0.403262  0.400073  0
0.403262  0.401286  0
0.403262  0.398772  0
0.403262  0.399147  0
0.403262  0.400427  0
0.403262  0.400325  0
0.403262  0.400871  0
0.403262  0.400024  0
0.403262  0.401456  0
0.403262  0.401070  0
0.403262  0.400147  0
0.403262  0.399178  0
0.403262  0.400749  0
0.403262  0.401803  0
0.403262  0.400931  0
0.403262  0.400029  0
0.403262  0.400256  0
0.403262  0.400173  0
0.403262  0.398686  0
0.403262  0.399855  0
0.403262  0.401319  0
0.403262  0.400019  0
0.403262  0.401064  0
0.403262  0.400474  0
0.403262  0.401474  0
0.403262  0.400851  0
0.403262  0.401128  0
0.403262  0.401789  0
0.403262  0.401716  0
0.403262  0.401145  0
0.403262  0.400421  0
0.403262  0.401043  0
0.403262  0.401369  0
0.403262  0.400071  0
0.403262  0.400523  0
0.403262  0.400573  0
0.403262  0.400053  0
0.403262  0.400561  0
0.403262  0.400601  0
0.403262  0.400919  0
0.403262  0.401474  0
0.403262  0.399444  0
0.403262  0.398595  0
0.403262  0.397077  0
0.403262  0.400264  0
0.403262  0.398999  0
0.403262  0.399505  0
0.403262  0.400504  0
0.403262  0.401469  0
0.403262  0.400530  0
0.403262  0.400640  0
0.403262  0.400144  0
0.403262  0.400812  0
0.403262  0.399982  0
0.403262  0.400253  0
0.403262  0.400360  0
0.403262  0.401551  0
0.403262  0.399509  0
0.403262  0.400053  0
0.403262  0.399740  0
0.403262  0.400494  0
0.403262  0.399849  0
0.403262  0.399855  0
0.403262  0.398631  0
0.403262  0.400284  0
0.403262  0.399383  0
0.403262  0.398994  0
0.403262  0.397662  0
0.403262  0.399228  0
0.403262  0.399311  0
0.403262  0.399458  0
0.403262  0.399872  0
0.403262  0.400450  0
0.403262  0.398525  0
0.403262  0.399360  0
0.403262  0.399412  0
0.403262  0.400253  0
0.403262  0.399529  0
0.403262  0.398710  0
0.403262  0.399192  0
0.403262  0.400632  0
0.403262  0.398486  0
0.403262  0.397938  0
0.403262  0.398225  0
0.403262  0.399675  0
0.403262  0.401164  0
0.403262  0.400769  0
0.403262  0.400403  0
0.403262  0.400858  0
0.403262  0.399485  0
0.403262  0.399866  0
0.403262  0.398169  0
0.403262  0.399877  0
0.403262  0.399456  0
0.403262  0.399456  0
0.403262  0.399347  0
0.403262  0.399364  0
0.403262  0.401027  0
0.403262  0.399307  0
0.403262  0.398752  0
0.403262  0.399362  0
0.403262  0.398707  0
0.403262  0.398508  0
0.403262  0.397959  0
0.403262  0.399267  0
0.403262  0.398906  0
0.403262  0.397859  0
0.403262  0.398665  0
0.403262  0.401395  0
0.403262  0.400028  0
0.403262  0.399903  0
0.403262  0.401028  0
0.403262  0.400321  0
0.403262  0.399820  0
0.403262  0.399587  0
0.403262  0.400976  0
0.403262  0.398700  0
0.403262  0.398850  0
0.403262  0.399958  0
0.403262  0.400237  0
0.403262  0.398431  0
0.403262  0.399635  0
0.403262  0.399723  0
0.403262  0.399910  0
0.403262  0.398498  0
0.403262  0.400272  0
0.403262  0.399578  0
0.403262  0.399041  0
0.403262  0.398688  0
0.403262  0.398806  0
0.403262  0.398729  0
0.403262  0.399340  0
0.403262  0.398579  0
0.403262  0.399489  0
0.403262  0.399784  0
0.403262  0.400740  0
0.403262  0.399214  0
0.403262  0.400156  0
0.403262  0.399586  0
0.403262  0.399540  0
0.403262  0.396787  0
0.403262  0.399353  0
0.403262  0.399260  0
0.403262  0.399170  0
0.403262  0.399290  0
0.403262  0.399204  0
0.403262  0.399523  0
0.403262  0.402260  0
0.403262  0.400198  0
0.403262  0.401303  0
0.403262  0.399685  0
0.403262  0.400155  0
0.403262  0.399712  0
0.403262  0.399300  0
0.403262  0.399013  0
0.403262  0.399035  0
0.403262  0.398944  0
0.403262  0.400370  0
2.903262  0.399347  800
2.903262  0.399344  800
2.903262  0.400240  800
2.903262  0.400860  800
2.903262  0.399309  800
2.903262  0.398033  800
2.903262  0.397712  800
2.903262  0.398905  800
2.903262  0.399541  800
2.903262  0.399947  800
2.903262  0.398762  800
2.903262  0.398138  800
2.903262  0.398332  800
2.903262  0.398234  800
2.903262  0.397577  800
2.903262  0.400096  800
2.903262  0.399270  800
2.903262  0.399799  800
2.903262  0.398147  800
2.903262  0.400552  800
2.903262  0.398868  800
2.903262  0.398392  800
2.903262  0.396913  800
2.903262  0.398853  800
2.903262  0.399227  800
2.903262  0.398629  800
2.903262  0.398924  800
2.903262  0.399609  800
2.903262  0.398818  800
2.903262  0.397540  800
2.903262  0.397718  800
2.903262  0.399841  800
2.903262  0.398761  800
2.903262  0.399270  800
2.903262  0.398338  800
2.903262  0.399184  800
2.903262  0.399156  800
2.903262  0.398695  800
2.903262  0.398581  800
2.903262  0.399426  800
2.903262  0.398404  800
2.903262  0.400315  800
2.903262  0.399270  800
2.903262  0.397068  800
2.903262  0.397925  800
2.903262  0.396764  800
2.903262  0.397724  800
2.903262  0.399091  800
2.903262  0.399059  800
2.903262  0.399900  800
2.903262  0.399047  800
2.903262  0.398843  800
2.903262  0.402230  800
2.903262  0.402616  800
2.903262  0.400168  800
2.903262  0.399584  800
2.903262  0.401329  800
2.903262  0.397262  800
2.903262  0.395439  800
2.903262  0.397193  800
2.903262  0.398077  800
2.903262  0.398603  800
2.903262  0.398516  800
2.903262  0.400083  800
2.903262  0.399145  800
2.903262  0.399892  800
2.903262  0.398605  800
2.903262  0.400387  800
2.903262  0.399056  800
2.903262  0.399716  800
2.903262  0.398719  800
2.903262  0.399385  800
2.903262  0.398470  800
2.903262  0.398561  800
2.903262  0.399547  800
2.903262  0.400894  800
2.903262  0.400246  800
2.903262  0.400097  800
2.903262  0.398165  800
2.903262  0.399961  800
2.903262  0.399127  800
2.903262  0.398572  800
2.903262  0.398565  800
2.903262  0.398494  800
2.903262  0.398937  800
2.903262  0.399011  800
2.903262  0.398447  800
2.903262  0.399027  800
2.903262  0.399177  800
2.903262  0.398022  800
2.903262  0.398090  800
2.903262  0.399401  800
2.903262  0.399346  800
2.903262  0.398419  800
2.903262  0.397886  800
2.903262  0.398264  800
2.903262  0.399350  800
2.903262  0.400222  800
2.903262  0.397639  800
2.903262  0.399314  800
2.903262  0.399481  800
2.903262  0.399782  800
2.903262  0.399417  800
2.903262  0.399127  800
2.903262  0.398732  800
2.903262  0.398809  800
2.903262  0.397521  800
2.903262  0.398139  800
2.903262  0.399677  800
2.903262  0.399716  800
2.903262  0.398429  800
2.903262  0.398652  800
2.903262  0.399367  800
2.903262  0.399469  800
2.903262  0.399494  800
2.903262  0.398582  800
2.903262  0.399132  800
2.903262  0.396771  800
2.903262  0.397314  800
2.903262  0.397032  800
2.903262  0.398701  800
2.903262  0.398464  800
2.903262  0.399865  800
2.903262  0.398644  800
2.903262  0.400651  800
2.903262  0.398659  800
2.903262  0.398932  800
2.903262  0.398343  800
2.903262  0.400137  800
2.903262  0.399058  800
2.903262  0.399566  800
2.903262  0.399931  800
2.903262  0.399455  800
2.903262  0.398898  800
2.903262  0.398086  800
2.903262  0.398058  800
2.903262  0.399340  800
2.903262  0.398655  800
2.903262  0.399268  800
2.903262  0.398646  800
2.903262  0.398980  800
2.903262  0.398130  800
2.903262  0.398521  800
2.903262  0.397920  800
2.903262  0.399558  800
2.903262  0.398876  800
2.903262  0.398993  800
2.903262  0.398204  800
2.903262  0.399492  800
2.903262  0.398846  800
2.903262  0.399596  800
2.903262  0.397928  800
2.903262  0.399416  800
2.903262  0.397720  800
2.903262  0.396820  800
2.903262  0.398148  800
2.903262  0.398968  800
2.903262  0.398018  800
2.903262  0.397493  800
2.903262  0.396866  800
2.903262  0.398320  800
2.903262  0.399314  800
2.903262  0.398192  800
2.903262  0.397701  800
2.903262  0.399129  800
2.903262  0.399354  800
2.903262  0.399649  800
2.903262  0.398004  800
2.903262  0.397300  800
2.903262  0.396718  800
2.903262  0.397983  800
2.903262  0.399614  800
2.903262  0.399507  800
2.903262  0.398480  800
2.903262  0.399778  800
2.903262  0.399363  800
2.903262  0.399980  800
2.903262  0.399728  800
2.903262  0.398162  800
2.903262  0.395100  800
2.903262  0.394585  800
2.903262  0.397712  800
2.903262  0.399449  800
2.903262  0.399213  800
2.903262  0.399016  800
2.903262  0.399758  800
2.903262  0.400513  800
2.903262  0.400824  800
2.903262  0.398408  800
2.903262  0.398822  800
2.903262  0.399760  800
2.903262  0.400192  800
2.903262  0.399322  800
2.903262  0.398647  800
2.903262  0.400075  800
2.903262  0.399512  800
2.903262  0.398636  800
2.903262  0.398973  800
2.903262  0.400785  800
2.903262  0.400299  800
2.903262  0.400744  800
2.903262  0.399589  800
2.903262  0.400806  800
2.903262  0.401428  800
2.903262  0.400628  800
2.903262  0.400412  800
2.903262  0.400889  800
2.903262  0.400072  800
2.903262  0.399142  800
2.903262  0.398856  800
2.903262  0.399712  800
2.903262  0.399352  800
2.903262  0.400559  800
2.903262  0.399509  800
2.903262  0.398428  800
2.903262  0.398977  800
2.903262  0.399882  800
2.903262  0.398942  800
2.903262  0.399342  800
2.903262  0.399938  800
2.903262  0.399585  800
2.903262  0.399328  800
2.903262  0.399454  800
2.903262  0.400774  800
2.903262  0.399698  800
2.903262  0.400127  800
2.903262  0.399725  800
2.903262  0.399585  800
2.903262  0.399462  800
2.903262  0.399173  800
2.903262  0.398704  800
2.903262  0.398891  800
2.903262  0.399831  800
2.903262  0.399618  800
2.903262  0.400675  800
2.903262  0.399513  800
2.903262  0.400227  800
2.903262  0.400054  800
2.903262  0.400654  800
2.903262  0.399696  800
2.903262  0.399654  800
2.903262  0.395719  800
2.903262  0.398473  800
2.903262  0.399166  800
2.903262  0.399669  800
2.903262  0.398584  800
2.903262  0.399044  800
2.903262  0.399832  800
2.903262  0.400352  800
2.903262  0.398823  800
2.903262  0.400678  800
2.903262  0.400299  800
2.903262  0.399849  800
2.903262  0.399453  800
2.903262  0.400604  800
2.903262  0.400483  800
2.903262  0.399303  800
2.903262  0.398002  800
2.903262  0.400287  800
2.903262  0.399493  800
2.903262  0.399510  800
2.903262  0.398531  800
2.903262  0.399905  800
2.903262  0.400063  800
2.903262  0.399163  800
2.903262  0.397817  800
2.903262  0.399802  800
2.903262  0.399844  800
2.903262  0.399915  800
2.903262  0.397874  800
2.903262  0.399126  800
2.903262  0.400049  800
2.903262  0.399584  800
2.903262  0.399830  800
2.903262  0.399152  800
2.903262  0.399040  800
2.903262  0.400379  800
2.903262  0.399269  800
2.903262  0.399410  800
2.903262  0.400190  800
2.903262  0.399368  800
2.903262  0.397492  800
2.903262  0.399305  800
2.903262  0.400553  800
2.903262  0.400635  800
2.903262  0.399595  800
2.903262  0.399504  800
2.903262  0.400733  800
2.903262  0.398859  800
2.903262  0.397301  800
2.903262  0.399497  800
2.903262  0.399613  800
2.903262  0.398702  800
2.903262  0.399307  800
2.903262  0.398629  800
2.903262  0.398589  800
2.903262  0.400406  800
2.903262  0.398604  800
2.903262  0.398367  800
2.903262  0.399276  800
2.903262  0.399016  800
2.903262  0.397761  800
2.903262  0.398308  800
2.903262  0.398921  800
2.903262  0.397567  800
2.903262  0.398086  800
2.903262  0.398547  800
2.903262  0.401866  800
2.903262  0.399259  800
2.903262  0.398462  800
2.903262  0.399716  800
2.903262  0.400233  800
2.903262  0.399289  800
2.903262  0.397389  800
2.903262  0.399120  800
2.903262  0.399435  800
2.903262  0.399345  800
2.903262  0.399289  800
2.903262  0.399221  800
2.903262  0.399851  800
2.903262  0.399306  800
2.903262  0.399294  800
2.903262  0.400841  800
2.903262  0.400662  800
2.903262  0.400557  800
2.903262  0.401439  800
2.903262  0.400521  800
2.903262  0.401371  800
2.903262  0.400600  800
2.903262  0.398621  800
2.903262  0.399937  800
2.903262  0.399777  800
2.903262  0.400141  800
2.903262  0.400301  800
2.903262  0.401406  800
2.903262  0.399000  800
2.903262  0.400571  800
2.903262  0.399565  800
2.903262  0.399950  800
2.903262  0.401338  800
2.903262  0.400849  800
2.903262  0.400706  800
2.903262  0.400313  800
2.903262  0.400639  800
2.903262  0.400643  800
2.903262  0.400034  800
2.903262  0.399460  800
2.903262  0.400919  800
2.903262  0.399506  800
2.903262  0.399777  800
2.903262  0.399711  800
2.903262  0.400052  800
2.903262  0.399802  800
2.903262  0.399044  800
2.903262  0.399808  800
2.903262  0.399478  800
2.903262  0.399257  800
2.903262  0.398612  800
2.903262  0.399525  800
2.903262  0.400482  800
2.903262  0.400693  800
2.903262  0.400604  800
2.903262  0.399782  800
2.903262  0.400144  800
2.903262  0.400352  800
2.903262  0.398748  800
2.903262  0.399482  800
2.903262  0.400501  800
2.903262  0.399641  800
2.903262  0.399399  800
2.903262  0.398912  800
2.903262  0.400341  800
2.903262  0.400449  800
2.903262  0.399471  800
2.903262  0.398668  800
2.903262  0.399727  800
2.903262  0.399268  800
2.903262  0.398439  800
2.903262  0.397507  800
2.903262  0.396633  800
2.903262  0.396980  800
2.903262  0.397720  800
2.903262  0.398212  800
2.903262  0.399245  800
2.903262  0.399214  800
0.403262  0.399606  0
0.403262  0.399783  0
0.403262  0.399272  0
0.403262  0.399651  0
0.403262  0.397999  0
0.403262  0.399055  0
0.403262  0.398474  0
0.403262  0.397708  0
0.403262  0.398572  0
0.403262  0.398684  0
0.403262  0.397737  0
0.403262  0.399689  0
0.403262  0.399712  0
0.403262  0.399101  0
0.403262  0.399843  0
0.403262  0.399979  0
0.403262  0.398674  0
0.403262  0.398119  0
0.403262  0.396984  0
0.403262  0.398587  0
0.403262  0.397804  0
0.403262  0.399469  0
0.403262  0.399158  0
0.403262  0.398036  0
0.403262  0.399750  0
0.403262  0.399990  0
0.403262  0.398626  0
0.403262  0.397406  0
0.403262  0.398708  0
0.403262  0.398195  0
0.403262  0.397330  0
0.403262  0.398099  0
0.403262  0.399061  0
0.403262  0.399603  0
0.403262  0.399084  0
0.403262  0.398336  0
0.403262  0.399215  0
0.403262  0.399917  0
0.403262  0.399935  0
0.403262  0.399061  0
0.403262  0.400567  0
0.403262  0.399541  0
0.403262  0.399976  0
0.403262  0.398806  0
0.403262  0.398369  0
0.403262  0.398527  0
0.403262  0.398685  0
0.403262  0.398631  0
0.403262  0.400169  0
0.403262  0.399811  0
0.403262  0.401817  0
0.403262  0.398752  0
0.403262  0.398448  0
0.403262  0.398141  0
0.403262  0.398257  0
0.403262  0.398539  0
0.403262  0.398092  0
0.403262  0.396597  0
0.403262  0.398914  0
0.403262  0.397655  0
0.403262  0.397295  0
0.403262  0.396756  0
0.403262  0.399192  0
0.403262  0.399391  0
0.403262  0.399833  0
0.403262  0.399974  0
0.403262  0.399857  0
0.403262  0.398818  0
0.403262  0.398367  0
0.403262  0.397967  0
0.403262  0.399889  0
0.403262  0.399468  0
0.403262  0.398760  0
0.403262  0.398015  0
0.403262  0.399753  0
0.403262  0.399630  0
0.403262  0.399392  0
0.403262  0.398626  0
0.403262  0.399742  0
0.403262  0.399805  0
0.403262  0.398200  0
0.403262  0.399041  0
0.403262  0.398939  0
0.403262  0.398358  0
0.403262  0.397474  0
0.403262  0.397567  0
0.403262  0.399663  0
0.403262  0.398781  0
0.403262  0.398374  0
0.403262  0.398345  0
0.403262  0.398803  0
0.403262  0.398074  0
0.403262  0.397527  0
0.403262  0.397175  0
0.403262  0.399202  0
0.403262  0.397489  0
0.403262  0.398194  0
0.403262  0.398928  0
0.403262  0.398854  0
0.403262  0.397806  0
0.403262  0.397298  0
0.403262  0.396989  0
0.403262  0.398902  0
0.403262  0.398379  0
0.403262  0.399206  0
0.403262  0.397811  0
0.403262  0.398650  0
0.403262  0.397909  0
0.403262  0.397957  0
0.403262  0.397336  0
0.403262  0.398170  0
0.403262  0.398856  0
0.403262  0.398336  0
0.403262  0.397158  0
0.403262  0.398604  0
0.403262  0.398187  0
0.403262  0.398308  0
0.403262  0.396260  0
0.403262  0.396494  0
0.403262  0.398285  0
0.403262  0.397350  0
0.403262  0.397637  0
0.403262  0.399441  0
0.403262  0.399609  0
0.403262  0.397938  0
0.403262  0.397461  0
0.403262  0.397766  0
0.403262  0.399416  0
0.403262  0.397700  0
0.403262  0.398564  0
0.403262  0.398564  0
0.403262  0.398625  0
0.403262  0.398397  0
0.403262  0.397148  0
0.403262  0.396825  0
0.403262  0.396988  0
0.403262  0.400526  0
0.403262  0.398434  0
0.403262  0.400413  0
0.403262  0.398565  0
0.403262  0.399205  0
0.403262  0.398356  0
0.403262  0.397886  0
0.403262  0.398182  0
0.403262  0.399161  0
0.403262  0.398587  0
0.403262  0.398866  0
0.403262  0.397931  0
0.403262  0.398832  0
0.403262  0.399166  0
0.403262  0.398674  0
0.403262  0.397464  0
0.403262  0.398309  0
0.403262  0.399721  0
0.403262  0.398560  0
0.403262  0.397335  0
0.403262  0.398600  0
0.403262  0.397727  0
0.403262  0.397192  0
0.403262  0.397264  0
0.403262  0.398070  0
0.403262  0.398190  0
0.403262  0.398569  0
0.403262  0.398092  0
0.403262  0.398117  0
0.403262  0.397698  0
0.403262  0.397101  0
0.403262  0.396656  0
0.403262  0.397691  0
0.403262  0.396926  0
0.403262  0.397013  0
0.403262  0.398076  0
0.403262  0.398533  0
0.403262  0.399270  0
0.403262  0.396552  0
0.403262  0.396752  0
0.403262  0.398475  0
0.403262  0.397995  0
0.403262  0.399623  0
0.403262  0.396466  0
0.403262  0.397713  0
0.403262  0.397281  0
0.403262  0.397149  0
0.403262  0.397232  0
0.403262  0.397499  0
0.403262  0.398998  0
0.403262  0.399000  0
0.403262  0.399061  0
0.403262  0.400144  0
0.403262  0.399663  0
0.403262  0.397323  0
0.403262  0.398094  0
0.403262  0.397407  0
0.403262  0.399139  0
0.403262  0.396970  0
0.403262  0.397525  0
0.403262  0.395312  0
0.403262  0.397951  0
0.403262  0.397129  0
0.403262  0.398325  0
0.403262  0.397248  0
0.403262  0.398362  0
0.403262  0.398202  0
0.403262  0.398694  0
0.403262  0.397938  0
0.403262  0.399094  0
0.403262  0.397878  0
0.403262  0.398746  0
0.403262  0.397549  0
0.403262  0.398234  0
0.403262  0.398362  0
0.403262  0.398544  0
0.403262  0.398373  0
0.403262  0.398751  0
0.403262  0.398591  0
0.403262  0.398321  0
0.403262  0.397509  0
0.403262  0.399279  0
0.403262  0.399565  0
0.403262  0.398931  0
0.403262  0.398223  0
0.403262  0.399749  0
0.403262  0.398952  0
0.403262  0.397475  0
0.403262  0.399055  0
0.403262  0.400054  0
0.403262  0.399315  0
0.403262  0.399171  0
0.403262  0.399377  0
0.403262  0.398313  0
0.403262  0.396591  0
0.403262  0.398139  0
0.403262  0.399293  0
0.403262  0.399260  0
0.403262  0.397169  0
0.403262  0.399179  0
0.403262  0.398185  0
0.403262  0.399110  0
0.403262  0.399479  0
0.403262  0.398057  0
0.403262  0.397139  0
0.403262  0.398393  0
0.403262  0.397849  0
0.403262  0.398111  0
0.403262  0.398874  0
0.403262  0.399034  0
0.403262  0.398836  0
0.403262  0.397928  0
0.403262  0.398309  0
0.403262  0.399816  0
0.403262  0.399385  0
0.403262  0.398191  0
0.403262  0.398219  0
0.403262  0.398060  0
0.403262  0.398152  0
0.403262  0.397456  0
0.403262  0.397242  0
0.403262  0.398807  0
0.403262  0.397576  0
0.403262  0.398352  0
0.403262  0.398682  0
0.403262  0.399164  0
0.403262  0.399510  0
0.403262  0.398544  0
0.403262  0.398643  0
0.403262  0.398223  0
0.403262  0.399425  0
0.403262  0.400236  0
0.403262  0.397321  0
0.403262  0.396301  0
0.403262  0.399264  0
0.403262  0.399431  0
0.403262  0.397114  0
0.403262  0.397223  0
0.403262  0.399890  0
0.403262  0.399763  0
0.403262  0.399129  0
0.403262  0.398945  0
0.403262  0.399907  0
0.403262  0.398521  0
0.403262  0.400420  0
0.403262  0.398378  0
0.403262  0.399372  0
0.403262  0.399309  0
0.403262  0.399493  0
0.403262  0.400249  0
0.403262  0.399053  0
0.403262  0.400915  0
0.403262  0.401632  0
0.403262  0.401550  0
0.403262  0.399609  0
0.403262  0.399094  0
0.403262  0.398311  0
0.403262  0.397569  0
0.403262  0.397820  0
0.403262  0.398641  0
0.403262  0.398102  0
0.403262  0.397704  0
0.403262  0.398419  0
0.403262  0.399159  0
0.403262  0.398926  0
0.403262  0.399478  0
0.403262  0.399768  0
0.403262  0.398495  0
0.403262  0.397797  0
0.403262  0.398737  0
0.403262  0.398472  0
0.403262  0.399255  0
0.403262  0.399761  0
0.403262  0.398590  0
0.403262  0.399516  0
0.403262  0.398945  0
0.403262  0.400041  0
0.403262  0.398635  0
0.403262  0.398258  0
0.403262  0.397818  0
0.403262  0.396359  0
0.403262  0.398143  0
0.403262  0.397293  0
0.403262  0.397869  0
0.403262  0.398137  0
0.403262  0.396522  0
0.403262  0.397599  0
0.403262  0.398593  0
0.403262  0.398870  0
0.403262  0.398759  0
0.403262  0.399389  0
0.403262  0.399551  0
0.403262  0.397416  0
0.403262  0.396964  0
0.403262  0.398234  0
0.403262  0.398493  0
0.403262  0.396072  0
0.403262  0.397896  0
0.403262  0.397730  0
0.403262  0.397153  0
0.403262  0.397838  0
0.403262  0.397442  0
0.403262  0.398486  0
0.403262  0.398199  0
0.403262  0.398075  0
0.403262  0.399158  0
0.403262  0.398867  0
0.403262  0.398603  0
0.403262  0.398302  0
0.403262  0.398183  0
0.403262  0.398063  0
0.403262  0.398125  0
0.403262  0.399197  0
0.403262  0.398703  0
0.403262  0.398089  0
0.403262  0.397908  0
0.403262  0.398213  0
0.403262  0.395645  0
0.403262  0.396189  0
0.403262  0.398080  0
0.403262  0.398748  0
0.403262  0.397558  0
0.403262  0.396736  0
0.403262  0.398615  0
0.403262  0.397739  0
0.403262  0.396831  0
0.403262  0.396404  0
0.403262  0.397547  0
0.403262  0.398206  0
0.403262  0.396938  0
0.403262  0.397255  0
0.403262  0.397054  0
0.403262  0.395895  0
0.403262  0.396873  0
0.403262  0.397570  0
0.403262  0.397468  0
0.403262  0.397007  0
0.403262  0.397478  0
0.403262  0.397967  0
0.403262  0.396780  0
0.403262  0.397795  0
0.403262  0.397971  0
0.403262  0.397332  0
0.403262  0.395357  0
0.403262  0.395932  0
0.403262  0.398406  0
0.403262  0.398276  0
0.403262  0.397409  0
0.403262  0.395873  0
0.403262  0.396519  0
0.403262  0.397139  0
0.403262  0.395141  0
0.403262  0.395455  0
0.403262  0.396414  0
0.403262  0.396911  0
0.403262  0.397377  0
0.403262  0.396385  0
0.403262  0.397016  0
0.403262  0.397839  0
0.403262  0.397401  0
0.403262  0.396412  0
0.403262  0.397828  0
0.403262  0.397553  0
0.403262  0.397705  0
0.403262  0.398317  0
0.403262  0.397453  0
0.403262  0.397996  0
0.403262  0.396185  0
0.403262  0.395765  0
0.403262  0.397047  0
0.403262  0.397284  0
0.403262  0.397541  0
0.403262  0.398791  0
0.403262  0.399583  0
0.403262  0.397143  0
0.403262  0.397647  0
0.403262  0.396619  0
0.403262  0.398285  0
0.403262  0.396647  0
0.403262  0.396543  0
0.403262  0.397234  0
0.403262  0.398042  0
0.403262  0.397752  0
0.403262  0.395873  0
0.403262  0.396333  0
0.403262  0.397270  0
0.403262  0.396609  0
0.403262  0.397493  0
0.403262  0.398019  0
0.403262  0.397348  0
0.403262  0.396761  0
0.403262  0.396373  0
0.403262  0.395861  0
0.403262  0.396687  0
0.403262  0.397318  0
0.403262  0.396704  0
0.403262  0.397399  0
0.403262  0.399540  0
0.403262  0.399966  0
0.403262  0.399384  0
0.403262  0.400864  0
0.403262  0.402386  0
0.403262  0.402998  0
0.403262  0.403044  0
0.403262  0.402349  0
0.403262  0.403688  0
0.403262  0.402389  0
0.403262  0.400639  0
0.403262  0.401240  0
0.403262  0.402085  0
0.403262  0.401392  0
0.403262  0.396421  0
0.403262  0.386577  0
0.403262  0.379212  0
0.403262  0.372073  0
0.403262  0.360462  0
0.403262  0.352314  0
0.403262  0.310239  0
0.403262  0.248168  0
0.403262  0.257330  0
0.403262  0.221562  0
0.403262  0.244885  0
0.403262  0.251652  0
0.403262  0.264804  0
0.403262  0.274589  0
0.403262  0.274855  0
0.403262  0.269827  0
0.403262  0.263442  0
0.403262  0.263729  0
0.403262  0.263684  0
0.403262  0.253900  0
0.403262  0.246255  0
0.403262  0.221619  0
0.403262  0.214094  0
0.403262  0.226531  0
0.403262  0.247170  0
0.403262  0.242404  0
0.403262  0.234360  0
0.403262  0.219964  0
0.403262  0.230218  0
0.403262  0.249247  0
0.403262  0.277770  0
0.403262  0.276005  0
0.403262  0.280067  0
0.403262  0.296254  0
0.403262  0.286784  0
0.403262  0.273271  0
0.403262  0.266880  0
0.403262  0.259176  0
0.403262  0.265571  0
0.403262  0.282288  0
0.403262  0.287989  0
0.403262  0.270862  0
0.403262  0.272020  0
0.403262  0.273562  0
0.403262  0.268513  0
0.403262  0.280850  0
0.403262  0.284039  0
0.403262  0.282956  0
0.403262  0.276251  0
0.403262  0.255541  0
0.403262  0.243527  0
0.403262  0.252772  0
0.403262  0.256200  0
0.403262  0.267652  0
0.403262  0.271667  0
0.403262  0.262438  0
0.403262  0.231517  0
0.403262  0.220340  0
0.403262  0.214505  0
0.403262  0.201037  0
0.403262  0.224337  0
0.403262  0.239030  0
0.403262  0.239388  0
0.403262  0.243507  0
0.403262  0.253901  0
0.403262  0.244226  0
0.403262  0.272746  0
0.403262  0.284649  0
0.403262  0.286671  0
0.403262  0.281891  0
0.403262  0.269919  0
0.403262  0.284410  0
0.403262  0.285075  0
0.403262  0.302411  0
0.403262  0.282506  0
0.403262  0.254906  0
0.403262  0.239023  0
0.403262  0.241056  0
0.403262  0.252253  0
0.403262  0.270336  0
0.403262  0.263383  0
0.403262  0.259662  0
0.403262  0.248386  0
0.403262  0.242151  0
0.403262  0.253119  0
0.403262  0.271321  0
0.403262  0.278526  0
0.403262  0.286570  0
0.403262  0.295602  0
0.403262  0.295088  0
0.403262  0.296574  0
0.403262  0.289610  0
0.403262  0.285813  0
0.403262  0.295246  0
0.403262  0.294724  0
0.403262  0.288214  0
0.403262  0.279786  0
0.403262  0.274450  0
0.403262  0.261246  0
0.403262  0.256126  0
0.403262  0.255713  0
0.403262  0.258895  0
0.403262  0.262052  0
0.403262  0.250953  0
0.403262  0.234665  0
0.403262  0.234886  0
0.403262  0.235456  0
0.403262  0.239417  0
0.403262  0.225370  0
0.403262  0.231145  0
0.403262  0.231262  0
0.403262  0.228174  0
0.403262  0.235032  0
0.403262  0.244847  0
0.403262  0.258545  0
0.403262  0.267794  0
0.403262  0.253892  0
0.403262  0.230531  0
0.403262  0.234014  0
0.403262  0.227754  0
0.403262  0.223803  0
0.403262  0.236482  0
0.403262  0.241251  0
0.403262  0.236227  0
0.403262  0.245583  0
0.403262  0.248549  0
0.403262  0.257580  0
0.403262  0.265881  0
0.403262  0.269637  0
0.403262  0.256625  0
0.403262  0.261691  0
0.403262  0.258782  0
0.403262  0.250836  0
0.403262  0.245818  0
0.403262  0.235032  0
0.403262  0.232842  0
0.403262  0.242415  0
0.403262  0.252070  0
0.403262  0.247611  0
0.403262  0.251659  0
0.403262  0.256618  0
0.403262  0.271686  0
0.403262  0.275830  0
0.403262  0.267824  0
0.403262  0.290068  0
0.403262  0.309135  0
0.403262  0.297651  0
0.403262  0.276136  0
0.403262  0.268332  0
0.403262  0.269526  0
0.403262  0.269129  0
0.403262  0.260867  0
0.403262  0.250014  0
0.403262  0.246952  0
0.403262  0.248357  0
0.403262  0.251298  0
0.403262  0.253370  0
0.403262  0.246929  0
0.403262  0.243804  0
0.403262  0.238809  0
0.403262  0.240468  0
0.403262  0.243109  0
0.403262  0.233540  0
0.403262  0.228958  0
0.403262  0.230221  0
0.403262  0.241216  0
0.403262  0.244134  0
0.403262  0.247946  0
0.403262  0.248343  0
0.403262  0.255753  0
0.403262  0.265624  0
0.403262  0.279500  0
0.403262  0.280858  0
0.403262  0.287675  0
0.403262  0.293441  0
0.403262  0.294432  0
0.403262  0.282811  0
0.403262  0.273123  0
0.403262  0.275082  0
0.403262  0.282532  0
0.403262  0.285865  0
0.403262  0.280511  0
0.403262  0.278945  0
0.403262  0.295236  0
0.403262  0.308496  0
0.403262  0.304893  0
0.403262  0.286063  0
0.403262  0.281754  0
0.403262  0.285588  0
0.403262  0.300694  0
0.403262  0.307785  0
0.403262  0.307431  0
0.403262  0.293408  0
0.403262  0.290872  0
0.403262  0.290204  0
0.403262  0.289647  0
0.403262  0.281447  0
0.403262  0.280658  0
0.403262  0.283558  0
0.403262  0.286713  0
0.403262  0.293935  0
0.403262  0.296975  0
0.403262  0.298653  0
0.403262  0.287680  0
0.403262  0.274765  0
0.403262  0.267077  0
0.403262  0.268286  0
0.403262  0.272481  0
0.403262  0.274059  0
0.403262  0.272795  0
0.403262  0.282362  0
0.403262  0.290892  0
0.403262  0.293828  0
0.403262  0.291598  0
0.403262  0.279682  0
0.403262  0.267980  0
0.403262  0.265180  0
0.403262  0.264379  0
0.403262  0.263636  0
0.403262  0.257739  0
0.403262  0.261468  0
0.403262  0.268200  0
0.403262  0.275175  0
0.403262  0.276042  0
0.403262  0.275555  0
0.403262  0.276079  0
0.403262  0.275551  0
0.403262  0.273674  0
0.403262  0.271612  0
0.403262  0.266255  0
0.403262  0.262547  0
0.403262  0.264356  0
0.403262  0.265342  0
0.403262  0.263965  0
0.403262  0.262521  0
0.403262  0.260916  0
0.403262  0.259729  0
0.403262  0.261262  0
0.403262  0.263254  0
0.403262  0.269384  0
0.403262  0.270473  0
0.403262  0.273234  0
0.403262  0.274862  0
0.403262  0.272945  0
0.403262  0.269977  0
0.403262  0.268063  0
0.403262  0.273343  0
0.403262  0.283024  0
0.403262  0.283620  0
0.403262  0.281383  0
0.403262  0.275562  0
0.403262  0.267585  0
0.403262  0.263491  0
0.403262  0.266570  0
0.403262  0.267625  0
0.403262  0.272991  0
0.403262  0.274243  0
0.403262  0.274746  0
0.403262  0.273834  0
0.403262  0.274768  0
0.403262  0.272953  0
0.403262  0.272045  0
0.403262  0.277326  0
0.403262  0.280353  0
0.403262  0.276613  0
0.403262  0.273164  0
0.403262  0.264395  0
0.403262  0.256171  0
0.403262  0.253898  0
0.403262  0.256661  0
0.403262  0.255090  0
0.403262  0.256125  0
0.403262  0.253147  0
0.403262  0.250668  0
0.403262  0.246743  0
0.403262  0.240890  0
0.403262  0.236442  0
0.403262  0.235986  0
0.403262  0.237877  0
0.403262  0.242108  0
0.403262  0.257980  0
0.403262  0.269764  0
0.403262  0.279409  0
0.403262  0.288552  0
0.403262  0.288994  0
0.403262  0.289517  0
0.403262  0.288208  0
0.403262  0.283535  0
0.403262  0.281139  0
0.403262  0.286818  0
0.403262  0.288330  0
0.403262  0.292250  0
0.403262  0.290280  0
0.403262  0.290423  0
0.403262  0.290685  0
0.403262  0.296123  0
0.403262  0.302133  0
0.403262  0.305585  0
0.403262  0.305634  0
0.403262  0.301353  0
0.403262  0.296211  0
0.403262  0.291394  0
0.403262  0.291286  0
0.403262  0.287612  0
0.403262  0.283769  0
0.403262  0.276911  0
0.403262  0.268866  0
0.403262  0.260138  0
0.403262  0.260786  0
0.403262  0.260509  0
0.403262  0.256816  0
0.403262  0.249874  0
0.403262  0.250989  0
0.403262  0.257343  0
0.403262  0.260861  0
0.403262  0.257428  0
0.403262  0.243329  0
0.403262  0.231932  0
0.403262  0.237472  0
0.403262  0.255848  0
0.403262  0.228750  0
0.403262  0.205553  0
0.403262  0.207458  0
0.403262  0.224318  0
0.403262  0.206583  0
0.403262  0.216225  0
0.403262  0.218895  0
0.403262  0.198998  0
0.403262  0.195367  0
0.403262  0.175993  0
0.403262  0.178061  0
0.403262  0.192761  0
0.403262  0.197823  0
0.403262  0.206704  0
0.403262  0.204802  0
0.403262  0.193795  0
0.403262  0.189988  0
0.403262  0.191492  0
0.403262  0.185027  0
0.403262  0.190641  0
0.403262  0.214908  0
0.403262  0.224101  0
0.403262  0.232122  0
0.403262  0.233001  0
0.403262  0.216832  0
0.403262  0.215887  0
0.403262  0.255810  0
0.403262  0.256688  0
0.403262  0.242797  0
0.403262  0.235556  0
0.403262  0.206415  0
0.403262  0.197582  0
0.403262  0.211533  0
0.403262  0.214847  0
0.403262  0.213805  0
0.403262  0.212756  0
0.403262  0.194574  0
0.403262  0.213120  0
0.403262  0.224594  0
0.403262  0.226688  0
0.403262  0.207235  0
0.403262  0.216456  0
0.403262  0.220029  0
0.403262  0.225000  0
0.403262  0.229621  0
0.403262  0.228682  0
0.403262  0.228589  0
0.403262  0.227296  0
0.403262  0.227813  0
0.403262  0.215884  0
0.403262  0.205512  0
0.403262  0.205417  0
0.403262  0.213294  0
0.403262  0.212798  0
0.403262  0.213747  0
0.403262  0.219723  0
0.403262  0.222754  0
0.403262  0.225325  0
0.403262  0.234349  0
0.403262  0.231859  0
0.403262  0.220303  0
0.403262  0.239556  0
0.403262  0.255655  0
0.403262  0.263136  0
0.403262  0.267006  0
0.403262  0.269824  0
0.403262  0.269162  0
0.403262  0.270756  0
0.403262  0.269691  0
0.403262  0.266526  0
0.403262  0.266614  0
0.403262  0.261935  0
0.403262  0.260228  0
0.403262  0.258132  0
0.403262  0.252324  0
0.403262  0.257126  0
0.403262  0.256843  0
0.403262  0.251142  0
0.403262  0.249466  0
0.403262  0.241445  0
0.403262  0.225649  0
0.403262  0.224151  0
0.403262  0.225438  0
0.403262  0.240153  0
0.403262  0.253548  0
0.403262  0.243288  0
0.403262  0.219983  0
0.403262  0.210837  0
0.403262  0.203357  0
0.403262  0.198703  0
0.403262  0.205310  0
0.403262  0.209586  0
0.403262  0.205357  0
0.403262  0.203748  0
0.403262  0.212785  0
0.403262  0.219966  0
0.903262  0.226321  400
0.903262  0.228283  400
0.903262  0.227323  400
0.903262  0.225875  400
0.903262  0.227876  400
0.903262  0.230738  400
0.903262  0.228317  400
0.903262  0.221980  400
0.903262  0.228118  400
0.903262  0.228201  400
0.903262  0.233377  400
0.903262  0.234177  400
0.903262  0.240622  400
0.903262  0.243398  400
0.903262  0.246666  400
0.903262  0.271551  400
0.903262  0.298175  400
0.903262  0.294283  400
0.903262  0.270892  400
0.903262  0.239333  400
0.903262  0.240260  400
0.903262  0.253538  400
0.903262  0.250120  400
0.903262  0.265019  400
0.903262  0.296571  400
0.903262  0.317930  400
0.903262  0.331015  400
0.903262  0.332261  400
0.903262  0.312994  400
0.903262  0.310150  400
0.903262  0.286442  400
0.903262  0.288200  400
0.903262  0.300611  400
0.903262  0.317818  400
0.903262  0.320271  400
0.903262  0.316456  400
0.903262  0.325553  400
0.903262  0.328058  400
0.903262  0.346092  400
0.903262  0.315884  400
0.903262  0.304863  400
0.903262  0.308334  400
0.903262  0.291358  400
0.903262  0.288114  400
0.903262  0.307611  400
0.903262  0.306888  400
0.903262  0.266986  400
0.903262  0.288231  400
0.903262  0.313269  400
0.903262  0.335532  400
0.903262  0.332950  400
0.903262  0.351212  400
0.903262  0.356035  400
0.903262  0.382925  400
0.903262  0.361708  400
0.903262  0.324378  400
0.903262  0.338559  400
0.903262  0.356219  400
0.903262  0.418123  0
0.903262  0.423418  0
0.903262  0.370397  400
0.903262  0.394957  400
0.903262  0.410791  0
0.903262  0.384240  400
0.903262  0.307281  400
0.903262  0.266022  400
0.903262  0.249825  400
0.903262  0.285685  400
0.903262  0.293359  400
0.903262  0.312324  400
0.903262  0.285893  400
0.903262  0.318541  400
0.903262  0.365002  400
0.903262  0.334066  400
0.903262  0.333377  400
0.903262  0.368740  400
0.903262  0.395205  400
0.903262  0.414831  0
0.903262  0.417588  0
0.903262  0.487308  0
0.903262  0.494842  0
0.903262  0.534625  0
0.903262  0.549671  0
0.903262  0.536155  0
0.903262  0.526177  0
0.903262  0.548513  0
0.903262  0.595542  0
0.903262  0.602580  0
0.903262  0.566480  0
0.903262  0.581868  0
0.903262  0.599792  0
0.903262  0.633140  0
0.903262  0.630133  0
0.903262  0.650026  0
0.903262  0.645526  0
0.903262  0.655663  0
0.903262  0.667697  0
0.903262  0.679736  0
0.903262  0.705329  0
0.903262  0.712653  0
0.903262  0.714234  0
0.903262  0.727523  0
0.903262  0.742288  0
0.903262  0.735715  0
0.903262  0.716470  0
0.903262  0.687109  0
0.903262  0.678251  0
0.903262  0.706732  0
0.903262  0.744053  0
0.903262  0.736218  0
0.903262  0.749260  0
0.903262  0.742194  0
0.903262  0.762711  0
0.903262  0.774923  0
0.903262  0.778818  0
0.903262  0.820052  0
0.903262  0.864625  0
0.903262  0.874326  0
0.903262  0.899586  0
0.903262  0.905955  0
0.903262  0.894781  0
0.903262  0.894517  0
0.903262  0.880333  0
0.903262  0.878442  0
0.903262  0.853887  0
0.903262  0.841423  0
0.903262  0.843358  0
0.903262  0.857651  0
0.903262  0.858966  0
0.903262  0.849148  0
0.903262  0.863390  0
0.903262  0.857737  0
0.903262  0.876742  0
0.903262  0.890025  0
0.903262  0.891549  0
0.903262  0.899554  0
0.903262  0.918277  0
0.903262  0.905767  0
0.903262  0.901645  0
0.903262  0.880438  0
0.903262  0.894135  0
0.903262  0.911308  0
0.903262  0.899559  0
0.903262  0.884363  0
0.903262  0.879212  0
0.903262  0.887832  0
0.903262  0.879380  0
0.903262  0.869407  0
0.903262  0.884428  0
0.903262  0.902855  0
0.903262  0.886026  0
0.903262  0.880505  0
0.903262  0.889683  0
0.903262  0.894008  0
0.903262  0.907336  0
0.903262  0.913823  0
0.903262  0.916741  0
0.903262  0.895823  0
0.903262  0.892433  0
0.903262  0.890155  0
0.903262  0.867688  0
0.903262  0.874684  0
0.903262  0.925717  0
0.903262  0.935289  0
0.903262  0.893239  0
0.903262  0.888810  0
0.903262  0.874410  0
0.903262  0.875060  0
0.903262  0.839619  0
0.903262  0.848018  0
0.903262  0.864487  0
0.903262  0.855930  0
0.903262  0.839929  0
0.903262  0.825454  0
0.903262  0.836351  0
0.903262  0.864794  0
0.903262  0.902079  0
0.903262  0.873982  0
0.903262  0.848403  0
0.903262  0.847172  0
0.903262  0.825723  0
0.903262  0.825719  0
0.903262  0.843958  0
0.903262  0.852975  0
0.903262  0.833267  0
0.903262  0.819087  0
0.903262  0.851136  0
0.903262  0.889085  0
0.903262  0.893843  0
0.903262  0.889627  0
0.903262  0.859950  0
0.903262  0.837097  0
0.903262  0.856282  0
0.903262  0.871490  0
0.903262  0.878094  0
0.903262  0.889363  0
0.903262  0.876606  0
0.903262  0.850639  0
0.903262  0.841843  0
0.903262  0.879885  0
0.903262  0.879023  0
0.903262  0.878825  0
0.903262  0.894164  0
0.903262  0.904061  0
0.903262  0.897933  0
0.903262  0.894454  0
0.903262  0.899576  0
0.903262  0.892014  0
0.903262  0.902626  0
0.903262  0.932354  0
0.903262  0.941882  0
0.903262  0.950925  0
0.903262  0.962711  0
0.903262  0.967057  0
0.903262  0.972150  0
0.903262  0.966467  0
0.903262  0.965064  0
0.903262  0.946428  0
0.903262  0.937116  0
0.903262  0.939542  0
0.903262  0.935720  0
0.903262  0.932522  0
0.903262  0.928480  0
0.903262  0.940415  0
0.903262  0.942092  0
0.903262  0.962560  0
0.903262  0.947891  0
0.903262  0.943860  0
0.903262  0.940405  0
0.903262  0.932044  0
0.903262  0.919530  0
0.903262  0.914362  0
0.903262  0.919984  0
0.903262  0.929030  0
0.903262  0.940384  0
0.903262  0.935813  0
0.903262  0.929079  0
0.903262  0.925324  0
0.903262  0.931433  0
0.903262  0.939860  0
0.903262  0.952562  0
0.903262  0.940037  0
0.903262  0.968065  0
0.903262  0.985163  0
0.903262  1.000350  0
0.903262  1.010789  0
0.903262  1.012366  0
0.903262  0.994012  0
0.903262  0.970357  0
0.903262  0.957825  0
0.903262  0.955282  0
0.903262  0.941453  0
0.903262  0.920084  0
0.903262  0.906416  0
0.903262  0.903955  0
0.903262  0.906408  0
0.903262  0.909518  0
0.903262  0.920630  0
0.903262  0.937424  0
0.903262  0.946830  0
0.903262  0.947464  0
0.903262  0.948995  0
0.903262  0.954528  0
0.903262  0.951246  0
0.903262  0.954543  0
0.903262  0.975732  0
0.903262  0.989612  0
0.903262  0.991943  0
0.903262  0.989094  0
0.903262  0.974792  0
0.903262  0.940460  0
0.903262  0.922924  0
0.903262  0.929447  0
0.903262  0.933012  0
0.903262  0.944939  0
0.903262  0.931417  0
0.903262  0.916116  0
0.903262  0.912187  0
0.903262  0.917614  0
0.903262  0.922973  0
0.903262  0.926582  0
0.903262  0.922750  0
0.903262  0.932488  0
0.903262  0.943430  0
0.903262  0.951633  0
0.903262  0.956179  0
0.903262  0.950415  0
0.903262  0.939955  0
0.903262  0.919333  0
0.903262  0.908075  0
0.903262  0.908360  0
0.903262  0.924083  0
0.903262  0.934183  0
0.903262  0.936544  0
0.903262  0.930729  0
0.903262  0.925140  0
0.903262  0.936773  0
0.903262  0.939814  0
0.903262  0.934563  0
0.903262  0.917792  0
0.903262  0.907906  0
0.903262  0.904779  0
0.903262  0.910138  0
0.903262  0.906244  0
0.903262  0.905884  0
0.903262  0.905632  0
0.903262  0.909130  0
0.903262  0.910089  0
0.903262  0.911937  0
0.903262  0.904121  0
0.903262  0.896195  0
0.903262  0.898802  0
0.903262  0.903946  0
0.903262  0.911460  0
0.903262  0.918660  0
0.903262  0.913146  0
0.903262  0.911898  0
0.903262  0.906071  0
0.903262  0.905242  0
0.903262  0.905400  0
0.903262  0.904916  0
0.903262  0.906427  0
0.903262  0.902925  0
0.903262  0.901119  0
0.903262  0.900088  0
0.903262  0.893283  0
0.903262  0.890251  0
0.903262  0.894021  0
0.903262  0.899488  0
0.903262  0.903689  0
0.903262  0.913730  0
0.903262  0.919091  0
0.903262  0.918286  0
0.903262  0.912176  0
0.903262  0.907470  0
0.903262  0.906392  0
0.903262  0.908754  0
0.903262  0.907661  0
0.903262  0.902991  0
0.903262  0.902082  0
0.903262  0.893275  0
0.903262  0.892727  0
0.903262  0.893665  0
0.903262  0.898489  0
0.903262  0.904408  0
0.903262  0.910820  0
0.903262  0.916521  0
0.903262  0.918495  0
0.903262  0.920894  0
0.903262  0.919103  0
0.903262  0.921492  0
0.903262  0.927265  0
0.903262  0.930952  0
0.903262  0.931391  0
0.903262  0.940544  0
0.903262  0.944786  0
0.903262  0.947763  0
0.903262  0.946379  0
0.903262  0.945554  0
0.903262  0.941406  0
0.903262  0.939948  0
0.903262  0.939701  0
0.903262  0.943798  0
0.903262  0.949470  0
0.903262  0.953377  0
0.903262  0.960621  0
0.903262  0.963522  0
0.903262  0.965415  0
0.903262  0.965735  0
0.903262  0.963048  0
0.903262  0.959975  0
0.903262  0.959533  0
0.903262  0.963132  0
0.903262  0.964106  0
0.903262  0.962737  0
0.903262  0.962765  0
0.903262  0.962741  0
0.903262  0.960352  0
0.903262  0.960923  0
0.903262  0.959052  0
0.903262  0.965808  0
0.903262  0.970244  0
0.903262  0.974932  0
0.903262  0.978507  0
0.903262  0.983201  0
0.903262  0.984651  0
0.903262  0.981098  0
0.903262  0.976980  0
0.903262  0.977548  0
0.903262  0.976129  0
0.903262  0.973477  0
0.903262  0.971693  0
0.903262  0.969984  0
0.903262  0.969949  0
0.903262  0.969535  0
0.903262  0.969268  0
0.903262  0.972731  0
0.903262  0.978043  0
0.903262  0.982067  0
0.903262  0.982429  0
0.903262  0.985476  0
0.903262  0.989335  0
0.903262  0.991181  0
0.903262  0.992057  0
0.903262  0.992651  0
0.903262  0.993706  0
0.903262  0.992106  0
0.903262  0.991767  0
0.903262  0.992429  0
0.903262  0.993609  0
0.903262  0.996212  0
0.903262  0.994022  0
0.903262  0.999335  0
0.903262  0.997449  0
0.903262  0.996621  0
0.903262  0.996597  0
0.903262  0.995834  0
0.903262  0.996279  0
0.903262  0.995382  0
0.903262  0.993542  0
0.903262  0.994510  0
0.903262  0.992607  0
0.903262  0.990619  0
0.903262  0.991264  0
0.903262  0.989947  0
0.903262  0.991583  0
0.903262  0.989736  0
0.903262  0.988862  0
0.903262  0.989644  0
0.903262  0.989875  0
0.903262  0.987288  0
0.903262  0.985013  0
0.903262  0.986507  0
0.903262  0.986234  0
0.903262  0.984784  0
0.903262  0.985047  0
0.903262  0.985699  0
0.903262  0.983822  0
0.903262  0.982462  0
0.903262  0.980942  0
0.903262  0.978996  0
0.903262  0.975625  0
0.903262  0.974581  0
0.903262  0.972019  0
0.903262  0.971537  0
0.903262  0.972695  0
0.903262  0.970668  0
0.903262  0.969731  0
0.903262  0.971016  0
0.903262  0.968462  0
0.903262  0.969191  0
0.903262  0.968902  0
0.903262  0.969051  0
0.903262  0.968242  0
0.903262  0.967655  0
0.903262  0.968529  0
0.903262  0.969797  0
0.903262  0.968808  0
0.903262  0.966198  0
0.903262  0.965983  0
0.903262  0.966737  0
0.903262  0.964884  0
0.903262  0.965374  0
0.903262  0.965166  0
0.903262  0.965163  0
0.903262  0.967083  0
0.903262  0.964770  0
0.903262  0.964742  0
0.903262  0.966871  0
0.903262  0.965129  0
0.903262  0.964206  0
0.903262  0.967290  0
0.903262  0.970661  0
0.903262  0.969107  0
0.903262  0.966167  0
0.903262  0.966323  0
0.903262  0.969277  0
0.903262  0.969484  0
0.903262  0.969945  0
0.903262  0.970154  0
0.903262  0.971549  0
0.903262  0.970963  0
0.903262  0.972176  0
0.903262  0.970959  0
0.903262  0.971423  0
0.903262  0.973430  0
0.903262  0.974938  0
0.903262  0.974888  0
0.903262  0.976057  0
0.903262  0.975788  0
0.903262  0.974018  0
0.903262  0.970698  0
0.903262  0.970046  0
0.903262  0.972370  0
0.903262  0.971941  0
0.903262  0.973106  0
0.903262  0.972519  0
0.903262  0.974316  0
0.903262  0.973740  0
0.903262  0.970578  0
0.903262  0.969418  0
0.903262  0.970830  0
0.903262  0.970558  0
0.903262  0.969879  0
0.903262  0.970192  0
0.903262  0.970841  0
0.903262  0.970912  0
0.903262  0.970752  0
0.903262  0.971282  0
0.903262  0.969643  0
0.903262  0.967736  0
0.903262  0.967280  0
0.903262  0.968360  0
0.903262  0.966768  0
0.903262  0.965878  0
0.903262  0.965838  0
-1.596738  0.961769  -800
-1.596738  0.965244  -800
-1.596738  0.968197  -800
-1.596738  0.963869  -800
-1.596738  0.964295  -800
-1.596738  0.963135  -800
-1.596738  0.964881  -800
-1.596738  0.965274  -800
-1.596738  0.963093  -800
-1.596738  0.961962  -800
-1.596738  0.958708  -800
-1.596738  0.960935  -800
-1.596738  0.966374  -800
-1.596738  0.967105  -800
-1.596738  0.957085  -800
-1.596738  0.897437  -800
-1.596738  0.709452  -800
-1.596738  0.600579  -800
-1.596738  0.518262  -800
-1.596738  0.506582  -800
-1.596738  0.399080  -800
-1.596738  0.456396  -800
-1.596738  0.488702  -800
-1.596738  0.504313  -800
-1.596738  0.511627  -800
-1.596738  0.514869  -800
-1.596738  0.491409  -800
-1.596738  0.383378  -800
-1.596738  0.315337  -800
-1.596738  0.334106  -800
-1.596738  0.329684  -800
-1.596738  0.362233  -800
-1.596738  0.355994  -800
-1.596738  0.357143  -800
-1.596738  0.350892  -800
-1.596738  0.373641  -800
-1.596738  0.380846  -800
-1.596738  0.387625  -800
-1.596738  0.352376  -800
-1.596738  0.396137  -800
-1.596738  0.431363  -800
-1.596738  0.402859  -800
-1.596738  0.371800  -800
-1.596738  0.327528  -800
-1.596738  0.302665  -800
-1.596738  0.225011  -800
-1.596738  0.157775  -800
-1.596738  0.090565  -800
-1.596738  0.049153  -800
-1.596738  0.052637  -800
-1.596738  0.011552  -800
-1.596738  -0.065330  -800
-1.596738  -0.153959  -800
-1.596738  -0.217653  -800
-1.596738  -0.247000  -800
-1.596738  -0.285426  -800
-1.596738  -0.376812  -800
-1.596738  -0.421387  -800
-1.596738  -0.453101  -800
-1.596738  -0.414195  -800
-1.596738  -0.464670  -800
-1.596738  -0.476674  -800
-1.596738  -0.441466  -800
-1.596738  -0.485374  -800
-1.596738  -0.748267  -400
-1.596738  -0.932118  -400
-1.596738  -0.983595  -400
-1.596738  -1.154405  0
-1.596738  -1.308728  0
-1.596738  -1.384479  0
-1.596738  -1.416908  0
-1.596738  -1.522496  0
-1.596738  -1.614786  0
-1.596738  -1.709365  0
-1.596738  -1.790744  0
-1.596738  -1.829666  0
-1.596738  -1.856628  0
-1.596738  -1.816658  0
-1.596738  -1.781980  0
-1.596738  -1.768041  0
-1.596738  -1.762548  0
-1.596738  -1.752327  0
-1.596738  -1.750476  0
-1.596738  -1.742019  0
-1.596738  -1.737279  0
-1.596738  -1.709264  0
-1.596738  -1.696830  0
-1.596738  -1.685890  0
-1.596738  -1.643517  0
-1.596738  -1.590244  0
-1.596738  -1.615220  0
-1.596738  -1.648348  0
-1.596738  -1.611949  0
-1.596738  -1.643721  0
-1.596738  -1.643805  0
-1.596738  -1.618442  0
-1.596738  -1.630777  0
-1.596738  -1.617385  0
-1.596738  -1.600130  0
-1.596738  -1.598878  0
-1.596738  -1.578057  0
-1.596738  -1.607550  0
-1.596738  -1.626279  0
-1.596738  -1.644529  0
-1.596738  -1.632453  0
-1.596738  -1.635985  0
-1.596738  -1.653955  0
-1.596738  -1.641189  0
-1.596738  -1.622752  0
-1.596738  -1.626356  0
-1.596738  -1.614002  0
-1.596738  -1.628205  0
-1.596738  -1.618916  0
-1.596738  -1.601357  0
-1.596738  -1.585325  0
-1.596738  -1.577459  0
-1.596738  -1.590739  0
-1.596738  -1.571145  0
-1.596738  -1.563506  0
-1.596738  -1.560980  0
-1.596738  -1.562859  0
-1.596738  -1.574987  0
-1.596738  -1.573579  0
-1.596738  -1.586131  0
-1.596738  -1.579100  0
-1.596738  -1.542169  0
-1.596738  -1.519534  0
-1.596738  -1.501568  0
-1.596738  -1.515302  0
-1.596738  -1.519412  0
-1.596738  -1.520216  0
-1.596738  -1.509376  0
-1.596738  -1.509352  0
-1.596738  -1.538496  0
-1.596738  -1.535706  0
-1.596738  -1.519222  0
-1.596738  -1.481987  0
-1.596738  -1.481270  0
-1.596738  -1.503643  0
-1.596738  -1.507080  0
-1.596738  -1.507132  0
-1.596738  -1.502848  0
-1.596738  -1.513726  0
-1.596738  -1.495662  0
-1.596738  -1.508469  0
-1.596738  -1.510147  0
-1.596738  -1.507958  0
-1.596738  -1.509219  0
-1.596738  -1.527102  0
-1.596738  -1.513734  0
-1.596738  -1.502857  0
-1.596738  -1.501039  0
-1.596738  -1.499673  0
-1.596738  -1.475376  0
-1.596738  -1.475207  0
-1.596738  -1.474139  0
-1.596738  -1.468152  0
-1.596738  -1.469603  0
-1.596738  -1.486756  0
-1.596738  -1.488789  0
-1.596738  -1.481386  0
-1.596738  -1.480535  0
-1.596738  -1.482010  0
-1.596738  -1.478567  0
-1.596738  -1.463524  0
-1.596738  -1.453788  0
-1.596738  -1.466172  0
-1.596738  -1.478079  0
-1.596738  -1.484523  0
-1.596738  -1.487437  0
-1.596738  -1.490769  0
-1.596738  -1.501029  0
-1.596738  -1.492106  0
-1.596738  -1.477573  0
-1.596738  -1.467072  0
-1.596738  -1.462668  0
-1.596738  -1.457457  0
-1.596738  -1.459986  0
-1.596738  -1.458195  0
-1.596738  -1.448151  0
-1.596738  -1.446604  0
-1.596738  -1.436728  0
-1.596738  -1.425687  0
-1.596738  -1.422425  0
-1.596738  -1.430987  0
-1.596738  -1.432075  0
-1.596738  -1.423455  0
-1.596738  -1.429565  0
-1.596738  -1.435310  0
-1.596738  -1.435376  0
-1.596738  -1.440826  0
-1.596738  -1.449274  0
-1.596738  -1.466095  0
-1.596738  -1.465889  0
-1.596738  -1.457061  0
-1.596738  -1.467121  0
-1.596738  -1.469883  0
-1.596738  -1.467489  0
-1.596738  -1.467848  0
-1.596738  -1.469786  0
-1.596738  -1.478360  0
-1.596738  -1.481926  0
-1.596738  -1.477066  0
-1.596738  -1.473554  0
-1.596738  -1.469826  0
-1.596738  -1.467886  0
-1.596738  -1.467189  0
-1.596738  -1.465407  0
-1.596738  -1.474041  0
-1.596738  -1.479660  0
-1.596738  -1.475247  0
-1.596738  -1.460791  0
-1.596738  -1.453581  0
-1.596738  -1.451469  0
-1.596738  -1.452138  0
-1.596738  -1.454515  0
-1.596738  -1.464039  0
-1.596738  -1.471786  0
-1.596738  -1.469130  0
-1.596738  -1.462603  0
-1.596738  -1.460833  0
-1.596738  -1.460621  0
-1.596738  -1.457414  0
-1.596738  -1.451692  0
-1.596738  -1.442568  0
-1.596738  -1.437925  0
-1.596738  -1.435967  0
-1.596738  -1.432013  0
-1.596738  -1.427528  0
-1.596738  -1.424201  0
-1.596738  -1.424583  0
-1.596738  -1.427506  0
-1.596738  -1.430378  0
-1.596738  -1.433260  0
-1.596738  -1.434417  0
-1.596738  -1.436466  0
-1.596738  -1.436318  0
-1.596738  -1.434542  0
-1.596738  -1.430108  0
-1.596738  -1.427024  0
-1.596738  -1.421460  0
-1.596738  -1.421475  0
-1.596738  -1.414925  0
-1.596738  -1.412068  0
-1.596738  -1.417511  0
-1.596738  -1.420953  0
-1.596738  -1.427534  0
-1.596738  -1.431788  0
-1.596738  -1.435162  0
-1.596738  -1.441468  0
-1.596738  -1.444300  0
-1.596738  -1.445003  0
-1.596738  -1.447926  0
-1.596738  -1.447930  0
-1.596738  -1.449418  0
-1.596738  -1.448766  0
-1.596738  -1.454996  0
-1.596738  -1.451112  0
-1.596738  -1.446174  0
-1.596738  -1.442117  0
-1.596738  -1.439773  0
-1.596738  -1.441049  0
-1.596738  -1.440345  0
-1.596738  -1.440571  0
-1.596738  -1.441426  0
-1.596738  -1.438338  0
-1.596738  -1.439529  0
-1.596738  -1.440099  0
-1.596738  -1.439563  0
-1.596738  -1.442598  0
-1.596738  -1.448073  0
-1.596738  -1.449983  0
-1.596738  -1.450058  0
-1.596738  -1.450985  0
-1.596738  -1.451916  0
-1.596738  -1.451443  0
-1.596738  -1.450827  0
-1.596738  -1.450484  0
-1.596738  -1.448644  0
-1.596738  -1.448601  0
-1.596738  -1.442526  0
-1.596738  -1.439969  0
-1.596738  -1.439890  0
-1.596738  -1.437148  0
-1.596738  -1.434461  0
-1.596738  -1.432795  0
-1.596738  -1.426769  0
-1.596738  -1.426840  0
-1.596738  -1.422916  0
-1.596738  -1.421560  0
-1.596738  -1.421517  0
-1.596738  -1.422121  0
-1.596738  -1.418201  0
-1.596738  -1.415659  0
-1.596738  -1.417114  0
-1.596738  -1.419037  0
-1.596738  -1.419576  0
-1.596738  -1.416572  0
-1.596738  -1.415499  0
-1.596738  -1.413101  0
-1.596738  -1.411062  0
-1.596738  -1.408049  0
-1.596738  -1.403332  0
-1.596738  -1.402405  0
-1.596738  -1.400362  0
-1.596738  -1.399459  0
-1.596738  -1.400375  0
-1.596738  -1.401446  0
-1.596738  -1.394561  0
-1.596738  -1.396339  0
-1.596738  -1.399626  0
-1.596738  -1.401604  0
-1.596738  -1.401521  0
-1.596738  -1.403606  0
-1.596738  -1.404618  0
-1.596738  -1.403497  0
-1.596738  -1.400620  0
-1.596738  -1.402644  0
-1.596738  -1.404531  0
-1.596738  -1.407014  0
-1.596738  -1.405555  0
-1.596738  -1.407518  0
-1.596738  -1.407294  0
-1.596738  -1.407225  0
-1.596738  -1.404343  0
-1.596738  -1.404860  0
-1.596738  -1.407557  0
-1.596738  -1.404325  0
-1.596738  -1.400137  0
-1.596738  -1.399896  0
-1.596738  -1.401365  0
-1.596738  -1.398278  0
-1.596738  -1.392660  0
-1.596738  -1.394278  0
-1.596738  -1.395985  0
-1.596738  -1.394873  0
-1.596738  -1.389529  0
-1.596738  -1.391325  0
-1.596738  -1.391786  0
-1.596738  -1.392643  0
-1.596738  -1.391169  0
-1.596738  -1.391166  0
-1.596738  -1.389166  0
-1.596738  -1.390058  0
-1.596738  -1.388734  0
-1.596738  -1.388559  0
-1.596738  -1.386822  0
-1.596738  -1.385137  0
-1.596738  -1.386144  0
-1.596738  -1.383960  0
-1.596738  -1.383329  0
-1.596738  -1.384037  0
-1.596738  -1.385582  0
-1.596738  -1.382136  0
-1.596738  -1.379450  0
-1.596738  -1.380920  0
-1.596738  -1.380390  0
-1.596738  -1.379327  0
-1.596738  -1.379530  0
-1.596738  -1.380902  0
-1.596738  -1.380536  0
-1.596738  -1.378650  0
-1.596738  -1.379909  0
-1.596738  -1.378345  0
-1.596738  -1.378161  0
-1.596738  -1.380288  0
-1.596738  -1.381953  0
-1.596738  -1.382296  0
-1.596738  -1.379975  0
-1.596738  -1.378784  0
-1.596738  -1.377722  0
-1.596738  -1.376965  0
-1.596738  -1.379249  0
-1.596738  -1.379566  0
-1.596738  -1.378579  0
-1.596738  -1.379229  0
-1.596738  -1.379825  0
-1.596738  -1.380272  0
-1.596738  -1.380559  0
-1.596738  -1.378085  0
-1.596738  -1.377436  0
-1.596738  -1.376838  0
-1.596738  -1.376818  0
-1.596738  -1.371632  0
-1.596738  -1.374239  0
-1.596738  -1.372982  0
-1.596738  -1.373501  0
-1.596738  -1.374137  0
-1.596738  -1.374190  0
-1.596738  -1.376773  0
-1.596738  -1.376876  0
-1.596738  -1.374974  0
-1.596738  -1.374814  0
-1.596738  -1.373427  0
-1.596738  -1.375148  0
-1.596738  -1.374324  0
-1.596738  -1.373983  0
-1.596738  -1.374018  0
-1.596738  -1.374704  0
-1.596738  -1.374029  0
-1.596738  -1.373317  0
-1.596738  -1.373634  0
-1.596738  -1.375021  0
-1.596738  -1.372592  0
-1.596738  -1.373447  0
-1.596738  -1.373914  0
-1.596738  -1.373429  0
-1.596738  -1.371571  0
-1.596738  -1.370977  0
-1.596738  -1.371305  0
-1.596738  -1.371796  0
-1.596738  -1.371251  0
-1.596738  -1.373611  0
-1.596738  -1.371477  0
-1.596738  -1.373346  0
-1.596738  -1.371082  0
-1.596738  -1.371008  0
-1.596738  -1.371251  0
-1.596738  -1.372058  0
-1.596738  -1.371410  0
-1.596738  -1.372748  0
-1.596738  -1.371922  0
-1.596738  -1.372470  0
-1.596738  -1.369473  0
-1.596738  -1.367977  0
-1.596738  -1.368805  0
-1.596738  -1.370531  0
-1.596738  -1.371863  0
-1.596738  -1.372470  0
-1.596738  -1.372247  0
-1.596738  -1.372593  0
-1.596738  -1.369772  0
-1.596738  -1.369675  0
-1.596738  -1.369369  0
-1.596738  -1.369267  0
-1.596738  -1.366406  0
-1.596738  -1.364836  0
-1.596738  -1.365157  0
-1.596738  -1.367522  0
-1.596738  -1.367584  0
0.903262  -1.366570  800
0.903262  -1.366456  800
0.903262  -1.364009  800
0.903262  -1.362771  800
0.903262  -1.359835  800
0.903262  -1.363722  800
0.903262  -1.363892  800
0.903262  -1.368346  800
0.903262  -1.366758  800
0.903262  -1.365432  800
0.903262  -1.363689  800
0.903262  -1.352116  800
0.903262  -1.396423  800
0.903262  -1.436864  800
0.903262  -1.421329  800
0.903262  -1.415530  800
0.903262  -1.369178  800
0.903262  -1.321993  800
0.903262  -1.302295  800
0.903262  -1.393011  800
0.903262  -1.292143  800
0.903262  -1.282837  800
0.903262  -1.171933  800
0.903262  -1.102143  800
0.903262  -1.101200  800
0.903262  -1.107445  800
0.903262  -1.137735  800
0.903262  -1.157520  800
0.903262  -0.918615  800
0.903262  -0.922161  800
0.903262  -0.910337  800
0.903262  -0.921748  800
0.903262  -0.916789  800
0.903262  -0.887177  800
0.903262  -0.822141  800
0.903262  -0.848406  800
0.903262  -0.843122  800
0.903262  -0.755365  800
0.903262  -0.747134  800
0.903262  -0.703228  800
0.903262  -0.663291  800
0.903262  -0.450779  800
0.903262  -0.377629  800
0.903262  -0.358038  800
0.903262  -0.375588  800
0.903262  -0.436452  800
0.903262  -0.425935  800
0.903262  -0.418902  800
0.903262  -0.275697  800
0.903262  -0.344067  800
0.903262  -0.312564  800
0.903262  -0.248018  800
0.903262  -0.261760  800
0.903262  -0.303776  800
0.903262  -0.220399  800
0.903262  -0.261983  800
0.903262  -0.226798  800
0.903262  -0.133071  800
0.903262  -0.083403  400
0.903262  0.001904  400
0.903262  0.024905  400
0.903262  0.041457  400
0.903262  0.069487  400
0.903262  0.051443  400
0.903262  0.015217  400
0.903262  0.014919  400
0.903262  0.119190  400
0.903262  0.174789  400
0.903262  0.300523  400
0.903262  0.382963  400
0.903262  0.265796  400
0.903262  0.266203  400
0.903262  0.329578  400
0.903262  0.410261  0
0.903262  0.440364  0
0.903262  0.420125  0
0.903262  0.389811  400
0.903262  0.377316  400
0.903262  0.398566  400
0.903262  0.404255  0
0.903262  0.403379  0
0.903262  0.396379  400
0.903262  0.415711  0
0.903262  0.491584  0
0.903262  0.520974  0
0.903262  0.527718  0
0.903262  0.560538  0
0.903262  0.552070  0
0.903262  0.526936  0
0.903262  0.590281  0
0.903262  0.633075  0
0.903262  0.637596  0
0.903262  0.665957  0
0.903262  0.679110  0
0.903262  0.708510  0
0.903262  0.655032  0
0.903262  0.634914  0
0.903262  0.644292  0
0.903262  0.670462  0
0.903262  0.677120  0
0.903262  0.656823  0
0.903262  0.656161  0
0.903262  0.674263  0
0.903262  0.696132  0
0.903262  0.715756  0
0.903262  0.717506  0
0.903262  0.701002  0
0.903262  0.677094  0
0.903262  0.699118  0
0.903262  0.744022  0
0.903262  0.781217  0
0.903262  0.751714  0
0.903262  0.764799  0
0.903262  0.745552  0
0.903262  0.786251  0
0.903262  0.790176  0
0.903262  0.807610  0
0.903262  0.835716  0
0.903262  0.840210  0
0.903262  0.827804  0
0.903262  0.852754  0
0.903262  0.834611  0
0.903262  0.833338  0
0.903262  0.844826  0
0.903262  0.853835  0
0.903262  0.870617  0
0.903262  0.863641  0
0.903262  0.868638  0
0.903262  0.880278  0
0.903262  0.899106  0
0.903262  0.936394  0
0.903262  0.904655  0
0.903262  0.906073  0
0.903262  0.886489  0
0.903262  0.925438  0
0.903262  0.924345  0
0.903262  0.900936  0
0.903262  0.863574  0
0.903262  0.895156  0
0.903262  0.946473  0
0.903262  0.962860  0
0.903262  0.947628  0
0.903262  0.913622  0
0.903262  0.893835  0
0.903262  0.872070  0
0.903262  0.875036  0
0.903262  0.887310  0
0.903262  0.914803  0
0.903262  0.910613  0
0.903262  0.870578  0
0.903262  0.862275  0
0.903262  0.878892  0
0.903262  0.879789  0
0.903262  0.903883  0
0.903262  0.911859  0
0.903262  0.918380  0
0.903262  0.921176  0
0.903262  0.902794  0
0.903262  0.915299  0
0.903262  0.934901  0
0.903262  0.950608  0
0.903262  0.953724  0
0.903262  0.973269  0
0.903262  0.969048  0
0.903262  0.952103  0
0.903262  0.915762  0
0.903262  0.913629  0
0.903262  0.925994  0
0.903262  0.927917  0
0.903262  0.940967  0
0.903262  0.955157  0
0.903262  0.952292  0
0.903262  0.956606  0
0.903262  0.926147  0
0.903262  0.953222  0
0.903262  0.957230  0
0.903262  0.957027  0
0.903262  0.947908  0
0.903262  0.959093  0
0.903262  0.975167  0
0.903262  0.968659  0
0.903262  0.980148  0
0.903262  0.989310  0
0.903262  0.987959  0
0.903262  0.985870  0
0.903262  0.973878  0
0.903262  0.956464  0
0.903262  0.936795  0
0.903262  0.941683  0
0.903262  0.950944  0
0.903262  0.957940  0
0.903262  0.984649  0
0.903262  0.992919  0
0.903262  1.006444  0
0.903262  1.017439  0
0.903262  1.004195  0
0.903262  0.988364  0
0.903262  0.964618  0
0.903262  0.959036  0
0.903262  0.977307  0
0.903262  0.974597  0
0.903262  0.976189  0
0.903262  0.989625  0
0.903262  0.997392  0
0.903262  1.007268  0
0.903262  0.990092  0
0.903262  0.987501  0
0.903262  0.980228  0
0.903262  0.981974  0
0.903262  0.972099  0
0.903262  0.951983  0
0.903262  0.935902  0
0.903262  0.940985  0
0.903262  0.935365  0
0.903262  0.949800  0
0.903262  0.957832  0
0.903262  0.977336  0
0.903262  0.987414  0
0.903262  0.986599  0
0.903262  0.984112  0
0.903262  0.987850  0
0.903262  0.970136  0
0.903262  0.952489  0
0.903262  0.925578  0
0.903262  0.922872  0
0.903262  0.929826  0
0.903262  0.950266  0
0.903262  0.978847  0
0.903262  0.988969  0
0.903262  0.984390  0
0.903262  0.961346  0
0.903262  0.962268  0
0.903262  0.960982  0
0.903262  0.953918  0
0.903262  0.936538  0
0.903262  0.921640  0
0.903262  0.929571  0
0.903262  0.948185  0
0.903262  0.947194  0
0.903262  0.943615  0
0.903262  0.947992  0
0.903262  0.940571  0
0.903262  0.950583  0
0.903262  0.963580  0
0.903262  0.963929  0
0.903262  0.953701  0
0.903262  0.938678  0
0.903262  0.952286  0
0.903262  0.977753  0
0.903262  0.989730  0
0.903262  0.988150  0
0.903262  0.996625  0
0.903262  0.993248  0
0.903262  0.980745  0
0.903262  0.970734  0
0.903262  0.961313  0
0.903262  0.960946  0
0.903262  0.959071  0
0.903262  0.971884  0
0.903262  0.986261  0
0.903262  0.984917  0
0.903262  0.978138  0
0.903262  0.965760  0
0.903262  0.964833  0
0.903262  0.967837  0
0.903262  0.969717  0
0.903262  0.976753  0
0.903262  0.973524  0
0.903262  0.969821  0
0.903262  0.977021  0
0.903262  0.972631  0
0.903262  0.966841  0
0.903262  0.974251  0
0.903262  0.993275  0
0.903262  1.009904  0
0.903262  1.015789  0
0.903262  1.021195  0
0.903262  1.015653  0
0.903262  1.004667  0
0.903262  0.989590  0
0.903262  0.965108  0
0.903262  0.949532  0
0.903262  0.954056  0
0.903262  0.961836  0
0.903262  0.968934  0
0.903262  0.982359  0
0.903262  0.991621  0
0.903262  0.994122  0
0.903262  1.001116  0
0.903262  1.004567  0
0.903262  1.007723  0
0.903262  1.003891  0
0.903262  0.995737  0
0.903262  0.986638  0
0.903262  0.981841  0
0.903262  0.982213  0
0.903262  0.980743  0
0.903262  0.977224  0
0.903262  0.967285  0
0.903262  0.956925  0
0.903262  0.952845  0
0.903262  0.955768  0
0.903262  0.958265  0
0.903262  0.960448  0
0.903262  0.955845  0
0.903262  0.955863  0
0.903262  0.958909  0
0.903262  0.962941  0
0.903262  0.961534  0
0.903262  0.956971  0
0.903262  0.956566  0
0.903262  0.955664  0
0.903262  0.959941  0
0.903262  0.965265  0
0.903262  0.971446  0
0.903262  0.973265  0
0.903262  0.974552  0
0.903262  0.972112  0
0.903262  0.977296  0
0.903262  0.981030  0
0.903262  0.987244  0
0.903262  0.992679  0
0.903262  0.995408  0
0.903262  0.992227  0
0.903262  0.989045  0
0.903262  0.989147  0
0.903262  0.989340  0
0.903262  0.988114  0
0.903262  0.989510  0
0.903262  0.999414  0
0.903262  0.999490  0
0.903262  1.003670  0
0.903262  1.000029  0
0.903262  0.999067  0
0.903262  0.994694  0
0.903262  0.994025  0
0.903262  0.999969  0
0.903262  1.003694  0
0.903262  1.004431  0
0.903262  1.001142  0
0.903262  0.996033  0
0.903262  0.992616  0
0.903262  0.991802  0
0.903262  0.989681  0
0.903262  0.986381  0
0.903262  0.984935  0
0.903262  0.985408  0
0.903262  0.987711  0
0.903262  0.987486  0
0.903262  0.989187  0
0.903262  0.989356  0
0.903262  0.988351  0
0.903262  0.988046  0
0.903262  0.986599  0
0.903262  0.989361  0
0.903262  0.989455  0
0.903262  0.993792  0
0.903262  1.001254  0
0.903262  1.010172  0
0.903262  1.017152  0
0.903262  1.022846  0
0.903262  1.027939  0
0.903262  1.027697  0
0.903262  1.027034  0
0.903262  1.022334  0
0.903262  1.010528  0
0.903262  1.006410  0
0.903262  1.006257  0
0.903262  1.006131  0
0.903262  1.006119  0
0.903262  1.004654  0
0.903262  1.006059  0
0.903262  1.010271  0
0.903262  1.012592  0
0.903262  1.016930  0
0.903262  1.018372  0
0.903262  1.019144  0
0.903262  1.020490  0
0.903262  1.018112  0
0.903262  1.020883  0
0.903262  1.023860  0
0.903262  1.025231  0
0.903262  1.019497  0
0.903262  1.014075  0
0.903262  1.005414  0
0.903262  1.007165  0
0.903262  1.006714  0
0.903262  1.006618  0
0.903262  1.005332  0
0.903262  1.007152  0
0.903262  1.010727  0
0.903262  1.015219  0
0.903262  1.019691  0
0.903262  1.022425  0
0.903262  1.022165  0
0.903262  1.023604  0
0.903262  1.025504  0
0.903262  1.029745  0
0.903262  1.032780  0
0.903262  1.033081  0
0.903262  1.037371  0
0.903262  1.038971  0
0.903262  1.040331  0
0.903262  1.039185  0
0.903262  1.037989  0
0.903262  1.039444  0
0.903262  1.038210  0
0.903262  1.037137  0
0.903262  1.033826  0
0.903262  1.031346  0
0.903262  1.033389  0
0.903262  1.031318  0
0.903262  1.031513  0
0.903262  1.029889  0
0.903262  1.028958  0
0.903262  1.025168  0
0.903262  1.026717  0
0.903262  1.026209  0
0.903262  1.027026  0
0.903262  1.027729  0
0.903262  1.029321  0
0.903262  1.031582  0
0.903262  1.034735  0
0.903262  1.034619  0
0.903262  1.032415  0
0.903262  1.030320  0
0.903262  1.030321  0
0.903262  1.030892  0
0.903262  1.026948  0
0.903262  1.024260  0
0.903262  1.023554  0
0.903262  1.021206  0
0.903262  1.021463  0
0.903262  1.019192  0
0.903262  1.018594  0
0.903262  1.018636  0
0.903262  1.019165  0
0.903262  1.018022  0
0.903262  1.018996  0
0.903262  1.017112  0
0.903262  1.017654  0
0.903262  1.018239  0
0.903262  1.020228  0
0.903262  1.019987  0
0.903262  1.020230  0
0.903262  1.019328  0
0.903262  1.022817  0
0.903262  1.023031  0
0.903262  1.024103  0
0.903262  1.024015  0
0.903262  1.026726  0
0.903262  1.026812  0
0.903262  1.029053  0
0.903262  1.030371  0
0.903262  1.029746  0
0.903262  1.028745  0
0.903262  1.031352  0
0.903262  1.030621  0
0.903262  1.030741  0
0.903262  1.031424  0
0.903262  1.030804  0
0.903262  1.031006  0
0.903262  1.029387  0
0.903262  1.031428  0
0.903262  1.031233  0
0.903262  1.033470  0
0.903262  1.033695  0
0.903262  1.034368  0
0.903262  1.034496  0
0.903262  1.034273  0
0.903262  1.033506  0
0.903262  1.036659  0
0.903262  1.035860  0
0.903262  1.037137  0
0.903262  1.036789  0
0.903262  1.038864  0
0.903262  1.038578  0
0.903262  1.035712  0
0.903262  1.035599  0
0.903262  1.037874  0
0.903262  1.038979  0
0.903262  1.038035  0
0.903262  1.038482  0
0.903262  1.039351  0
0.903262  1.040064  0
0.903262  1.038394  0
0.903262  1.036582  0
0.903262  1.039210  0
0.903262  1.038299  0
0.903262  1.037865  0
0.903262  1.038326  0
0.903262  1.041176  0
0.903262  1.040134  0
0.903262  1.040634  0
0.903262  1.040821  0
0.903262  1.042237  0
0.903262  1.041557  0
0.903262  1.043841  0
0.903262  1.045578  0
0.903262  1.045044  0
0.903262  1.042903  0
0.903262  1.043926  0
0.903262  1.043229  0
0.903262  1.044975  0
0.903262  1.044553  0
0.903262  1.044938  0
0.903262  1.046048  0
0.903262  1.048511  0
0.903262  1.048418  0
0.903262  1.047405  0
0.903262  1.048269  0
0.903262  1.048260  0
0.903262  1.048739  0
0.903262  1.047095  0
0.903262  1.049125  0
0.903262  1.050891  0
0.903262  1.049610  0
0.903262  1.049863  0
0.903262  1.048915  0
0.903262  1.050738  0
0.903262  1.050350  0
0.903262  1.050457  0
0.903262  1.049554  0
0.903262  1.049002  0
0.903262  1.050995  0
0.903262  1.050244  0
0.903262  1.050422  0
0.903262  1.051045  0
0.903262  1.051882  0
0.903262  1.051599  0
0.903262  1.051659  0
0.903262  1.051363  0
0.903262  1.052499  0
0.903262  1.053558  0
0.903262  1.052760  0
0.903262  1.054556  0
0.903262  1.052934  0
0.903262  1.052900  0
0.903262  1.055833  0
0.903262  1.054859  0
0.903262  1.053151  0
0.903262  1.053676  0
0.903262  1.052557  0
0.903262  1.049059  0
0.903262  1.052568  0
0.903262  1.054697  0
0.903262  1.054851  0
0.903262  1.057041  0
0.903262  1.057962  0
0.903262  1.057751  0
0.903262  1.054605  0
0.903262  1.055089  0
0.903262  1.057649  0
0.903262  1.058024  0
0.903262  1.059095  0
0.903262  1.058610  0
0.903262  1.059424  0
0.903262  1.058170  0
0.903262  1.058568  0
0.903262  1.058120  0
0.903262  1.059811  0
0.903262  1.060849  0
0.903262  1.061389  0
0.903262  1.061632  0
0.903262  1.062312  0
0.903262  1.061264  0
0.903262  1.061181  0
0.903262  1.060359  0
0.903262  1.058162  0
0.903262  1.059953  0
0.903262  1.061586  0
0.903262  1.060785  0
0.903262  1.061797  0
0.903262  1.062528  0
0.903262  1.061513  0
0.903262  1.061872  0
0.903262  1.063783  0
0.903262  1.067373  0
0.903262  1.067439  0
0.903262  1.064704  0
0.903262  1.061426  0
0.903262  1.062749  0
0.903262  1.061776  0
0.903262  1.062789  0
0.903262  1.061147  0
0.903262  1.063821  0
0.903262  1.062718  0
0.903262  1.063839  0
0.903262  1.063491  0
0.903262  1.063828  0
0.903262  1.061613  0
0.903262  1.061530  0
0.903262  1.059831  0
0.903262  1.061291  0
0.903262  1.061687  0
0.903262  1.062650  0
0.903262  1.062701  0
0.903262  1.064159  0
0.903262  1.063119  0
0.903262  1.063122  0
0.903262  1.062235  0
0.903262  1.063382  0
0.903262  1.062586  0
0.903262  1.061587  0
0.903262  1.062433  0
0.903262  1.062875  0
0.903262  1.064384  0
0.903262  1.064463  0
0.903262  1.061585  0
0.903262  1.062471  0
0.903262  1.063308  0
0.903262  1.063641  0
0.903262  1.064006  0
0.903262  1.065106  0
0.903262  1.063776  0
0.903262  1.061668  0
0.903262  1.061007  0
0.903262  1.063245  0
0.903262  1.062238  0
0.903262  1.061011  0
0.903262  1.062061  0
0.903262  1.062912  0
0.903262  1.063012  0
0.903262  1.063583  0
0.903262  1.063113  0
0.903262  1.064801  0
0.903262  1.064155  0
0.903262  1.065907  0
0.903262  1.062661  0
0.903262  1.064154  0
0.903262  1.064391  0
0.903262  1.066168  0
0.903262  1.065239  0
0.903262  1.064929  0
0.903262  1.065527  0
0.903262  1.064659  0
0.903262  1.064634  0
0.903262  1.066282  0
0.903262  1.065437  0
0.903262  1.064120  0
0.903262  1.061856  0
0.903262  1.064668  0
0.903262  1.067137  0
0.903262  1.065229  0
0.903262  1.064751  0
0.903262  1.064811  0
0.903262  1.064582  0
0.903262  1.065170  0
0.903262  1.065048  0
0.903262  1.064176  0
0.903262  1.065331  0
0.903262  1.064969  0
0.903262  1.065167  0
0.903262  1.065678  0
0.903262  1.064502  0
0.903262  1.065276  0
0.903262  1.065358  0
0.903262  1.066172  0
0.903262  1.065383  0
0.903262  1.063889  0
0.903262  1.064437  0
0.903262  1.063424  0
0.903262  1.066519  0
0.903262  1.065197  0
0.903262  1.065422  0
0.903262  1.067517  0
0.903262  1.067262  0
0.903262  1.067569  0
0.903262  1.067005  0
0.903262  1.067577  0
0.903262  1.066221  0
0.903262  1.065337  0
0.903262  1.064305  0
0.903262  1.065413  0
0.903262  1.067003  0
0.903262  1.068047  0
0.903262  1.068604  0
0.903262  1.068003  0
0.903262  1.067796  0
0.903262  1.067300  0
0.903262  1.067860  0
0.903262  1.067521  0
0.903262  1.070828  0
0.903262  1.068829  0
0.903262  1.065764  0
0.903262  1.066305  0
0.903262  1.066285  0
0.903262  1.067171  0
0.903262  1.066960  0
0.903262  1.067080  0
0.903262  1.067684  0
0.903262  1.066344  0
0.903262  1.066478  0
0.903262  1.065670  0
0.903262  1.066998  0
0.903262  1.066670  0
0.903262  1.067026  0
0.903262  1.066324  0
0.903262  1.066635  0
0.903262  1.068705  0
0.903262  1.066542  0
0.903262  1.067057  0
0.903262  1.067266  0
0.903262  1.067935  0
0.903262  1.067329  0
0.903262  1.066434  0
0.903262  1.066163  0
0.903262  1.067464  0
0.903262  1.065523  0
0.903262  1.067166  0
0.903262  1.066806  0
0.903262  1.066407  0
0.903262  1.065658  0
0.903262  1.066146  0
0.903262  1.068818  0
0.903262  1.069043  0
0.903262  1.069098  0
0.903262  1.070044  0
0.903262  1.071825  0
0.903262  1.071091  0
0.903262  1.070395  0
0.903262  1.067941  0
0.903262  1.070720  0
0.903262  1.069369  0
0.903262  1.069178  0
0.903262  1.069077  0
0.903262  1.071394  0
0.903262  1.070884  0
0.903262  1.071405  0
0.903262  1.069856  0
0.903262  1.071753  0
0.903262  1.070434  0
0.903262  1.069814  0
0.903262  1.069442  0
0.903262  1.070834  0
0.903262  1.071037  0
0.903262  1.070842  0
0.903262  1.071010  0
0.903262  1.069828  0
0.903262  1.070160  0
0.903262  1.070420  0
0.903262  1.070913  0
0.903262  1.070754  0
0.903262  1.071191  0
0.903262  1.070775  0
0.903262  1.070261  0
0.903262  1.068877  0
0.903262  1.067465  0
0.903262  1.068323  0
0.903262  1.068641  0
0.903262  1.068602  0
0.903262  1.067015  0
0.903262  1.069017  0
0.903262  1.067487  0
0.903262  1.067556  0
0.903262  1.067954  0
0.903262  1.069309  0
0.903262  1.067995  0
0.903262  1.067692  0
0.903262  1.067059  0
0.903262  1.068462  0
0.903262  1.068033  0
0.903262  1.067361  0
0.903262  1.067350  0
0.903262  1.069070  0
0.903262  1.067776  0
0.903262  1.068821  0
0.903262  1.067616  0
0.903262  1.067398  0
0.903262  1.066714  0
0.903262  1.064985  0
0.903262  1.065041  0
0.903262  1.065243  0
0.903262  1.066871  0
0.903262  1.066406  0
0.903262  1.067932  0
0.903262  1.068718  0
0.903262  1.067947  0
0.903262  1.066071  0
0.903262  1.065233  0
0.903262  1.066342  0
0.903262  1.065425  0
0.903262  1.062815  0
0.903262  1.064975  0
0.903262  1.066880  0
0.903262  1.066726  0
0.903262  1.068094  0
0.903262  1.065744  0
0.903262  1.067596  0
0.903262  1.067539  0
0.903262  1.066510  0
0.903262  1.066056  0
0.903262  1.066164  0
0.903262  1.065631  0
0.903262  1.065234  0
0.903262  1.065483  0
0.903262  1.067074  0
0.903262  1.066814  0
0.903262  1.066808  0
0.903262  1.066224  0
0.903262  1.067510  0
0.903262  1.066424  0
0.903262  1.066731  0
0.903262  1.065720  0
0.903262  1.067671  0
0.903262  1.068099  0
0.903262  1.067796  0
0.903262  1.068107  0
0.903262  1.068627  0
0.903262  1.069221  0
0.903262  1.070010  0
0.903262  1.069495  0
0.903262  1.071143  0
0.903262  1.069871  0
0.903262  1.068622  0
0.903262  1.071163  0
0.903262  1.072517  0
0.903262  1.072626  0
0.903262  1.072891  0
0.903262  1.071807  0
0.903262  1.071071  0
0.903262  1.072638  0
0.903262  1.070419  0
0.903262  1.071358  0
0.903262  1.070170  0
0.903262  1.072277  0
0.903262  1.071546  0
0.903262  1.070864  0
0.903262  1.070145  0
0.903262  1.070893  0
0.903262  1.070102  0
0.903262  1.070400  0
0.903262  1.073323  0
0.903262  1.073283  0
0.903262  1.071602  0
0.903262  1.071589  0
0.903262  1.073406  0
0.903262  1.071951  0
0.903262  1.073336  0
0.903262  1.072773  0
0.903262  1.074801  0
0.903262  1.075133  0
0.903262  1.074324  0
0.903262  1.073806  0
0.903262  1.073906  0
0.903262  1.073513  0
0.903262  1.072987  0
0.903262  1.075854  0
0.903262  1.075866  0
0.903262  1.073552  0
0.903262  1.074350  0
0.903262  1.075488  0
0.903262  1.075891  0
0.903262  1.076090  0
0.903262  1.074589  0
0.903262  1.076770  0
0.903262  1.075220  0
0.903262  1.075777  0
0.903262  1.074481  0
0.903262  1.076277  0
0.903262  1.075593  0
0.903262  1.076714  0
0.903262  1.075225  0
0.903262  1.075640  0
0.903262  1.074918  0
0.903262  1.073707  0
0.903262  1.073340  0
0.903262  1.074697  0
0.903262  1.075563  0
0.903262  1.075204  0
0.903262  1.074762  0
0.903262  1.074919  0
0.903262  1.076876  0
0.903262  1.076163  0
0.903262  1.078058  0
0.903262  1.076728  0
0.903262  1.077767  0
0.903262  1.076177  0
0.903262  1.076101  0
0.903262  1.077026  0
0.903262  1.076824  0
0.903262  1.075571  0
0.903262  1.076372  0
0.903262  1.077079  0
0.903262  1.076042  0
0.903262  1.075279  0
0.903262  1.073578  0
0.903262  1.076495  0
0.903262  1.075639  0
0.903262  1.075015  0
0.903262  1.075251  0
0.903262  1.075452  0
0.903262  1.074607  0
0.903262  1.074665  0
0.903262  1.073996  0
0.903262  1.073396  0
0.903262  1.074839  0
0.903262  1.076451  0
0.903262  1.077151  0
0.903262  1.076989  0
0.903262  1.078439  0
0.903262  1.080063  0
0.903262  1.078754  0
0.903262  1.078005  0
0.903262  1.077661  0
0.903262  1.079424  0
0.903262  1.079788  0
0.903262  1.080215  0
0.903262  1.080530  0
0.903262  1.079536  0
0.903262  1.079722  0
0.903262  1.077192  0
0.903262  1.075925  0
0.903262  1.075946  0
0.903262  1.077342  0
0.903262  1.074613  0
0.903262  1.075081  0
0.903262  1.074525  0
0.903262  1.075688  0
0.903262  1.074561  0
0.903262  1.073116  0
0.903262  1.074920  0
0.903262  1.076480  0
0.903262  1.076707  0
0.903262  1.076495  0
0.903262  1.077701  0
0.903262  1.075336  0
0.903262  1.075642  0
0.903262  1.076262  0
0.903262  1.078146  0
0.903262  1.077543  0
0.903262  1.078833  0
0.903262  1.078421  0
0.903262  1.078814  0
0.903262  1.077619  0
0.903262  1.078398  0
0.903262  1.076927  0
0.903262  1.077992  0
0.903262  1.079251  0
0.903262  1.078875  0
0.903262  1.079558  0
0.903262  1.080580  0
0.903262  1.080758  0
0.903262  1.079863  0
0.903262  1.079907  0
0.903262  1.081441  0
0.903262  1.082710  0
0.903262  1.081501  0
0.903262  1.081704  0
0.903262  1.083467  0
0.903262  1.081394  0
0.903262  1.081369  0
0.903262  1.077755  0
0.903262  1.077993  0
0.903262  1.079513  0
0.903262  1.078675  0
0.903262  1.078114  0
0.903262  1.078263  0
0.903262  1.080348  0
0.903262  1.079563  0
0.903262  1.079570  0
0.903262  1.079521  0
0.903262  1.080622  0
0.903262  1.080693  0
0.903262  1.079186  0
0.903262  1.080766  0
0.903262  1.079577  0
0.903262  1.079507  0
0.903262  1.079839  0
0.903262  1.078896  0
0.903262  1.078791  0
0.903262  1.080117  0
0.903262  1.078592  0
0.903262  1.079297  0
0.903262  1.077756  0
0.903262  1.078378  0
0.903262  1.077861  0
0.903262  1.078432  0
0.903262  1.080999  0
0.903262  1.081104  0
0.903262  1.080359  0
0.903262  1.082423  0
0.903262  1.081204  0
0.903262  1.082736  0
0.903262  1.080972  0
0.903262  1.081522  0
0.903262  1.081028  0
0.903262  1.079714  0
0.903262  1.081008  0
0.903262  1.079798  0
0.903262  1.079047  0
0.903262  1.079596  0
0.903262  1.079637  0
0.903262  1.081106  0
0.903262  1.081275  0
0.903262  1.080620  0
0.903262  1.081383  0
0.903262  1.081589  0
0.903262  1.080347  0
0.903262  1.080507  0
0.903262  1.079036  0
0.903262  1.079207  0
0.903262  1.079539  0
0.903262  1.080027  0
0.903262  1.080929  0
0.903262  1.082347  0
0.903262  1.082342  0
0.903262  1.083504  0
0.903262  1.082460  0
0.903262  1.084282  0
0.903262  1.084194  0
0.903262  1.083118  0
0.903262  1.082844  0
0.903262  1.082708  0
0.903262  1.081439  0
0.903262  1.081335  0
0.903262  1.080543  0
0.903262  1.081443  0
0.903262  1.083884  0
0.903262  1.083754  0
0.903262  1.081979  0
0.903262  1.083701  0
0.903262  1.084339  0
0.903262  1.083867  0
0.903262  1.082355  0
0.903262  1.081168  0
0.903262  1.082164  0
0.903262  1.081964  0
0.903262  1.083115  0
0.903262  1.082978  0
0.903262  1.082995  0
0.903262  1.084805  0
0.903262  1.084215  0
0.903262  1.084067  0
0.903262  1.084396  0
0.903262  1.085118  0
0.903262  1.083954  0
0.903262  1.084546  0
0.903262  1.085954  0
0.903262  1.087252  0
0.903262  1.085369  0
0.903262  1.086418  0
0.903262  1.083505  0
0.903262  1.086229  0
0.903262  1.086681  0
0.903262  1.087217  0
0.903262  1.086891  0
0.903262  1.087655  0
0.903262  1.086725  0
0.903262  1.086624  0
0.903262  1.086448  0
0.903262  1.086269  0
0.903262  1.085657  0
0.903262  1.085808  0
0.903262  1.086633  0
0.903262  1.085446  0
0.903262  1.085387  0
0.903262  1.084993  0
0.903262  1.085119  0
0.903262  1.084867  0
0.903262  1.086758  0
0.903262  1.087116  0
0.903262  1.085795  0
0.903262  1.087706  0
0.903262  1.088306  0
0.903262  1.087195  0
0.903262  1.087340  0
0.903262  1.086863  0
0.903262  1.088001  0
0.903262  1.089755  0
0.903262  1.091079  0
0.903262  1.092956  0
0.903262  1.092719  0
0.903262  1.091821  0
0.903262  1.091306  0
0.903262  1.091830  0
0.903262  1.089728  0
0.903262  1.091701  0
0.903262  1.090274  0
0.903262  1.089845  0
0.903262  1.091877  0
0.903262  1.091196  0
0.903262  1.093590  0
0.903262  1.090478  0
0.903262  1.089655  0
0.903262  1.091394  0
0.903262  1.091305  0
0.903262  1.090914  0
0.903262  1.090467  0
0.903262  1.091126  0
0.903262  1.092371  0
0.903262  1.090185  0
0.903262  1.089748  0
0.903262  1.091474  0
0.903262  1.089247  0
0.903262  1.090342  0
0.903262  1.089792  0
0.903262  1.091292  0
0.903262  1.089704  0
0.903262  1.089919  0
0.903262  1.089835  0
0.903262  1.091746  0
0.903262  1.089895  0
0.903262  1.090586  0
0.903262  1.090922  0
0.903262  1.091867  0
0.903262  1.091539  0
0.903262  1.092004  0
0.903262  1.090893  0
0.903262  1.092751  0
0.903262  1.090668  0
0.903262  1.090669  0
0.903262  1.090423  0
0.903262  1.090598  0
0.903262  1.090899  0
0.903262  1.089735  0
0.903262  1.089100  0
0.903262  1.091091  0
0.903262  1.090512  0
0.903262  1.088621  0
0.903262  1.089269  0
0.903262  1.089992  0
0.903262  1.089169  0
0.903262  1.088372  0
0.903262  1.087264  0
0.903262  1.085580  0
0.903262  1.087678  0
0.903262  1.087990  0
0.903262  1.088379  0
0.903262  1.088089  0
0.903262  1.089510  0
0.903262  1.091004  0
0.903262  1.091866  0
0.903262  1.091072  0
0.903262  1.088124  0
0.903262  1.090358  0
0.903262  1.089867  0
0.903262  1.090929  0
0.903262  1.090608  0
0.903262  1.090272  0
0.903262  1.090162  0
0.903262  1.091342  0
0.903262  1.090236  0
0.903262  1.092317  0
0.903262  1.091452  0
0.903262  1.090872  0
0.903262  1.090717  0
0.903262  1.090551  0
0.903262  1.091323  0
0.903262  1.089188  0
0.903262  1.090440  0
0.903262  1.090282  0
0.903262  1.092763  0
0.903262  1.093378  0
0.903262  1.090919  0
0.903262  1.090438  0
0.903262  1.089429  0
0.903262  1.089175  0
0.903262  1.088910  0
0.903262  1.088879  0
0.903262  1.090975  0
0.903262  1.091307  0
0.903262  1.089674  0
0.903262  1.090879  0
0.903262  1.092631  0
0.903262  1.091652  0
0.903262  1.090152  0
0.903262  1.089451  0
0.903262  1.090951  0
0.903262  1.091617  0
0.903262  1.088142  0
0.903262  1.089309  0
0.903262  1.090269  0
0.903262  1.090286  0
0.903262  1.091700  0
0.903262  1.091547  0
0.903262  1.092517  0
0.903262  1.091977  0
0.903262  1.092069  0
0.903262  1.091376  0
0.903262  1.090340  0
0.903262  1.090471  0
0.903262  1.090080  0
0.903262  1.090515  0
0.903262  1.090432  0
0.903262  1.092023  0
0.903262  1.089623  0
0.903262  1.088733  0
0.903262  1.089874  0
0.903262  1.091780  0
0.903262  1.092074  0
0.903262  1.091113  0
0.903262  1.090695  0
0.903262  1.091655  0
0.903262  1.093023  0
0.903262  1.092939  0
0.903262  1.093302  0
0.903262  1.092090  0
0.903262  1.093141  0
0.903262  1.094712  0
0.903262  1.093285  0
0.903262  1.095818  0
0.903262  1.095239  0
0.903262  1.095566  0
0.903262  1.095588  0
0.903262  1.095883  0
0.903262  1.098075  0
0.903262  1.095435  0
0.903262  1.094914  0
0.903262  1.092516  0
0.903262  1.095230  0
0.903262  1.094951  0
0.903262  1.095929  0
0.903262  1.094600  0
0.903262  1.096403  0
0.903262  1.097071  0
0.903262  1.096816  0
0.903262  1.098600  0
0.903262  1.099111  0
0.903262  1.098063  0
0.903262  1.096953  0
0.903262  1.097838  0
0.903262  1.098372  0
0.903262  1.098043  0
0.903262  1.097252  0
0.903262  1.097124  0
0.903262  1.096192  0
0.903262  1.098589  0
0.903262  1.098078  0
0.903262  1.098128  0
0.903262  1.097995  0
0.903262  1.100151  0
0.903262  1.098508  0
0.903262  1.097243  0
0.903262  1.097135  0
0.903262  1.097078  0
0.903262  1.097845  0
0.903262  1.096879  0
0.903262  1.097077  0
0.903262  1.095674  0
0.903262  1.097038  0
0.903262  1.097052  0
0.903262  1.095583  0
0.903262  1.094375  0
0.903262  1.096339  0
0.903262  1.096423  0
0.903262  1.094354  0
0.903262  1.094549  0
0.903262  1.096162  0
0.903262  1.094466  0
0.903262  1.094354  0
0.903262  1.096270  0
0.903262  1.096483  0
0.903262  1.096249  0
0.903262  1.095869  0
0.903262  1.094963  0
0.903262  1.094677  0
0.903262  1.094284  0
0.903262  1.093966  0
0.903262  1.094346  0
0.903262  1.094085  0
0.903262  1.095338  0
0.903262  1.095744  0
0.903262  1.094525  0
0.903262  1.095649  0
0.903262  1.094182  0
0.903262  1.093466  0
0.903262  1.094290  0
0.903262  1.093593  0
0.903262  1.094077  0
0.903262  1.094001  0
0.903262  1.094471  0
0.903262  1.095257  0
0.903262  1.095812  0
0.903262  1.095402  0
0.903262  1.094827  0
0.903262  1.096532  0
0.903262  1.095821  0
0.903262  1.094835  0
0.903262  1.095509  0
0.903262  1.098042  0
0.903262  1.097911  0
0.903262  1.097683  0
0.903262  1.097436  0
0.903262  1.096388  0
0.903262  1.095620  0
0.903262  1.096096  0
0.903262  1.094148  0
0.903262  1.093286  0
0.903262  1.093595  0
0.903262  1.095355  0
0.903262  1.096842  0
0.903262  1.096558  0
0.903262  1.095596  0
0.903262  1.098392  0
0.903262  1.097963  0
0.903262  1.097175  0
0.903262  1.098511  0
0.903262  1.097077  0
0.903262  1.099791  0
0.903262  1.097846  0
0.903262  1.097390  0
0.903262  1.098889  0
0.903262  1.099919  0
0.903262  1.100891  0
0.903262  1.099509  0
0.903262  1.098149  0
0.903262  1.097924  0
0.903262  1.097791  0
0.903262  1.097448  0
0.903262  1.098283  0
0.903262  1.097465  0
0.903262  1.096749  0
0.903262  1.098466  0
0.903262  1.098533  0
0.903262  1.098785  0
0.903262  1.098750  0
0.903262  1.098421  0
0.903262  1.099475  0
0.903262  1.098075  0
0.903262  1.097850  0
0.903262  1.097236  0
0.903262  1.097905  0
0.903262  1.099351  0
0.903262  1.099029  0
0.903262  1.099212  0
0.903262  1.099381  0
0.903262  1.098987  0
0.903262  1.098247  0
0.903262  1.097683  0
0.903262  1.098453  0
0.903262  1.098464  0
0.903262  1.098029  0
0.903262  1.097728  0
0.903262  1.097647  0
0.903262  1.099069  0
0.903262  1.098835  0
0.903262  1.097745  0
0.903262  1.098617  0
0.903262  1.099002  0
0.903262  1.098932  0
0.903262  1.098925  0
