mode yawCmd rudderSet rudderIs gpsCourse gpsSpeed cY cW cWd mY mW mWd accGyroCount magCount psid psiTilde rTilde integralPsiTilde rudderMoment tauFF 
1  0.000000  1.215868  1.215868  15330317382214218176499884585389839424188864935591598570309312131897463723963223580067277182913780908179787270732298926964098698413850802384115338456652375884139127297122650430105348678982356876124476738806577576289271965298155702257986292955349802555956889240207360.000000  0.000000 0.000000  0.000000  0.000000  0.000000  0.000000  0.000000 446 219 0.000000  0.000000  0.000000  0.000000  0.000000  0.000000 
1  0.000000  1.218711  1.218711  15330317382214218176499884585389839424188864935591598570309312131897463723963223580067277182913780908179787270732298926964098698413850802384115338456652375884139127297122650430105348678982356876124476738806577576289271965298155702257986292955349802555956889240207360.000000  0.000000 0.000000  0.000000  0.000000  0.000000  0.000000  0.000000 25 13 0.000000  0.000000  0.000000  0.000000  0.000000  0.000000 
1  0.000000  1.219040  1.219040  15330317382214218176499884585389839424188864935591598570309312131897463723963223580067277182913780908179787270732298926964098698413850802384115338456652375884139127297122650430105348678982356876124476738806577576289271965298155702257986292955349802555956889240207360.000000  0.000000 0.000000  0.000000  0.000000  0.000000  0.000000  0.000000 25 12 0.000000  0.000000  0.000000  0.000000  0.000000  0.000000 
1  0.000000  1.219294  1.219294  15330317382214218176499884585389839424188864935591598570309312131897463723963223580067277182913780908179787270732298926964098698413850802384115338456652375884139127297122650430105348678982356876124476738806577576289271965298155702257986292955349802555956889240207360.000000  0.000000 0.000000  0.000000  0.000000  0.000000  0.000000  0.000000 25 13 0.000000  0.000000  0.000000  0.000000  0.000000  0.000000 
1  0.000000  1.220338  1.220338  15330317382214218176499884585389839424188864935591598570309312131897463723963223580067277182913780908179787270732298926964098698413850802384115338456652375884139127297122650430105348678982356876124476738806577576289271965298155702257986292955349802555956889240207360.000000  0.000000 0.000000  0.000000  0.000000  0.000000  0.000000  0.000000 25 12 0.000000  0.000000  0.000000  0.000000  0.000000  0.000000 
1  0.000000  1.218733  1.218733  15330317382214218176499884585389839424188864935591598570309312131897463723963223580067277182913780908179787270732298926964098698413850802384115338456652375884139127297122650430105348678982356876124476738806577576289271965298155702257986292955349802555956889240207360.000000  0.000000 0.000000  0.000000  0.000000  0.000000  0.000000  0.000000 25 12 0.000000  0.000000  0.000000  0.000000  0.000000  0.000000 
1  0.000000  1.219450  1.219355  15330317382214218176499884585389839424188864935591598570309312131897463723963223580067277182913780908179787270732298926964098698413850802384115338456652375884139127297122650430105348678982356876124476738806577576289271965298155702257986292955349802555956889240207360.000000  0.000000 0.000000  0.000000  0.000000  0.000000  0.000000  0.000000 25 13 0.000000  0.000000  0.000000  0.000000  0.000000  0.000000 
1  0.000000  1.218985  1.218985  15330317382214218176499884585389839424188864935591598570309312131897463723963223580067277182913780908179787270732298926964098698413850802384115338456652375884139127297122650430105348678982356876124476738806577576289271965298155702257986292955349802555956889240207360.000000  0.000000 0.000000  0.000000  0.000000  0.000000  0.000000  0.000000 25 12 0.000000  0.000000  0.000000  0.000000  0.000000  0.000000 
1  0.000000  1.219078  1.219078  15330317382214218176499884585389839424188864935591598570309312131897463723963223580067277182913780908179787270732298926964098698413850802384115338456652375884139127297122650430105348678982356876124476738806577576289271965298155702257986292955349802555956889240207360.000000  0.000000 0.000000  0.000000  0.000000  0.000000  0.000000  0.000000 25 13 0.000000  0.000000  0.000000  0.000000  0.000000  0.000000 
1  0.000000  1.219483  1.219483  15330317382214218176499884585389839424188864935591598570309312131897463723963223580067277182913780908179787270732298926964098698413850802384115338456652375884139127297122650430105348678982356876124476738806577576289271965298155702257986292955349802555956889240207360.000000  0.000000 0.000000  0.000000  0.000000  0.000000  0.000000  0.000000 25 12 0.000000  0.000000  0.000000  0.000000  0.000000  0.000000 
1  0.000000  1.218333  1.218333  15330317382214218176499884585389839424188864935591598570309312131897463723963223580067277182913780908179787270732298926964098698413850802384115338456652375884139127297122650430105348678982356876124476738806577576289271965298155702257986292955349802555956889240207360.000000  0.000000 0.000000  0.000000  0.000000  0.000000  0.000000  0.000000 25 13 0.000000  0.000000  0.000000  0.000000  0.000000  0.000000 
1  0.000000  1.219725  1.219725  12.120000  0.230000 148.576310  -965178906196632192.000000  -3249104625901787648.000000  350.027261  -456443032969005248.000000  -1685241911385105152.000000 25 12 0.000000  0.000000  0.000000  0.000000  0.000000  0.000000 
1  148.576310  1.218775  1.218775  12.120000  0.230000 333.072486  -343674775294027328.000000  2195929256352354048.000000  32.517230  -757266441564419968.000000  -2076698609966791936.000000 25 12 148.576310  0.000000  0.000000  0.000000  0.000000  0.000000 
1  333.072486  1.218201  1.218201  12.120000  0.230000 174.572099  -476676587791065664.000000  -96699357822335264.000000  146.321078  -661253437694576384.000000  -1057625803528391808.000000 25 13 333.072486  0.000000  0.000000  0.000000  0.000000  0.000000 
1  174.572099  1.218358  1.218358  12.120000  0.230000 97.203830  -1271641857814353152.000000  -938021073185993856.000000  10.288173  -794691485411549184.000000  -1209586141957319424.000000 25 12 174.572099  0.000000  0.000000  0.000000  0.000000  0.000000 
1  97.203830  1.218925  1.218925  12.120000  0.230000 350.191602  -1004129205872397824.000000  -2652405084502616576.000000  108.858027  -860168871114319744.000000  -1012007617597107584.000000 25 12 97.203830  0.000000  0.000000  0.000000  0.000000  0.000000 
1  350.191602  1.218561  1.218561  12.120000  0.230000 281.390679  -885731023790488960.000000  -850392296707406464.000000  8.355446  -751493048168812928.000000  -435861672302868608.000000 25 13 350.191602  0.000000  0.000000  0.000000  0.000000  0.000000 
1  281.390679  1.220541  1.220541  12.120000  0.230000 17.773144  -957268889273627904.000000  -284517223307560864.000000  202.069676  -580840919674385664.000000  174270999776844032.000000 25 12 281.390679  0.000000  0.000000  0.000000  0.000000  0.000000 
1  17.773144  1.218602  1.219242  12.120000  0.230000 242.416223  -864890948274324480.000000  -577898840348936576.000000  269.636786  -697457207777044864.000000  -350732419344493056.000000 25 12 17.773144  0.000000  0.000000  0.000000  0.000000  0.000000 
1  242.416223  1.218836  1.218836  12.120000  0.230000 310.016717  -551862154566307072.000000  2090506524352272640.000000  272.412892  -703762156933757696.000000  -264345603101245792.000000 25 13 242.416223  0.000000  0.000000  0.000000  0.000000  0.000000 
1  310.016717  1.220169  1.220169  12.120000  0.230000 40.013449  -1033996687785057792.000000  -1670220284559525120.000000  272.161788  -693336278972428672.000000  -167835717576510368.000000 25 12 310.016717  0.000000  0.000000  0.000000  0.000000  0.000000 
1  40.013449  1.219110  1.219110  287.149994  0.390000 250.806563  -729536333192845312.000000  -232294342591469504.000000  182.445922  -719070490626172672.000000  -269403369109873152.000000 25 13 40.013449  0.000000  0.000000  0.000000  0.000000  0.000000 
1  250.806563  1.218480  1.218480  287.149994  0.390000 217.084105  -390796543692965568.000000  1643165928818021888.000000  250.589665  -674727225290220416.000000  36896847597428584.000000 25 12 250.806563  0.000000  0.000000  0.000000  0.000000  0.000000 
1  217.084105  1.218874  1.219066  287.149994  0.390000 315.624695  -361995740151815296.000000  -478965591527086784.000000  191.918817  -720438425277041152.000000  -115020049424028464.000000 25 12 217.084105  0.000000  0.000000  0.000000  0.000000  0.000000 
1  315.624695  1.219084  1.219084  287.149994  0.390000 285.057285  -795459328134602496.000000  -205447157615758912.000000  135.453743  -782372299719111424.000000  -248329428395033472.000000 25 13 315.624695  0.000000  0.000000  0.000000  0.000000  0.000000 
1  285.057285  1.218311  1.218311  287.149994  0.390000 240.165926  -666629215238129152.000000  -124844454156054640.000000  149.397800  -680166543191862400.000000  111690114398106320.000000 25 12 285.057285  0.000000  0.000000  0.000000  0.000000  0.000000 
1  240.165926  1.218425  1.218425  287.149994  0.390000 235.276590  -725054156812690048.000000  -1067378101092167680.000000  62.324426  -707090784284768256.000000  102081543391396528.000000 25 12 240.165926  0.000000  0.000000  0.000000  0.000000  0.000000 
1  235.276590  1.217328  1.217328  287.149994  0.390000 288.068006  -698982587497115136.000000  18869244588273136.000000  260.595183  -646177081819084416.000000  322163403407849600.000000 25 13 235.276590  0.000000  0.000000  0.000000  0.000000  0.000000 
1  288.068006  1.218911  1.218911  287.149994  0.390000 139.796743  -888679567723166848.000000  -298565535845148992.000000  196.524654  -754222208849966848.000000  -214308817766840960.000000 25 12 288.068006  0.000000  0.000000  0.000000  0.000000  0.000000 
1  139.796743  1.218906  1.218906  287.149994  0.390000 193.593453  -538941817502859840.000000  1544318693385025536.000000  322.252714  -778936889725708288.000000  -224069254068534784.000000 25 12 139.796743  0.000000  0.000000  0.000000  0.000000  0.000000 
1  193.593453  1.218735  1.218971  287.149994  0.390000 327.022267  -387612841435847424.000000  -1490207666726923776.000000  57.999134  -536244764165437888.000000  596748371864393600.000000 25 12 193.593453  0.000000  0.000000  0.000000  0.000000  0.000000 
1  327.022267  1.219231  1.219231  290.309998  1.330000 284.409599  -842715790843306496.000000  1182172505967886592.000000  84.179517  -783556941788322688.000000  -344296071980870400.000000 25 12 327.022267  0.000000  0.000000  0.000000  0.000000  0.000000 
1  284.409599  1.219083  1.219083  290.309998  1.330000 214.225736  -1181119690481684224.000000  -1848845077145258752.000000  338.427103  -778801239196320256.000000  -232240708736199040.000000 25 13 284.409599  0.000000  0.000000  0.000000  0.000000  0.000000 
1  214.225736  1.218253  1.218253  290.309998  1.330000 196.595632  -574519404575910016.000000  2247996761418912000.000000  74.520399  -660444161379065216.000000  233008432892870624.000000 25 12 214.225736  0.000000  0.000000  0.000000  0.000000  0.000000 
1  196.595632  1.218369  1.218369  290.309998  1.330000 206.078512  -589826341353764096.000000  -843859576427202304.000000  321.061602  -537758754538155840.000000  575853296477869504.000000 25 12 196.595632  0.000000  0.000000  0.000000  0.000000  0.000000 
1  206.078512  1.218320  1.218470  290.309998  1.330000 112.361298  -632329017888904064.000000  156123360699737408.000000  270.333703  -666308277676928896.000000  22389557619917872.000000 25 13 206.078512  0.000000  0.000000  0.000000  0.000000  0.000000 
1  112.361298  1.218690  1.218690  290.309998  1.330000 63.721130  -23208760064452204.000000  -241578240235301248.000000  241.294388  -684118221548384384.000000  16825545652013290.000000 25 12 112.361298  0.000000  0.000000  0.000000  0.000000  0.000000 
1  63.721130  1.218125  1.218091  290.309998  1.330000 328.961434  -697228769894744960.000000  -375726103387673344.000000  222.721490  -697553920589104384.000000  33907230338317088.000000 25 12 63.721130  0.000000  0.000000  0.000000  0.000000  0.000000 
1  328.961434  1.220493  1.220493  290.309998  1.330000 330.534482  -542847068253325376.000000  622956201072606976.000000  234.226460  -684438899533052032.000000  93011808380434704.000000 25 13 328.961434  0.000000  0.000000  0.000000  0.000000  0.000000 
1  330.534482  1.219010  1.219010  290.309998  1.330000 19.712618  -988135415417181056.000000  322086814133426752.000000  143.654593  -693200603929568000.000000  41319155594474104.000000 25 12 330.534482  0.000000  0.000000  0.000000  0.000000  0.000000 
1  19.712618  1.217896  1.218178  290.309998  1.330000 318.277010  -942202634453245440.000000  -1679546814187757568.000000  237.470959  -658193957104795776.000000  84892856653317232.000000 25 12 19.712618  0.000000  0.000000  0.000000  0.000000  0.000000 
1  318.277010  1.217028  1.217028  290.309998  1.330000 325.003134  -775858931269537920.000000  -436930276184469952.000000  262.162768  -634271657599995008.000000  182907248663517376.000000 25 13 318.277010  0.000000  0.000000  0.000000  0.000000  0.000000 
1  325.003134  1.217983  1.217983  290.309998  1.330000 314.988506  -375262247643393280.000000  1053938942705102848.000000  96.673491  -629768723130892928.000000  195124348306823712.000000 25 12 325.003134  0.000000  0.000000  0.000000  0.000000  0.000000 
1  314.988506  1.218035  1.218035  311.459991  2.050000 38.584388  -433799965177552000.000000  1068035848169218176.000000  134.932474  -671574695403789568.000000  114524236340909168.000000 25 13 314.988506  0.000000  0.000000  0.000000  0.000000  0.000000 
1  38.584388  1.218075  1.218075  311.459991  2.050000 330.718677  -808886764540889856.000000  -537343892511060352.000000  232.210584  -633285539047750912.000000  199237390815604896.000000 25 12 38.584388  0.000000  0.000000  0.000000  0.000000  0.000000 
1  330.718677  1.218718  1.218718  311.459991  2.050000 112.137662  -681720458083449984.000000  -334652828777140352.000000  103.128564  -648151167013659648.000000  74705730021354400.000000 25 12 330.718677  0.000000  0.000000  0.000000  0.000000  0.000000 
1  112.137662  1.217566  1.217566  311.459991  2.050000 316.490044  -849330664571340544.000000  -757684599865004928.000000  76.626532  -657721522557860224.000000  -24193907620037984.000000 25 13 112.137662  0.000000  0.000000  0.000000  0.000000  0.000000 
1  316.490044  1.218476  1.218476  311.459991  2.050000 211.780981  -637076864145721344.000000  179410978671510720.000000  183.726520  -754533579781159552.000000  -416865386743277376.000000 25 12 316.490044  0.000000  0.000000  0.000000  0.000000  0.000000 
1  211.780981  1.217736  1.217736  311.459991  2.050000 243.110669  -651106295497686912.000000  -1078840767456331392.000000  12.591282  -701929442478774656.000000  -179269824678369248.000000 25 12 211.780981  0.000000  0.000000  0.000000  0.000000  0.000000 
1  243.110669  1.218237  1.218237  311.459991  2.050000 236.284753  -944196527090147456.000000  -1149609627692359936.000000  19.941009  -659540511266497408.000000  3009063300950772.500000 25 13 243.110669  0.000000  0.000000  0.000000  0.000000  0.000000 
1  236.284753  1.218307  1.218307  311.459991  2.050000 198.446559  -643502117148305792.000000  1610635153398683904.000000  171.928693  -655660685042581376.000000  -8467147322357039.000000 25 12 236.284753  0.000000  0.000000  0.000000  0.000000  0.000000 
1  198.446559  1.218121  1.218121  317.420013  1.460000 107.188729  -191505601703825600.000000  422193305926753856.000000  337.464527  -476814113659372480.000000  664085664332498816.000000 25 12 198.446559  0.000000  0.000000  0.000000  0.000000  0.000000 
1  107.188729  1.218020  1.217996  317.420013  1.460000 96.327637  -747944067008926080.000000  -486318981492969536.000000  287.615472  -638164843229146496.000000  -48863532526366136.000000 25 13 107.188729  0.000000  0.000000  0.000000  0.000000  0.000000 
1  96.327637  1.217725  1.217725  317.420013  1.460000 161.080431  -1149015940717928448.000000  -969005610442006144.000000  162.394089  -776370892895251072.000000  -538184019727235648.000000 26 12 96.327637  0.000000  0.000000  0.000000  0.000000  0.000000 
1  161.080431  1.216732  1.216732  317.420013  1.460000 311.210124  -949856580272706944.000000  -1051816755998433792.000000  309.939646  -739137902131059968.000000  -321517083807306240.000000 24 12 161.080431  0.000000  0.000000  0.000000  0.000000  0.000000 
1  311.210124  1.218371  1.218371  317.420013  1.460000 339.031729  -566556181399681536.000000  389185432068606208.000000  318.039626  -647993653415608576.000000  88585887362176128.000000 25 13 311.210124  0.000000  0.000000  0.000000  0.000000  0.000000 
1  339.031729  1.217329  1.217329  317.420013  1.460000 11.355237  -948410361174361728.000000  179259141346802624.000000  243.932189  -623922519466244992.000000  156379690359719200.000000 25 12 339.031729  0.000000  0.000000  0.000000  0.000000  0.000000 
1  11.355237  1.218114  1.217917  317.420013  1.460000 61.381676  -1549147299277995.750000  2614644071044314112.000000  145.511559  -615465986756899584.000000  179480418624779776.000000 24 13 11.355237  0.000000  0.000000  0.000000  0.000000  0.000000 
1  61.381676  1.218134  1.218134  317.420013  1.460000 51.991474  -337075146231530880.000000  1879673292555472896.000000  149.532175  -565980030452590528.000000  283162321405344128.000000 26 12 61.381676  0.000000  0.000000  0.000000  0.000000  0.000000 
1  51.991474  1.218530  1.218530  317.420013  1.460000 1.845204  -261054196510377760.000000  37867487499224200.000000  130.849773  -539442988930033408.000000  399684294330039232.000000 25 12 51.991474  0.000000  0.000000  0.000000  0.000000  0.000000 
1  1.845204  1.217821  1.217821  317.420013  1.460000 68.963230  -508944640438083136.000000  493763455066849152.000000  155.228792  -625691812199409152.000000  58026153256753320.000000 24 13 1.845204  0.000000  0.000000  0.000000  0.000000  0.000000 
1  68.963230  1.218746  1.218746  298.109985  0.900000 355.259204  -452056401515022784.000000  -736564999777341184.000000  13.253095  -627137274249214720.000000  64590902901956672.000000 26 12 68.963230  0.000000  0.000000  0.000000  0.000000  0.000000 
1  355.259204  1.217239  1.217631  298.109985  0.900000 4.828846  -156666276514652288.000000  2306948066992428544.000000  166.199306  -464094480858988992.000000  619113262202904448.000000 25 12 355.259204  0.000000  0.000000  0.000000  0.000000  0.000000 
1  4.828846  1.218877  1.218877  298.109985  0.900000 28.427799  -628865449490046720.000000  -52491662358546920.000000  63.139175  -632998867807537664.000000  -107169285248445776.000000 24 13 4.828846  0.000000  0.000000  0.000000  0.000000  0.000000 
1  28.427799  1.218288  1.218288  298.109985  0.900000 6.475333  -352310476563060224.000000  -571744586515456448.000000  255.512541  -586189829259852800.000000  49387690063671296.000000 26 12 28.427799  0.000000  0.000000  0.000000  0.000000  0.000000 
1  6.475333  1.216899  1.216899  298.109985  0.900000 182.489692  -760942090631169792.000000  869258208060674816.000000  243.109438  -481220647768444864.000000  403712315944505600.000000 25 12 6.475333  0.000000  0.000000  0.000000  0.000000  0.000000 
1  182.489692  1.218891  1.218891  298.109985  0.900000 318.863523  -853350959499146240.000000  -1129124929984864256.000000  330.351473  -646936107936067200.000000  -366337442168418816.000000 25 13 182.489692  0.000000  0.000000  0.000000  0.000000  0.000000 
1  318.863523  1.218199  1.218190  298.109985  0.900000 37.209672  -597674423904457984.000000  1257039069666415104.000000  99.436225  -534933677314522880.000000  148557304006070272.000000 25 12 318.863523  0.000000  0.000000  0.000000  0.000000  0.000000 
1  37.209672  1.216466  1.216466  298.109985  0.900000 38.278187  -787234168890054016.000000  -1209433332615895808.000000  209.714421  -556951147401820160.000000  59485476905493656.000000 25 12 37.209672  0.000000  0.000000  0.000000  0.000000  0.000000 
1  38.278187  1.219768  1.219768  298.109985  0.900000 261.130760  -788983593105145216.000000  574099459655108928.000000  156.437573  -547679022409752640.000000  38615690208959480.000000 25 13 38.278187  0.000000  0.000000  0.000000  0.000000  0.000000 
1  261.130760  1.217736  1.217736  298.109985  0.900000 70.018246  -511749429706780672.000000  4945295575259884.000000  120.953567  -413619887398654528.000000  444906664767773504.000000 25 12 261.130760  0.000000  0.000000  0.000000  0.000000  0.000000 
1  70.018246  1.218046  1.218046  294.000000  0.690000 75.957042  -153964223459337120.000000  -1596790778996266752.000000  279.625280  -425765272773049536.000000  251675058378234240.000000 25 12 70.018246  0.000000  0.000000  0.000000  0.000000  0.000000 
1  75.957042  1.216746  1.217618  294.000000  0.690000 356.395134  -758293490986356864.000000  -1741405465944184576.000000  269.094023  -565407313627097280.000000  -282521563476546176.000000 25 13 75.957042  0.000000  0.000000  0.000000  0.000000  0.000000 
1  356.395134  1.218939  1.218939  294.000000  0.690000 21.398553  -1103870199766143104.000000  -976941581538319744.000000  2.997415  -608804611051397504.000000  -375372027519983680.000000 25 12 356.395134  0.000000  0.000000  0.000000  0.000000  0.000000 
1  21.398553  1.218840  1.218840  294.000000  0.690000 71.514041  -909957722089687680.000000  -158928200075832800.000000  210.085827  -595418305993734784.000000  -147210018832060416.000000 25 12 21.398553  0.000000  0.000000  0.000000  0.000000  0.000000 
1  71.514041  1.219735  1.219735  294.000000  0.690000 342.091628  -490425930146972608.000000  -1074222981210929536.000000  251.296125  -509711479170516416.000000  156770694203036800.000000 25 13 71.514041  0.000000  0.000000  0.000000  0.000000  0.000000 
1  342.091628  1.217991  1.217991  294.000000  0.690000 197.391773  -38465048326323024.000000  -40482961548071712.000000  198.004709  -516077166435368000.000000  140843403342152800.000000 25 12 342.091628  0.000000  0.000000  0.000000  0.000000  0.000000 
1  197.391773  1.218681  1.218681  294.000000  0.690000 125.658271  -139088779016401024.000000  -1060034682335972992.000000  80.384320  -495559969220082688.000000  142251260786728064.000000 25 12 197.391773  0.000000  0.000000  0.000000  0.000000  0.000000 
1  125.658271  1.218383  1.218383  294.000000  0.690000 352.527443  -589815425983576448.000000  -2084260531416919808.000000  23.854539  -672517847472911744.000000  -535971782713704256.000000 25 13 125.658271  0.000000  0.000000  0.000000  0.000000  0.000000 
1  352.527443  1.218178  1.218178  294.000000  0.690000 272.327032  -870895092090817664.000000  808601988312542336.000000  342.826981  -754243033645224960.000000  -577304516178180480.000000 25 12 352.527443  0.000000  0.000000  0.000000  0.000000  0.000000 
1  272.327032  1.218110  1.218110  294.000000  0.690000 342.020420  -445365263325516608.000000  2107934443018062592.000000  348.457476  -726376420258071296.000000  -364521493428356160.000000 25 12 272.327032  0.000000  0.000000  0.000000  0.000000  0.000000 
1  342.020420  1.220175  1.220175  299.500000  0.460000 29.962294  -520908023692458240.000000  -608687376511253504.000000  343.635271  -541024364487621440.000000  368065717803575040.000000 25 13 342.020420  0.000000  0.000000  0.000000  0.000000  0.000000 
1  29.962294  1.217295  1.217295  299.500000  0.460000 318.305706  -807967680081857280.000000  2726324920057950208.000000  229.983730  -536893911649841728.000000  265944868573552096.000000 25 12 29.962294  0.000000  0.000000  0.000000  0.000000  0.000000 
1  318.305706  1.218445  1.218445  299.500000  0.460000 27.230168  -277589951247494720.000000  -847252435463442944.000000  18.324179  -446581309464552256.000000  450489762036139264.000000 25 12 318.305706  0.000000  0.000000  0.000000  0.000000  0.000000 
1  27.230168  1.219028  1.219061  299.500000  0.460000 337.442050  -988342158574471168.000000  -1547026010515204352.000000  8.657889  -687121153187423232.000000  -463857787471377024.000000 25 13 27.230168  0.000000  0.000000  0.000000  0.000000  0.000000 
1  337.442050  1.219000  1.219000  299.500000  0.460000 180.890255  -689303039694346112.000000  -1791909737935958272.000000  353.385539  -802856557563892480.000000  -805505206144713984.000000 25 12 337.442050  0.000000  0.000000  0.000000  0.000000  0.000000 
1  180.890255  1.218273  1.218273  299.500000  0.460000 182.764599  -413852552972384128.000000  -2048125269453650944.000000  330.071916  -700313966477021184.000000  -179687297074399616.000000 25 13 180.890255  0.000000  0.000000  0.000000  0.000000  0.000000 
1  182.764599  1.219722  1.219722  299.500000  0.460000 233.421964  -275869230407809408.000000  -984249971227694208.000000  101.617063  -578522356336249600.000000  312200972639587648.000000 25 12 182.764599  0.000000  0.000000  0.000000  0.000000  0.000000 
1  233.421964  1.219090  1.219090  299.500000  0.460000 207.697156  -778823723584289152.000000  150844670704233280.000000  6.595694  -555674554795265728.000000  280283294748041600.000000 25 12 233.421964  0.000000  0.000000  0.000000  0.000000  0.000000 
1  207.697156  1.218257  1.218257  299.500000  0.460000 200.208041  -896141217824347520.000000  -2629047555786833408.000000  31.866917  -598744134655021056.000000  -24824102666934024.000000 25 13 207.697156  0.000000  0.000000  0.000000  0.000000  0.000000 
1  200.208041  1.218555  1.218555  299.500000  0.460000 257.902751  -245147708053707776.000000  -697868208973363200.000000  151.786716  -506695928733685888.000000  255660717931500128.000000 25 12 200.208041  0.000000  0.000000  0.000000  0.000000  0.000000 
1  257.902751  1.218214  1.218214  299.500000  0.460000 236.111985  -1021547005435143936.000000  340015238412819136.000000  87.186641  -464383103196842304.000000  320844087587247872.000000 25 12 257.902751  0.000000  0.000000  0.000000  0.000000  0.000000 
1  236.111985  1.219232  1.219232  299.500000  0.460000 146.224998  -926691569266757888.000000  -1305872102194031104.000000  171.905272  -418474169425339264.000000  385888277430377856.000000 25 13 236.111985  0.000000  0.000000  0.000000  0.000000  0.000000 
1  146.224998  1.218642  1.218642  220.089996  0.030000 18.617471  -1194730353668195072.000000  -615395145532366208.000000  38.253273  -489169197894401472.000000  28300000644783828.000000 25 12 146.224998  0.000000  0.000000  0.000000  0.000000  0.000000 
1  18.617471  1.219384  1.219384  220.089996  0.030000 97.997356  -581452434134791296.000000  993496373881784448.000000  200.070911  -508639297553606528.000000  -32792806051370500.000000 25 12 18.617471  0.000000  0.000000  0.000000  0.000000  0.000000 
1  97.997356  1.218367  1.218367  220.089996  0.030000 61.455475  -1501030911240209408.000000  -2462025304389332480.000000  159.827238  -432164921755830208.000000  -18795102229473076.000000 25 13 97.997356  0.000000  0.000000  0.000000  0.000000  0.000000 
1  61.455475  1.218370  1.218308  220.089996  0.030000 263.884697  -658505982529928576.000000  -2759919816889499648.000000  198.200669  -514847559431591104.000000  -257261188823891872.000000 25 12 61.455475  0.000000  0.000000  0.000000  0.000000  0.000000 
1  263.884697  1.218306  1.218306  220.089996  0.030000 168.609648  -591365852555292544.000000  489243306078572608.000000  155.846262  -388355213289507968.000000  331526743540224064.000000 25 12 263.884697  0.000000  0.000000  0.000000  0.000000  0.000000 
1  168.609648  1.219067  1.219067  220.089996  0.030000 145.020290  -651224394284167424.000000  -714022032790017536.000000  151.018121  -514730891651707200.000000  -192529613840615424.000000 25 13 168.609648  0.000000  0.000000  0.000000  0.000000  0.000000 
1  145.020290  1.219257  1.219257  220.089996  0.030000 148.346757  -102742354151043472.000000  2907368235971010048.000000  219.201431  -457483755779462720.000000  56526880153675064.000000 25 12 145.020290  0.000000  0.000000  0.000000  0.000000  0.000000 
1  148.346757  1.219488  1.219488  220.089996  0.030000 244.458535  -1083282227406452480.000000  -2790574523479206912.000000  160.168114  -356824525755516416.000000  212150224391556928.000000 25 13 148.346757  0.000000  0.000000  0.000000  0.000000  0.000000 
1  244.458535  1.218293  1.218496  304.899994  0.190000 16.383205  704690189435469056.000000  -630421353667551104.000000  80.588822  -169826641250653056.000000  945000127872377088.000000 25 12 244.458535  0.000000  0.000000  0.000000  0.000000  0.000000 
1  16.383205  1.218097  1.218097  304.899994  0.190000 11.744502  -242889388872083712.000000  4262593641516827136.000000  6.484610  -204374252195366112.000000  551680960791628736.000000 25 12 16.383205  0.000000  0.000000  0.000000  0.000000  0.000000 
1  11.744502  1.218689  1.218689  304.899994  0.190000 58.133818  -763995410651765376.000000  -1583808040157436416.000000  36.069943  -509573610720266368.000000  -707102408399629568.000000 25 13 11.744502  0.000000  0.000000  0.000000  0.000000  0.000000 
1  58.133818  1.219520  1.219520  304.899994  0.190000 295.002583  635218634210283520.000000  1031878223765900544.000000  334.905231  -367003350130611264.000000  19847326658215744.000000 25 12 58.133818  0.000000  0.000000  0.000000  0.000000  0.000000 
1  295.002583  1.219516  1.219516  304.899994  0.190000 141.220034  -773406105200265472.000000  2272449128912653312.000000  161.001999  -573866223107763968.000000  -644048169310331648.000000 25 12 295.002583  0.000000  0.000000  0.000000  0.000000  0.000000 
1  141.220034  1.218702  1.219576  304.899994  0.190000 356.428047  -643974597179781376.000000  -972465155635131392.000000  336.596010  -363534822035182784.000000  228783675473211456.000000 25 13 141.220034  0.000000  0.000000  0.000000  0.000000  0.000000 
1  356.428047  1.219046  1.219046  304.899994  0.190000 342.683508  -153348703946205632.000000  -1694724386892389888.000000  40.249453  -247571739526644128.000000  441872515033602688.000000 25 12 356.428047  0.000000  0.000000  0.000000  0.000000  0.000000 
1  342.683508  1.219927  1.219927  304.899994  0.190000 4.774662  -281784934688163360.000000  1125590270494759424.000000  65.564719  -401700994442046976.000000  -117097633890853504.000000 25 12 342.683508  0.000000  0.000000  0.000000  0.000000  0.000000 
1  4.774662  1.218647  1.218647  304.899994  0.190000 319.955600  39162680836033720.000000  1583537298122636032.000000  81.036098  -366477861302899648.000000  -57149432077212712.000000 25 13 4.774662  0.000000  0.000000  0.000000  0.000000  0.000000 
1  319.955600  1.218306  1.218306  304.899994  0.190000 291.096442  -122932912084441488.000000  -287933359837631808.000000  2.736704  -556689261226383424.000000  -617575117300321152.000000 25 12 319.955600  0.000000  0.000000  0.000000  0.000000  0.000000 
1  291.096442  1.218601  1.217810  341.529999  0.370000 349.840077  -725092151877495936.000000  -1047717882606261504.000000  17.566476  -590996766630423808.000000  -545171240498478656.000000 25 13 291.096442  0.000000  0.000000  0.000000  0.000000  0.000000 
1  349.840077  1.220554  1.220554  341.529999  0.370000 86.801961  -581980883300734976.000000  -601298072919230336.000000  33.881269  -456678241817070144.000000  41864335114903920.000000 25 12 349.840077  0.000000  0.000000  0.000000  0.000000  0.000000 
1  86.801961  1.219610  1.219610  341.529999  0.370000 160.847520  -337187006945743616.000000  246554586972824608.000000  98.899516  -573462365074213248.000000  -309324815092402752.000000 25 12 86.801961  0.000000  0.000000  0.000000  0.000000  0.000000 
1  160.847520  1.218131  1.218131  341.529999  0.370000 259.440715  344974828955523264.000000  3147327798360919552.000000  274.268923  -284618667636600256.000000  711208889756439168.000000 25 13 160.847520  0.000000  0.000000  0.000000  0.000000  0.000000 
1  259.440715  1.219505  1.219505  341.529999  0.370000 130.998469  -214619361707123008.000000  -1301435514721729024.000000  247.474800  -304231597752613376.000000  385223357539047104.000000 25 12 259.440715  0.000000  0.000000  0.000000  0.000000  0.000000 
1  130.998469  1.218883  1.218726  341.529999  0.370000 166.144327  -625160313296383232.000000  -257066122874786080.000000  202.315143  -496037715034585152.000000  -351373258348381632.000000 25 12 130.998469  0.000000  0.000000  0.000000  0.000000  0.000000 
1  166.144327  1.219666  1.219666  341.529999  0.370000 324.692663  -264101763859613440.000000  675529508554462080.000000  38.047818  -400981311467375744.000000  164782803756649120.000000 25 13 166.144327  0.000000  0.000000  0.000000  0.000000  0.000000 
1  324.692663  1.219947  1.219947  341.529999  0.370000 104.555805  -543649471080758592.000000  390322049485833856.000000  240.888467  -403999911303677184.000000  94913078523024368.000000 25 12 324.692663  0.000000  0.000000  0.000000  0.000000  0.000000 
1  104.555805  1.219310  1.219310  341.529999  0.370000 182.821583  -411414108617301888.000000  -88940745749198464.000000  203.902014  -540478342606740288.000000  -478801562215461824.000000 25 13 104.555805  0.000000  0.000000  0.000000  0.000000  0.000000 
1  182.821583  1.218872  1.218872  341.529999  0.370000 125.861463  -737167489920139008.000000  -1379208298064963840.000000  226.427815  -338244610437391424.000000  274975085664219680.000000 25 12 182.821583  0.000000  0.000000  0.000000  0.000000  0.000000 
1  125.861463  1.219888  1.219890  269.880005  0.190000 300.461086  -911432622715485312.000000  -98030128568224032.000000  3.381498  -388999132694019008.000000  5436074255078620.000000 25 12 125.861463  0.000000  0.000000  0.000000  0.000000  0.000000 
1  300.461086  1.219009  1.219009  269.880005  0.190000 115.789406  -1246815877235073280.000000  -3331101568321106432.000000  335.374538  -510073458462050176.000000  -425411667475973440.000000 25 13 300.461086  0.000000  0.000000  0.000000  0.000000  0.000000 
1  115.789406  1.218571  1.218571  269.880005  0.190000 206.773764  -1176030319342861312.000000  -3236005326365014528.000000  270.883714  -331162627615790400.000000  213956443280343776.000000 25 12 115.789406  0.000000  0.000000  0.000000  0.000000  0.000000 
1  206.773764  1.218527  1.218527  269.880005  0.190000 32.878878  160479339008593216.000000  -2321384531643358720.000000  313.197027  -319402010815892480.000000  136277638936568944.000000 25 12 206.773764  0.000000  0.000000  0.000000  0.000000  0.000000 
1  32.878878  1.218833  1.218833  269.880005  0.190000 272.590067  -1121007432448769920.000000  -2750140426258905088.000000  60.137622  -653301947967672832.000000  -1069108119816038400.000000 25 13 32.878878  0.000000  0.000000  0.000000  0.000000  0.000000 
1  272.590067  1.219055  1.219055  269.880005  0.190000 42.263140  -322714199643001088.000000  518870734996806336.000000  307.584271  -417180793257134144.000000  136976655234391216.000000 25 12 272.590067  0.000000  0.000000  0.000000  0.000000  0.000000 
1  42.263140  1.217970  1.217970  269.880005  0.190000 191.817583  -597300932199728384.000000  851153235022874496.000000  51.899429  -380195530792598464.000000  176704474243082720.000000 25 12 42.263140  0.000000  0.000000  0.000000  0.000000  0.000000 
1  191.817583  1.219764  1.219764  269.880005  0.190000 41.002787  -198799995941049568.000000  875464245375384320.000000  303.810126  -411266875807674688.000000  40342738983950040.000000 25 13 191.817583  0.000000  0.000000  0.000000  0.000000  0.000000 
1  41.002787  1.220776  1.220776  269.880005  0.190000 336.406495  -298798535791184064.000000  235892548946947936.000000  304.522007  -419171065038602816.000000  34157388366874680.000000 25 12 41.002787  0.000000  0.000000  0.000000  0.000000  0.000000 
1  336.406495  1.219341  1.219341  269.880005  0.190000 69.723452  -367798166545548800.000000  2693830559026775552.000000  32.198229  -524392861064633408.000000  -404443937221203328.000000 25 12 336.406495  0.000000  0.000000  0.000000  0.000000  0.000000 
1  69.723452  1.218642  1.218642  6.960000  0.210000 85.185203  -935679082400462720.000000  -1878704181557292288.000000  14.552730  -535554304336071744.000000  -267842323568296672.000000 25 13 69.723452  0.000000  0.000000  0.000000  0.000000  0.000000 
1  85.185203  1.219310  1.219310  6.960000  0.210000 278.167392  -612908684481805952.000000  1611800291210896640.000000  20.679493  -486162138750209664.000000  63200770290170088.000000 25 12 85.185203  0.000000  0.000000  0.000000  0.000000  0.000000 
1  278.167392  1.218752  1.220138  6.960000  0.210000 257.257762  -344776288097173760.000000  1779526197568691456.000000  333.925353  -309996613059772928.000000  467843888983041792.000000 25 12 278.167392  0.000000  0.000000  0.000000  0.000000  0.000000 
1  257.257762  1.218554  1.218554  6.960000  0.210000 97.862982  414744286676154688.000000  3487408153937940480.000000  200.502066  -438751824925014272.000000  -55175448694346680.000000 25 13 257.257762  0.000000  0.000000  0.000000  0.000000  0.000000 
1  97.862982  1.219101  1.219101  6.960000  0.210000 29.607746  -1401824251733261056.000000  -637773636216703488.000000  337.722378  -689746114516208512.000000  -1065394612515867904.000000 25 12 97.862982  0.000000  0.000000  0.000000  0.000000  0.000000 
1  29.607746  1.219453  1.219453  6.960000  0.210000 129.697472  -1953219153266532864.000000  217925215672582176.000000  172.824173  -582785489292636160.000000  -460341857781383936.000000 24 12 29.607746  0.000000  0.000000  0.000000  0.000000  0.000000 
1  129.697472  1.218550  1.218550  6.960000  0.210000 277.500395  -1145529506254150016.000000  -2796911220183105024.000000  261.947896  -401908494053437760.000000  320078235470857600.000000 26 13 129.697472  0.000000  0.000000  0.000000  0.000000  0.000000 
1  277.500395  1.220133  1.219740  6.960000  0.210000 164.078437  259403395841846880.000000  856941110423612928.000000  99.767328  -496540188300044416.000000  -126737606619905712.000000 25 12 277.500395  0.000000  0.000000  0.000000  0.000000  0.000000 
1  164.078437  1.219375  1.219375  6.960000  0.210000 82.347076  208167749620720320.000000  241610871420172640.000000  153.575705  -337580520098231488.000000  474625505465819648.000000 25 12 164.078437  0.000000  0.000000  0.000000  0.000000  0.000000 
1  82.347076  1.218501  1.218501  6.960000  0.210000 180.645176  -1041447775697595776.000000  -1609218012939139072.000000  61.813584  -491428806101623552.000000  -217228712537338144.000000 25 13 82.347076  0.000000  0.000000  0.000000  0.000000  0.000000 
1  180.645176  1.218276  1.218276  6.960000  0.210000 296.350430  -708071394130344832.000000  -1798769184120749312.000000  262.640808  -267887018729185344.000000  537083680738957952.000000 25 12 180.645176  0.000000  0.000000  0.000000  0.000000  0.000000 
1  296.350430  1.218305  1.218305  6.960000  0.210000 155.158293  -950651506650769024.000000  4445963522718707712.000000  188.003806  -483309333668402048.000000  -323746433665729344.000000 25 12 296.350430  0.000000  0.000000  0.000000  0.000000  0.000000 
1  155.158293  1.218820  1.218820  82.120003  0.310000 133.216530  -743102048527928832.000000  -1171435723249222400.000000  357.141805  -484509094466667264.000000  -275154387123183488.000000 25 13 155.158293  0.000000  0.000000  0.000000  0.000000  0.000000 
1  133.216530  1.218472  1.218472  82.120003  0.310000 186.644228  154573078639657664.000000  3140442925215509504.000000  258.872270  -307990023514802304.000000  351409405271739200.000000 25 12 133.216530  0.000000  0.000000  0.000000  0.000000  0.000000 
1  186.644228  1.219167  1.219167  82.120003  0.310000 150.141581  -89664521135497504.000000  1230109087873528064.000000  129.576819  -345835079253445696.000000  165522226537848096.000000 24 13 186.644228  0.000000  0.000000  0.000000  0.000000  0.000000 
1  150.141581  1.218459  1.218459  82.120003  0.310000 13.225624  -375428215388439424.000000  -89919811963100416.000000  81.303298  -359610414291433920.000000  103228891851992272.000000 26 12 150.141581  0.000000  0.000000  0.000000  0.000000  0.000000 
1  13.225624  1.218120  1.218120  82.120003  0.310000 54.258341  -1091998410769834112.000000  -5256858611727503360.000000  94.117891  -749454092882536448.000000  -1139413213697556608.000000 25 12 13.225624  0.000000  0.000000  0.000000  0.000000  0.000000 
1  54.258341  1.218376  1.218348  82.120003  0.310000 329.912480  -191961177049615776.000000  966618249719465600.000000  67.928964  -252258000877247744.000000  839377632496830976.000000 25 13 54.258341  0.000000  0.000000  0.000000  0.000000  0.000000 
1  329.912480  1.218156  1.218156  82.120003  0.310000 57.635482  -290844682265375168.000000  1913909428151466752.000000  292.042202  -297697133761003904.000000  529843458612252992.000000 25 12 329.912480  0.000000  0.000000  0.000000  0.000000  0.000000 
1  57.635482  1.218369  1.218369  82.120003  0.310000 349.064039  532176883822091840.000000  1798700221639622912.000000  258.099306  -416418828807488896.000000  115180237301826608.000000 25 12 57.635482  0.000000  0.000000  0.000000  0.000000  0.000000 
1  349.064039  1.218737  1.218737  41.950001  0.230000 348.006238  -635818934415436800.000000  2899599964003614208.000000  167.938491  -387194263646994880.000000  124610730007197184.000000 25 13 349.064039  0.000000  0.000000  0.000000  0.000000  0.000000 
1  348.006238  1.216927  1.216927  41.950001  0.230000 277.697383  -845450926041678592.000000  -1166277239696531968.000000  167.386908  -254939696257269472.000000  578547457068526080.000000 25 12 348.006238  0.000000  0.000000  0.000000  0.000000  0.000000 
1  277.697383  1.219136  1.219136  41.950001  0.230000 252.108422  -111745706631423184.000000  1914097463295887616.000000  14.371688  -373062080052241216.000000  76819544339121872.000000 25 12 277.697383  0.000000  0.000000  0.000000  0.000000  0.000000 
1  252.108422  1.218494  1.218494  41.950001  0.230000 94.870652  -69191880382443192.000000  1726798995728267776.000000  217.450689  -387907829585337408.000000  -32937931341190156.000000 25 13 252.108422  0.000000  0.000000  0.000000  0.000000  0.000000 
1  94.870652  1.217292  1.217292  41.950001  0.230000 12.664762  686745843062104064.000000  3826800001117740544.000000  316.246287  -214567430521691040.000000  536907700656410304.000000 25 12 94.870652  0.000000  0.000000  0.000000  0.000000  0.000000 
1  12.664762  1.219231  1.219231  41.950001  0.230000 226.008798  -1015549130230888832.000000  -2185302216679875072.000000  115.685791  -653807801215013376.000000  -1192901057662526208.000000 25 12 12.664762  0.000000  0.000000  0.000000  0.000000  0.000000 
1  226.008798  1.217572  1.217572  41.950001  0.230000 12.782908  -1179457722908499456.000000  -2269590038047214848.000000  218.665738  -715719306625515520.000000  -991447457749395456.000000 25 13 226.008798  0.000000  0.000000  0.000000  0.000000  0.000000 
1  12.782908  1.218331  1.218331  41.950001  0.230000 244.162909  -1183765579182825472.000000  -958919071265774848.000000  277.586735  -828014648363636608.000000  -941931355333085568.000000 25 12 12.782908  0.000000  0.000000  0.000000  0.000000  0.000000 
1  244.162909  1.218410  1.218410  41.950001  0.230000 195.116075  -777911726928345600.000000  1181003597876307968.000000  116.600823  -952366555988182656.000000  -1116309848676730752.000000 25 13 244.162909  0.000000  0.000000  0.000000  0.000000  0.000000 
1  195.116075  1.219015  1.219015  41.950001  0.230000 237.288054  -1601034691450839040.000000  895924544334462080.000000  139.731224  -1101754708983786240.000000  -1319006380828065024.000000 25 12 195.116075  0.000000  0.000000  0.000000  0.000000  0.000000 
1  237.288054  1.218279  1.218279  320.609985  1.320000 122.745569  -857379073334083968.000000  -1953213364287645952.000000  96.936417  -880458014765497600.000000  -176542616746984928.000000 25 12 237.288054  0.000000  0.000000  0.000000  0.000000  0.000000 
1  122.745569  1.219040  1.219040  320.609985  1.320000 184.614802  733942416665835136.000000  6256473159258137600.000000  109.390371  -680583626462045312.000000  682486559866647552.000000 25 13 122.745569  0.000000  0.000000  0.000000  0.000000  0.000000 
1  184.614802  1.217781  1.217781  320.609985  1.320000 112.276784  -1508984015926641152.000000  -1646457616404182528.000000  349.429965  -896732397228472192.000000  -403428523882937152.000000 25 12 184.614802  0.000000  0.000000  0.000000  0.000000  0.000000 
1  112.276784  1.218144  1.218144  320.609985  1.320000 331.429212  -399397179013719424.000000  -2836754232152158208.000000  179.606395  -806627458238757248.000000  89875945290445200.000000 25 12 112.276784  0.000000  0.000000  0.000000  0.000000  0.000000 
1  331.429212  1.218865  1.218865  320.609985  1.320000 173.436607  -856782585431588096.000000  -667578547182530560.000000  262.138480  -705437827836166784.000000  436364546647997120.000000 25 12 331.429212  0.000000  0.000000  0.000000  0.000000  0.000000 
1  173.436607  1.217986  1.217986  320.609985  1.320000 220.132259  -1884630121494389760.000000  -4308255183363176960.000000  284.659348  -1041130263702472960.000000  -943035774711197312.000000 25 13 173.436607  0.000000  0.000000  0.000000  0.000000  0.000000 
1  220.132259  1.218696  1.218882  320.609985  1.320000 80.654651  -1589632540403049984.000000  -1505576058909556224.000000  15.390512  -1143124312018268544.000000  -998094230502150144.000000 25 12 220.132259  0.000000  0.000000  0.000000  0.000000  0.000000 
1  80.654651  1.218788  1.218788  320.609985  1.320000 133.647563  -2749628132839605760.000000  934575189850776576.000000  119.807362  -1225944561831938048.000000  -1009669054629821440.000000 25 13 80.654651  0.000000  0.000000  0.000000  0.000000  0.000000 
1  133.647563  1.216564  1.216564  320.609985  1.320000 79.280379  -903997302197384192.000000  -1291544953167551744.000000  48.547723  -950496958195443456.000000  168289178179303360.000000 25 12 133.647563  0.000000  0.000000  0.000000  0.000000  0.000000 
1  79.280379  1.219632  1.219632  320.609985  1.320000 244.154977  -1488549093591546368.000000  1087266373020388992.000000  15.439142  -860607245312365056.000000  452059556652151552.000000 25 12 79.280379  0.000000  0.000000  0.000000  0.000000  0.000000 
1  244.154977  1.218851  1.218851  310.059998  0.690000 285.722331  -1125906686059296512.000000  859199424668460032.000000  318.912746  -839501829342663808.000000  398626416758570240.000000 25 13 244.154977  0.000000  0.000000  0.000000  0.000000  0.000000 
1  285.722331  1.217915  1.217915  310.059998  0.690000 307.575758  -452027124380152576.000000  4697961852157561856.000000  337.215309  -609851776753479296.000000  948583666909497728.000000 25 12 285.722331  0.000000  0.000000  0.000000  0.000000  0.000000 
1  307.575758  1.218875  1.218875  310.059998  0.690000 329.797876  -1858653782998490624.000000  -862598450339018240.000000  155.075013  -910917238424816000.000000  -380838744073497280.000000 25 12 307.575758  0.000000  0.000000  0.000000  0.000000  0.000000 
1  329.797876  1.219042  1.219042  310.059998  0.690000 202.712942  -322164486200067456.000000  104497906854162640.000000  286.269786  -902915332762504704.000000  -175685463778453792.000000 25 13 329.797876  0.000000  0.000000  0.000000  0.000000  0.000000 
1  202.712942  1.219331  1.219331  310.059998  0.690000 17.879367  -1224937635880307712.000000  1517280383032880896.000000  169.328233  -1084271687840667136.000000  -777218429736521984.000000 25 12 202.712942  0.000000  0.000000  0.000000  0.000000  0.000000 
1  17.879367  1.216445  1.216445  310.059998  0.690000 249.322518  -2266472840593406208.000000  -431050077569486464.000000  281.864044  -1146496327694068480.000000  -892746289723619328.000000 25 12 17.879367  0.000000  0.000000  0.000000  0.000000  0.000000 
1  249.322518  1.217714  1.217714  310.059998  0.690000 200.813792  -206970429695507232.000000  -878043475378012032.000000  96.836419  -801997921294201856.000000  454028927710736512.000000 25 13 249.322518  0.000000  0.000000  0.000000  0.000000  0.000000 
1  200.813792  1.217215  1.217215  310.059998  0.690000 227.257159  -1192937235583861504.000000  926370416697136256.000000  324.542203  -1075132129035257216.000000  -591070196125515264.000000 25 12 200.813792  0.000000  0.000000  0.000000  0.000000  0.000000 
1  227.257159  1.218411  1.218127  310.059998  0.690000 11.588569  -1007071233303142144.000000  -503449021540394816.000000  256.311315  -841504749268248832.000000  195172935968991328.000000 25 13 227.257159  0.000000  0.000000  0.000000  0.000000  0.000000 
1  11.588569  1.218225  1.218225  310.059998  0.690000 150.311786  -1026445870489149952.000000  -2195032690089665280.000000  51.856952  -721333699612167296.000000  411852301732767232.000000 25 12 11.588569  0.000000  0.000000  0.000000  0.000000  0.000000 
1  150.311786  1.219394  1.219394  291.730011  0.520000 5.836976  -591066882789070848.000000  -2661227628468099584.000000  114.034082  -798856700261734656.000000  90033013641965200.000000 25 12 150.311786  0.000000  0.000000  0.000000  0.000000  0.000000 
1  5.836976  1.218197  1.218197  291.730011  0.520000 353.938243  -885091682029740416.000000  -4646476965945826304.000000  80.024984  -962390852479715072.000000  -376584933269996992.000000 25 13 5.836976  0.000000  0.000000  0.000000  0.000000  0.000000 
1  353.938243  1.219633  1.219633  291.730011  0.520000 210.811447  -1363642060641659904.000000  1414289437004568320.000000  275.593614  -1035097959878794496.000000  -536198923989075136.000000 25 12 353.938243  0.000000  0.000000  0.000000  0.000000  0.000000 
1  210.811447  1.218592  1.218592  291.730011  0.520000 84.036442  261063007350339040.000000  3581834456738208768.000000  178.908461  -503273222409784896.000000  1384456304505239296.000000 25 12 210.811447  0.000000  0.000000  0.000000  0.000000  0.000000 
1  84.036442  1.218674  1.218674  291.730011  0.520000 111.397513  -1554882014567962112.000000  730224267510298240.000000  106.960429  -755120193457688448.000000  61127685902407728.000000 25 13 84.036442  0.000000  0.000000  0.000000  0.000000  0.000000 
1  111.397513  1.217962  1.217962  291.730011  0.520000 234.717019  -429041334157070592.000000  599218171750194176.000000  98.443354  -615604630531432064.000000  509321823144828672.000000 25 12 111.397513  0.000000  0.000000  0.000000  0.000000  0.000000 
1  234.717019  1.218156  1.218156  291.730011  0.520000 359.922191  -770708940508437888.000000  151200395629659328.000000  217.750761  -876510262661005312.000000  -508890992222042944.000000 25 12 234.717019  0.000000  0.000000  0.000000  0.000000  0.000000 
1  359.922191  1.218913  1.218913  291.730011  0.520000 65.363036  -1432687024334455040.000000  -2813794436560739328.000000  6.378697  -1142020189575502592.000000  -1210400548017946368.000000 25 13 359.922191  0.000000  0.000000  0.000000  0.000000  0.000000 
1  65.363036  1.218158  1.218158  291.730011  0.520000 55.234780  -1295219372959259648.000000  -1109936009642647424.000000  71.733188  -1014934578649321088.000000  -467956613011943488.000000 25 12 65.363036  0.000000  0.000000  0.000000  0.000000  0.000000 
1  55.234780  1.218400  1.218400  291.730011  0.520000 308.792284  -666022503969204352.000000  1027764631664258944.000000  257.858779  -909979332922649472.000000  20115694668538832.000000 25 13 55.234780  0.000000  0.000000  0.000000  0.000000  0.000000 
1  308.792284  1.217674  1.217596  291.730011  0.520000 119.692838  -482819441549532736.000000  -209428633746953504.000000  344.299735  -874519968942772736.000000  179797256147823456.000000 25 12 308.792284  0.000000  0.000000  0.000000  0.000000  0.000000 
1  119.692838  1.218053  1.218053  291.730011  0.520000 268.914754  -673833197788531200.000000  1805204585231460608.000000  305.917306  -1054915966137041664.000000  -472219782597267392.000000 25 12 119.692838  0.000000  0.000000  0.000000  0.000000  0.000000 
1  268.914754  1.217851  1.217851  222.339996  0.170000 161.792060  -344742009701758656.000000  2079833757222638592.000000  235.120577  -717947626756221952.000000  718234592941819520.000000 25 13 268.914754  0.000000  0.000000  0.000000  0.000000  0.000000 
1  161.792060  1.218636  1.218636  222.339996  0.170000 266.095843  -1095383478722295424.000000  589293523537121024.000000  186.841925  -954425997375661952.000000  -255531070022636256.000000 25 12 161.792060  0.000000  0.000000  0.000000  0.000000  0.000000 
1  266.095843  1.218645  1.218645  222.339996  0.170000 289.214745  -641231838143549056.000000  -1489558226459347456.000000  79.308748  -960050355549570176.000000  -216884463307182720.000000 25 12 266.095843  0.000000  0.000000  0.000000  0.000000  0.000000 
1  289.214745  1.218367  1.218367  222.339996  0.170000 89.853082  -681246173523508352.000000  1562546116728258048.000000  190.135071  -1187267403333932800.000000  -715518509220692864.000000 25 13 289.214745  0.000000  0.000000  0.000000  0.000000  0.000000 
1  89.853082  1.218327  1.218327  222.339996  0.170000 45.711279  -1409165610306996480.000000  379719676508370624.000000  39.185686  -523883554018539200.000000  1595542683981990144.000000 25 12 89.853082  0.000000  0.000000  0.000000  0.000000  0.000000 
1  45.711279  1.218946  1.218479  222.339996  0.170000 146.744413  -1271200055234366976.000000  -1471646348430507264.000000  1.345861  -805982240901327232.000000  145401727341382400.000000 25 12 45.711279  0.000000  0.000000  0.000000  0.000000  0.000000 
1  146.744413  1.218381  1.218381  222.339996  0.170000 179.659867  -1116491998332518016.000000  -605551338638710528.000000  350.178730  -1127558055028224256.000000  -904212462806118272.000000 25 13 146.744413  0.000000  0.000000  0.000000  0.000000  0.000000 
1  179.659867  1.218005  1.218005  222.339996  0.170000 307.307668  -1279313773472650240.000000  1713866767029263104.000000  72.875243  -1060244171239126272.000000  -292815148372602176.000000 25 12 179.659867  0.000000  0.000000  0.000000  0.000000  0.000000 
1  307.307668  1.219611  1.219611  298.179993  0.120000 95.663997  -1147871184257573760.000000  -532332672900863680.000000  141.204006  -819239400534036096.000000  533021929593671424.000000 25 12 307.307668  0.000000  0.000000  0.000000  0.000000  0.000000 
1  95.663997  1.218816  1.218816  298.179993  0.120000 105.094174  -1072560259416068736.000000  -437997132092809536.000000  149.402254  -871184884119462144.000000  195143878102095648.000000 25 13 95.663997  0.000000  0.000000  0.000000  0.000000  0.000000 
1  105.094174  1.218372  1.218025  298.179993  0.120000 225.482240  -949806370267528704.000000  1509736667706723072.000000  165.155337  -823506641715060736.000000  415571279677161344.000000 25 12 105.094174  0.000000  0.000000  0.000000  0.000000  0.000000 
1  225.482240  1.218066  1.218066  298.179993  0.120000 332.098751  -1658332267453898752.000000  -2867627126619046912.000000  204.964808  -1072293880990884480.000000  -651341996365588864.000000 25 13 225.482240  0.000000  0.000000  0.000000  0.000000  0.000000 
1  332.098751  1.218337  1.218337  298.179993  0.120000 303.119287  -758603026598295936.000000  3485371342975830528.000000  309.516622  -910820287298059904.000000  170395294878456928.000000 25 12 332.098751  0.000000  0.000000  0.000000  0.000000  0.000000 
1  303.119287  1.218240  1.218240  298.179993  0.120000 241.662128  -1102606646301764864.000000  -1241088887850571776.000000  146.923475  -1124209980553609984.000000  -636690512879462144.000000 25 12 303.119287  0.000000  0.000000  0.000000  0.000000  0.000000 
1  241.662128  1.217171  1.217171  298.179993  0.120000 209.341601  -249084002777133728.000000  2789125273283858432.000000  179.443478  -833552256220066432.000000  560056795938602304.000000 25 13 241.662128  0.000000  0.000000  0.000000  0.000000  0.000000 
1  209.341601  1.218579  1.218579  298.179993  0.120000 58.391220  -1233351386413529856.000000  744532475341204096.000000  145.330424  -999111346051828608.000000  -220155354983540032.000000 25 12 209.341601  0.000000  0.000000  0.000000  0.000000  0.000000 
1  58.391220  1.219995  1.219995  298.179993  0.120000 105.290608  -1143177553721162624.000000  -457643741777975488.000000  21.477329  -1106733775404849280.000000  -542685023844233920.000000 25 12 58.391220  0.000000  0.000000  0.000000  0.000000  0.000000 
1  105.290608  1.218853  1.218943  298.179993  0.120000 185.370139  -671759746878432896.000000  1195960548592043008.000000  27.521423  -929820683329350656.000000  212184958581483296.000000 25 13 105.290608  0.000000  0.000000  0.000000  0.000000  0.000000 
1  185.370139  1.218177  1.218177  320.750000  0.540000 89.110669  -911588257224573952.000000  259525426541382240.000000  55.705011  -882934719722820224.000000  313019461429482432.000000 25 12 185.370139  0.000000  0.000000  0.000000  0.000000  0.000000 
1  89.110669  1.218911  1.218911  320.750000  0.540000 288.969842  -1217722540638647296.000000  531170676471976064.000000  305.668790  -982544995757230592.000000  -17174658822567530.000000 25 12 89.110669  0.000000  0.000000  0.000000  0.000000  0.000000 
1  288.969842  1.218028  1.218028  320.750000  0.540000 134.614351  -823680707849908480.000000  536014399823419200.000000  260.581031  -937918026874531968.000000  74677339931727360.000000 25 13 288.969842  0.000000  0.000000  0.000000  0.000000  0.000000 
1  134.614351  1.219029  1.219029  320.750000  0.540000 285.786221  -896226516470752640.000000  129412088366518608.000000  13.364639  -937563074538007424.000000  -16621566363034780.000000 25 12 134.614351  0.000000  0.000000  0.000000  0.000000  0.000000 
1  285.786221  1.217879  1.217879  320.750000  0.540000 150.135419  -1484699129676905984.000000  -2004743946453504768.000000  220.763686  -1093224326138433792.000000  -536949891909297152.000000 25 13 285.786221  0.000000  0.000000  0.000000  0.000000  0.000000 
1  150.135419  1.219126  1.219126  320.750000  0.540000 127.533955  -222222213422890176.000000  57852101256276232.000000  51.400414  -915077174438355712.000000  183847444438948128.000000 25 12 150.135419  0.000000  0.000000  0.000000  0.000000  0.000000 
1  127.533955  1.218908  1.218908  320.750000  0.540000 219.651121  -498038659137028736.000000  -879849144205753216.000000  316.194206  -1020264707043952256.000000  -182450624993393152.000000 25 12 127.533955  0.000000  0.000000  0.000000  0.000000  0.000000 
1  219.651121  1.217938  1.217938  320.750000  0.540000 286.473070  -990251083337882624.000000  -432373017495691520.000000  307.208257  -750912278834422144.000000  702141493138153984.000000 25 13 219.651121  0.000000  0.000000  0.000000  0.000000  0.000000 
1  286.473070  1.218549  1.218549  320.750000  0.540000 178.461354  83756908343210624.000000  -1001496799770839296.000000  294.849009  -778019919633958912.000000  470440054829444032.000000 25 12 286.473070  0.000000  0.000000  0.000000  0.000000  0.000000 
1  178.461354  1.218725  1.218725  320.750000  0.540000 224.515908  -888495692722488192.000000  -2057822063596869632.000000  272.013911  -856284400094946304.000000  176013440388637248.000000 25 12 178.461354  0.000000  0.000000  0.000000  0.000000  0.000000 
1  224.515908  1.219351  1.219351  315.049988  1.260000 100.209544  -917777803984745856.000000  -45219739092808160.000000  351.143699  -919346695781100288.000000  -47040892702678400.000000 25 13 224.515908  0.000000  0.000000  0.000000  0.000000  0.000000 
1  100.209544  1.217621  1.217505  315.049988  1.260000 305.723477  -1409653998467106048.000000  -1157702779416349952.000000  40.813540  -966257172626915712.000000  -264051708920013728.000000 25 12 100.209544  0.000000  0.000000  0.000000  0.000000  0.000000 
1  305.723477  1.219674  1.219674  315.049988  1.260000 119.077523  -899152189745885184.000000  -298540860506844992.000000  203.585396  -658216162586287232.000000  962434698798466432.000000 25 13 305.723477  0.000000  0.000000  0.000000  0.000000  0.000000 
1  119.077523  1.217764  1.217764  315.049988  1.260000 357.344529  -587440963829781120.000000  684019878229289088.000000  87.315118  -558392459634923904.000000  1054885896787506560.000000 25 12 119.077523  0.000000  0.000000  0.000000  0.000000  0.000000 
1  357.344529  1.217823  1.217823  315.049988  1.260000 273.058659  -1026788904659942912.000000  1977858324285395968.000000  33.380315  -901405478317063168.000000  -342057848286075712.000000 25 12 357.344529  0.000000  0.000000  0.000000  0.000000  0.000000 
1  273.058659  1.218855  1.218855  315.049988  1.260000 330.508301  -1443292214172850944.000000  -2399006562379362304.000000  345.275768  -884385225485080832.000000  -163200221491266816.000000 25 13 273.058659  0.000000  0.000000  0.000000  0.000000  0.000000 
1  330.508301  1.219757  1.219361  315.049988  1.260000 346.809739  -968356086377782144.000000  -317386411732046400.000000  176.131150  -915618390097217664.000000  -187087760617419648.000000 25 12 330.508301  0.000000  0.000000  0.000000  0.000000  0.000000 
1  346.809739  1.218406  1.218406  315.049988  1.260000 332.002089  -383455065640948736.000000  -215635822306965152.000000  300.855056  -827068856757405696.000000  123506423836065696.000000 25 12 346.809739  0.000000  0.000000  0.000000  0.000000  0.000000 
1  332.002089  1.220387  1.220387  315.049988  1.260000 170.138835  -1020259888662792320.000000  -636778488019901696.000000  202.191359  -902166728481492864.000000  -227325133553421824.000000 25 13 332.002089  0.000000  0.000000  0.000000  0.000000  0.000000 
1  170.138835  1.218483  1.218483  315.049988  1.260000 140.269158  -1211019558492710912.000000  -985526141216959360.000000  155.056790  -993486550335237120.000000  -429846116788989632.000000 25 12 170.138835  0.000000  0.000000  0.000000  0.000000  0.000000 
1  140.269158  1.218004  1.218004  351.739990  0.520000 97.766580  -1884236674698521088.000000  1068225608031738752.000000  171.620199  -919723800818656256.000000  -119766488380239184.000000 25 12 140.269158  0.000000  0.000000  0.000000  0.000000  0.000000 
1  97.766580  1.217712  1.217738  351.739990  0.520000 355.537062  -617193453428762112.000000  922720734132024448.000000  196.809727  -770247550909086208.000000  406554108665377600.000000 24 13 97.766580  0.000000  0.000000  0.000000  0.000000  0.000000 
1  355.537062  1.218236  1.218236  351.739990  0.520000 304.819926  -941791415273419648.000000  1921931226027084032.000000  39.568217  -888522544340291072.000000  17548861377399014.000000 26 12 355.537062  0.000000  0.000000  0.000000  0.000000  0.000000 
1  304.819926  1.219320  1.219320  351.739990  0.520000 310.757653  -1164480301347965952.000000  -1390620120189682432.000000  191.527907  -944581332796557440.000000  -131186818567921136.000000 25 12 304.819926  0.000000  0.000000  0.000000  0.000000  0.000000 
1  310.757653  1.217849  1.217849  351.739990  0.520000 200.971647  -874904079109097344.000000  155080746803782656.000000  136.855181  -904737571119301504.000000  -5844166961148451.000000 25 13 310.757653  0.000000  0.000000  0.000000  0.000000  0.000000 
1  200.971647  1.218479  1.218479  351.739990  0.520000 98.950231  -720472233408300032.000000  -53382479332804480.000000  161.391451  -956668981066097024.000000  -208685367193167840.000000 25 12 200.971647  0.000000  0.000000  0.000000  0.000000  0.000000 
1  98.950231  1.219112  1.219112  351.739990  0.520000 115.533739  -1064570153212403200.000000  -391612599212638976.000000  96.594666  -931718775653541504.000000  -5654411492234397.000000 25 12 98.950231  0.000000  0.000000  0.000000  0.000000  0.000000 
1  115.533739  1.219349  1.219349  351.739990  0.520000 20.670631  -1133527671982999552.000000  1018748289539380480.000000  257.437296  -1108296362840895104.000000  -420501383315587072.000000 25 13 115.533739  0.000000  0.000000  0.000000  0.000000  0.000000 
1  20.670631  1.218796  1.218796  351.739990  0.520000 65.498867  -270829372511202912.000000  719461785962413824.000000  71.540661  -959454885587616896.000000  234506554783583136.000000 25 12 20.670631  0.000000  0.000000  0.000000  0.000000  0.000000 
1  65.498867  1.218396  1.218396  351.739990  0.520000 96.274360  -1334140288581968896.000000  -235057945615425952.000000  211.636105  -938749986818839680.000000  213209980557332800.000000 25 12 65.498867  0.000000  0.000000  0.000000  0.000000  0.000000 
1  96.274360  1.219151  1.219151  351.739990  0.520000 123.459685  -873347740466337152.000000  1252201594262539520.000000  38.934284  -1106022357601890944.000000  -371911637997935872.000000 25 13 96.274360  0.000000  0.000000  0.000000  0.000000  0.000000 
1  123.459685  1.218657  1.218109  351.739990  0.520000 100.809495  -524821791102269824.000000  -239320612778205760.000000  38.059172  -929966087959697152.000000  276656562684517472.000000 25 12 123.459685  0.000000  0.000000  0.000000  0.000000  0.000000 
1  100.809495  1.217939  1.217939  350.559998  1.880000 152.190983  -796690512731332096.000000  -228930755300073632.000000  288.147207  -879685956091865088.000000  374814949144339776.000000 25 12 100.809495  0.000000  0.000000  0.000000  0.000000  0.000000 
1  152.190983  1.219448  1.219448  350.559998  1.880000 24.033881  -896430141064073856.000000  -1950353324528025600.000000  153.715117  -902438158061758464.000000  115496837209316480.000000 25 13 152.190983  0.000000  0.000000  0.000000  0.000000  0.000000 
1  24.033881  1.218489  1.218489  350.559998  1.880000 250.840219  -3481488884784315904.000000  -16068773083529482240.000000  341.674812  -1500923806903300352.000000  -2256084852843732224.000000 25 12 24.033881  0.000000  0.000000  0.000000  0.000000  0.000000 
1  250.840219  1.218931  1.218931  350.559998  1.880000 62.789026  -17950825221705496576.000000  -56734370243277602816.000000  159.537031  -9244383898932178944.000000  -27555992161168633856.000000 25 13 250.840219  0.000000  0.000000  0.000000  0.000000  0.000000 
1  62.789026  1.221954  1.221954  350.559998  1.880000 61.215843  -12287298517056774144.000000  -17910990379110430720.000000  166.997549  -14201051804891267072.000000  -31124878151474626560.000000 25 12 62.789026  0.000000  0.000000  0.000000  0.000000  0.000000 
1  61.215843  1.222626  1.222626  350.559998  1.880000 232.269321  -22146619931331760128.000000  -54882926281697361920.000000  2.936396  -13114725446914242560.000000  -20878620389169344512.000000 25 12 61.215843  0.000000  0.000000  0.000000  0.000000  0.000000 
1  232.269321  1.219139  1.219235  350.559998  1.880000 213.795068  -2957369002629630464.000000  31493324587896537088.000000  11.240783  -9793110543791276032.000000  915308463502238848.000000 25 13 232.269321  0.000000  0.000000  0.000000  0.000000  0.000000 
1  213.795068  1.224427  1.224427  350.559998  1.880000 253.612901  -887273787061557120.000000  25783842929743876096.000000  205.348105  -2475670904592701440.000000  23695437818806693888.000000 25 12 213.795068  0.000000  0.000000  0.000000  0.000000  0.000000 
1  253.612901  1.219821  1.219821  338.089996  1.080000 350.491313  -1072174330145375104.000000  14576292774769205248.000000  220.791950  -1031574111531462784.000000  20484681460269608960.000000 25 12 253.612901  0.000000  0.000000  0.000000  0.000000  0.000000 
1  350.491313  1.227221  1.227221  338.089996  1.080000 256.793975  -811974636404053760.000000  12112757353817831424.000000  218.150445  -842796300445952384.000000  14233315626890868736.000000 25 13 350.491313  0.000000  0.000000  0.000000  0.000000  0.000000 
1  256.793975  1.219080  1.219080  338.089996  1.080000 146.982675  -964329873220087296.000000  9970238652992303104.000000  10.811969  -809749376385851392.000000  9683066396488368128.000000 25 12 256.793975  0.000000  0.000000  0.000000  0.000000  0.000000 
1  146.982675  1.216532  1.216447  338.089996  1.080000 191.825494  -750431566152399488.000000  4378975066032691200.000000  76.573367  -794465794970245376.000000  6512289638537365504.000000 25 12 146.982675  0.000000  0.000000  0.000000  0.000000  0.000000 
1  191.825494  1.218445  1.218445  338.089996  1.080000 231.169634  -965321261824629376.000000  5725690677805139968.000000  73.315148  -966616454633392896.000000  3919567893625329664.000000 25 13 191.825494  0.000000  0.000000  0.000000  0.000000  0.000000 
1  231.169634  1.223397  1.223397  338.089996  1.080000 223.017766  -1010893326539659776.000000  2267225879595276800.000000  247.642320  -894972042714190080.000000  2926160640096525824.000000 25 12 231.169634  0.000000  0.000000  0.000000  0.000000  0.000000 
1  223.017766  1.220134  1.220134  338.089996  1.080000 62.124336  -1078142615776623104.000000  835861327073402752.000000  235.902504  -874996254978800512.000000  2106709069676188672.000000 25 13 223.017766  0.000000  0.000000  0.000000  0.000000  0.000000 
1  62.124336  1.219753  1.219753  338.089996  1.080000 195.120942  -620894590729751808.000000  1063810668644097536.000000  88.679959  -950942044520868992.000000  1188836919183366400.000000 25 12 62.124336  0.000000  0.000000  0.000000  0.000000  0.000000 
1  195.120942  1.220934  1.221028  338.089996  1.080000 248.298789  300565859214963712.000000  1074423004958343040.000000  349.843162  -993251015516684928.000000  729699228795371392.000000 25 12 195.120942  0.000000  0.000000  0.000000  0.000000  0.000000 
1  248.298789  1.219457  1.219457  338.089996  1.080000 290.896276  -1087779531164119552.000000  1377980115781046272.000000  105.289275  -1026235651433729152.000000  425048333428130432.000000 25 13 248.298789  0.000000  0.000000  0.000000  0.000000  0.000000 
1  290.896276  1.219998  1.219998  346.679993  0.890000 118.386535  -521133705898260544.000000  1900482534838361856.000000  14.541673  -932807157730967936.000000  664507233200044032.000000 25 12 290.896276  0.000000  0.000000  0.000000  0.000000  0.000000 
1  118.386535  1.219725  1.219725  346.679993  0.890000 144.742873  -764551988970662784.000000  1890050163506415616.000000  193.578601  -877007142504136576.000000  603501543538579328.000000 25 12 118.386535  0.000000  0.000000  0.000000  0.000000  0.000000 
1  144.742873  1.219161  1.219161  346.679993  0.890000 347.554454  -896343458863773312.000000  2004363613283529728.000000  17.484665  -991568128300100864.000000  64635269913254464.000000 25 13 144.742873  0.000000  0.000000  0.000000  0.000000  0.000000 
1  347.554454  1.219900  1.219935  346.679993  0.890000 270.315909  -905746378553591296.000000  1513017925303727360.000000  143.006314  -772904226915500288.000000  790428620416804864.000000 25 12 347.554454  0.000000  0.000000  0.000000  0.000000  0.000000 
1  270.315909  1.220596  1.220596  346.679993  0.890000 292.979033  -1123693998410048896.000000  1091203521714863872.000000  85.333817  -823740044730297344.000000  339683323775107008.000000 25 12 270.315909  0.000000  0.000000  0.000000  0.000000  0.000000 
1  292.979033  1.221681  1.221681  346.679993  0.890000 26.444845  -1011185938243778560.000000  1374666026273362688.000000  236.524254  -866607272663813248.000000  -4450553975888806.500000 25 13 292.979033  0.000000  0.000000  0.000000  0.000000  0.000000 
1  26.444845  1.218832  1.218832  346.679993  0.890000 95.090587  -1052346956712359040.000000  518233272318545984.000000  74.153917  -809542254925405440.000000  171264324403395232.000000 25 12 26.444845  0.000000  0.000000  0.000000  0.000000  0.000000 
1  95.090587  1.219365  1.219365  346.679993  0.890000 35.328725  -463873667159299904.000000  1577823683285972224.000000  171.529619  -874044510374815360.000000  -84834731400453632.000000 25 13 95.090587  0.000000  0.000000  0.000000  0.000000  0.000000 
1  35.328725  1.219818  1.219796  346.679993  0.890000 269.902439  -865742058269817344.000000  14254411793430498.000000  165.455843  -828159422906849280.000000  70758446550350512.000000 25 12 35.328725  0.000000  0.000000  0.000000  0.000000  0.000000 
1  269.902439  1.218797  1.218797  346.679993  0.890000 73.396106  -639578385444519424.000000  1102924270895195264.000000  230.937031  -858181613091611904.000000  -6089542504480141.000000 25 12 269.902439  0.000000  0.000000  0.000000  0.000000  0.000000 
1  73.396106  1.219230  1.219230  334.459991  0.680000 276.577341  -1570343573936777216.000000  -2663964260575207424.000000  252.654925  -1035332492507564800.000000  -630985015117475200.000000 25 13 73.396106  0.000000  0.000000  0.000000  0.000000  0.000000 
1  276.577341  1.220639  1.220639  334.459991  0.680000 95.102236  -658822511100889600.000000  182166211274350976.000000  203.216577  -811728137212908160.000000  341899096759209024.000000 25 12 276.577341  0.000000  0.000000  0.000000  0.000000  0.000000 
1  95.102236  1.219830  1.219830  334.459991  0.680000 214.359897  -904092352910931072.000000  -1137838085848062848.000000  292.698149  -881365980165186176.000000  -26859514900521880.000000 25 12 95.102236  0.000000  0.000000  0.000000  0.000000  0.000000 
1  214.359897  1.220022  1.219989  334.459991  0.680000 274.153144  -1179631548790450432.000000  -463601302963613440.000000  300.005768  -913373733206743680.000000  -106369499050963920.000000 25 13 214.359897  0.000000  0.000000  0.000000  0.000000  0.000000 
1  274.153144  1.220705  1.220705  334.459991  0.680000 118.533120  -1286784034153969408.000000  -619197785574764928.000000  185.972151  -1010121186730401024.000000  -387867618900959168.000000 25 12 274.153144  0.000000  0.000000  0.000000  0.000000  0.000000 
1  118.533120  1.220564  1.220564  334.459991  0.680000 176.262463  -1362978992162621184.000000  200197017397150240.000000  4.768552  -979413886229389952.000000  -208845833396901024.000000 25 12 118.533120  0.000000  0.000000  0.000000  0.000000  0.000000 
1  176.262463  1.220195  1.220195  334.459991  0.680000 250.490484  -904064868864804608.000000  -527226029508620928.000000  5.001266  -978860187865808256.000000  -232975266921722752.000000 25 13 176.262463  0.000000  0.000000  0.000000  0.000000  0.000000 
1  250.490484  1.221110  1.221110  334.459991  0.680000 151.726849  -567008202125390720.000000  -673170891663227520.000000  247.008443  -862312606224780672.000000  256546478490165568.000000 25 12 250.490484  0.000000  0.000000  0.000000  0.000000  0.000000 
1  151.726849  1.220485  1.220485  334.459991  0.680000 82.518201  47712754850507456.000000  3780362717583692288.000000  333.337149  -764206294563827200.000000  612394244324377088.000000 25 13 151.726849  0.000000  0.000000  0.000000  0.000000  0.000000 
1  82.518201  1.219204  1.219204  334.459991  0.680000 289.792665  -635874837900333056.000000  1129365734781002624.000000  336.046035  -862470178707170944.000000  133023962107913776.000000 25 12 82.518201  0.000000  0.000000  0.000000  0.000000  0.000000 
1  289.792665  1.220305  1.220305  299.500000  0.590000 121.490201  -1290223466126391040.000000  1563416360939351296.000000  355.868378  -894386125202856960.000000  -32501837854968756.000000 25 12 289.792665  0.000000  0.000000  0.000000  0.000000  0.000000 
1  121.490201  1.219485  1.219485  299.500000  0.590000 43.515403  -596467942254818048.000000  1254061113480879872.000000  37.243842  -932691272411559168.000000  -150251559092157824.000000 25 13 121.490201  0.000000  0.000000  0.000000  0.000000  0.000000 
1  43.515403  1.220212  1.220212  299.500000  0.590000 326.712953  -1110585484299678208.000000  -1678557749474292992.000000  160.228957  -839395711729331968.000000  211058216925509248.000000 25 12 43.515403  0.000000  0.000000  0.000000  0.000000  0.000000 
1  326.712953  1.221267  1.221267  299.500000  0.590000 214.282945  -1250470266058402048.000000  -2622454156985012736.000000  20.501535  -952845817073049472.000000  -331975213614849152.000000 25 12 326.712953  0.000000  0.000000  0.000000  0.000000  0.000000 
1  214.282945  1.220174  1.220174  299.500000  0.590000 198.045814  -1635957360442185216.000000  -2905948120393348096.000000  20.402226  -1054161776781728000.000000  -680724155694028160.000000 25 13 214.282945  0.000000  0.000000  0.000000  0.000000  0.000000 
1  198.045814  1.220640  1.220867  299.500000  0.590000 185.477395  -605221635720394368.000000  -996916317045236096.000000  275.089141  -822872261082109312.000000  294966409982369408.000000 25 12 198.045814  0.000000  0.000000  0.000000  0.000000  0.000000 
1  185.477395  1.220103  1.220103  299.500000  0.590000 45.552466  -575141398825703360.000000  -858180052626584064.000000  247.883480  -989921217999236736.000000  -303200213495569408.000000 25 12 185.477395  0.000000  0.000000  0.000000  0.000000  0.000000 
1  45.552466  1.220221  1.220221  299.500000  0.590000 28.663131  -589402331562529920.000000  1159873808369640704.000000  325.727495  -764041266310167168.000000  571656565514251968.000000 25 13 45.552466  0.000000  0.000000  0.000000  0.000000  0.000000 
1  28.663131  1.221107  1.221107  299.500000  0.590000 302.478398  -643610396668242816.000000  1472630587271368192.000000  12.995432  -788230109182427392.000000  332929372484916480.000000 25 12 28.663131  0.000000  0.000000  0.000000  0.000000  0.000000 
1  302.478398  1.219758  1.219758  299.500000  0.590000 87.134839  -379425549295481024.000000  314301698841036224.000000  69.873922  -826933539883562240.000000  102072468494509824.000000 25 12 302.478398  0.000000  0.000000  0.000000  0.000000  0.000000 
1  87.134839  1.219235  1.219235  299.500000  0.590000 233.887487  -888867554920307200.000000  -6843763632813740.000000  344.554991  -960512509160207872.000000  -312928017126710528.000000 25 13 87.134839  0.000000  0.000000  0.000000  0.000000  0.000000 
1  233.887487  1.219291  1.219291  299.500000  0.590000 325.660533  -727691050757608320.000000  817831496645766784.000000  199.237827  -835194076618603648.000000  273707082658288032.000000 25 12 233.887487  0.000000  0.000000  0.000000  0.000000  0.000000 
1  325.660533  1.221128  1.220535  293.339996  0.860000 288.721535  -791957570173662336.000000  24643403214360004.000000  207.071551  -642423655269648128.000000  851961690047452800.000000 25 13 325.660533  0.000000  0.000000  0.000000  0.000000  0.000000 
1  288.721535  1.219907  1.219907  293.339996  0.860000 268.478957  -1018737855023824768.000000  -324668442849963456.000000  342.246791  -860969143187487616.000000  -62533014532961824.000000 25 12 288.721535  0.000000  0.000000  0.000000  0.000000  0.000000 
1  268.478957  1.219235  1.219235  293.339996  0.860000 20.546255  -1064610332357539200.000000  1477278101500153088.000000  281.771057  -836203086751592064.000000  54869817703945720.000000 25 12 268.478957  0.000000  0.000000  0.000000  0.000000  0.000000 
1  20.546255  1.220421  1.220421  293.339996  0.860000 59.681982  -1428937178055393792.000000  -2382268774413321216.000000  20.036190  -866824432048364544.000000  -62973667126373176.000000 25 13 20.546255  0.000000  0.000000  0.000000  0.000000  0.000000 
1  59.681982  1.220452  1.220452  293.339996  0.860000 87.790807  -1125988056746499456.000000  1149963416883831936.000000  185.038500  -902262180820794752.000000  -195340967366083488.000000 25 12 59.681982  0.000000  0.000000  0.000000  0.000000  0.000000 
1  87.790807  1.219585  1.219514  293.339996  0.860000 53.145523  -1171987810935956480.000000  326303518173174080.000000  85.446159  -933590963328407040.000000  -233632280414017824.000000 25 12 87.790807  0.000000  0.000000  0.000000  0.000000  0.000000 
1  53.145523  1.220107  1.220107  293.339996  0.860000 31.879675  -1314220439205356800.000000  -1869011979913758976.000000  83.898275  -813131320974960256.000000  156496430527040640.000000 25 13 53.145523  0.000000  0.000000  0.000000  0.000000  0.000000 
1  31.879675  1.220261  1.220261  293.339996  0.860000 33.054115  -727833520390268160.000000  994493197283661184.000000  250.044446  -764033453763356416.000000  243411664786187552.000000 25 12 31.879675  0.000000  0.000000  0.000000  0.000000  0.000000 
1  33.054115  1.220253  1.220253  296.350006  0.700000 225.246719  -796760790833745152.000000  703357263612113664.000000  224.454656  -810805974925340544.000000  40597807854336824.000000 25 12 33.054115  0.000000  0.000000  0.000000  0.000000  0.000000 
1  225.246719  1.219971  1.219971  296.350006  0.700000 32.903301  -1306489268111727104.000000  -1803062078516625408.000000  205.607396  -937704642573160320.000000  -387163677387682816.000000 25 13 225.246719  0.000000  0.000000  0.000000  0.000000  0.000000 
1  32.903301  1.220001  1.219888  296.350006  0.700000 244.104878  -980764082570315392.000000  -321193936309883456.000000  170.329359  -842932156770364032.000000  20300548316136692.000000 25 12 32.903301  0.000000  0.000000  0.000000  0.000000  0.000000 
1  244.104878  1.220814  1.220814  296.350006  0.700000 5.422812  -827490567007955840.000000  -1723313621613237760.000000  0.417734  -733415376022460032.000000  456870204261090944.000000 25 12 244.104878  0.000000  0.000000  0.000000  0.000000  0.000000 
1  5.422812  1.221354  1.221354  296.350006  0.700000 135.812835  -889488788603328768.000000  -103977054856959008.000000  229.985672  -909909450244696192.000000  -303010606227931968.000000 25 13 5.422812  0.000000  0.000000  0.000000  0.000000  0.000000 
1  135.812835  1.221520  1.221520  296.350006  0.700000 350.699397  -92076374966943152.000000  2117149985190907648.000000  183.248442  -716813575432224000.000000  454096517044018496.000000 25 12 135.812835  0.000000  0.000000  0.000000  0.000000  0.000000 
1  350.699397  1.219932  1.219932  296.350006  0.700000 289.052528  -1335096294826818304.000000  -2116596007708276480.000000  344.818882  -858577770169264512.000000  -212246653895249056.000000 25 13 350.699397  0.000000  0.000000  0.000000  0.000000  0.000000 
1  289.052528  1.220257  1.220229  296.350006  0.700000 313.214160  -1050857956614961920.000000  -1045530687274268288.000000  229.501359  -737486096474940672.000000  275536955830904992.000000 25 12 289.052528  0.000000  0.000000  0.000000  0.000000  0.000000 
1  313.214160  1.218680  1.218680  296.350006  0.700000 193.058889  -337065791073705344.000000  -681400591775167488.000000  312.037931  -771251327945626880.000000  151421857273331136.000000 25 12 313.214160  0.000000  0.000000  0.000000  0.000000  0.000000 
1  193.058889  1.220517  1.220517  296.350006  0.700000 169.915616  -667710063106620928.000000  854622747443092480.000000  301.190567  -961137173517697664.000000  -446623297690307712.000000 25 13 193.058889  0.000000  0.000000  0.000000  0.000000  0.000000 
1  169.915616  1.220446  1.220446  302.899994  0.410000 172.325887  -882959359148220544.000000  1603367434981912832.000000  183.491890  -823012821533288192.000000  150274799031593696.000000 25 12 169.915616  0.000000  0.000000  0.000000  0.000000  0.000000 
1  172.325887  1.219644  1.219644  302.899994  0.410000 300.889479  -873385161432009344.000000  642428863353141376.000000  125.830833  -869474284624883200.000000  14745054413049860.000000 25 12 172.325887  0.000000  0.000000  0.000000  0.000000  0.000000 
1  300.889479  1.219027  1.219283  302.899994  0.410000 126.365422  -719304589924339200.000000  536762199564501504.000000  172.717093  -821042575037214336.000000  168397176015249024.000000 24 13 300.889479  0.000000  0.000000  0.000000  0.000000  0.000000 
1  126.365422  1.219584  1.219584  302.899994  0.410000 50.044519  -406023902425773568.000000  775795739372559232.000000  303.489723  -754829410394566656.000000  387994916163637952.000000 26 12 126.365422  0.000000  0.000000  0.000000  0.000000  0.000000 
1  50.044519  1.220328  1.220328  302.899994  0.410000 68.060698  -1080079024816567552.000000  -289021269210735040.000000  87.660640  -644751014959495936.000000  579833634987784576.000000 25 12 50.044519  0.000000  0.000000  0.000000  0.000000  0.000000 
1  68.060698  1.219809  1.219809  302.899994  0.410000 104.206567  -822811892129161600.000000  -254132862904788032.000000  58.066761  -735165967193642240.000000  170901751103503712.000000 24 13 68.060698  0.000000  0.000000  0.000000  0.000000  0.000000 
1  104.206567  1.219939  1.219939  302.899994  0.410000 252.914288  -819765750043451136.000000  785850679791445632.000000  90.441595  -732122591826264832.000000  168192820744639744.000000 25 12 104.206567  0.000000  0.000000  0.000000  0.000000  0.000000 
1  252.914288  1.221340  1.221612  302.899994  0.410000 122.832444  -1263624176480772864.000000  -2398541574815488512.000000  217.713733  -886884354823897088.000000  -464334294489488512.000000 25 12 252.914288  0.000000  0.000000  0.000000  0.000000  0.000000 
1  122.832444  1.219365  1.219365  302.899994  0.410000 301.573893  -812000971028502912.000000  578092995422012928.000000  308.764746  -894653540357770624.000000  -361520717372735360.000000 25 13 122.832444  0.000000  0.000000  0.000000  0.000000  0.000000 
1  301.573893  1.218859  1.218859  302.899994  0.410000 134.371622  -1166657992447296256.000000  -683509685534398976.000000  301.212197  -947969637099649408.000000  -450807125968159232.000000 25 12 301.573893  0.000000  0.000000  0.000000  0.000000  0.000000 
1  134.371622  1.220212  1.220212  302.709991  0.420000 341.838496  -1168905762889778688.000000  -1198277920437000192.000000  333.037551  -939029021523441792.000000  -356900634222642048.000000 24 13 134.371622  0.000000  0.000000  0.000000  0.000000  0.000000 
1  341.838496  1.218534  1.218534  302.709991  0.420000 246.069547  -1156605105406835200.000000  1042764436932506624.000000  29.789349  -928498251108779136.000000  -236803541590019936.000000 26 12 341.838496  0.000000  0.000000  0.000000  0.000000  0.000000 
1  246.069547  1.220428  1.220277  302.709991  0.420000 183.657597  -962679002243027328.000000  -286798024239386944.000000  248.408609  -764661772992598912.000000  326881778516350208.000000 25 12 246.069547  0.000000  0.000000  0.000000  0.000000  0.000000 
1  183.657597  1.220611  1.220611  302.709991  0.420000 265.920054  -523779707391762112.000000  1240613813178633216.000000  89.018056  -817848210642709120.000000  61583221010548216.000000 25 13 183.657597  0.000000  0.000000  0.000000  0.000000  0.000000 
1  265.920054  1.220377  1.220377  302.709991  0.420000 220.016921  -924319678770291712.000000  -3689733271057085952.000000  294.488271  -832992101762087168.000000  -8143012967532257.000000 25 12 265.920054  0.000000  0.000000  0.000000  0.000000  0.000000 
1  220.016921  1.220483  1.220483  302.709991  0.420000 295.214948  -857530046639893504.000000  -159890772676684768.000000  44.763065  -886387202792020736.000000  -104470393231520080.000000 25 12 220.016921  0.000000  0.000000  0.000000  0.000000  0.000000 
1  295.214948  1.218810  1.218810  302.709991  0.420000 290.723025  -1470562681609060352.000000  -1581383250675382784.000000  54.034486  -970023981286699776.000000  -369577258108752832.000000 25 13 295.214948  0.000000  0.000000  0.000000  0.000000  0.000000 
1  290.723025  1.219469  1.219253  302.709991  0.420000 123.187610  -720838583959650944.000000  610637666962715264.000000  347.096328  -820990619483809024.000000  278653578146375840.000000 25 12 290.723025  0.000000  0.000000  0.000000  0.000000  0.000000 
1  123.187610  1.218308  1.218308  302.709991  0.420000 131.582827  -1145924671527720320.000000  -1627206476092844032.000000  241.669063  -970733400798602368.000000  -357895051253130944.000000 25 12 123.187610  0.000000  0.000000  0.000000  0.000000  0.000000 
1  131.582827  1.219399  1.219399  302.709991  0.420000 17.608447  -873542064893882624.000000  635145985420463744.000000  318.462351  -896325244080670848.000000  -100038346584246256.000000 25 13 131.582827  0.000000  0.000000  0.000000  0.000000  0.000000 
