1  -0.387433  -0.387433  56.573468  0.020373  4.121319  13151900976869948838274884771707413477596789982204495970173197630582704743089041715986307159527173818435312431131963309391029903580013475824243343142993557471482133575787012108022035661129774286092488996125458083075846750050735864245693043903042239603170299560853504.000000  11943979236879970840332052867142559485733850886784655132958145784301316083735515066283697689111272729584033051879507588553271007174173742969415045807922469026501983767573202672613237589716977533023378511684396856530452014516618718482126210086319538464069875908214784.000000
1  -0.370073  -0.370073  61.048545  0.017444  4.359031  13151900976869948838274884771707413477596789982204495970173197630582704743089041715986307159527173818435312431131963309391029903580013475824243343142993557471482133575787012108022035661129774286092488996125458083075846750050735864245693043903042239603170299560853504.000000  11943979236879970840332052867142559485733850886784655132958145784301316083735515066283697689111272729584033051879507588553271007174173742969415045807922469026501983767573202672613237589716977533023378511684396856530452014516618718482126210086319538464069875908214784.000000
1  -0.368325  -0.368325  65.463331  0.017710  4.607717  181.419998  0.440000
1  -0.365434  -0.365434  69.971932  0.020107  4.868376  181.449997  0.430000
1  -0.367214  -0.367214  74.526080  0.017843  5.149218  181.479996  0.430000
1  -0.368393  -0.368393  78.858553  0.015047  5.420336  181.509995  0.430000
1  -0.368235  -0.368235  83.208475  0.014381  5.710678  181.550003  0.420000
1  -0.367838  -0.367838  87.262196  0.017710  5.992389  181.589996  0.420000
1  -0.362698  -0.362698  91.400649  0.016645  6.276080  181.639999  0.420000
1  -0.366186  -0.366574  95.148605  0.009188  6.555193  181.690002  0.410000
1  -0.369828  -0.369828  99.155057  0.027031  6.861217  181.740005  0.410000
1  -0.368638  -0.368638  102.619656  0.021438  7.144840  181.789993  0.410000
1  -0.366239  -0.366239  105.988249  0.015313  7.464218  181.850006  0.400000
1  -0.366353  -0.366353  109.245721  0.017444  7.779492  181.910004  0.400000
1  -0.369037  -0.368943  112.424290  0.016112  8.108919  181.979996  0.390000
1  -0.367012  -0.367012  115.396789  0.017843  8.438904  182.050003  0.390000
1  -0.365950  -0.365950  118.108542  0.017177  8.767390  182.110001  0.390000
1  -0.363149  -0.363149  120.575665  0.017577  9.127447  182.179993  0.380000
1  -0.367437  -0.367437  122.863377  0.013582  9.485582  182.229996  0.380000
1  -0.368371  -0.368265  125.117093  0.010386  9.848857  182.289993  0.380000
1  -0.367181  -0.367181  127.324492  0.016245  10.226687  182.350006  0.370000
1  -0.365939  -0.365939  129.351784  0.018243  10.615307  182.410004  0.370000
1  -0.367003  -0.367003  131.206474  0.010253  11.016940  182.479996  0.370000
