mode yawCmd rudderSet rudderIs gpsCourse gpsSpeed cY cW cWd mY mW mWd accGyroCount magCount psid psiTilde rTilde integralPsiTilde rudderMoment tauFF 
1  0.000000  1.205180  1.205180  9158511039213150132386171397043491935809033971469585436753634485830648895430525202738841604247401391382122468057787959535170434965680769330899712772124423626092030659178976692256451124186143192771340777312268840164271893519013944609141818731067459738057772890062848.000000  0.000000 0.000000  0.000000  0.000000  0.000000  0.000000  0.000000 447 216 0.000000  0.000000  0.000000  0.000000  0.000000  0.000000 
1  0.000000  1.206271  1.206271  9158511039213150132386171397043491935809033971469585436753634485830648895430525202738841604247401391382122468057787959535170434965680769330899712772124423626092030659178976692256451124186143192771340777312268840164271893519013944609141818731067459738057772890062848.000000  0.000000 0.000000  0.000000  0.000000  0.000000  0.000000  0.000000 25 13 0.000000  0.000000  0.000000  0.000000  0.000000  0.000000 
1  0.000000  1.206813  1.206813  9158511039213150132386171397043491935809033971469585436753634485830648895430525202738841604247401391382122468057787959535170434965680769330899712772124423626092030659178976692256451124186143192771340777312268840164271893519013944609141818731067459738057772890062848.000000  0.000000 0.000000  0.000000  0.000000  0.000000  0.000000  0.000000 25 12 0.000000  0.000000  0.000000  0.000000  0.000000  0.000000 
1  0.000000  1.204693  1.204693  9158511039213150132386171397043491935809033971469585436753634485830648895430525202738841604247401391382122468057787959535170434965680769330899712772124423626092030659178976692256451124186143192771340777312268840164271893519013944609141818731067459738057772890062848.000000  0.000000 0.000000  0.000000  0.000000  0.000000  0.000000  0.000000 25 13 0.000000  0.000000  0.000000  0.000000  0.000000  0.000000 
1  0.000000  1.206367  1.206367  9158511039213150132386171397043491935809033971469585436753634485830648895430525202738841604247401391382122468057787959535170434965680769330899712772124423626092030659178976692256451124186143192771340777312268840164271893519013944609141818731067459738057772890062848.000000  0.000000 0.000000  0.000000  0.000000  0.000000  0.000000  0.000000 25 12 0.000000  0.000000  0.000000  0.000000  0.000000  0.000000 
1  0.000000  1.206394  1.206394  0.000000  0.000000 0.000000  0.000000  0.000000  0.000000  0.000000  0.000000 24 13 0.000000  0.000000  0.000000  0.000000  0.000000  0.000000 
1  0.000000  1.207567  1.207567  0.000000  0.000000 0.000000  0.000000  0.000000  0.000000  0.000000  0.000000 26 12 0.000000  0.000000  0.000000  0.000000  0.000000  0.000000 
1  0.000000  1.205758  1.206029  0.000000  0.000000 0.000000  0.000000  0.000000  0.000000  0.000000  0.000000 25 12 0.000000  0.000000  0.000000  0.000000  0.000000  0.000000 
1  0.000000  1.206750  1.206750  0.000000  0.000000 0.000000  0.000000  0.000000  0.000000  0.000000  0.000000 25 13 0.000000  0.000000  0.000000  0.000000  0.000000  0.000000 
1  0.000000  1.206725  1.206725  0.000000  0.000000 0.000000  0.000000  0.000000  0.000000  0.000000  0.000000 25 12 0.000000  0.000000  0.000000  0.000000  0.000000  0.000000 
1  0.000000  1.206786  1.206786  0.000000  0.000000 0.000000  0.000000  0.000000  0.000000  0.000000  0.000000 25 13 0.000000  0.000000  0.000000  0.000000  0.000000  0.000000 
1  0.000000  1.205855  1.205855  0.000000  0.000000 0.000000  0.000000  0.000000  0.000000  0.000000  0.000000 22 11 0.000000  0.000000  0.000000  0.000000  0.000000  0.000000 
1  0.000000  1.206364  1.206270  0.000000  0.000000 0.832993  0.652393  3.726270  0.257377  0.430020  1.423018 16 7 0.000000  0.000000  0.000000  0.000000  0.000000  0.000000 
1  0.832993  1.206856  1.206856  0.000000  0.000000 2.183660  1.281538  1.327231  0.484408  0.791312  2.079916 25 13 0.832993  0.000000  0.000000  0.000000  0.000000  0.000000 
1  2.183660  1.205904  1.205904  0.000000  0.000000 3.583966  0.762493  0.541459  0.705102  0.731658  1.217607 25 12 2.183660  0.000000  0.000000  0.000000  0.000000  0.000000 
1  3.583966  1.206791  1.206791  0.000000  0.000000 5.145801  0.930656  2.970066  0.922731  0.681928  0.675747 25 13 3.583966  0.000000  0.000000  0.000000  0.000000  0.000000 
1  5.145801  1.207368  1.207368  0.000000  0.000000 6.785316  1.128102  0.708631  1.145299  0.760777  0.809339 25 12 5.145801  0.000000  0.000000  0.000000  0.000000  0.000000 
1  6.785316  1.208638  1.208383  0.000000  0.000000 8.556537  1.015032  1.691522  1.360571  0.664306  0.287929 25 13 6.785316  0.000000  0.000000  0.000000  0.000000  0.000000 
1  8.556537  1.206450  1.206450  0.000000  0.000000 10.616101  0.628903  -0.613772  1.609141  0.807475  0.629698 25 12 8.556537  0.000000  0.000000  0.000000  0.000000  0.000000 
1  10.616101  1.206114  1.206114  0.000000  0.000000 12.632261  0.242344  -1.513870  1.838003  0.675890  0.005125 25 12 10.616101  0.000000  0.000000  0.000000  0.000000  0.000000 
1  12.632261  1.206238  1.206238  0.000000  0.000000 14.965085  0.663989  -0.480883  2.072662  0.697235  0.059081 25 13 12.632261  0.000000  0.000000  0.000000  0.000000  0.000000 
1  14.965085  1.206882  1.206882  0.000000  0.000000 17.326689  0.425896  -0.080932  2.291821  0.640931  -0.124109 25 12 14.965085  0.000000  0.000000  0.000000  0.000000  0.000000 
1  17.326689  1.207027  1.206597  0.000000  0.000000 20.027481  0.373845  0.107614  2.523909  0.625025  -0.214236 25 13 17.326689  0.000000  0.000000  0.000000  0.000000  0.000000 
1  20.027481  1.205965  1.205965  0.000000  0.000000 22.823156  0.208989  -0.447049  2.743389  0.591125  -0.266315 25 12 20.027481  0.000000  0.000000  0.000000  0.000000  0.000000 
1  22.823156  1.208525  1.208525  0.000000  0.000000 25.821487  0.899045  1.223102  2.973064  0.677974  0.107944 25 13 22.823156  0.000000  0.000000  0.000000  0.000000  0.000000 
1  25.821487  1.206278  1.206278  0.000000  0.000000 28.877450  -0.274495  -0.047880  3.197841  0.500193  -0.607202 25 12 25.821487  0.000000  0.000000  0.000000  0.000000  0.000000 
1  28.877450  1.205525  1.205525  0.000000  0.000000 32.277662  0.461651  -0.823545  3.428036  0.684639  0.214058 25 12 28.877450  0.000000  0.000000  0.000000  0.000000  0.000000 
1  32.277662  1.208627  1.208627  0.000000  0.000000 36.017548  0.335656  -3.126863  3.670144  0.675685  -0.006455 25 13 32.277662  0.000000  0.000000  0.000000  0.000000  0.000000 
1  36.017548  1.207435  1.207435  0.000000  0.000000 39.910035  0.712525  0.796794  3.896032  0.636990  -0.111901 25 12 36.017548  0.000000  0.000000  0.000000  0.000000  0.000000 
1  39.910035  1.205535  1.205535  0.000000  0.000000 44.151012  0.640742  -0.946615  4.106462  0.490976  -0.495074 25 13 39.910035  0.000000  0.000000  0.000000  0.000000  0.000000 
1  44.151012  1.205524  1.205524  0.000000  0.000000 48.528424  0.566225  -0.273880  4.324682  0.578555  -0.044737 25 12 44.151012  0.000000  0.000000  0.000000  0.000000  0.000000 
1  48.528424  1.208868  1.208868  0.000000  0.000000 53.088553  0.434955  -0.780845  4.536926  0.553218  -0.129689 25 13 48.528424  0.000000  0.000000  0.000000  0.000000  0.000000 
1  53.088553  1.206219  1.206219  0.000000  0.000000 57.790311  0.782834  -0.042470  4.767971  0.641590  0.195703 25 12 53.088553  0.000000  0.000000  0.000000  0.000000  0.000000 
1  57.790311  1.206063  1.206063  0.000000  0.000000 62.385826  0.797048  -1.038273  4.981481  0.633287  0.184391 25 12 57.790311  0.000000  0.000000  0.000000  0.000000  0.000000 
1  62.385826  1.206591  1.206478  0.000000  0.000000 67.379167  0.823860  -0.633231  5.189832  0.639751  0.144008 25 13 62.385826  0.000000  0.000000  0.000000  0.000000  0.000000 
1  67.379167  1.208522  1.208522  0.000000  0.000000 72.407964  0.747232  0.755170  5.408915  0.704532  0.393563 25 12 67.379167  0.000000  0.000000  0.000000  0.000000  0.000000 
1  72.407964  1.207830  1.207830  0.000000  0.000000 77.577579  0.419561  1.747174  5.630510  0.650219  0.130331 25 13 72.407964  0.000000  0.000000  0.000000  0.000000  0.000000 
1  77.577579  1.207118  1.207118  0.000000  0.000000 82.655345  0.492323  -0.266071  5.856307  0.622169  0.035485 25 12 77.577579  0.000000  0.000000  0.000000  0.000000  0.000000 
1  82.655345  1.207310  1.207310  0.000000  0.000000 87.803662  0.068657  0.093652  6.126617  0.536092  -0.294629 25 13 82.655345  0.000000  0.000000  0.000000  0.000000  0.000000 
1  87.803662  1.207083  1.206983  0.000000  0.000000 92.766190  0.510722  0.169921  6.450559  0.450508  -0.506180 25 12 87.803662  0.000000  0.000000  0.000000  0.000000  0.000000 
1  92.766190  1.206060  1.206060  0.000000  0.000000 97.429242  0.378718  -0.403877  6.895000  0.612499  0.203457 25 13 92.766190  0.000000  0.000000  0.000000  0.000000  0.000000 
1  97.429242  1.206315  1.206315  0.000000  0.000000 102.174710  0.648519  -0.721043  7.419126  0.665183  0.349299 25 12 97.429242  0.000000  0.000000  0.000000  0.000000  0.000000 
1  102.174710  1.207861  1.207861  0.000000  0.000000 106.719637  0.438165  0.731058  7.921046  0.519723  -0.338665 25 12 102.174710  0.000000  0.000000  0.000000  0.000000  0.000000 
1  106.719637  1.207392  1.207392  0.000000  0.000000 111.150715  0.587357  -1.232383  8.432078  0.539106  -0.136790 25 13 106.719637  0.000000  0.000000  0.000000  0.000000  0.000000 
1  111.150715  1.206427  1.206328  0.000000  0.000000 115.292244  0.127007  -1.434265  8.956130  0.654902  0.348906 25 12 111.150715  0.000000  0.000000  0.000000  0.000000  0.000000 
1  115.292244  1.207512  1.207512  0.000000  0.000000 119.314322  0.251749  1.590120  9.472373  0.534097  -0.124038 25 13 115.292244  0.000000  0.000000  0.000000  0.000000  0.000000 
1  119.314322  1.206984  1.206984  0.000000  0.000000 123.031492  0.418571  -0.276506  10.075989  0.574812  0.051888 25 12 119.314322  0.000000  0.000000  0.000000  0.000000  0.000000 
1  123.031492  1.206504  1.206504  0.000000  0.000000 126.451550  0.510289  0.315109  10.762719  0.625561  0.144189 25 13 123.031492  0.000000  0.000000  0.000000  0.000000  0.000000 
1  126.451550  1.206895  1.206895  0.000000  0.000000 129.651370  0.663590  0.391784  11.345126  0.555976  -0.210472 25 12 126.451550  0.000000  0.000000  0.000000  0.000000  0.000000 
1  129.651370  1.208921  1.207970  0.000000  0.000000 132.760480  0.170651  -1.120219  12.035810  0.676262  0.222816 25 13 129.651370  0.000000  0.000000  0.000000  0.000000  0.000000 
1  132.760480  1.207367  1.207367  0.000000  0.000000 135.560719  0.480622  1.104779  12.746558  0.541526  -0.266495 25 12 132.760480  0.000000  0.000000  0.000000  0.000000  0.000000 
1  135.560719  1.206075  1.206075  0.000000  0.000000 138.209856  0.210628  0.646278  13.459317  0.522981  -0.245317 25 12 135.560719  0.000000  0.000000  0.000000  0.000000  0.000000 
1  138.209856  1.206964  1.206964  0.000000  0.000000 140.692474  0.290042  -0.201184  14.147554  0.610786  0.070326 25 13 138.209856  0.000000  0.000000  0.000000  0.000000  0.000000 
1  140.692474  1.206916  1.206916  0.000000  0.000000 142.900788  0.197476  -1.590848  14.936358  0.567214  -0.042777 25 12 140.692474  0.000000  0.000000  0.000000  0.000000  0.000000 
1  142.900788  1.206938  1.206938  0.000000  0.000000 144.966749  0.170894  -0.717954  15.680485  0.674920  0.304205 25 13 142.900788  0.000000  0.000000  0.000000  0.000000  0.000000 
1  144.966749  1.206376  1.206376  0.000000  0.000000 146.858341  -0.045565  -0.388348  16.385194  0.606814  -0.033168 25 12 144.966749  0.000000  0.000000  0.000000  0.000000  0.000000 
1  146.858341  1.207280  1.207280  0.000000  0.000000 148.442885  0.053354  -0.775310  17.102576  0.511285  -0.371351 25 12 146.858341  0.000000  0.000000  0.000000  0.000000  0.000000 
1  148.442885  1.206945  1.206945  0.000000  0.000000 150.060086  0.594354  1.020825  17.889464  0.703196  0.273179 25 13 148.442885  0.000000  0.000000  0.000000  0.000000  0.000000 
1  150.060086  1.205499  1.205499  0.000000  0.000000 151.536041  0.053635  -0.741572  18.722299  0.713066  0.245543 25 12 150.060086  0.000000  0.000000  0.000000  0.000000  0.000000 
1  151.536041  1.205500  1.205500  0.000000  0.000000 152.880428  0.318845  0.005785  19.578604  0.690358  0.094190 25 13 151.536041  0.000000  0.000000  0.000000  0.000000  0.000000 
1  152.880428  1.207001  1.207001  0.000000  0.000000 154.066412  0.465237  0.465805  20.369446  0.701505  0.150127 25 12 152.880428  0.000000  0.000000  0.000000  0.000000  0.000000 
1  154.066412  1.206575  1.206575  0.000000  0.000000 155.133303  0.239054  -0.031279  21.165738  0.725571  0.109524 25 12 154.066412  0.000000  0.000000  0.000000  0.000000  0.000000 
1  155.133303  1.206072  1.206072  0.000000  0.000000 156.131299  0.007782  0.301408  22.090326  0.714536  -0.025170 25 13 155.133303  0.000000  0.000000  0.000000  0.000000  0.000000 
1  156.131299  1.206142  1.206142  0.000000  0.000000 156.995493  0.243872  -0.518448  22.960421  0.636606  -0.298488 25 12 156.131299  0.000000  0.000000  0.000000  0.000000  0.000000 
1  156.995493  1.208116  1.208116  0.000000  0.000000 157.852537  0.354669  0.165885  23.842270  0.800284  0.294812 25 13 156.995493  0.000000  0.000000  0.000000  0.000000  0.000000 
1  157.852537  1.206843  1.206843  0.000000  0.000000 158.625747  0.114581  -0.170328  24.743447  0.807293  0.208390 25 12 157.852537  0.000000  0.000000  0.000000  0.000000  0.000000 
1  158.625747  1.205754  1.205393  0.000000  0.000000 159.350111  0.507919  0.906137  25.657166  0.751554  -0.046723 25 13 158.625747  0.000000  0.000000  0.000000  0.000000  0.000000 
1  159.350111  1.209021  1.209021  0.000000  0.000000 160.007542  0.068635  -1.878668  26.558668  0.842787  0.240768 25 12 159.350111  0.000000  0.000000  0.000000  0.000000  0.000000 
1  160.007542  1.206347  1.206347  0.000000  0.000000 160.630042  0.413826  0.499895  27.615253  0.803334  -0.016842 25 13 160.007542  0.000000  0.000000  0.000000  0.000000  0.000000 
1  160.630042  1.206428  1.206428  0.000000  0.000000 161.125813  0.091580  -0.841573  28.552579  0.817090  -0.006422 25 12 160.630042  0.000000  0.000000  0.000000  0.000000  0.000000 
1  161.125813  1.206246  1.206246  0.000000  0.000000 161.552039  0.167910  0.625743  29.538997  0.763830  -0.140561 25 12 161.125813  0.000000  0.000000  0.000000  0.000000  0.000000 
1  161.552039  1.208173  1.208173  0.000000  0.000000 162.000853  -0.192169  -1.725343  30.544841  0.815942  0.048030 25 13 161.552039  0.000000  0.000000  0.000000  0.000000  0.000000 
1  162.000853  1.205934  1.205934  0.000000  0.000000 162.403491  0.358425  0.196175  31.524940  0.928042  0.421461 25 12 162.000853  0.000000  0.000000  0.000000  0.000000  0.000000 
1  162.403491  1.205177  1.205177  0.000000  0.000000 162.728058  -0.050475  -1.170003  32.520311  0.875286  0.121523 25 13 162.403491  0.000000  0.000000  0.000000  0.000000  0.000000 
1  162.728058  1.206404  1.206404  0.000000  0.000000 163.007704  0.549256  0.644324  33.561148  0.902455  0.212855 25 12 162.728058  0.000000  0.000000  0.000000  0.000000  0.000000 
1  163.007704  1.206495  1.206495  0.000000  0.000000 163.339922  -0.071947  -1.114162  34.665455  0.918416  0.273840 25 13 163.007704  0.000000  0.000000  0.000000  0.000000  0.000000 
1  163.339922  1.205536  1.205536  0.000000  0.000000 163.695344  -0.205887  0.663401  35.698485  0.945693  0.224927 25 12 163.339922  0.000000  0.000000  0.000000  0.000000  0.000000 
1  163.695344  1.207359  1.207359  0.000000  0.000000 163.964063  0.503353  0.280617  36.808490  0.945975  0.151632 25 12 163.695344  0.000000  0.000000  0.000000  0.000000  0.000000 
1  163.964063  1.206606  1.206549  0.000000  0.000000 164.188835  0.535137  1.223861  37.973535  1.073912  0.568522 25 13 163.964063  0.000000  0.000000  0.000000  0.000000  0.000000 
1  164.188835  1.206332  1.206332  0.000000  0.000000 164.419068  0.724787  2.670014  39.105887  1.067611  0.434322 25 12 164.188835  0.000000  0.000000  0.000000  0.000000  0.000000 
1  164.419068  1.205290  1.205290  0.000000  0.000000 164.617660  -0.076839  -1.375796  40.228653  1.079123  0.204145 25 13 164.419068  0.000000  0.000000  0.000000  0.000000  0.000000 
1  164.617660  1.206059  1.206059  0.000000  0.000000 164.842079  0.396770  0.863477  41.303478  1.181257  0.477778 25 12 164.617660  0.000000  0.000000  0.000000  0.000000  0.000000 
1  164.842079  1.206970  1.206970  0.000000  0.000000 165.021831  0.367956  0.540720  42.477535  1.035574  -0.079520 25 13 164.842079  0.000000  0.000000  0.000000  0.000000  0.000000 
1  165.021831  1.206509  1.206357  0.000000  0.000000 165.155377  0.556956  1.854738  43.612174  1.159997  0.447242 26 12 165.021831  0.000000  0.000000  0.000000  0.000000  0.000000 
1  165.155377  1.207300  1.207300  0.000000  0.000000 165.275137  0.244239  -0.437852  44.818534  1.249829  0.584112 25 12 165.155377  0.000000  0.000000  0.000000  0.000000  0.000000 
1  165.275137  1.206449  1.206449  0.000000  0.000000 165.337860  -0.083633  -1.378319  45.962687  1.185488  0.214091 24 13 165.275137  0.000000  0.000000  0.000000  0.000000  0.000000 
1  165.337860  1.207790  1.207790  0.000000  0.000000 165.387920  0.139577  -0.832005  47.177774  1.207468  0.188625 25 12 165.337860  0.000000  0.000000  0.000000  0.000000  0.000000 
1  165.387920  1.203857  1.203857  0.000000  0.000000 165.463725  0.328045  -0.206406  48.390418  1.194822  0.156015 25 13 165.387920  0.000000  0.000000  0.000000  0.000000  0.000000 
1  165.463725  1.207467  1.207413  0.000000  0.000000 165.613686  -0.005686  -0.560814  49.617002  1.243224  0.248147 25 12 165.463725  0.000000  0.000000  0.000000  0.000000  0.000000 
1  165.613686  1.206805  1.206805  0.000000  0.000000 165.682376  -0.048956  -1.104044  50.844934  1.290122  0.330906 24 13 165.613686  0.000000  0.000000  0.000000  0.000000  0.000000 
1  165.682376  1.207057  1.207057  0.000000  0.000000 165.766586  0.092152  2.121651  52.081854  1.269248  0.165132 26 12 165.682376  0.000000  0.000000  0.000000  0.000000  0.000000 
1  165.766586  1.206582  1.206582  0.000000  0.000000 165.851474  0.321187  -0.552525  53.315925  1.371102  0.408273 25 12 165.766586  0.000000  0.000000  0.000000  0.000000  0.000000 
1  165.851474  1.207629  1.207629  0.000000  0.000000 165.885437  0.663627  1.681673  54.572158  1.393600  0.435694 25 13 165.851474  0.000000  0.000000  0.000000  0.000000  0.000000 
1  165.885437  1.207157  1.206620  0.000000  0.000000 165.970999  0.745737  0.444131  55.860429  1.420172  0.421215 25 12 165.885437  0.000000  0.000000  0.000000  0.000000  0.000000 
1  165.970999  1.205265  1.205265  70.809998  0.040000 165.978184  0.884821  0.217397  57.106012  1.476726  0.474403 25 13 165.970999  0.000000  0.000000  0.000000  0.000000  0.000000 
1  165.978184  1.206986  1.206986  70.809998  0.040000 166.019641  0.428591  -0.530036  58.329507  1.520014  0.524879 25 12 165.978184  0.000000  0.000000  0.000000  0.000000  0.000000 
1  166.019641  1.207038  1.207038  70.809998  0.040000 166.058866  0.053306  -0.808095  59.613146  1.533889  0.443500 25 13 166.019641  0.000000  0.000000  0.000000  0.000000  0.000000 
1  166.058866  1.206359  1.206359  70.809998  0.040000 166.079532  -0.021990  -1.544171  60.886033  1.386585  -0.196825 25 12 166.058866  0.000000  0.000000  0.000000  0.000000  0.000000 
1  166.079532  1.207306  1.207408  70.809998  0.040000 166.089199  0.227436  -0.035082  62.149644  1.568253  0.450899 24 13 166.079532  0.000000  0.000000  0.000000  0.000000  0.000000 
1  166.089199  1.207278  1.206430  70.809998  0.040000 166.121550  0.287923  0.309008  63.456066  1.510974  0.099318 27 13 166.089199  0.000000  0.000000  0.000000  0.000000  0.000000 
1  166.121550  1.206404  1.206404  70.809998  0.040000 166.144675  -0.132108  0.072506  64.789670  1.574866  0.203601 25 12 166.121550  0.000000  0.000000  0.000000  0.000000  0.000000 
1  166.144675  1.205644  1.205644  70.809998  0.040000 166.083046  0.083954  -1.443257  66.052671  1.624374  0.250012 25 12 166.144675  0.000000  0.000000  0.000000  0.000000  0.000000 
1  166.083046  1.206429  1.206429  70.809998  0.040000 166.099991  -0.191251  -1.721489  67.382221  1.568190  -0.103341 25 13 166.083046  0.000000  0.000000  0.000000  0.000000  0.000000 
1  166.099991  1.207168  1.207168  70.809998  0.040000 166.067720  -0.152456  0.601286  68.640858  1.632026  0.151467 25 12 166.099991  0.000000  0.000000  0.000000  0.000000  0.000000 
1  166.067720  1.206066  1.205970  70.809998  0.040000 166.031672  0.213541  -0.027715  69.944693  1.679460  0.246339 25 13 166.067720  0.000000  0.000000  0.000000  0.000000  0.000000 
1  166.031672  1.206724  1.206724  70.669998  0.030000 166.010026  0.511033  1.068750  71.207213  1.763705  0.464620 25 12 166.031672  0.000000  0.000000  0.000000  0.000000  0.000000 
1  166.010026  1.205307  1.205307  70.669998  0.030000 166.018233  0.404818  0.707341  72.527789  1.763904  0.368912 25 13 166.010026  0.000000  0.000000  0.000000  0.000000  0.000000 
1  166.018233  1.207390  1.207390  70.669998  0.030000 165.993944  0.063901  -0.733155  73.792850  1.806275  0.334123 25 12 166.018233  0.000000  0.000000  0.000000  0.000000  0.000000 
1  165.993944  1.205371  1.205371  70.669998  0.030000 165.947974  -0.228987  -0.300847  75.067784  1.732397  -0.037842 25 12 165.993944  0.000000  0.000000  0.000000  0.000000  0.000000 
1  165.947974  1.207041  1.207023  70.669998  0.030000 166.010506  0.049434  -0.715204  76.425432  1.809983  0.211754 26 13 165.947974  0.000000  0.000000  0.000000  0.000000  0.000000 
1  166.010506  1.208037  1.208037  70.669998  0.030000 165.992395  0.122037  0.190719  77.731206  1.837686  0.251112 25 12 166.010506  0.000000  0.000000  0.000000  0.000000  0.000000 
1  165.992395  1.206636  1.206636  70.669998  0.030000 166.000674  0.625314  1.519411  79.063233  1.980203  0.644473 24 13 165.992395  0.000000  0.000000  0.000000  0.000000  0.000000 
1  166.000674  1.207535  1.207535  70.669998  0.030000 165.999273  0.534209  -0.134367  80.379673  2.004190  0.465001 26 12 166.000674  0.000000  0.000000  0.000000  0.000000  0.000000 
1  165.999273  1.206972  1.206972  70.669998  0.030000 166.026296  0.259581  0.084807  81.700442  2.088119  0.562741 25 12 165.999273  0.000000  0.000000  0.000000  0.000000  0.000000 
1  166.026296  1.206364  1.206492  70.570000  0.030000 166.045250  -0.083747  -2.490912  83.034999  1.945833  -0.088766 25 13 166.026296  0.000000  0.000000  0.000000  0.000000  0.000000 
1  166.045250  1.206250  1.206250  70.570000  0.030000 166.049715  0.224247  -2.288283  84.338464  1.967626  0.003852 25 12 166.045250  0.000000  0.000000  0.000000  0.000000  0.000000 
1  166.049715  1.205734  1.205734  70.570000  0.030000 166.068074  0.434942  0.010742  85.643428  2.142506  0.600361 25 13 166.049715  0.000000  0.000000  0.000000  0.000000  0.000000 
1  166.068074  1.206815  1.206815  70.570000  0.030000 166.055315  0.329111  0.002001  86.949162  2.125271  0.392591 25 12 166.068074  0.000000  0.000000  0.000000  0.000000  0.000000 
1  166.055315  1.207007  1.207007  70.570000  0.030000 166.041385  0.189893  -0.132489  88.239788  2.009445  -0.100380 24 13 166.055315  0.000000  0.000000  0.000000  0.000000  0.000000 
1  166.041385  1.206446  1.206257  70.570000  0.030000 166.052354  0.262540  -0.430135  89.564228  2.212779  0.535833 26 12 166.041385  0.000000  0.000000  0.000000  0.000000  0.000000 
1  166.052354  1.206730  1.206730  70.570000  0.030000 166.015317  0.238735  0.712338  90.910244  2.152501  0.222205 25 12 166.052354  0.000000  0.000000  0.000000  0.000000  0.000000 
1  166.015317  1.207186  1.207186  70.570000  0.030000 165.960362  -0.228835  -0.625912  92.200709  2.132516  0.045803 25 13 166.015317  0.000000  0.000000  0.000000  0.000000  0.000000 
1  165.960362  1.208807  1.208807  70.570000  0.030000 166.032198  0.326571  1.765278  93.548469  2.314285  0.626383 25 12 165.960362  0.000000  0.000000  0.000000  0.000000  0.000000 
1  166.032198  1.206310  1.206310  70.570000  0.030000 166.021826  -0.336465  -2.379629  94.804326  2.237505  0.116521 25 13 166.032198  0.000000  0.000000  0.000000  0.000000  0.000000 
1  166.021826  1.207710  1.207899  70.529999  0.030000 166.038729  0.403161  0.518399  96.090972  2.326140  0.397703 25 12 166.021826  0.000000  0.000000  0.000000  0.000000  0.000000 
1  166.038729  1.207034  1.207034  70.529999  0.030000 166.057298  -0.004184  0.282868  97.438549  2.360578  0.306074 25 12 166.038729  0.000000  0.000000  0.000000  0.000000  0.000000 
1  166.057298  1.207505  1.207505  70.529999  0.030000 166.061990  -0.221003  -1.924990  98.716070  2.387448  0.208748 25 13 166.057298  0.000000  0.000000  0.000000  0.000000  0.000000 
1  166.061990  1.206063  1.206063  70.529999  0.030000 166.055536  0.408546  0.288292  100.009607  2.478031  0.460408 25 12 166.061990  0.000000  0.000000  0.000000  0.000000  0.000000 
1  166.055536  1.205862  1.205862  70.529999  0.030000 166.067522  1.144119  1.109200  101.325405  2.572921  0.640643 25 13 166.055536  0.000000  0.000000  0.000000  0.000000  0.000000 
1  166.067522  1.207258  1.208242  70.529999  0.030000 166.062015  0.709379  0.608279  102.592091  2.468810  0.095689 25 12 166.067522  0.000000  0.000000  0.000000  0.000000  0.000000 
1  166.062015  1.207152  1.207152  70.529999  0.030000 166.085856  0.027015  -1.343859  103.871960  2.613443  0.500121 25 13 166.062015  0.000000  0.000000  0.000000  0.000000  0.000000 
1  166.085856  1.206023  1.206023  70.529999  0.030000 166.104692  0.068855  1.473919  105.178704  2.622600  0.333349 25 12 166.085856  0.000000  0.000000  0.000000  0.000000  0.000000 
1  166.104692  1.207124  1.207124  70.529999  0.030000 166.129340  0.353795  0.213878  106.460204  2.648070  0.257847 25 12 166.104692  0.000000  0.000000  0.000000  0.000000  0.000000 
1  166.129340  1.208510  1.208510  70.529999  0.030000 166.095488  -0.007318  0.033218  107.735632  2.820340  0.685601 25 13 166.129340  0.000000  0.000000  0.000000  0.000000  0.000000 
1  166.095488  1.206511  1.206399  70.510002  0.050000 166.130771  0.206071  1.215058  109.014810  2.733091  0.284436 25 12 166.095488  0.000000  0.000000  0.000000  0.000000  0.000000 
1  166.130771  1.205183  1.205183  70.510002  0.050000 166.132749  0.413630  1.188931  110.314276  2.880785  0.712662 25 12 166.130771  0.000000  0.000000  0.000000  0.000000  0.000000 
1  166.132749  1.206070  1.206070  70.510002  0.050000 166.132669  -0.040518  -1.347337  111.595257  2.800434  0.185585 25 13 166.132749  0.000000  0.000000  0.000000  0.000000  0.000000 
1  166.132669  1.207580  1.207580  70.510002  0.050000 166.132807  -0.236437  -1.491354  112.856063  2.692164  -0.268646 25 12 166.132669  0.000000  0.000000  0.000000  0.000000  0.000000 
1  166.132807  1.206298  1.206298  70.510002  0.050000 166.144928  0.013915  -0.255561  114.117720  2.748907  0.000128 25 12 166.132807  0.000000  0.000000  0.000000  0.000000  0.000000 
1  166.144928  1.206022  1.205432  70.510002  0.050000 166.078819  0.030638  1.433555  115.361223  2.722108  -0.040018 25 13 166.144928  0.000000  0.000000  0.000000  0.000000  0.000000 
1  166.078819  1.206477  1.206477  70.510002  0.050000 166.039166  0.254164  -0.751015  116.592877  2.842292  0.305991 25 12 166.078819  0.000000  0.000000  0.000000  0.000000  0.000000 
1  166.039166  1.206540  1.206540  70.510002  0.050000 166.093536  0.289616  0.497016  117.846492  2.871052  0.348919 25 12 166.039166  0.000000  0.000000  0.000000  0.000000  0.000000 
1  166.093536  1.204878  1.204878  70.510002  0.050000 166.173222  0.831412  0.224224  119.096032  2.961773  0.535497 25 12 166.093536  0.000000  0.000000  0.000000  0.000000  0.000000 
1  166.173222  1.206364  1.206364  70.500000  0.020000 166.090567  0.011521  -0.167135  120.301849  2.853207  -0.004458 25 12 166.173222  0.000000  0.000000  0.000000  0.000000  0.000000 
1  166.090567  1.207411  1.207620  70.500000  0.020000 166.061490  -0.015224  1.240841  121.516587  2.884325  0.124642 25 13 166.090567  0.000000  0.000000  0.000000  0.000000  0.000000 
1  166.061490  1.207256  1.207256  70.500000  0.020000 166.064842  0.226193  0.702737  122.711644  2.947850  0.343799 25 12 166.061490  0.000000  0.000000  0.000000  0.000000  0.000000 
1  166.064842  1.205609  1.205609  70.500000  0.020000 166.083029  0.503570  -0.132004  123.947241  3.112953  0.760037 25 13 166.064842  0.000000  0.000000  0.000000  0.000000  0.000000 
1  166.083029  1.206412  1.206412  70.500000  0.020000 166.087237  0.289781  0.218139  125.153528  3.029746  0.212963 25 12 166.083029  0.000000  0.000000  0.000000  0.000000  0.00