1  0.000000  0.000000  0.634857  0.882677  0.415712  0.000000  0.000000  0.000000  0.000000  0.000000
1  0.634857  0.634857  0.722878  0.772720  -0.000818  0.000000  0.000000  0.000000  0.000000  0.000000
1  0.722878  0.722878  0.773659  0.810204  0.113818  0.000000  0.000000  0.000000  0.000000  0.000000
1  0.773659  0.773659  0.832897  0.880738  0.318636  0.000000  0.000000  0.000000  0.000000  0.000000
1  0.832897  0.832897  0.974497  0.833742  0.074027  0.000000  0.000000  0.000000  0.000000  0.000000
1  0.974497  0.974497  1.034186  0.866777  0.166166  0.000000  0.000000  0.000000  0.000000  0.000000
1  1.034186  1.034186  1.155116  0.853442  0.092545  0.000000  0.000000  0.000000  0.000000  0.000000
1  1.155116  1.155116  1.228580  0.927532  0.239852  0.000000  0.000000  0.000000  0.000000  0.000000
1  1.228580  1.228580  1.404255  1.056069  0.546157  0.000000  0.000000  0.000000  0.000000  0.000000
1  1.404255  1.404255  1.499013  1.043032  0.356674  0.000000  0.000000  0.000000  0.000000  0.000000
1  1.499013  1.499013  1.579793  0.973812  -0.070577  0.000000  0.000000  0.000000  0.000000  0.000000
1  1.579793  1.579793  1.721065  1.135717  0.423966  0.000000  0.000000  0.000000  0.000000  0.000000
1  1.721065  1.721065  1.821150  1.129806  0.294062  0.000000  0.000000  0.000000  0.000000  0.000000
1  1.821150  1.821150  1.969843  1.211616  0.442698  0.000000  0.000000  0.000000  0.000000  0.000000
1  1.969843  1.969843  2.091324  1.108625  0.007384  0.000000  0.000000  0.000000  0.000000  0.000000
1  2.091324  2.091324  2.190315  1.141783  0.073269  0.000000  0.000000  0.000000  0.000000  0.000000
1  2.190315  2.190315  2.272600  1.291266  0.492170  0.000000  0.000000  0.000000  0.000000  0.000000
1  2.272600  2.272600  2.428889  1.155653  -0.083920  0.000000  0.000000  0.000000  0.000000  0.000000
1  2.428889  2.428889  2.549049  1.216063  0.200580  0.000000  0.000000  0.000000  0.000000  0.000000
1  2.549049  2.549049  2.678742  1.233973  0.216674  0.000000  0.000000  0.000000  0.000000  0.000000
1  2.678742  2.678742  2.868211  1.177096  -0.150590  0.000000  0.000000  0.000000  0.000000  0.000000
1  2.868211  2.868211  3.007246  1.166466  -0.152033  0.000000  0.000000  0.000000  0.000000  0.000000
1  3.007246  3.007246  3.120940  1.079405  -0.325156  0.000000  0.000000  0.000000  0.000000  0.000000
1  3.120940  3.120940  3.181461  1.063457  -0.304620  0.000000  0.000000  0.000000  0.000000  0.000000
1  3.181461  3.181461  3.357135  1.128260  0.054604  0.000000  0.000000  0.000000  0.000000  0.000000
1  3.357135  3.357135  3.483284  1.031048  -0.260280  0.000000  0.000000  0.000000  0.000000  0.000000
1  3.483284  3.483284  3.517317  1.071772  -0.010829  0.000000  0.000000  0.000000  0.000000  0.000000
1  3.517317  3.517317  3.653664  0.954587  -0.356627  0.000000  0.000000  0.000000  0.000000  0.000000
1  3.653664  3.653664  3.702161  0.986632  -0.177660  0.000000  0.000000  0.000000  0.000000  0.000000
1  3.702161  3.702161  3.761417  0.833385  -0.529388  0.000000  0.000000  0.000000  0.000000  0.000000
1  3.761417  3.761417  3.847174  0.658709  -0.887074  0.000000  0.000000  0.000000  0.000000  0.000000
1  3.847174  3.847174  3.876857  0.764702  -0.168153  0.000000  0.000000  0.000000  0.000000  0.000000
1  3.876857  3.876857  3.852337  0.685701  -0.365895  0.000000  0.000000  0.000000  0.000000  0.000000
1  3.852337  3.852337  3.930952  0.747209  -0.005780  0.000000  0.000000  0.000000  0.000000  0.000000
1  3.930952  3.930952  3.997200  0.768813  0.107447  0.000000  0.000000  0.000000  0.000000  0.000000
1  3.997200  3.997200  4.068084  0.759016  0.055773  0.000000  0.000000  0.000000  0.000000  0.000000
1  4.068084  4.068084  4.149836  0.862569  0.301763  0.000000  0.000000  0.000000  0.000000  0.000000
1  4.149836  4.149836  4.202631  0.914705  0.390479  0.000000  0.000000  0.000000  0.000000  0.000000
1  4.202631  4.202631  4.282880  0.968692  0.461905  0.000000  0.000000  0.000000  0.000000  0.000000
1  4.282880  4.282880  4.381109  1.017705  0.510669  0.000000  0.000000  0.000000  0.000000  0.000000
1  4.381109  4.381109  4.487332  1.065786  0.491706  0.000000  0.000000  0.000000  0.000000  0.000000
1  4.487332  4.487332  4.610749  1.109164  0.468666  0.000000  0.000000  0.000000  0.000000  0.000000
1  4.610749  4.610749  4.655372  1.043782  0.057993  0.000000  0.000000  0.000000  0.000000  0.000000
1  4.655372  4.655372  4.798893  0.874270  -0.505072  0.000000  0.000000  0.000000  0.000000  0.000000
1  4.798893  4.798893  4.911448  0.882295  -0.362907  0.000000  0.000000  0.000000  0.000000  0.000000
1  4.911448  4.911448  5.006149  0.958683  0.043724  0.000000  0.000000  0.000000  0.000000  0.000000
1  5.006149  5.006149  5.073876  0.950555  -0.018562  0.000000  0.000000  0.000000  0.000000  0.000000
1  5.073876  5.073876  5.215908  1.112762  0.551322  0.000000  0.000000  0.000000  0.000000  0.000000
1  5.215908  5.215908  5.320259  1.085514  0.264058  0.000000  0.000000  0.000000  0.000000  0.000000
1  5.320259  5.320259  5.440239  1.021461  0.027051  0.000000  0.000000  0.000000  0.000000  0.000000
1  5.440239  5.440239  5.544189  1.065886  0.244426  0.000000  0.000000  0.000000  0.000000  0.000000
1  5.544189  5.544189  5.643271  1.146117  0.462546  0.000000  0.000000  0.000000  0.000000  0.000000
1  5.643271  5.643271  5.759666  1.249865  0.714701  0.000000  0.000000  0.000000  0.000000  0.000000
1  5.759666  5.759666  5.917736  1.233276  0.439528  0.000000  0.000000  0.000000  0.000000  0.000000
1  5.917736  5.917736  6.014906  1.156844  0.051150  0.000000  0.000000  0.000000  0.000000  0.000000
1  6.014906  6.014906  6.150722  1.342170  0.630226  0.000000  0.000000  0.000000  0.000000  0.000000
1  6.150722  6.150722  6.294716  1.267066  0.164557  0.000000  0.000000  0.000000  0.000000  0.000000
1  6.294716  6.294716  6.391020  1.292237  0.161694  0.000000  0.000000  0.000000  0.000000  0.000000
1  6.391020  6.391020  6.561790  1.395452  0.439452  0.000000  0.000000  0.000000  0.000000  0.000000
1  6.561790  6.561790  6.656450  1.363366  0.227549  0.000000  0.000000  0.000000  0.000000  0.000000
1  6.656450  6.656450  6.769449  1.143928  -0.598184  0.000000  0.000000  0.000000  0.000000  0.000000
1  6.769449  6.769449  6.817096  1.160770  -0.291859  0.000000  0.000000  0.000000  0.000000  0.000000
1  6.817096  6.817096  6.938268  1.323301  0.293786  0.000000  0.000000  0.000000  0.000000  0.000000
1  6.938268  6.938268  7.105830  1.251733  -0.031915  0.000000  0.000000  0.000000  0.000000  0.000000
1  7.105830  7.105830  7.248405  1.490033  0.813924  0.000000  0.000000  0.000000  0.000000  0.000000
1  7.248405  7.248405  7.413269  1.558509  0.721576  0.000000  0.000000  0.000000  0.000000  0.000000
1  7.413269  7.413269  7.590781  1.409973  -0.000230  0.000000  0.000000  0.000000  0.000000  0.000000
1  7.590781  7.590781  7.632144  1.351557  -0.258403  0.000000  0.000000  0.000000  0.000000  0.000000
1  7.632144  7.632144  7.848709  1.406078  -0.044028  0.000000  0.000000  0.000000  0.000000  0.000000
1  7.848709  7.848709  8.031177  1.416449  -0.050971  0.000000  0.000000  0.000000  0.000000  0.000000
1  8.031177  8.031177  8.187643  1.533524  0.371404  0.000000  0.000000  0.000000  0.000000  0.000000
1  8.187643  8.187643  8.339279  1.417976  -0.085826  0.000000  0.000000  0.000000  0.000000  0.000000
1  8.339279  8.339279  8.485486  1.295579  -0.441526  0.000000  0.000000  0.000000  0.000000  0.000000
1  8.485486  8.485486  8.610262  1.369197  -0.079653  0.000000  0.000000  0.000000  0.000000  0.000000
1  8.610262  8.610262  8.752075  1.430150  0.114020  0.000000  0.000000  0.000000  0.000000  0.000000
1  8.752075  8.752075  8.811349  1.227149  -0.595861  0.000000  0.000000  0.000000  0.000000  0.000000
1  8.811349  8.811349  8.960660  1.340053  -0.009489  0.000000  0.000000  0.000000  0.000000  0.000000
1  8.960660  8.960660  9.054530  1.284928  -0.162689  0.000000  0.000000  0.000000  0.000000  0.000000
1  9.054530  9.054530  9.245497  1.212492  -0.407298  0.000000  0.000000  0.000000  0.000000  0.000000
1  9.245497  9.245497  9.340605  1.178559  -0.391945  0.000000  0.000000  0.000000  0.000000  0.000000
1  9.340605  9.340605  9.444829  1.131341  -0.421752  0.000000  0.000000  0.000000  0.000000  0.000000
1  9.444829  9.444829  9.526103  1.147223  -0.325231  0.000000  0.000000  0.000000  0.000000  0.000000
1  9.526103  9.526103  9.625897  1.196570  -0.043671  0.000000  0.000000  0.000000  0.000000  0.000000
1  9.625897  9.625897  9.734208  1.242294  0.100497  0.000000  0.000000  0.000000  0.000000  0.000000
1  9.734208  9.734208  9.843643  1.272259  0.208491  0.000000  0.000000  0.000000  0.000000  0.000000
1  9.843643  9.843643  9.896625  1.282982  0.197693  0.000000  0.000000  0.000000  0.000000  0.000000
1  9.896625  9.896625  10.022795  1.135357  -0.398727  0.000000  0.000000  0.000000  0.000000  0.000000
1  10.022795  10.022795  10.108664  1.054175  -0.572029  0.000000  0.000000  0.000000  0.000000  0.000000
1  10.108664  10.108664  10.216527  1.379739  0.668319  0.000000  0.000000  0.000000  0.000000  0.000000
1  10.216527  10.216527  10.385792  1.309471  0.170369  0.000000  0.000000  0.000000  0.000000  0.000000
1  10.385792  10.385792  10.536823  1.377762  0.297118  0.000000  0.000000  0.000000  0.000000  0.000000
1  10.536823  10.536823  10.633968  1.497347  0.600564  0.000000  0.000000  0.000000  0.000000  0.000000
1  10.633968  10.633968  10.739902  1.492850  0.405640  0.000000  0.000000  0.000000  0.000000  0.000000
1  10.739902  10.739902  10.907019  1.550057  0.486272  0.000000  0.000000  0.000000  0.000000  0.000000
1  10.907019  10.907019  11.070372  1.663732  0.725429  0.000000  0.000000  0.000000  0.000000  0.000000
1  11.070372  11.070372  11.224936  1.726395  0.773248  0.000000  0.000000  0.000000  0.000000  0.000000
1  11.224936  11.224936  11.399341  1.836394  0.838946  0.000000  0.000000  0.000000  0.000000  0.000000
1  11.399341  11.399341  11.621673  1.754420  0.323710  0.000000  0.000000  0.000000  0.000000  0.000000
1  11.621673  11.621673  11.793886  1.785207  0.295524  0.000000  0.000000  0.000000  0.000000  0.000000
1  11.793886  11.793886  11.935193  1.564098  -0.582876  0.000000  0.000000  0.000000  0.000000  0.000000
1  11.935193  11.935193  12.015763  1.659606  -0.068557  0.000000  0.000000  0.000000  0.000000  0.000000
1  12.015763  12.015763  12.203463  1.614060  -0.268428  0.000000  0.000000  0.000000  0.000000  0.000000
1  12.203463  12.203463  12.367600  1.755701  0.246742  0.000000  0.000000  0.000000  0.000000  0.000000
1  12.367600  12.367600  12.521475  1.729715  0.067988  0.000000  0.000000  0.000000  0.000000  0.000000
1  12.521475  12.521475  12.749539  1.779258  0.221369  0.000000  0.000000  0.000000  0.000000  0.000000
1  12.749539  12.749539  12.860203  1.599757  -0.428324  0.000000  0.000000  0.000000  0.000000  0.000000
1  12.860203  12.860203  13.030883  1.690007  -0.033980  0.000000  0.000000  0.000000  0.000000  0.000000
1  13.030883  13.030883  13.169872  1.546736  -0.474790  0.000000  0.000000  0.000000  0.000000  0.000000
1  13.169872  13.169872  13.267269  1.551240  -0.337391  0.000000  0.000000  0.000000  0.000000  0.000000
1  13.267269  13.267269  13.500575  1.453288  -0.603900  0.000000  0.000000  0.000000  0.000000  0.000000
1  13.500575  13.500575  13.530502  1.421920  -0.486543  0.000000  0.000000  0.000000  0.000000  0.000000
1  13.530502  13.530502  13.645013  1.321480  -0.678988  0.000000  0.000000  0.000000  0.000000  0.000000
1  13.645013  13.645013  13.751221  1.311437  -0.526420  0.000000  0.000000  0.000000  0.000000  0.000000
1  13.751221  13.751221  13.845001  1.284004  -0.480891  0.000000  0.000000  0.000000  0.000000  0.000000
1  13.845001  13.845001  13.936365  1.060417  -1.130541  0.000000  0.000000  0.000000  0.000000  0.000000
1  13.936365  13.936365  14.017074  0.998125  -0.916159  0.000000  0.000000  0.000000  0.000000  0.000000
1  14.017074  14.017074  14.139811  1.020406  -0.535726  0.000000  0.000000  0.000000  0.000000  0.000000
1  14.139811  14.139811  14.226183  1.009257  -0.436999  0.000000  0.000000  0.000000  0.000000  0.000000
1  14.226183  14.226183  14.357798  0.717900  -1.375004  0.000000  0.000000  0.000000  0.000000  0.000000
1  14.357798  14.357798  14.328529  0.715761  -0.973807  0.000000  0.000000  0.000000  0.000000  0.000000
1  14.328529  14.328529  14.342820  0.569425  -1.100120  0.000000  0.000000  0.000000  0.000000  0.000000
1  14.342820  14.342820  14.334917  0.548571  -0.805069  0.000000  0.000000  0.000000  0.000000  0.000000
1  14.334917  14.334917  14.347568  0.322305  -1.287985  0.000000  0.000000  0.000000  0.000000  0.000000
1  14.347568  14.347568  14.363238  0.325006  -0.875198  0.000000  0.000000  0.000000  0.000000  0.000000
1  14.363238  14.363238  14.374630  0.410552  -0.307159  0.000000  0.000000  0.000000  0.000000  0.000000
1  14.374630  14.374630  14.430982  0.475132  0.028503  0.000000  0.000000  0.000000  0.000000  0.000000
1  14.430982  14.430982  14.375723  0.477687  0.003634  0.000000  0.000000  0.000000  0.000000  0.000000
1  14.375723  14.375723  14.369275  0.266015  -0.666883  0.000000  0.000000  0.000000  0.000000  0.000000
1  14.369275  14.369275  14.451553  0.348147  -0.130240  0.000000  0.000000  0.000000  0.000000  0.000000
1  14.451553  14.451553  14.459593  0.411828  0.170140  0.000000  0.000000  0.000000  0.000000  0.000000
1  14.459593  14.459593  14.528462  0.551077  0.551564  0.000000  0.000000  0.000000  0.000000  0.000000
1  14.528462  14.528462  14.532149  0.667832  0.748992  0.000000  0.000000  0.000000  0.000000  0.000000
1  14.532149  14.532149  14.573546  0.696788  0.546516  0.000000  0.000000  0.000000  0.000000  0.000000
1  14.573546  14.573546  14.634553  0.793412  0.692462  0.000000  0.000000  0.000000  0.000000  0.000000
1  14.634553  14.634553  14.631760  0.686493  0.066754  0.000000  0.000000  0.000000  0.000000  0.000000
1  14.631760  14.631760  14.635817  0.713916  0.102295  0.000000  0.000000  0.000000  0.000000  0.000000
1  14.635817  14.635817  14.731103  0.806155  0.392126  0.000000  0.000000  0.000000  0.000000  0.000000
1  14.731103  14.731103  14.844566  1.005368  0.856467  0.000000  0.000000  0.000000  0.000000  0.000000
1  14.844566  14.844566  14.922105  0.917698  0.229497  0.000000  0.000000  0.000000  0.000000  0.000000
1  14.922105  14.922105  15.015316  1.002087  0.402366  0.000000  0.000000  0.000000  0.000000  0.000000
1  15.015316  15.015316  15.109457  1.064618  0.529004  0.000000  0.000000  0.000000  0.000000  0.000000
1  15.109457  15.109457  15.162785  1.078444  0.431987  0.000000  0.000000  0.000000  0.000000  0.000000
1  15.162785  15.162785  15.243650  1.111299  0.353521  0.000000  0.000000  0.000000  0.000000  0.000000
1  15.243650  15.243650  15.242735  1.196811  0.561090  0.000000  0.000000  0.000000  0.000000  0.000000
1  15.242735  15.242735  15.356539  1.077558  -0.083810  0.000000  0.000000  0.000000  0.000000  0.000000
1  15.356539  15.356539  15.433323  0.995823  -0.305468  0.000000  0.000000  0.000000  0.000000  0.000000
1  15.433323  15.433323  15.373442  0.948807  -0.322715  0.000000  0.000000  0.000000  0.000000  0.000000
1  15.373442  15.373442  15.401700  1.027695  0.086843  0.000000  0.000000  0.000000  0.000000  0.000000
1  15.401700  15.401700  15.485605  1.242760  0.801744  0.000000  0.000000  0.000000  0.000000  0.000000
1  15.485605  15.485605  15.577004  1.213977  0.430454  0.000000  0.000000  0.000000  0.000000  0.000000
1  15.577004  15.577004  15.642408  1.184985  0.168783  0.000000  0.000000  0.000000  0.000000  0.000000
1  15.642408  15.642408  15.703557  0.849088  -1.044406  0.000000  0.000000  0.000000  0.000000  0.000000
1  15.703557  15.703557  15.758877  0.871473  -0.604712  0.000000  0.000000  0.000000  0.000000  0.000000
1  15.758877  15.758877  15.851707  1.054260  0.177708  0.000000  0.000000  0.000000  0.000000  0.000000
1  15.851707  15.851707  15.953918  1.188932  0.558228  0.000000  0.000000  0.000000  0.000000  0.000000
1  15.953918  15.953918  16.038347  0.985268  -0.318736  0.000000  0.000000  0.000000  0.000000  0.000000
1  16.038347  16.038347  16.117120  0.880863  -0.557646  0.000000  0.000000  0.000000  0.000000  0.000000
1  16.117120  16.117120  16.145256  0.842683  -0.519243  0.000000  0.000000  0.000000  0.000000  0.000000
1  16.145256  16.145256  16.204944  0.823431  -0.432527  0.000000  0.000000  0.000000  0.000000  0.000000
1  16.204944  16.204944  16.196406  0.763689  -0.551155  0.000000  0.000000  0.000000  0.000000  0.000000
1  16.196406  16.196406  16.243996  0.664825  -0.651080  0.000000  0.000000  0.000000  0.000000  0.000000
1  16.243996  16.243996  16.237986  0.448210  -1.159582  0.000000  0.000000  0.000000  0.000000  0.000000
1  16.237986  16.237986  16.286954  0.518087  -0.491935  0.000000  0.000000  0.000000  0.000000  0.000000
1  16.286954  16.286954  16.303478  0.538187  -0.365862  0.000000  0.000000  0.000000  0.000000  0.000000
1  16.303478  16.303478  16.332428  0.574394  -0.193780  0.000000  0.000000  0.000000  0.000000  0.000000
1  16.332428  16.332428  16.374857  0.433105  -0.609781  0.000000  0.000000  0.000000  0.000000  0.000000
1  16.374857  16.374857  16.413057  0.283682  -0.964281  0.000000  0.000000  0.000000  0.000000  0.000000
1  16.413057  16.413057  16.274596  0.509055  0.116959  0.000000  0.000000  0.000000  0.000000  0.000000
1  16.274596  16.274596  16.340856  0.610070  0.397259  0.000000  0.000000  0.000000  0.000000  0.000000
1  16.340856  16.340856  16.405145  0.415588  -0.330113  0.000000  0.000000  0.000000  0.000000  0.000000
1  16.405145  16.405145  16.396800  0.234092  -0.736573  0.000000  0.000000  0.000000  0.000000  0.000000
1  16.396800  16.396800  16.445586  0.173321  -0.704436  0.000000  0.000000  0.000000  0.000000  0.000000
1  16.445586  16.445586  16.453225  0.260353  -0.205375  0.000000  0.000000  0.000000  0.000000  0.000000
1  16.453225  16.453225  16.478680  0.221283  -0.283346  0.000000  0.000000  0.000000  0.000000  0.000000
1  16.478680  16.478680  16.445880  0.073607  -0.633446  0.000000  0.000000  0.000000  0.000000  0.000000
1  16.445880  16.445880  16.402268  0.172251  -0.081642  0.000000  0.000000  0.000000  0.000000  0.000000
1  16.402268  16.402268  16.387835  0.104896  -0.256327  0.000000  0.000000  0.000000  0.000000  0.000000
1  16.387835  16.387835  16.408224  0.190887  0.132259  0.000000  0.000000  0.000000  0.000000  0.000000
1  16.408224  16.408224  16.505246  0.124274  -0.220438  0.000000  0.000000  0.000000  0.000000  0.000000
1  16.505246  16.505246  16.422438  0.081376  -0.271810  0.000000  0.000000  0.000000  0.000000  0.000000
1  16.422438  16.422438  16.474026  0.216912  0.255723  0.000000  0.000000  0.000000  0.000000  0.000000
1  16.474026  16.474026  16.440930  0.294042  0.389625  0.000000  0.000000  0.000000  0.000000  0.000000
1  16.440930  16.440930  16.524350  0.290157  0.236765  0.000000  0.000000  0.000000  0.000000  0.000000
1  16.524350  16.524350  16.536441  0.374109  0.453024  0.000000  0.000000  0.000000  0.000000  0.000000
1  16.536441  16.536441  16.577459  0.469943  0.562599  0.000000  0.000000  0.000000  0.000000  0.000000
1  16.577459  16.577459  16.573944  0.624825  0.858734  0.000000  0.000000  0.000000  0.000000  0.000000
1  16.573944  16.573944  16.581375  0.628086  0.546982  0.000000  0.000000  0.000000  0.000000  0.000000
1  16.581375  16.581375  16.601086  0.513922  -0.078311  0.000000  0.000000  0.000000  0.000000  0.000000
1  16.601086  16.601086  16.666518  0.720239  0.641150  0.000000  0.000000  0.000000  0.000000  0.000000
1  16.666518  16.666518  16.823303  0.961194  1.169942  0.000000  0.000000  0.000000  0.000000  0.000000
1  16.823303  16.823303  16.866803  0.835238  0.448686  0.000000  0.000000  0.000000  0.000000  0.000000
1  16.866803  16.866803  16.903874  0.720876  -0.022604  0.000000  0.000000  0.000000  0.000000  0.000000
1  16.903874  16.903874  16.989654  0.715111  -0.040104  0.000000  0.000000  0.000000  0.000000  0.000000
1  16.989654  16.989654  17.016253  0.529690  -0.616626  0.000000  0.000000  0.000000  0.000000  0.000000
1  17.016253  17.016253  17.058487  0.545101  -0.347550  0.000000  0.000000  0.000000  0.000000  0.000000
1  17.058487  17.058487  17.045099  0.323390  -0.851714  0.000000  0.000000  0.000000  0.000000  0.000000
1  17.045099  17.045099  17.068753  0.329852  -0.576509  0.000000  0.000000  0.000000  0.000000  0.000000
1  17.068753  17.068753  17.078705  0.271715  -0.588220  0.000000  0.000000  0.000000  0.000000  0.000000
1  17.078705  17.078705  17.128317  0.259959  -0.497742  0.000000  0.000000  0.000000  0.000000  0.000000
1  17.128317  17.128317  17.149879  0.298149  -0.204911  0.000000  0.000000  0.000000  0.000000  0.000000
1  17.149879  17.149879  17.102510  0.300016  -0.111773  0.000000  0.000000  0.000000  0.000000  0.000000
1  17.102510  17.102510  17.128720  0.152146  -0.500577  0.000000  0.000000  0.000000  0.000000  0.000000
1  17.128720  17.128720  17.151714  0.265984  0.043885  0.000000  0.000000  0.000000  0.000000  0.000000
1  17.151714  17.151714  17.129164  0.335811  0.201142  0.000000  0.000000  0.000000  0.000000  0.000000
1  17.129164  17.129164  17.133697  0.327342  0.179049  0.000000  0.000000  0.000000  0.000000  0.000000
1  17.133697  17.133697  17.158640  0.407892  0.421411  0.000000  0.000000  0.000000  0.000000  0.000000
1  17.158640  17.158640  17.177642  0.199944  -0.461672  0.000000  0.000000  0.000000  0.000000  0.000000
1  17.177642  17.177642  17.192860  0.185747  -0.391882  0.000000  0.000000  0.000000  0.000000  0.000000
1  17.192860  17.192860  17.203045  0.416133  0.500003  0.000000  0.000000  0.000000  0.000000  0.000000
1  17.203045  17.203045  17.243897  0.550323  0.765384  0.000000  0.000000  0.000000  0.000000  0.000000
1  17.243897  17.243897  17.326572  0.673174  0.923445  0.000000  0.000000  0.000000  0.000000  0.000000
1  17.326572  17.326572  17.398227  0.658361  0.640036  0.000000  0.000000  0.000000  0.000000  0.000000
1  17.398227  17.398227  17.500953  0.829919  1.066936  0.000000  0.000000  0.000000  0.000000  0.000000
1  17.500953  17.500953  17.614124  0.976595  1.133718  0.000000  0.000000  0.000000  0.000000  0.000000
1  17.614124  17.614124  17.674589  1.127509  1.326096  0.000000  0.000000  0.000000  0.000000  0.000000
1  17.674589  17.674589  17.842273  1.436842  1.928329  0.000000  0.000000  0.000000  0.000000  0.000000
1  17.842273  17.842273  17.901282  1.416387  1.224395  0.000000  0.000000  0.000000  0.000000  0.000000
1  17.901282  17.901282  18.052990  1.360526  0.665087  0.000000  0.000000  0.000000  0.000000  0.000000
1  18.052990  18.052990  18.236851  1.513596  0.945933  0.000000  0.000000  0.000000  0.000000  0.000000
1  18.236851  18.236851  18.390954  1.625567  1.038298  0.000000  0.000000  0.000000  0.000000  0.000000
1  18.390954  18.390954  18.554630  1.682183  0.884727  0.000000  0.000000  0.000000  0.000000  0.000000
1  18.554630  18.554630  18.728707  1.676840  0.567314  0.000000  0.000000  0.000000  0.000000  0.000000
1  18.728707  18.728707  18.917505  1.719971  0.507018  0.000000  0.000000  0.000000  0.000000  0.000000
1  18.917505  18.917505  19.072179  1.669550  0.162299  0.000000  0.000000  0.000000  0.000000  0.000000
1  19.072179  19.072179  19.259751  1.890054  0.802902  0.000000  0.000000  0.000000  0.000000  0.000000
1  19.259751  19.259751  19.497993  1.882241  0.536899  0.000000  0.000000  0.000000  0.000000  0.000000
1  19.497993  19.497993  19.661522  1.805835  0.047080  0.000000  0.000000  0.000000  0.000000  0.000000
1  19.661522  19.661522  19.795897  1.754630  -0.167169  0.000000  0.000000  0.000000  0.000000  0.000000
1  19.795897  19.795897  19.942685  1.579794  -0.694636  0.000000  0.000000  0.000000  0.000000  0.000000
1  19.942685  19.942685  20.097362  1.744215  0.063911  0.000000  0.000000  0.000000  0.000000  0.000000
1  20.097362  20.097362  20.277546  1.768669  0.107642  0.000000  0.000000  0.000000  0.000000  0.000000
1  20.277546  20.277546  20.416723  1.715584  -0.071118  0.000000  0.000000  0.000000  0.000000  0.000000
1  20.416723  20.416723  20.571833  1.655879  -0.303386  0.000000  0.000000  0.000000  0.000000  0.000000
1  20.571833  20.571833  20.714995  1.434960  -0.972972  0.000000  0.000000  0.000000  0.000000  0.000000
1  20.714995  20.714995  20.786374  1.496868  -0.456266  0.000000  0.000000  0.000000  0.000000  0.000000
1  20.786374  20.786374  20.994618  1.398349  -0.634033  0.000000  0.000000  0.000000  0.000000  0.000000
1  20.994618  20.994618  21.081581  1.381585  -0.461556  0.000000  0.000000  0.000000  0.000000  0.000000
1  21.081581  21.081581  21.121989  1.095989  -1.122670  0.000000  0.000000  0.000000  0.000000  0.000000
1  21.121989  21.121989  21.253833  1.001253  -1.078277  0.000000  0.000000  0.000000  0.000000  0.000000
1  21.253833  21.253833  21.254437  0.929656  -0.979002  0.000000  0.000000  0.000000  0.000000  0.000000
1  21.254437  21.254437  21.332505  0.916097  -0.706140  0.000000  0.000000  0.000000  0.000000  0.000000
1  21.332505  21.332505  21.445125  0.708928  -1.078567  0.000000  0.000000  0.000000  0.000000  0.000000
1  21.445125  21.445125  21.494400  0.679981  -0.871623  0.000000  0.000000  0.000000  0.000000  0.000000
1  21.494400  21.494400  21.520092  0.553072  -1.035865  0.000000  0.000000  0.000000  0.000000  0.000000
1  21.520092  21.520092  21.525803  0.518945  -0.832940  0.000000  0.000000  0.000000  0.000000  0.000000
1  21.525803  21.525803  21.513807  0.611283  -0.233489  0.000000  0.000000  0.000000  0.000000  0.000000
1  21.513807  21.513807  21.532511  0.542103  -0.335192  0.000000  0.000000  0.000000  0.000000  0.000000
1  21.532511  21.532511  21.578037  0.547106  -0.237263  0.000000  0.000000  0.000000  0.000000  0.000000
1  21.578037  21.578037  21.626114  0.539516  -0.190176  0.000000  0.000000  0.000000  0.000000  0.000000
1  21.626114  21.626114  21.742391  0.683600  0.324294  0.000000  0.000000  0.000000  0.000000  0.000000
1  21.742391  21.742391  21.772401  0.637655  0.046464  0.000000  0.000000  0.000000  0.000000  0.000000
1  21.772401  21.772401  21.819344  0.619537  0.030900  0.000000  0.000000  0.000000  0.000000  0.000000
1  21.819344  21.819344  21.887292  0.774728  0.501370  0.000000  0.000000  0.000000  0.000000  0.000000
1  21.887292  21.887292  21.926320  0.770712  0.433502  0.000000  0.000000  0.000000  0.000000  0.000000
1  21.926320  21.926320  21.989289  0.913885  0.700245  0.000000  0.000000  0.000000  0.000000  0.000000
1  21.989289  21.989289  22.030092  0.991285  0.725738  0.000000  0.000000  0.000000  0.000000  0.000000
1  22.030092  22.030092  22.175045  0.996937  0.512606  0.000000  0.000000  0.000000  0.000000  0.000000
1  22.175045  22.175045  22.253834  0.977585  0.250492  0.000000  0.000000  0.000000  0.000000  0.000000
1  22.253834  22.253834  22.365127  1.086606  0.536727  0.000000  0.000000  0.000000  0.000000  0.000000
1  22.365127  22.365127  22.379131  1.165569  0.635232  0.000000  0.000000  0.000000  0.000000  0.000000
1  22.379131  22.379131  22.471613  1.219471  0.580822  0.000000  0.000000  0.000000  0.000000  0.000000
1  22.471613  22.471613  22.643812  1.384487  0.874913  0.000000  0.000000  0.000000  0.000000  0.000000
1  22.643812  22.643812  22.683302  1.452071  0.861256  0.000000  0.000000  0.000000  0.000000  0.000000
1  22.683302  22.683302  22.803507  1.498587  0.754910  0.000000  0.000000  0.000000  0.000000  0.000000
1  22.803507  22.803507  22.902634  1.512682  0.547949  0.000000  0.000000  0.000000  0.000000  0.000000
1  22.902634  22.902634  23.026067  1.429490  0.038125  0.000000  0.000000  0.000000  0.000000  0.000000
1  23.026067  23.026067  23.220347  1.543055  0.423347  0.000000  0.000000  0.000000  0.000000  0.000000
1  23.220347  23.220347  23.316841  1.469614  -0.060334  0.000000  0.000000  0.000000  0.000000  0.000000
1  23.316841  23.316841  23.397202  1.513975  0.087781  0.000000  0.000000  0.000000  0.000000  0.000000
1  23.397202  23.397202  23.547314  1.561346  0.205087  0.000000  0.000000  0.000000  0.000000  0.000000
1  23.547314  23.547314  23.628370  1.351765  -0.542194  0.000000  0.000000  0.000000  0.000000  0.000000
1  23.628370  23.628370  23.719166  1.301183  -0.513359  0.000000  0.000000  0.000000  0.000000  0.000000
1  23.719166  23.719166  23.832028  1.285684  -0.373948  0.000000  0.000000  0.000000  0.000000  0.000000
1  23.832028  23.832028  23.951845  1.182580  -0.561302  0.000000  0.000000  0.000000  0.000000  0.000000
1  23.951845  23.951845  24.031401  0.995190  -0.912418  0.000000  0.000000  0.000000  0.000000  0.000000
1  24.031401  24.031401  24.138022  0.941227  -0.854125  0.000000  0.000000  0.000000  0.000000  0.000000
1  24.138022  24.138022  24.171610  0.941628  -0.546706  0.000000  0.000000  0.000000  0.000000  0.000000
1  24.171610  24.171610  24.219259  0.902589  -0.501035  0.000000  0.000000  0.000000  0.000000  0.000000
1  24.219259  24.219259  24.296052  0.849705  -0.441340  0.000000  0.000000  0.000000  0.000000  0.000000
1  24.296052  24.296052  24.330180  0.720840  -0.725496  0.000000  0.000000  0.000000  0.000000  0.000000
1  24.330180  24.330180  24.424520  0.642864  -0.756814  0.000000  0.000000  0.000000  0.000000  0.000000
1  24.424520  24.424520  24.387766  0.558965  -0.761926  0.000000  0.000000  0.000000  0.000000  0.000000
1  24.387766  24.387766  24.417673  0.618218  -0.269062  0.000000  0.000000  0.000000  0.000000  0.000000
1  24.417673  24.417673  24.425464  0.435128  -0.811772  0.000000  0.000000  0.000000  0.000000  0.000000
1  24.425464  24.425464  24.427711  0.466004  -0.399180  0.000000  0.000000  0.000000  0.000000  0.000000
1  24.427711  24.427711  24.480785  0.482395  -0.281158  0.000000  0.000000  0.000000  0.000000  0.000000
1  24.480785  24.480785  24.446044  0.496790  -0.183000  0.000000  0.000000  0.000000  0.000000  0.000000
1  24.446044  24.446044  24.486095  0.382963  -0.449890  0.000000  0.000000  0.000000  0.000000  0.000000
1  24.486095  24.486095  24.500535  0.295660  -0.599876  0.000000  0.000000  0.000000  0.000000  0.000000
1  24.500535  24.500535  24.593017  0.414484  -0.044641  0.000000  0.000000  0.000000  0.000000  0.000000
1  24.593017  24.593017  24.573751  0.435656  0.100466  0.000000  0.000000  0.000000  0.000000  0.000000
1  24.573751  24.573751  24.569081  0.385117  -0.108798  0.000000  0.000000  0.000000  0.000000  0.000000
1  24.569081  24.569081  24.557071  0.534144  0.495049  0.000000  0.000000  0.000000  0.000000  0.000000
1  24.557071  24.557071  24.585404  0.549499  0.399464  0.000000  0.000000  0.000000  0.000000  0.000000
1  24.585404  24.585404  24.612872  0.486351  0.082867  0.000000  0.000000  0.000000  0.000000  0.000000
1  24.612872  24.612872  24.612462  0.577428  0.353596  0.000000  0.000000  0.000000  0.000000  0.000000
1  24.612462  24.612462  24.677647  0.554219  0.236973  0.000000  0.000000  0.000000  0.000000  0.000000
1  24.677647  24.677647  24.734461  0.469489  -0.150204  0.000000  0.000000  0.000000  0.000000  0.000000
1  24.734461  24.734461  24.738888  0.544965  0.113658  0.000000  0.000000  0.000000  0.000000  0.000000
1  24.738888  24.738888  24.822086  0.517893  -0.039047  0.000000  0.000000  0.000000  0.000000  0.000000
1  24.822086  24.822086  24.788675  0.498699  -0.063627  0.000000  0.000000  0.000000  0.000000  0.000000
1  24.788675  24.788675  24.835800  0.613577  0.439996  0.000000  0.000000  0.000000  0.000000  0.000000
1  24.835800  24.835800  24.834741  0.514990  -0.107851  0.000000  0.000000  0.000000  0.000000  0.000000
1  24.834741  24.834741  24.893457  0.432673  -0.333048  0.000000  0.000000  0.000000  0.000000  0.000000
1  24.893457  24.893457  24.920333  0.473472  -0.028608  0.000000  0.000000  0.000000  0.000000  0.000000
1  24.920333  24.920333  24.932564  0.443995  -0.099376  0.000000  0.000000  0.000000  0.000000  0.000000
1  24.932564  24.932564  24.989638  0.388308  -0.172728  0.000000  0.000000  0.000000  0.000000  0.000000
1  24.989638  24.989638  24.996109  0.302218  -0.492741  0.000000  0.000000  0.000000  0.000000  0.000000
1  24.996109  24.996109  25.002943  0.291035  -0.404050  0.000000  0.000000  0.000000  0.000000  0.000000
1  25.002943  25.002943  25.034917  0.234169  -0.491565  0.000000  0.000000  0.000000  0.000000  0.000000
1  25.034917  25.034917  25.058032  0.147422  -0.647435  0.000000  0.000000  0.000000  0.000000  0.000000
1  25.058032  25.058032  25.058722  0.112471  -0.579155  0.000000  0.000000  0.000000  0.000000  0.000000
1  25.058722  25.058722  25.039404  0.224692  -0.020606  0.000000  0.000000  0.000000  0.000000  0.000000
1  25.039404  25.039404  25.017409  0.072297  -0.499660  0.000000  0.000000  0.000000  0.000000  0.000000
1  25.017409  25.017409  24.986810  0.039523  -0.461136  0.000000  0.000000  0.000000  0.000000  0.000000
1  24.986810  24.986810  24.972464  0.074079  -0.191199  0.000000  0.000000  0.000000  0.000000  0.000000
1  24.972464  24.972464  24.972544  0.144609  0.137854  0.000000  0.000000  0.000000  0.000000  0.000000
1  24.972544  24.972544  24.957326  0.038136  -0.255974  0.000000  0.000000  0.000000  0.000000  0.000000
1  24.957326  24.957326  24.992896  0.116580  0.080130  0.000000  0.000000  0.000000  0.000000  0.000000
1  24.992896  24.992896  24.973401  0.027568  -0.196932  0.000000  0.000000  0.000000  0.000000  0.000000
1  24.973401  24.973401  24.984889  0.110150  0.194465  0.000000  0.000000  0.000000  0.000000  0.000000
1  24.984889  24.984889  24.943550  0.114827  0.209457  0.000000  0.000000  0.000000  0.000000  0.000000
1  24.943550  24.943550  24.961391  -0.068091  -0.435480  0.000000  0.000000  0.000000  0.000000  0.000000
1  24.961391  24.961391  24.967270  -0.073264  -0.347162  0.000000  0.000000  0.000000  0.000000  0.000000
1  24.967270  24.967270  24.923080  -0.088200  -0.315273  0.000000  0.000000  0.000000  0.000000  0.000000
1  24.923080  24.923080  24.946094  -0.122505  -0.390639  0.000000  0.000000  0.000000  0.000000  0.000000
1  24.946094  24.946094  24.925857  0.008459  0.174549  0.000000  0.000000  0.000000  0.000000  0.000000
1  24.925857  24.925857  24.948071  0.009353  0.166235  0.000000  0.000000  0.000000  0.000000  0.000000
1  24.948071  24.948071  24.872093  -0.069480  -0.046633  0.000000  0.000000  0.000000  0.000000  0.000000
1  24.872093  24.872093  24.927368  0.052742  0.391649  0.000000  0.000000  0.000000  0.000000  0.000000
1  24.927368  24.927368  24.948954  0.119679  0.393001  0.000000  0.000000  0.000000  0.000000  0.000000
1  24.948954  24.948954  24.893250  -0.075737  -0.402485  0.000000  0.000000  0.000000  0.000000  0.000000
1  24.893250  24.893250  24.869945  -0.042077  -0.208730  0.000000  0.000000  0.000000  0.000000  0.000000
1  24.869945  24.869945  24.884105  -0.000956  0.055644  0.000000  0.000000  0.000000  0.000000  0.000000
1  24.884105  24.884105  24.897120  0.042160  0.220645  0.000000  0.000000  0.000000  0.000000  0.000000
1  24.897120  24.897120  24.891958  0.003442  0.011128  0.000000  0.000000  0.000000  0.000000  0.000000
1  24.891958  24.891958  24.916050  0.107474  0.351792  0.000000  0.000000  0.000000  0.000000  0.000000
1  24.916050  24.916050  24.918173  0.144506  0.292652  0.000000  0.000000  0.000000  0.000000  0.000000
1  24.918173  24.918173  24.913714  0.195633  0.319500  0.000000  0.000000  0.000000  0.000000  0.000000
1  24.913714  24.913714  24.935885  0.307992  0.570514  0.000000  0.000000  0.000000  0.000000  0.000000
1  24.935885  24.935885  24.961888  0.521594  1.040769  0.000000  0.000000  0.000000  0.000000  0.000000
1  24.961888  24.961888  25.017158  0.449098  0.444313  0.000000  0.000000  0.000000  0.000000  0.000000
1  25.017158  25.017158  25.078964  0.481725  0.373073  0.000000  0.000000  0.000000  0.000000  0.000000
1  25.078964  25.078964  25.163735  0.620273  0.705946  0.000000  0.000000  0.000000  0.000000  0.000000
1  25.163735  25.163735  25.221296  0.673701  0.650954  0.000000  0.000000  0.000000  0.000000  0.000000
1  25.221296  25.221296  25.301821  0.729526  0.664879  0.000000  0.000000  0.000000  0.000000  0.000000
1  25.301821  25.301821  25.341699  0.745374  0.449636  0.000000  0.000000  0.000000  0.000000  0.000000
1  25.341699  25.341699  25.396044  0.835310  0.542692  0.000000  0.000000  0.000000  0.000000  0.000000
1  25.396044  25.396044  25.507034  0.874831  0.491476  0.000000  0.000000  0.000000  0.000000  0.000000
1  25.507034  25.507034  25.614998  0.873158  0.350960  0.000000  0.000000  0.000000  0.000000  0.000000
1  25.614998  25.614998  25.767959  0.998589  0.621240  0.000000  0.000000  0.000000  0.000000  0.000000
1  25.767959  25.767959  25.871557  1.115190  0.805052  0.000000  0.000000  0.000000  0.000000  0.000000
1  25.871557  25.871557  26.006998  1.139781  0.588272  0.000000  0.000000  0.000000  0.000000  0.000000
1  26.006998  26.006998  26.091072  1.134039  0.442074  0.000000  0.000000  0.000000  0.000000  0.000000
1  26.091072  26.091072  26.236936  1.178177  0.453350  0.000000  0.000000  0.000000  0.000000  0.000000
1  26.236936  26.236936  26.409860  1.211087  0.428592  0.000000  0.000000  0.000000  0.000000  0.000000
1  26.409860  26.409860  26.501125  1.221826  0.292924  0.000000  0.000000  0.000000  0.000000  0.000000
1  26.501125  26.501125  26.631472  1.317253  0.523739  0.000000  0.000000  0.000000  0.000000  0.000000
1  26.631472  26.631472  26.752125  1.254327  0.113731  0.000000  0.000000  0.000000  0.000000  0.000000
1  26.752125  26.752125  26.837664  1.135268  -0.341111  0.000000  0.000000  0.000000  0.000000  0.000000
1  26.837664  26.837664  26.975724  1.078127  -0.486891  0.000000  0.000000  0.000000  0.000000  0.000000
1  26.975724  26.975724  27.070203  1.070018  -0.363088  0.000000  0.000000  0.000000  0.000000  0.000000
1  27.070203  27.070203  27.130345  0.950129  -0.727527  0.000000  0.000000  0.000000  0.000000  0.000000
1  27.130345  27.130345  27.272982  0.950043  -0.408335  0.000000  0.000000  0.000000  0.000000  0.000000
1  27.272982  27.272982  27.295988  0.914267  -0.361184  0.000000  0.000000  0.000000  0.000000  0.000000
1  27.295988  27.295988  27.391508  0.891523  -0.334205  0.000000  0.000000  0.000000  0.000000  0.000000
1  27.391508  27.391508  27.497121  1.000445  0.111010  0.000000  0.000000  0.000000  0.000000  0.000000
1  27.497121  27.497121  27.599777  0.875689  -0.438774  0.000000  0.000000  0.000000  0.000000  0.000000
1  27.599777  27.599777  27.716620  0.980398  -0.045903  0.000000  0.000000  0.000000  0.000000  0.000000
1  27.716620  27.716620  27.814751  0.807600  -0.629175  0.000000  0.000000  0.000000  0.000000  0.000000
1  27.814751  27.814751  27.855784  0.839046  -0.325805  0.000000  0.000000  0.000000  0.000000  0.000000
1  27.855784  27.855784  27.958879  0.966525  0.117265  0.000000  0.000000  0.000000  0.000000  0.000000
1  27.958879  27.958879  28.050722  1.054537  0.496487  0.000000  0.000000  0.000000  0.000000  0.000000
1  28.050722  28.050722  28.132992  0.879451  -0.190471  0.000000  0.000000  0.000000  0.000000  0.000000
1  28.132992  28.132992  28.187344  0.952860  0.050222  0.000000  0.000000  0.000000  0.000000  0.000000
1  28.187344  28.187344  28.311348  0.986950  0.126121  0.000000  0.000000  0.000000  0.000000  0.000000
1  28.311348  28.311348  28.416756  1.074767  0.353196  0.000000  0.000000  0.000000  0.000000  0.000000
1  28.416756  28.416756  28.536770  1.106554  0.284376  0.000000  0.000000  0.000000  0.000000  0.000000
1  28.536770  28.536770  28.667711  1.109882  0.170611  0.000000  0.000000  0.000000  0.000000  0.000000
1  28.667711  28.667711  28.816471  1.270335  0.648021  0.000000  0.000000  0.000000  0.000000  0.000000
1  28.816471  28.816471  28.923247  1.196349  0.168129  0.000000  0.000000  0.000000  0.000000  0.000000
1  28.923247  28.923247  29.060860  1.281168  0.387128  0.000000  0.000000  0.000000  0.000000  0.000000
1  29.060860  29.060860  29.194306  1.367782  0.462505  0.000000  0.000000  0.000000  0.000000  0.000000
1  29.194306  29.194306  29.300525  1.362175  0.244169  0.000000  0.000000  0.000000  0.000000  0.000000
1  29.300525  29.300525  29.461722  1.417358  0.295722  0.000000  0.000000  0.000000  0.000000  0.000000
1  29.461722  29.461722  29.658021  1.343074  -0.083222  0.000000  0.000000  0.000000  0.000000  0.000000
1  29.658021  29.658021  29.738369  1.371458  0.099486  0.000000  0.000000  0.000000  0.000000  0.000000
1  29.738369  29.738369  29.816122  1.131127  -0.703398  0.000000  0.000000  0.000000  0.000000  0.000000
1  29.816122  29.816122  29.934727  0.950915  -1.085577  0.000000  0.000000  0.000000  0.000000  0.000000
1  29.934727  29.934727  29.994184  1.011642  -0.551972  0.000000  0.000000  0.000000  0.000000  0.000000
1  29.994184  29.994184  30.071482  1.053063  -0.180498  0.000000  0.000000  0.000000  0.000000  0.000000
1  30.071482  30.071482  30.201890  0.916192  -0.573334  0.000000  0.000000  0.000000  0.000000  0.000000
1  30.201890  30.201890  30.288908  0.953728  -0.339313  0.000000  0.000000  0.000000  0.000000  0.000000
1  30.288908  30.288908  30.345842  0.999088  -0.082067  0.000000  0.000000  0.000000  0.000000  0.000000
1  30.345842  30.345842  30.466265  1.052011  0.186283  0.000000  0.000000  0.000000  0.000000  0.000000
1  30.466265  30.466265  30.551198  0.854509  -0.599268  0.000000  0.000000  0.000000  0.000000  0.000000
1  30.551198  30.551198  30.669539  0.953821  -0.097716  0.000000  0.000000  0.000000  0.000000  0.000000
1  30.669539  30.669539  30.710782  0.962774  0.053489  0.000000  0.000000  0.000000  0.000000  0.000000
1  30.710782  30.710782  30.761970  0.775971  -0.673104  0.000000  0.000000  0.000000  0.000000  0.000000
1  30.761970  30.761970  30.859578  0.766822  -0.613205  0.000000  0.000000  0.000000  0.000000  0.000000
1  30.859578  30.859578  30.952853  0.792806  -0.472852  0.000000  0.000000  0.000000  0.000000  0.000000
1  30.952853  30.952853  31.005512  0.810915  -0.190637  0.000000  0.000000  0.000000  0.000000  0.000000
1  31.005512  31.005512  31.095258  0.973028  0.441324  0.000000  0.000000  0.000000  0.000000  0.000000
1  31.095258  31.095258  31.206581  0.974068  0.273682  0.000000  0.000000  0.000000  0.000000  0.000000
1  31.206581  31.206581  31.228223  0.890696  -0.006984  0.000000  0.000000  0.000000  0.000000  0.000000
1  31.228223  31.228223  31.252672  0.873789  -0.016962  0.000000  0.000000  0.000000  0.000000  0.000000
1  31.252672  31.252672  31.339468  0.996042  0.409786  0.000000  0.000000  0.000000  0.000000  0.000000
1  31.339468  31.339468  31.469819  1.012277  0.383986  0.000000  0.000000  0.000000  0.000000  0.000000
1  31.469819  31.469819  31.625953  1.113583  0.558781  0.000000  0.000000  0.000000  0.000000  0.000000
1  31.625953  31.625953  31.748322  1.276139  0.932837  0.000000  0.000000  0.000000  0.000000  0.000000
1  31.748322  31.748322  31.785553  1.252697  0.593885  0.000000  0.000000  0.000000  0.000000  0.000000
1  31.785553  31.785553  31.881953  1.375017  0.771895  0.000000  0.000000  0.000000  0.000000  0.000000
1  31.881953  31.881953  31.948194  1.395279  0.597065  0.000000  0.000000  0.000000  0.000000  0.000000
1  31.948194  31.948194  32.130561  1.342962  0.236071  0.000000  0.000000  0.000000  0.000000  0.000000
1  32.130561  32.130561  32.224434  1.431696  0.520307  0.000000  0.000000  0.000000  0.000000  0.000000
1  32.224434  32.224434  32.333137  1.493427  0.588058  0.000000  0.000000  0.000000  0.000000  0.000000
1  32.333137  32.333137  32.510651  1.437486  0.199743  0.000000  0.000000  0.000000  0.000000  0.000000
1  32.510651  32.510651  32.619503  1.433730  0.155632  0.000000  0.000000  0.000000  0.000000  0.000000
1  32.619503  32.619503  32.793491  1.455764  0.225786  0.000000  0.000000  0.000000  0.000000  0.000000
1  32.793491  32.793491  32.871844  1.231671  -0.602984  0.000000  0.000000  0.000000  0.000000  0.000000
1  32.871844  32.871844  33.027588  1.266791  -0.248845  0.000000  0.000000  0.000000  0.000000  0.000000
1  33.027588  33.027588  33.184587  1.349466  0.183157  0.000000  0.000000  0.000000  0.000000  0.000000
1  33.184587  33.184587  33.285967  1.375528  0.288117  0.000000  0.000000  0.000000  0.000000  0.000000
1  33.285967  33.285967  33.421578  1.320852  0.040642  0.000000  0.000000  0.000000  0.000000  0.000000
1  33.421578  33.421578  33.489907  1.423532  0.327878  0.000000  0.000000  0.000000  0.000000  0.000000
1  33.489907  33.489907  33.607651  1.421851  0.153841  0.000000  0.000000  0.000000  0.000000  0.000000
1  33.607651  33.607651  33.685815  1.249561  -0.443269  0.000000  0.000000  0.000000  0.000000  0.000000
1  33.685815  33.685815  33.798907  1.072950  -0.897697  0.000000  0.000000  0.000000  0.000000  0.000000
1  33.798907  33.798907  33.817626  1.208246  -0.160005  0.000000  0.000000  0.000000  0.000000  0.000000
1  33.817626  33.817626  33.954637  1.160099  -0.315380  0.000000  0.000000  0.000000  0.000000  0.000000
1  33.954637  33.954637  34.076440  1.231495  -0.007191  0.000000  0.000000  0.000000  0.000000  0.000000
1  34.076440  34.076440  34.173986  1.115424  -0.395789  0.000000  0.000000  0.000000  0.000000  0.000000
1  34.173986  34.173986  34.242161  1.176703  -0.030307  0.000000  0.000000  0.000000  0.000000  0.000000
1  34.242161  34.242161  34.315993  1.121462  -0.237242  0.000000  0.000000  0.000000  0.000000  0.000000
1  34.315993  34.315993  34.367996  0.961476  -0.766204  0.000000  0.000000  0.000000  0.000000  0.000000
1  34.367996  34.367996  34.472475  0.941088  -0.592845  0.000000  0.000000  0.000000  0.000000  0.000000
1  34.472475  34.472475  34.463897  0.858446  -0.674665  0.000000  0.000000  0.000000  0.000000  0.000000
1  34.463897  34.463897  34.520718  0.821104  -0.618454  0.000000  0.000000  0.000000  0.000000  0.000000
1  34.520718  34.520718  34.569362  0.790112  -0.583652  0.000000  0.000000  0.000000  0.000000  0.000000
1  34.569362  34.569362  34.629498  1.016503  0.386456  0.000000  0.000000  0.000000  0.000000  0.000000
1  34.629498  34.629498  34.722658  0.884864  -0.166812  0.000000  0.000000  0.000000  0.000000  0.000000
1  34.722658  34.722658  34.805811  1.026880  0.292700  0.000000  0.000000  0.000000  0.000000  0.000000
1  34.805811  34.805811  34.896008  1.014460  0.171288  0.000000  0.000000  0.000000  0.000000  0.000000
1  34.896008  34.896008  34.945275  1.056311  0.207562  0.000000  0.000000  0.000000  0.000000  0.000000
1  34.945275  34.945275  35.095973  1.223237  0.671457  0.000000  0.000000  0.000000  0.000000  0.000000
1  35.095973  35.095973  35.198388  1.437028  1.277817  0.000000  0.000000  0.000000  0.000000  0.000000
1  35.198388  35.198388  35.307269  1.412802  0.865660  0.000000  0.000000  0.000000  0.000000  0.000000
1  35.307269  35.307269  35.448316  1.599979  1.152539  0.000000  0.000000  0.000000  0.000000  0.000000
1  35.448316  35.448316  35.575065  1.520796  0.513507  0.000000  0.000000  0.000000  0.000000  0.000000
1  35.575065  35.575065  35.687803  1.711709  0.934774  0.000000  0.000000  0.000000  0.000000  0.000000
1  35.687803  35.687803  35.855753  1.791169  0.925195  0.000000  0.000000  0.000000  0.000000  0.000000
1  35.855753  35.855753  36.075555  1.638138  0.128132  0.000000  0.000000  0.000000  0.000000  0.000000
1  36.075555  36.075555  36.186548  1.566691  -0.125705  0.000000  0.000000  0.000000  0.000000  0.000000
1  36.186548  36.186548  36.286432  1.630053  0.138697  0.000000  0.000000  0.000000  0.000000  0.000000
1  36.286432  36.286432  36.371905  1.416371  -0.566580  0.000000  0.000000  0.000000  0.000000  0.000000
1  36.371905  36.371905  36.501004  1.566617  0.087111  0.000000  0.000000  0.000000  0.000000  0.000000
1  36.501004  36.501004  36.623253  1.533271  -0.000592  0.000000  0.000000  0.000000  0.000000  0.000000
1  36.623253  36.623253  36.795209  1.433895  -0.386645  0.000000  0.000000  0.000000  0.000000  0.000000
1  36.795209  36.795209  36.865043  1.567105  0.107110  0.000000  0.000000  0.000000  0.000000  0.000000
1  36.865043  36.865043  37.070865  1.594011  0.121243  0.000000  0.000000  0.000000  0.000000  0.000000
1  37.070865  37.070865  37.195139  1.471017  -0.262886  0.000000  0.000000  0.000000  0.000000  0.000000
1  37.195139  37.195139  37.271492  1.528437  -0.035666  0.000000  0.000000  0.000000  0.000000  0.000000
1  37.271492  37.271492  37.416941  1.406361  -0.430330  0.000000  0.000000  0.000000  0.000000  0.000000
1  37.416941  37.416941  37.557219  1.270677  -0.803584  0.000000  0.000000  0.000000  0.000000  0.000000
1  37.557219  37.557219  37.640199  1.283523  -0.439139  0.000000  0.000000  0.000000  0.000000  0.000000
1  37.640199  37.640199  37.689501  1.261738  -0.293889  0.000000  0.000000  0.000000  0.000000  0.000000
1  37.689501  37.689501  37.802292  1.160161  -0.564582  0.000000  0.000000  0.000000  0.000000  0.000000
1  37.802292  37.802292  37.925319  1.262313  -0.053682  0.000000  0.000000  0.000000  0.000000  0.000000
1  37.925319  37.925319  38.060261  1.089651  -0.620499  0.000000  0.000000  0.000000  0.000000  0.000000
1  38.060261  38.060261  38.040140  0.995185  -0.731143  0.000000  0.000000  0.000000  0.000000  0.000000
1  38.040140  38.040140  38.156811  0.898748  -0.727760  0.000000  0.000000  0.000000  0.000000  0.000000
1  38.156811  38.156811  38.240117  0.840244  -0.696805  0.000000  0.000000  0.000000  0.000000  0.000000
1  38.240117  38.240117  38.270713  0.787686  -0.584215  0.000000  0.000000  0.000000  0.000000  0.000000
1  38.270713  38.270713  38.267453  0.781340  -0.384885  0.000000  0.000000  0.000000  0.000000  0.000000
1  38.267453  38.267453  38.248919  0.565813  -0.963984  0.000000  0.000000  0.000000  0.000000  0.000000
1  38.248919  38.248919  38.271136  0.580463  -0.549190  0.000000  0.000000  0.000000  0.000000  0.000000
1  38.271136  38.271136  38.280342  0.511080  -0.627794  0.000000  0.000000  0.000000  0.000000  0.000000
1  38.280342  38.280342  38.322410  0.459100  -0.575443  0.000000  0.000000  0.000000  0.000000  0.000000
1  38.322410  38.322410  38.289033  0.225077  -1.141764  0.000000  0.000000  0.000000  0.000000  0.000000
1  38.289033  38.289033  38.239203  0.164506  -0.975792  0.000000  0.000000  0.000000  0.000000  0.000000
1  38.239203  38.239203  38.170900  0.167713  -0.606743  0.000000  0.000000  0.000000  0.000000  0.000000
1  38.170900  38.170900  38.135745  0.107706  -0.479247  0.000000  0.000000  0.000000  0.000000  0.000000
1  38.135745  38.135745  38.125278  -0.068176  -0.933868  0.000000  0.000000  0.000000  0.000000  0.000000
1  38.125278  38.125278  38.023225  -0.001324  -0.383559  0.000000  0.000000  0.000000  0.000000  0.000000
1  38.023225  38.023225  38.001651  -0.044813  -0.316614  0.000000  0.000000  0.000000  0.000000  0.000000
1  38.001651  38.001651  37.931907  0.046338  0.160774  0.000000  0.000000  0.000000  0.000000  0.000000
1  37.931907  37.931907  37.930338  -0.049471  -0.216496  0.000000  0.000000  0.000000  0.000000  0.000000
1  37.930338  37.930338  37.859321  -0.177461  -0.593399  0.000000  0.000000  0.000000  0.000000  0.000000
1  37.859321  37.859321  37.796291  -0.205666  -0.458430  0.000000  0.000000  0.000000  0.000000  0.000000
1  37.796291  37.796291  37.725188  -0.323607  -0.720404  0.000000  0.000000  0.000000  0.000000  0.000000
1  37.725188  37.725188  37.596840  -0.355574  -0.629811  0.000000  0.000000  0.000000  0.000000  0.000000
1  37.596840  37.596840  37.579315  -0.256504  -0.084392  0.000000  0.000000  0.000000  0.000000  0.000000
1  37.579315  37.579315  37.556061  -0.265428  -0.046922  0.000000  0.000000  0.000000  0.000000  0.000000
1  37.556061  37.556061  37.520162  -0.325969  -0.198802  0.000000  0.000000  0.000000  0.000000  0.000000
1  37.520162  37.520162  37.449699  -0.468578  -0.711976  0.000000  0.000000  0.000000  0.000000  0.000000
1  37.449699  37.449699  37.355128  -0.290578  0.006809  0.000000  0.000000  0.000000  0.000000  0.000000
1  37.355128  37.355128  37.324344  -0.225877  0.084140  0.000000  0.000000  0.000000  0.000000  0.000000
1  37.324344  37.324344  37.252663  -0.218115  0.052842  0.000000  0.000000  0.000000  0.000000  0.000000
1  37.252663  37.252663  37.232978  -0.276844  -0.119756  0.000000  0.000000  0.000000  0.000000  0.000000
1  37.232978  37.232978  37.216196  -0.205830  0.072453  0.000000  0.000000  0.000000  0.000000  0.000000
1  37.216196  37.216196  37.158140  -0.003141  0.753375  0.000000  0.000000  0.000000  0.000000  0.000000
1  37.158140  37.158140  37.196068  0.237036  1.365406  0.000000  0.000000  0.000000  0.000000  0.000000
1  37.196068  37.196068  37.219606  0.253281  0.949861  0.000000  0.000000  0.000000  0.000000  0.000000
1  37.219606  37.219606  37.239967  0.388764  1.078190  0.000000  0.000000  0.000000  0.000000  0.000000
1  37.239967  37.239967  37.272788  0.421702  0.829530  0.000000  0.000000  0.000000  0.000000  0.000000
1  37.272788  37.272788  37.336745  0.534202  0.991881  0.000000  0.000000  0.000000  0.000000  0.000000
1  37.336745  37.336745  37.344295  0.689191  1.201872  0.000000  0.000000  0.000000  0.000000  0.000000
1  37.344295  37.344295  37.428563  0.754382  1.059135  0.000000  0.000000  0.000000  0.000000  0.000000
1  37.428563  37.428563  37.516871  0.840120  0.958846  0.000000  0.000000  0.000000  0.000000  0.000000
1  37.516871  37.516871  37.574815  1.028231  1.243401  0.000000  0.000000  0.000000  0.000000  0.000000
1  37.574815  37.574815  37.650699  1.176260  1.359613  0.000000  0.000000  0.000000  0.000000  0.000000
1  37.650699  37.650699  37.778083  1.318317  1.323066  0.000000  0.000000  0.000000  0.000000  0.000000
1  37.778083  37.778083  37.929227  1.494546  1.491743  0.000000  0.000000  0.000000  0.000000  0.000000
1  37.929227  37.929227  38.076734  1.631307  1.406042  0.000000  0.000000  0.000000  0.000000  0.000000
1  38.076734  38.076734  38.196199  1.512354  0.519226  0.000000  0.000000  0.000000  0.000000  0.000000
1  38.196199  38.196199  38.334138  1.549172  0.527529  0.000000  0.000000  0.000000  0.000000  0.000000
1  38.334138  38.334138  38.528832  1.803227  1.190291  0.000000  0.000000  0.000000  0.000000  0.000000
1  38.528832  38.528832  38.712476  1.838957  0.893002  0.000000  0.000000  0.000000  0.000000  0.000000
1  38.712476  38.712476  38.883270  1.821740  0.522160  0.000000  0.000000  0.000000  0.000000  0.000000
1  38.883270  38.883270  38.973805  1.618094  -0.342251  0.000000  0.000000  0.000000  0.000000  0.000000
1  38.973805  38.973805  39.162025  1.706049  0.008175  0.000000  0.000000  0.000000  0.000000  0.000000
1  39.162025  39.162025  39.313428  1.523559  -0.613588  0.000000  0.000000  0.000000  0.000000  0.000000
1  39.313428  39.313428  39.433818  1.600743  -0.242449  0.000000  0.000000  0.000000  0.000000  0.000000
1  39.433818  39.433818  39.551718  1.650967  -0.049375  0.000000  0.000000  0.000000  0.000000  0.000000
1  39.551718  39.551718  39.712344  1.604555  -0.220650  0.000000  0.000000  0.000000  0.000000  0.000000
1  39.712344  39.712344  39.814940  1.375824  -0.902668  0.000000  0.000000  0.000000  0.000000  0.000000
1  39.814940  39.814940  39.866748  1.346777  -0.618390  0.000000  0.000000  0.000000  0.000000  0.000000
1  39.866748  39.866748  40.016468  1.073221  -1.327664  0.000000  0.000000  0.000000  0.000000  0.000000
1  40.016468  40.016468  40.115985  1.057069  -0.949708  0.000000  0.000000  0.000000  0.000000  0.000000
1  40.115985  40.115985  40.182626  0.739845  -1.554236  0.000000  0.000000  0.000000  0.000000  0.000000
1  40.182626  40.182626  40.231950  0.443518  -2.066122  0.000000  0.000000  0.000000  0.000000  0.000000
1  40.231950  40.231950  40.189833  0.407809  -1.542142  0.000000  0.000000  0.000000  0.000000  0.000000
1  40.189833  40.189833  40.173476  0.163911  -1.776762  0.000000  0.000000  0.000000  0.000000  0.000000
1  40.173476  40.173476  40.111479  -0.044637  -1.888296  0.000000  0.000000  0.000000  0.000000  0.000000
1  40.111479  40.111479  40.038988  -0.100452  -1.379121  0.000000  0.000000  0.000000  0.000000  0.000000
1  40.038988  40.038988  39.975769  -0.307091  -1.548151  0.000000  0.000000  0.000000  0.000000  0.000000
1  39.975769  39.975769  39.860076  -0.474170  -1.613383  0.000000  0.000000  0.000000  0.000000  0.000000
1  39.860076  39.860076  39.762084  -0.699511  -1.897070  0.000000  0.000000  0.000000  0.000000  0.000000
1  39.762084  39.762084  39.616321  -0.737298  -1.357758  0.000000  0.000000  0.000000  0.000000  0.000000
1  39.616321  39.616321  39.508906  -0.879990  -1.340659  0.000000  0.000000  0.000000  0.000000  0.000000
1  39.508906  39.508906  39.380283  -1.106519  -1.627866  0.000000  0.000000  0.000000  0.000000  0.000000
1  39.380283  39.380283  39.190144  -1.137453  -1.163544  0.000000  0.000000  0.000000  0.000000  0.000000
1  39.190144  39.190144  39.047279  -1.190262  -0.962200  0.000000  0.000000  0.000000  0.000000  0.000000
1  39.047279  39.047279  38.913742  -1.099063  -0.305308  0.000000  0.000000  0.000000  0.000000  0.000000
1  38.913742  38.913742  38.761546  -1.186882  -0.484379  0.000000  0.000000  0.000000  0.000000  0.000000
1  38.761546  38.761546  38.604720  -1.243392  -0.369650  0.000000  0.000000  0.000000  0.000000  0.000000
1  38.604720  38.604720  38.496370  -1.257946  -0.360727  0.000000  0.000000  0.000000  0.000000  0.000000
1  38.496370  38.496370  38.349741  -1.280284  -0.411833  0.000000  0.000000  0.000000  0.000000  0.000000
1  38.349741  38.349741  38.239429  -1.135983  0.204395  0.000000  0.000000  0.000000  0.000000  0.000000
1  38.239429  38.239429  38.096667  -1.005936  0.589997  0.000000  0.000000  0.000000  0.000000  0.000000
1  38.096667  38.096667  37.978317  -1.030002  0.353980  0.000000  0.000000  0.000000  0.000000  0.000000
1  37.978317  37.978317  37.857282  -1.103142  0.059994  0.000000  0.000000  0.000000  0.000000  0.000000
1  37.857282  37.857282  37.782457  -1.084160  0.088493  0.000000  0.000000  0.000000  0.000000  0.000000
1  37.782457  37.782457  37.633429  -1.157130  -0.147968  0.000000  0.000000  0.000000  0.000000  0.000000
1  37.633429  37.633429  37.549913  -1.003466  0.444016  0.000000  0.000000  0.000000  0.000000  0.000000
1  37.549913  37.549913  37.444946  -0.929474  0.629204  0.000000  0.000000  0.000000  0.000000  0.000000
1  37.444946  37.444946  37.381367  -0.653130  1.379124  0.000000  0.000000  0.000000  0.000000  0.000000
1  37.381367  37.381367  37.310979  -0.635186  1.027978  0.000000  0.000000  0.000000  0.000000  0.000000
1  37.310979  37.310979  37.241890  -0.685736  0.461778  0.000000  0.000000  0.000000  0.000000  0.000000
1  37.241890  37.241890  37.244723  -0.529738  0.788664  0.000000  0.000000  0.000000  0.000000  0.000000
1  37.244723  37.244723  37.187179  -0.416949  0.883709  0.000000  0.000000  0.000000  0.000000  0.000000
1  37.187179  37.187179  37.110684  -0.318140  0.934707  0.000000  0.000000  0.000000  0.000000  0.000000
1  37.110684  37.110684  37.100514  -0.192452  1.006073  0.000000  0.000000  0.000000  0.000000  0.000000
1  37.100514  37.100514  37.159458  -0.032310  1.203910  0.000000  0.000000  0.000000  0.000000  0.000000
1  37.159458  37.159458  37.185345  -0.040968  0.747561  0.000000  0.000000  0.000000  0.000000  0.000000
1  37.185345  37.185345  37.190066  -0.013005  0.627612  0.000000  0.000000  0.000000  0.000000  0.000000
1  37.190066  37.190066  37.160855  -0.062306  0.242664  0.000000  0.000000  0.000000  0.000000  0.000000
1  37.160855  37.160855  37.218910  0.149881  0.866607  0.000000  0.000000  0.000000  0.000000  0.000000
1  37.218910  37.218910  37.207004  0.208628  0.780155  0.000000  0.000000  0.000000  0.000000  0.000000
1  37.207004  37.207004  37.188722  0.240206  0.592100  0.000000  0.000000  0.000000  0.000000  0.000000
1  37.188722  37.188722  37.227984  0.213355  0.352128  0.000000  0.000000  0.000000  0.000000  0.000000
1  37.227984  37.227984  37.350289  0.325715  0.625624  0.000000  0.000000  0.000000  0.000000  0.000000
1  37.350289  37.350289  37.386831  0.251420  0.248629  0.000000  0.000000  0.000000  0.000000  0.000000
1  37.386831  37.386831  37.400429  0.117573  -0.326182  0.000000  0.000000  0.000000  0.000000  0.000000
1  37.400429  37.400429  37.432377  0.117503  -0.273148  0.000000  0.000000  0.000000  0.000000  0.000000
1  37.432377  37.432377  37.515078  -0.002115  -0.597591  0.000000  0.000000  0.000000  0.000000  0.000000
1  37.515078  37.515078  37.499238  -0.079086  -0.692565  0.000000  0.000000  0.000000  0.000000  0.000000
1  37.499238  37.499238  37.509011  -0.205670  -0.885406  0.000000  0.000000  0.000000  0.000000  0.000000
1  37.509011  37.509011  37.528940  -0.231497  -0.690532  0.000000  0.000000  0.000000  0.000000  0.000000
1  37.528940  37.528940  37.505253  -0.114784  -0.049040  0.000000  0.000000  0.000000  0.000000  0.000000
1  37.505253  37.505253  37.497564  -0.135482  -0.182390  0.000000  0.000000  0.000000  0.000000  0.000000
1  37.497564  37.497564  37.501238  -0.183739  -0.286961  0.000000  0.000000  0.000000  0.000000  0.000000
1  37.501238  37.501238  37.559999  -0.054357  0.258756  0.000000  0.000000  0.000000  0.000000  0.000000
1  37.559999  37.559999  37.558149  -0.099707  0.007493  0.000000  0.000000  0.000000  0.000000  0.000000
1  37.558149  37.558149  37.551268  -0.154115  -0.159109  0.000000  0.000000  0.000000  0.000000  0.000000
1  37.551268  37.551268  37.599950  -0.171572  -0.165129  0.000000  0.000000  0.000000  0.000000  0.000000
1  37.599950  37.599950  37.599311  -0.252050  -0.340057  0.000000  0.000000  0.000000  0.000000  0.000000
1  37.599311  37.599311  37.636569  -0.172703  -0.014225  0.000000  0.000000  0.000000  0.000000  0.000000
1  37.636569  37.636569  37.634096  -0.220687  -0.193330  0.000000  0.000000  0.000000  0.000000  0.000000
1  37.634096  37.634096  37.618864  -0.391532  -0.711267  0.000000  0.000000  0.000000  0.000000  0.000000
1  37.618864  37.618864  37.588651  -0.402626  -0.594048  0.000000  0.000000  0.000000  0.000000  0.000000
1  37.588651  37.588651  37.560279  -0.468876  -0.602483  0.000000  0.000000  0.000000  0.000000  0.000000
1  37.560279  37.560279  37.562226  -0.437787  -0.292446  0.000000  0.000000  0.000000  0.000000  0.000000
1  37.562226  37.562226  37.548084  -0.522505  -0.456532  0.000000  0.000000  0.000000  0.000000  0.000000
1  37.548084  37.548084  37.506043  -0.568889  -0.361700  0.000000  0.000000  0.000000  0.000000  0.000000
1  37.506043  37.506043  37.445900  -0.600749  -0.396870  0.000000  0.000000  0.000000  0.000000  0.000000
1  37.445900  37.445900  37.417018  -0.571782  -0.203109  0.000000  0.000000  0.000000  0.000000  0.000000
1  37.417018  37.417018  37.398689  -0.689637  -0.445910  0.000000  0.000000  0.000000  0.000000  0.000000
1  37.398689  37.398689  37.354327  -0.739101  -0.475053  0.000000  0.000000  0.000000  0.000000  0.000000
1  37.354327  37.354327  37.293068  -0.769466  -0.412638  0.000000  0.000000  0.000000  0.000000  0.000000
1  37.293068  37.293068  37.234575  -0.796185  -0.387984  0.000000  0.000000  0.000000  0.000000  0.000000
1  37.234575  37.234575  37.207274  -0.727607  -0.031500  0.000000  0.000000  0.000000  0.000000  0.000000
1  37.207274  37.207274  37.228006  -0.730678  -0.051617  0.000000  0.000000  0.000000  0.000000  0.000000
1  37.228006  37.228006  37.161332  -0.839907  -0.349360  0.000000  0.000000  0.000000  0.000000  0.000000
1  37.161332  37.161332  37.081808  -0.951972  -0.584842  0.000000  0.000000  0.000000  0.000000  0.000000
1  37.081808  37.081808  37.069905  -0.903196  -0.247632  0.000000  0.000000  0.000000  0.000000  0.000000
1  37.069905  37.069905  37.035975  -0.970187  -0.436448  0.000000  0.000000  0.000000  0.000000  0.000000
1  37.035975  37.035975  37.013401  -0.972563  -0.278794  0.000000  0.000000  0.000000  0.000000  0.000000
1  37.013401  37.013401  36.939537  -0.890965  0.083935  0.000000  0.000000  0.000000  0.000000  0.000000
1  36.939537  36.939537  36.901377  -0.950071  -0.194358  0.000000  0.000000  0.000000  0.000000  0.000000
1  36.901377  36.901377  36.857952  -0.696834  0.768282  0.000000  0.000000  0.000000  0.000000  0.000000
1  36.857952  36.857952  36.823670  -0.770924  0.296174  0.000000  0.000000  0.000000  0.000000  0.000000
1  36.823670  36.823670  36.823728  -0.677819  0.513790  0.000000  0.000000  0.000000  0.000000  0.000000
1  36.823728  36.823728  36.820113  -0.638471  0.495669  0.000000  0.000000  0.000000  0.000000  0.000000
1  36.820113  36.820113  36.811681  -0.757463  -0.033959  0.000000  0.000000  0.000000  0.000000  0.000000
1  36.811681  36.811681  36.804039  -0.515751  0.767539  0.000000  0.000000  0.000000  0.000000  0.000000
1  36.804039  36.804039  36.819677  -0.378085  1.013440  0.000000  0.000000  0.000000  0.000000  0.000000
1  36.819677  36.819677  36.851238  -0.301672  0.994762  0.000000  0.000000  0.000000  0.000000  0.000000
1  36.851238  36.851238  36.917373  -0.272830  0.648730  0.000000  0.000000  0.000000  0.000000  0.000000
1  36.917373  36.917373  37.028770  -0.230381  0.546853  0.000000  0.000000  0.000000  0.000000  0.000000
1  37.028770  37.028770  37.174988  -0.123551  0.747251  0.000000  0.000000  0.000000  0.000000  0.000000
1  37.174988  37.174988  37.210224  -0.205241  0.230159  0.000000  0.000000  0.000000  0.000000  0.000000
1  37.210224  37.210224  37.263275  -0.079096  0.578378  0.000000  0.000000  0.000000  0.000000  0.000000
1  37.263275  37.263275  37.398271  -0.132660  0.139966  0.000000  0.000000  0.000000  0.000000  0.000000
1  37.398271  37.398271  37.442316  -0.069376  0.343132  0.000000  0.000000  0.000000  0.000000  0.000000
1  37.442316  37.442316  37.540524  0.246001  1.325269  0.000000  0.000000  0.000000  0.000000  0.000000
1  37.540524  37.540524  37.615506  0.186331  0.816968  0.000000  0.000000  0.000000  0.000000  0.000000
1  37.615506  37.615506  37.707626  0.326944  1.061781  0.000000  0.000000  0.000000  0.000000  0.000000
1  37.707626  37.707626  37.845611  0.311466  0.675541  0.000000  0.000000  0.000000  0.000000  0.000000
1  37.845611  37.845611  38.011065  0.631508  1.470016  0.000000  0.000000  0.000000  0.000000  0.000000
1  38.011065  38.011065  38.151686  0.697221  1.246416  0.000000  0.000000  0.000000  0.000000  0.000000
1  38.151686  38.151686  38.264430  0.547047  0.352519  0.000000  0.000000  0.000000  0.000000  0.000000
1  38.264430  38.264430  38.539215  0.711881  0.727124  0.000000  0.000000  0.000000  0.000000  0.000000
1  38.539215  38.539215  38.670044  0.902511  1.157038  0.000000  0.000000  0.000000  0.000000  0.000000
1  38.670044  38.670044  38.852625  0.938241  0.950285  0.000000  0.000000  0.000000  0.000000  0.000000
1  38.852625  38.852625  39.053974  1.055983  0.985593  0.000000  0.000000  0.000000  0.000000  0.000000
1  39.053974  39.053974  39.331507  1.247707  1.280742  0.000000  0.000000  0.000000  0.000000  0.000000
1  39.331507  39.331507  39.539572  1.373571  1.256680  0.000000  0.000000  0.000000  0.000000  0.000000
1  39.539572  39.539572  39.746786  1.363132  0.800384  0.000000  0.000000  0.000000  0.000000  0.000000
1  39.746786  39.746786  40.000551  1.577116  1.185701  0.000000  0.000000  0.000000  0.000000  0.000000
1  40.000551  40.000551  40.286999  1.723412  1.290184  0.000000  0.000000  0.000000  0.000000  0.000000
1  40.286999  40.286999  40.558613  1.721836  0.812740  0.000000  0.000000  0.000000  0.000000  0.000000
1  40.558613  40.558613  40.891040  1.849269  0.850368  0.000000  0.000000  0.000000  0.000000  0.000000
1  40.891040  40.891040  41.172915  1.961080  0.971354  0.000000  0.000000  0.000000  0.000000  0.000000
1  41.172915  41.172915  41.512570  2.265039  1.630205  0.000000  0.000000  0.000000  0.000000  0.000000
1  41.512570  41.512570  41.814025  2.242156  1.010508  0.000000  0.000000  0.000000  0.000000  0.000000
1  41.814025  41.814025  42.162573  2.357380  0.987234  0.000000  0.000000  0.000000  0.000000  0.000000
1  42.162573  42.162573  42.496451  2.434419  0.867700  0.000000  0.000000  0.000000  0.000000  0.000000
1  42.496451  42.496451  42.872322  2.575137  1.038497  0.000000  0.000000  0.000000  0.000000  0.000000
1  42.872322  42.872322  43.196519  2.625492  0.812931  0.000000  0.000000  0.000000  0.000000  0.000000
1  43.196519  43.196519  43.601494  2.747286  0.931537  0.000000  0.000000  0.000000  0.000000  0.000000
1  43.601494  43.601494  43.951027  2.747250  0.454419  0.000000  0.000000  0.000000  0.000000  0.000000
1  43.951027  43.951027  44.342525  2.871412  0.693675  0.000000  0.000000  0.000000  0.000000  0.000000
1  44.342525  44.342525  44.673002  2.850926  0.403103  0.000000  0.000000  0.000000  0.000000  0.000000
1  44.673002  44.673002  45.057343  2.770267  -0.018724  0.000000  0.000000  0.000000  0.000000  0.000000
1  45.057343  45.057343  45.352549  2.679792  -0.243118  0.000000  0.000000  0.000000  0.000000  0.000000
1  45.352549  45.352549  45.718453  2.817630  0.290813  0.000000  0.000000  0.000000  0.000000  0.000000
1  45.718453  45.718453  46.063895  2.665983  -0.321767  0.000000  0.000000  0.000000  0.000000  0.000000
1  46.063895  46.063895  46.409240  2.505871  -0.684989  0.000000  0.000000  0.000000  0.000000  0.000000
1  46.409240  46.409240  46.767702  2.395949  -0.882111  0.000000  0.000000  0.000000  0.000000  0.000000
1  46.767702  46.767702  47.058907  2.351670  -0.707388  0.000000  0.000000  0.000000  0.000000  0.000000
1  47.058907  47.058907  47.377390  2.180889  -1.032185  0.000000  0.000000  0.000000  0.000000  0.000000
1  47.377390  47.377390  47.655423  2.221369  -0.591596  0.000000  0.000000  0.000000  0.000000  0.000000
1  47.655423  47.655423  47.926181  2.061064  -0.885486  0.000000  0.000000  0.000000  0.000000  0.000000
1  47.926181  47.926181  48.174158  1.802254  -1.423223  0.000000  0.000000  0.000000  0.000000  0.000000
1  48.174158  48.174158  48.406169  1.770594  -1.140453  0.000000  0.000000  0.000000  0.000000  0.000000
1  48.406169  48.406169  48.641440  1.614781  -1.236191  0.000000  0.000000  0.000000  0.000000  0.000000
1  48.641440  48.641440  48.815267  1.320076  -1.738573  0.000000  0.000000  0.000000  0.000000  0.000000
1  48.815267  48.815267  48.910642  1.316506  -1.162413  0.000000  0.000000  0.000000  0.000000  0.000000
1  48.910642  48.910642  49.069151  1.235726  -1.080536  0.000000  0.000000  0.000000  0.000000  0.000000
1  49.069151  49.069151  49.180305  1.063484  -1.330481  0.000000  0.000000  0.000000  0.000000  0.000000
1  49.180305  49.180305  49.302310  0.920075  -1.336183  0.000000  0.000000  0.000000  0.000000  0.000000
1  49.302310  49.302310  49.396755  0.710091  -1.531325  0.000000  0.000000  0.000000  0.000000  0.000000
1  49.396755  49.396755  49.495773  0.560424  -1.547708  0.000000  0.000000  0.000000  0.000000  0.000000
1  49.495773  49.495773  49.599892  0.576385  -0.981425  0.000000  0.000000  0.000000  0.000000  0.000000
1  49.599892  49.599892  49.719136  0.444160  -1.082838  0.000000  0.000000  0.000000  0.000000  0.000000
1  49.719136  49.719136  49.725326  0.315615  -1.086885  0.000000  0.000000  0.000000  0.000000  0.000000
1  49.725326  49.725326  49.839541  0.171744  -1.218170  0.000000  0.000000  0.000000  0.000000  0.000000
1  49.839541  49.839541  49.895492  0.128320  -1.020545  0.000000  0.000000  0.000000  0.000000  0.000000
1  49.895492  49.895492  49.897818  -0.004895  -1.204423  0.000000  0.000000  0.000000  0.000000  0.000000
1  49.897818  49.897818  49.899431  0.030830  -0.730187  0.000000  0.000000  0.000000  0.000000  0.000000
1  49.899431  49.899431  50.015510  -0.046993  -0.748545  0.000000  0.000000  0.000000  0.000000  0.000000
1  50.015510  50.015510  50.080962  0.018375  -0.316188  0.000000  0.000000  0.000000  0.000000  0.000000
1  50.080962  50.080962  50.086715  -0.038574  -0.435634  0.000000  0.000000  0.000000  0.000000  0.000000
1  50.086715  50.086715  50.091897  -0.011408  -0.236672  0.000000  0.000000  0.000000  0.000000  0.000000
1  50.091897  50.091897  50.118062  0.109132  0.270611  0.000000  0.000000  0.000000  0.000000  0.000000
1  50.118062  50.118062  50.159482  0.091860  0.171493  0.000000  0.000000  0.000000  0.000000  0.000000
1  50.159482  50.159482  50.181598  0.084250  0.160477  0.000000  0.000000  0.000000  0.000000  0.000000
1  50.181598  50.181598  50.246031  0.104236  0.220184  0.000000  0.000000  0.000000  0.000000  0.000000
1  50.246031  50.246031  50.321896  0.094206  0.107253  0.000000  0.000000  0.000000  0.000000  0.000000
1  50.321896  50.321896  50.354704  0.131871  0.178328  0.000000  0.000000  0.000000  0.000000  0.000000
1  50.354704  50.354704  50.386869  0.130117  0.083309  0.000000  0.000000  0.000000  0.000000  0.000000
1  50.386869  50.386869  50.393879  -0.010755  -0.417913  0.000000  0.000000  0.000000  0.000000  0.000000
1  50.393879  50.393879  50.515089  0.039524  -0.062920  0.000000  0.000000  0.000000  0.000000  0.000000
2  50.515089  50.515089  50.561630  0.131882  0.319923  0.000000  0.000000  0.000000  0.000000  0.000000
2  50.515089  50.519042  50.634912  0.098711  0.089005  0.042589  0.092358  0.004259  -0.085292  0.003689
2  50.515089  50.522994  50.709863  0.219259  0.460439  0.111918  0.060412  0.015451  -0.175259  -0.032363
2  50.515089  50.526824  50.771011  0.188696  0.231437  0.183039  0.183045  0.033755  -0.334514  -0.058265
2  50.515089  50.530445  50.852824  0.268177  0.445933  0.240566  0.155146  0.057811  -0.397283  -0.076254
2  50.515089  50.533800  50.898707  0.244419  0.221434  0.319024  0.237652  0.089713  -0.530441  -0.088105
2  50.515089  50.536853  50.989671  0.243919  0.158014  0.361854  0.217115  0.125899  -0.571935  -0.095228
2  50.515089  50.539583  51.129699  0.307906  0.370392  0.450088  0.219905  0.170908  -0.667326  -0.098740
2  50.515089  50.541985  51.209990  0.334989  0.370594  0.587714  0.287161  0.229679  -0.842302  -0.099523
2  50.515089  50.544059  51.275243  0.289870  0.072538  0.665931  0.317424  0.296272  -0.937731  -0.098274
2  50.515089  50.545816  51.384453  0.326522  0.134507  0.729428  0.275347  0.369215  -0.981103  -0.095541
2  50.515089  50.547268  51.478894  0.277778  -0.073603  0.837185  0.314871  0.452933  -1.109019  -0.091751
2  50.515089  50.548433  51.624687  0.143522  -0.577369  0.930461  0.268809  0.545979  -1.179406  -0.087242
2  50.515089  50.549330  51.724223  0.163913  -0.304616  1.075357  0.137034  0.653515  -1.258821  -0.082271
2  50.515089  50.549979  51.763125  0.095970  -0.336365  1.174244  0.159698  0.770940  -1.369679  -0.077039
2  50.515089  50.550400  51.735379  -0.019958  -0.546803  1.212725  0.093821  0.892212  -1.375945  -0.071699
2  50.515089  50.550615  51.811894  -0.134547  -0.763585  1.184764  -0.020243  1.010689  -1.291545  -0.066368
2  50.515089  50.550644  51.860376  -0.216854  -0.788784  1.261250  -0.133163  1.136814  -1.312639  -0.061129
2  50.515089  50.550505  51.904947  -0.236997  -0.466473  1.309871  -0.213988  1.267801  -1.322314  -0.056047
2  50.515089  50.550219  51.966002  -0.243958  -0.418453  1.354729  -0.232825  1.403273  -1.359646  -0.051166
2  50.515089  50.549802  51.975860  -0.207535  -0.157618  1.416201  -0.238646  1.544894  -1.420638  -0.046516
2  50.515089  50.549270  51.988573  -0.218226  -0.097265  1.426590  -0.201237  1.687553  -1.452464  -0.042115
2  50.515089  50.548641  51.990908  -0.255930  -0.193463  1.439933  -0.211085  1.831546  -1.463943  -0.037976
2  50.515089  50.547926  52.042690  -0.307759  -0.313395  1.442982  -0.248078  1.975844  -1.451835  -0.034100
2  50.515089  50.547141  52.115430  -0.301917  -0.307530  1.495548  -0.299316  2.125399  -1.482649  -0.030488
2  50.515089  50.546297  52.235623  -0.146976  0.213002  1.569133  -0.292993  2.282312  -1.563886  -0.027135
2  50.515089  50.545405  52.275028  -0.101452  0.348100  1.690218  -0.137671  2.451334  -1.767982  -0.024032
2  50.515089  50.544474  52.353526  -0.081124  0.363877  1.730553  -0.091857  2.624389  -1.837016  -0.021172
2  50.515089  50.543515  52.419056  -0.237950  -0.315559  1.810012  -0.071320  2.805390  -1.933163  -0.018542
2  50.515089  50.542534  52.483249  -0.067859  0.269844  1.876522  -0.228008  2.993043  -1.928302  -0.016132
2  50.515089  50.541540  52.530124  -0.141230  -0.027293  1.941709  -0.057845  3.187213  -2.086076  -0.013929
2  50.515089  50.540539  52.568350  -0.222992  -0.214560  1.989586  -0.131203  3.386172  -2.105215  -0.011922
2  50.515089  50.539536  52.638931  -0.044919  0.434768  2.028814  -0.213000  3.589053  -2.111863  -0.010097
2  50.515089  50.538537  52.690346  -0.187256  -0.137635  2.100394  -0.035008  3.799093  -2.281287  -0.008443
2  50.515089  50.537546  52.741834  -0.187021  -0.031051  2.152800  -0.177465  4.014373  -2.271734  -0.006948
2  50.515089  50.536567  52.803333  -0.105410  0.285615  2.205267  -0.177382  4.234899  -2.333922  -0.005601
2  50.515089  50.535603  52.860175  -0.113296  0.154733  2.267730  -0.095952  4.461672  -2.447228  -0.004391
2  50.515089  50.534657  52.952276  0.041031  0.579168  2.325518  -0.104044  4.694224  -2.511515  -0.003307
2  50.515089  50.533732  53.028993  0.066958  0.550804  2.418545  0.050057  4.936079  -2.692717  -0.002340
2  50.515089  50.532829  53.114423  -0.106844  -0.183003  2.496164  0.075742  5.185695  -2.794800  -0.001481
2  50.515089  50.531951  53.188347  -0.143358  -0.214515  2.582472  -0.098316  5.443942  -2.806231  -0.000720
2  50.515089  50.531098  53.318376  -0.119236  -0.090489  2.657249  -0.135096  5.709667  -2.875234  -0.000049
2  50.515089  50.530272  53.446213  -0.279835  -0.584649  2.788104  -0.111248  5.988478  -3.031365  0.000539
2  50.515089  50.529473  53.614863  -0.146442  0.035922  2.916740  -0.272127  6.280152  -3.093633  0.001051
2  50.515089  50.528702  53.714315  -0.374393  -0.880594  3.086161  -0.139017  6.588768  -3.344596  0.001495
2  50.515089  50.527960  53.738648  -0.576275  -1.175214  3.186355  -0.367253  6.907403  -3.346222  0.001876
2  50.515089  50.527246  53.757660  -0.547162  -0.676061  3.211402  -0.569420  7.228543  -3.285919  0.002201
2  50.515089  50.526560  53.743496  -0.743703  -1.059912  3.231100  -0.540590  7.551653  -3.335914  0.002474
2  50.515089  50.525903  53.750670  -0.718293  -0.585228  3.217593  -0.737413  7.873413  -3.239856  0.002701
2  50.515089  50.525274  53.750476  -1.134024  -1.749310  3.225396  -0.712280  8.195952  -3.276167  0.002886
2  50.515089  50.524673  53.741384  -1.108250  -1.091765  3.225804  -1.128283  8.518533  -3.084554  0.003034
2  50.515089  50.524098  53.691436  -1.317941  -1.470566  3.217286  -1.102777  8.840261  -3.104762  0.003149
2  50.515089  50.523551  53.627244  -1.339053  -1.069012  3.167885  -1.312728  9.157050  -2.966140  0.003233
2  50.515089  50.523030  53.678459  -1.530517  -1.388037  3.104214  -1.334095  9.467471  -2.907249  0.003291
2  50.515089  50.522534  53.580232  -1.698379  -1.504020  3.155925  -1.525807  9.783064  -2.878850  0.003325
2  50.515089  50.522063  53.482817  -2.023014  -2.049898  3.058169  -1.693909  10.088880  -2.712320  0.003338
2  50.515089  50.521616  53.357268  -2.241678  -2.099109  2.961201  -2.018776  10.385001  -2.467730  0.003333
2  50.515089  50.521192  53.266863  -2.347206  -1.864426  2.836075  -2.237665  10.668608  -2.247361  0.003312
2  50.515089  50.520791  53.143263  -2.456204  -1.570581  2.746072  -2.343410  10.943215  -2.118251  0.003277
2  50.515089  50.520411  53.023072  -2.374303  -0.784332  2.622852  -2.452616  11.205500  -1.953588  0.003230
2  50.515089  50.520052  52.914115  -2.250370  0.013672  2.503020  -2.370915  11.455802  -1.887179  0.003173
2  50.515089  50.519714  52.853037  -2.359784  -0.295667  2.394401  -2.247174  11.695243  -1.852469  0.003107
2  50.515089  50.519394  52.786201  -2.414292  -0.358077  2.333643  -2.356772  11.928607  -1.748653  0.003034
2  50.515089  50.519093  52.690262  -2.345499  -0.044089  2.267108  -2.411457  12.155318  -1.666191  0.002955
2  50.515089  50.518810  52.591800  -2.464705  -0.371414  2.171453  -2.342833  12.372463  -1.615789  0.002871
2  50.515089  50.518543  52.474109  -2.429926  -0.145160  2.073257  -2.462199  12.579789  -1.468364  0.002783
2  50.515089  50.518292  52.481980  -2.562379  -0.548088  1.955817  -2.427573  12.775370  -1.378107  0.002692
2  50.515089  50.518057  52.427986  -2.743739  -1.012049  1.963923  -2.560171  12.971763  -1.329826  0.002599
2  50.515089  50.517836  52.304524  -2.760084  -0.761346  1.910150  -2.741670  13.162778  -1.194949  0.002505
2  50.515089  50.517629  52.277395  -2.724229  -0.443754  1.786895  -2.758147  13.341467  -1.072485  0.002410
2  50.515089  50.517436  52.166409  -2.779275  -0.502684  1.759959  -2.722417  13.517463  -1.072309  0.002315
2  50.515089  50.517254  52.057251  -2.790047  -0.409934  1.649155  -2.777581  13.682378  -0.942263  0.002220
2  50.515089  50.517085  52.051239  -2.728665  -0.084712  1.540165  -2.788465  13.836395  -0.835627  0.002126
2  50.515089  50.516927  51.984468  -2.719102  -0.079375  1.534312  -2.727188  13.989826  -0.868176  0.002033
2  50.515089  50.516779  52.004716  -2.635410  0.205165  1.467689  -2.717726  14.136595  -0.813715  0.001941
2  50.515089  50.516642  52.008542  -2.611743  0.331894  1.488074  -2.634128  14.285403  -0.883429  0.001851
2  50.515089  50.516513  52.075475  -2.613102  0.248392  1.492028  -2.610550  14.434605  -0.906720  0.001763
2  50.515089  50.516394  52.075207  -2.593503  0.149499  1.559081  -2.611993  14.590514  -0.980932  0.001678
2  50.515089  50.516283  52.182250  -2.410162  0.632177  1.558924  -2.592473  14.746406  -0.998413  0.001594
2  50.515089  50.516180  52.197093  -2.333569  0.643276  1.666070  -2.409207  14.913013  -1.205604  0.001514
2  50.515089  50.516085  52.265343  -2.411077  0.108632  1.681008  -2.332683  15.081114  -1.267287  0.001435
2  50.515089  50.515996  52.258181  -2.335924  0.387454  1.749347  -2.410256  15.256048  -1.305661  0.001360
2  50.515089  50.515914  52.338624  -2.352932  0.200849  1.742267  -2.335165  15.430275  -1.344912  0.001286
2  50.515089  50.515838  52.510647  -2.435206  -0.020389  1.822786  -2.352231  15.612554  -1.426082  0.001216
2  50.515089  50.515768  52.573188  -2.570462  -0.440595  1.994879  -2.434558  15.812042  -1.567054  0.001148
2  50.515089  50.515703  52.708197  -2.772505  -1.008059  2.057485  -2.569864  16.017790  -1.572359  0.001084
2  50.515089  50.515643  52.875793  -2.595509  -0.172728  2.192554  -2.771954  16.237045  -1.617408  0.001021
2  50.515089  50.515588  52.989930  -2.763551  -0.646931  2.360205  -2.595002  16.473066  -1.885395  0.000962
2  50.515089  50.515538  53.242810  -2.596925  0.107008  2.474393  -2.763085  16.720505  -1.927971  0.000905
1  53.242810  50.515491  53.397288  -2.641794  -0.042093  2.727319  -2.596497  16.993237  -2.277882  0.000850
1  53.397288  53.397288  53.553336  -2.543133  0.350466  0.000000  0.000000  0.000000  0.000000  0.000850
1  53.553336  53.553336  53.747517  -2.480038  0.444899  0.000000  0.000000  0.000000  0.000000  0.000850
1  53.747517  53.747517  53.979013  -2.413767  0.500498  0.000000  0.000000  0.000000  0.000000  0.000850
1  53.979013  53.979013  54.195972  -2.303564  0.635894  0.000000  0.000000  0.000000  0.000000  0.000850
1  54.195972  54.195972  54.422763  -2.078095  1.149955  0.000000  0.000000  0.000000  0.000000  0.000850
1  54.422763  54.422763  54.744600  -1.908208  1.315148  0.000000  0.000000  0.000000  0.000000  0.000850
1  54.744600  54.744600  55.003806  -1.441026  2.439036  0.000000  0.000000  0.000000  0.000000  0.000850
1  55.003806  55.003806  55.364121  -1.208801  2.373117  0.000000  0.000000  0.000000  0.000000  0.000850
1  55.364121  55.364121  55.606418  -0.964620  2.396453  0.000000  0.000000  0.000000  0.000000  0.000850
1  55.606418  55.606418  56.132024  -0.606300  2.832751  0.000000  0.000000  0.000000  0.000000  0.000850
1  56.132024  56.132024  56.640873  -0.192481  3.302951  0.000000  0.000000  0.000000  0.000000  0.000850
1  56.640873  56.640873  57.229349  0.120195  3.258411  0.000000  0.000000  0.000000  0.000000  0.000850
1  57.229349  57.229349  57.949793  0.250740  2.644554  0.000000  0.000000  0.000000  0.000000  0.000850
1  57.949793  57.949793  58.507190  0.608763  2.930026  0.000000  0.000000  0.000000  0.000000  0.000850
1  58.507190  58.507190  59.195834  0.801864  2.493380  0.000000  0.000000  0.000000  0.000000  0.000850
1  59.195834  59.195834  59.826145  1.069960  2.525294  0.000000  0.000000  0.000000  0.000000  0.000850
1  59.826145  59.826145  60.454359  1.046119  1.538660  0.000000  0.000000  0.000000  0.000000  0.000850
1  60.454359  60.454359  61.234921  1.128848  1.293808  0.000000  0.000000  0.000000  0.000000  0.000850
1  61.234921  61.234921  61.924897  1.111573  0.751132  0.000000  0.000000  0.000000  0.000000  0.000850
1  61.924897  61.924897  62.966725  1.123296  0.563615  0.000000  0.000000  0.000000  0.000000  0.000850
1  62.966725  62.966725  63.677573  1.346952  1.084914  0.000000  0.000000  0.000000  0.000000  0.000850
1  63.677573  63.677573  64.481292  1.444343  1.112006  0.000000  0.000000  0.000000  0.000000  0.000850
1  64.481292  64.481292  65.206730  1.493423  0.937242  0.000000  0.000000  0.000000  0.000000  0.000850
1  65.206730  65.206730  66.047713  1.738287  1.432829  0.000000  0.000000  0.000000  0.000000  0.000850
1  66.047713  66.047713  67.019324  1.505479  0.229797  0.000000  0.000000  0.000000  0.000000  0.000850
1  67.019324  67.019324  67.757953  1.475701  -0.019041  0.000000  0.000000  0.000000  0.000000  0.000850
1  67.757953  67.757953  68.500863  1.562386  0.236310  0.000000  0.000000  0.000000  0.000000  0.000850
1  68.500863  68.500863  69.377665  1.632429  0.400439  0.000000  0.000000  0.000000  0.000000  0.000850
1  69.377665  69.377665  70.318371  1.520125  -0.087663  0.000000  0.000000  0.000000  0.000000  0.000850
1  70.318371  70.318371  71.261872  1.656377  0.347009  0.000000  0.000000  0.000000  0.000000  0.000850
1  71.261872  71.261872  72.081931  1.605350  0.083866  0.000000  0.000000  0.000000  0.000000  0.000850
1  72.081931  72.081931  72.909284  1.605636  0.057572  0.000000  0.000000  0.000000  0.000000  0.000850
1  72.909284  72.909284  73.737433  1.534256  -0.169736  0.000000  0.000000  0.000000  0.000000  0.000850
1  73.737433  73.737433  74.515693  1.433464  -0.375004  0.000000  0.000000  0.000000  0.000000  0.000850
1  74.515693  74.515693  75.198653  1.279023  -0.776277  0.000000  0.000000  0.000000  0.000000  0.000850
1  75.198653  75.198653  75.928226  1.049920  -1.271337  0.000000  0.000000  0.000000  0.000000  0.000850
1  75.928226  75.928226  76.655396  1.048268  -0.889943  0.000000  0.000000  0.000000  0.000000  0.000850
1  76.655396  76.655396  77.381463  0.822664  -1.400349  0.000000  0.000000  0.000000  0.000000  0.000850
1  77.381463  77.381463  78.137428  0.527301  -1.936589  0.000000  0.000000  0.000000  0.000000  0.000850
1  78.137428  78.137428  78.811510  0.256250  -2.173958  0.000000  0.000000  0.000000  0.000000  0.000850
1  78.811510  78.811510  79.517990  0.228238  -1.570924  0.000000  0.000000  0.000000  0.000000  0.000850
1  79.517990  79.517990  80.158227  0.033507  -1.608546  0.000000  0.000000  0.000000  0.000000  0.000850
1  80.158227  80.158227  80.938297  -0.058507  -1.446591  0.000000  0.000000  0.000000  0.000000  0.000850
1  80.938297  80.938297  81.700617  -0.217752  -1.516178  0.000000  0.000000  0.000000  0.000000  0.000850
1  81.700617  81.700617  82.274845  -0.256992  -1.042282  0.000000  0.000000  0.000000  0.000000  0.000850
1  82.274845  82.274845  82.877757  -0.324501  -0.865503  0.000000  0.000000  0.000000  0.000000  0.000850
1  82.877757  82.877757  83.590721  -0.441025  -0.921069  0.000000  0.000000  0.000000  0.000000  0.000850
1  83.590721  83.590721  84.352605  -0.447461  -0.679056  0.000000  0.000000  0.000000  0.000000  0.000850
1  84.352605  84.352605  85.027496  -0.642900  -1.127986  0.000000  0.000000  0.000000  0.000000  0.000850
1  85.027496  85.027496  85.491865  -0.704383  -0.947231  0.000000  0.000000  0.000000  0.000000  0.000850
1  85.491865  85.491865  85.981124  -0.514735  -0.018480  0.000000  0.000000  0.000000  0.000000  0.000850
1  85.981124  85.981124  86.607776  -0.394884  0.321116  0.000000  0.000000  0.000000  0.000000  0.000850
1  86.607776  86.607776  87.272713  -0.352415  0.457108  0.000000  0.000000  0.000000  0.000000  0.000850
1  87.272713  87.272713  87.890352  -0.194744  0.884363  0.000000  0.000000  0.000000  0.000000  0.000850
1  87.890352  87.890352  88.485498  0.033907  1.301970  0.000000  0.000000  0.000000  0.000000  0.000850
1  88.485498  88.485498  89.235883  0.360007  1.929662  0.000000  0.000000  0.000000  0.000000  0.000850
1  89.235883  89.235883  90.023030  0.477388  1.614073  0.000000  0.000000  0.000000  0.000000  0.000850
1  90.023030  90.023030  90.781882  1.003826  2.803388  0.000000  0.000000  0.000000  0.000000  0.000850
1  90.781882  90.781882  91.381256  1.124018  2.281085  0.000000  0.000000  0.000000  0.000000  0.000850
1  91.381256  91.381256  92.107086  1.390044  2.444784  0.000000  0.000000  0.000000  0.000000  0.000850
1  92.107086  92.107086  93.003277  1.457963  1.865957  0.000000  0.000000  0.000000  0.000000  0.000850
1  93.003277  93.003277  93.820020  1.616771  1.761071  0.000000  0.000000  0.000000  0.000000  0.000850
1  93.820020  93.820020  94.644951  1.603095  1.146458  0.000000  0.000000  0.000000  0.000000  0.000850
1  94.644951  94.644951  95.402558  1.730886  1.189562  0.000000  0.000000  0.000000  0.000000  0.000850
1  95.402558  95.402558  96.265529  1.753374  0.894013  0.000000  0.000000  0.000000  0.000000  0.000850
1  96.265529  96.265529  96.915958  1.623616  0.195877  0.000000  0.000000  0.000000  0.000000  0.000850
1  96.915958  96.915958  97.642823  1.841126  0.843978  0.000000  0.000000  0.000000  0.000000  0.000850
1  97.642823  97.642823  98.549839  1.762842  0.329073  0.000000  0.000000  0.000000  0.000000  0.000850
1  98.549839  98.549839  99.303390  1.819622  0.317750  0.000000  0.000000  0.000000  0.000000  0.000850
