1  18.097137  18.097137  62.212138  0.024102  3.847261  71.430000  0.150000
1  18.096455  18.096455  66.875896  0.018642  4.123641  70.589996  0.150000
1  18.098740  18.098740  71.394099  0.015846  4.409140  69.629997  0.150000
1  18.097778  18.097778  75.916011  0.012117  4.684342  68.790001  0.150000
1  18.096463  18.096860  80.636364  0.022903  4.973262  68.040001  0.150000
1  18.098017  18.098017  84.953341  0.017843  5.252793  67.330002  0.150000
1  18.096512  18.096512  89.343064  0.014115  5.546495  66.620003  0.140000
1  18.101304  18.101304  93.487277  0.004794  5.835333  65.629997  0.140000
1  18.096771  18.096771  97.621812  0.017976  6.132626  64.589996  0.140000
1  18.098044  18.098402  101.339980  0.025167  6.438849  63.400002  0.140000
1  18.099103  18.099103  104.873194  0.014647  6.734435  62.389999  0.140000
1  18.098055  18.098055  108.287699  0.014514  7.055453  61.490002  0.140000
1  18.097916  18.097916  111.703828  0.022770  7.370654  60.459999  0.140000
1  18.098728  18.098728  114.737745  0.017976  7.703900  59.099998  0.140000
1  18.098973  18.098879  117.402074  0.018109  8.035347  57.790001  0.140000
1  18.099217  18.099217  120.363664  0.018775  8.403838  55.959999  0.140000
1  18.098050  18.098050  122.894764  0.028629  8.772656  53.750000  0.130000
7  18.098200  18.098448  125.318295  0.013049  9.159111  51.209999  0.130000
7  18.098200  18.097894  127.441408  0.020639  9.534023  49.549999  0.130000
7  18.098200  18.098731  129.485937  0.025167  9.937974  47.360001  0.130000
7  18.098200  18.098045  131.478772  0.012517  10.343539  46.150002  0.130000
7  18.098200  18.098321  133.202230  0.023170  10.761809  45.110001  0.120000
7  18.098200  18.099176  134.975617  0.021705  11.194138  44.080002  0.120000
7  18.098200  18.099142  136.498723  0.030626  11.648967  43.340000  0.120000
7  18.098200  18.096998  137.936023  0.021172  12.115874  42.459999  0.120000
7  18.098200  18.097927  139.276591  0.040613  12.629920  41.910000  0.120000
7  18.098200  18.098773  140.514600  0.028762  13.119355  41.270000  0.120000
7  18.098200  18.098200  141.599526  0.021705  13.655020  40.880001  0.120000
7  18.098200  18.097992  142.685773  0.026898  14.203265  40.230000  0.120000
7  18.098200  18.098462  143.585790  0.025566  14.749507  39.480000  0.120000
7  18.098200  18.098057  144.479131  0.021438  15.281746  39.119999  0.120000
7  18.098200  18.097206  145.327048  0.029295  15.880214  38.520000  0.120000
7  18.098200  18.098029  146.079311  0.023170  16.462814  38.040001  0.120000
7  18.098200  18.098202  146.793185  0.026099  17.078195  37.209999  0.120000
7  18.098200  18.097203  147.451579  0.020506  17.697687  36.099998  0.120000
7  18.098200  18.097639  147.984379  0.021172  18.295192  35.049999  0.110000
7  18.098200  18.098510  148.547558  0.032757  18.951123  34.029999  0.110000
7  18.098200  18.097469  149.012511  0.026765  19.591432  32.900002  0.110000
7  18.098200  18.097483  149.478804  0.027564  20.251926  31.309999  0.110000
7  18.098200  18.097811  149.926956  0.021572  20.909659  30.770000  0.100000
7  18.098200  18.098658  150.377258  0.026232  21.591220  30.540001  0.100000
7  18.098200  18.098748  150.754455  0.021305  22.244769  30.120001  0.100000
7  18.098200  18.098268  151.088464  0.022104  22.902943  30.620001  0.090000
7  18.098200  18.097154  151.379276  0.033290  23.584802  31.870001  0.090000
7  18.098200  18.097742  151.663620  0.026632  24.254318  32.970001  0.090000
7  18.098200  18.098054  151.900519  0.022637  24.949707  34.369999  0.080000
7  18.098200  18.097753  152.164988  0.030626  25.666211  36.040001  0.080000
7  18.098200  18.098340  152.366043  0.028895  26.350983  38.590000  0.080000
7  18.098200  18.098994  152.595524  0.024102  27.031918  40.299999  0.070000
7  18.098200  18.099244  152.760491  0.030760  27.734607  42.759998  0.070000
7  18.098200  18.096882  152.948806  0.023303  28.436726  43.830002  0.070000
7  18.098200  18.098490  153.109944  0.022237  29.129006  45.509998  0.070000
7  18.098200  18.098832  153.268884  0.024368  29.841552  47.430000  0.070000
7  18.098200  18.098456  153.365770  0.027830  30.559380  49.520000  0.070000
7  18.098200  18.098272  153.478204  0.025433  31.292036  51.610001  0.070000
7  18.098200  18.099132  153.542562  0.033689  32.013887  53.549999  0.080000
7  18.098200  18.097758  153.619882  0.027963  32.736101  56.570000  0.080000
7  18.098200  18.098033  153.706141  0.033689  33.459422  59.250000  0.070000
7  18.098200  18.100033  153.793252  0.026365  34.185534  61.740002  0.070000
7  18.098200  18.098197  153.851063  0.015713  34.904478  62.580002  0.070000
7  18.098200  18.098207  153.912406  0.021305  35.631388  63.779999  0.070000
7  18.098200  18.098448  153.995102  0.024102  36.354544  64.839996  0.070000
7  18.098200  18.097438  154.067081  0.025034  37.098619  65.919998  0.060000
7  18.098200  18.097160  154.088000  0.023569  37.845294  67.449997  0.060000
7  18.098200  18.098098  154.142886  0.034222  38.569106  75.669998  0.060000
7  18.098200  18.097258  154.159404  0.026498  39.331730  84.150002  0.060000
7  18.098200  18.097912  154.225189  0.023436  40.064626  92.529999  0.060000
7  18.098200  18.097405  154.256110  0.033822  40.798396  100.540001  0.060000
7  18.098200  18.098375  154.311262  0.029295  41.567611  107.489998  0.060000
7  18.098200  18.095510  154.327731  0.020773  42.303338  114.459999  0.060000
7  18.098200  18.097734  154.334765  0.020906  43.056247  119.620003  0.060000
7  18.098200  18.098576  154.349674  0.011185  43.798142  124.769997  0.070000
7  18.098200  18.098569  154.353129  0.032091  44.533180  129.210007  0.070000
7  18.098200  18.097987  154.363416  0.019841  45.284542  133.690002  0.070000
7  18.098200  18.098447  154.442870  0.031825  46.030858  137.130005  0.080000
7  18.098200  18.098037  154.476784  0.024368  46.810441  139.660004  0.080000
7  18.098200  18.097453  154.494457  0.027164  47.573120  141.050003  0.090000
7  18.098200  18.098585  154.489570  0.032224  48.340532  142.490005  0.090000
7  18.098200  18.099023  154.564844  0.023968  49.110780  143.289993  0.100000
7  18.098200  18.098377  154.537658  0.024368  49.866573  144.639999  0.100000
7  18.098200  18.099521  154.503995  0.018243  50.618278  145.669998  0.110000
7  18.098200  18.098479  154.471344  0.032624  51.390893  146.610001  0.110000
7  18.098200  18.098257  154.451796  0.019441  52.138698  147.619995  0.120000
7  18.098200  18.098119  154.458007  0.019175  52.899117  148.130005  0.120000
7  18.098200  18.098149  154.415398  0.022504  53.635130  148.089996  0.130000
7  18.098200  18.097600  154.400068  0.020506  54.384125  148.339996  0.130000
7  18.098200  18.099021  154.470291  0.017311  55.130399  148.860001  0.130000
7  18.098200  18.098295  154.492624  0.023835  55.890557  149.350006  0.140000
7  18.098200  18.097185  154.505780  0.019042  56.666764  149.839996  0.140000
7  18.098200  18.096682  154.478695  0.023569  57.439659  149.779999  0.140000
7  18.098200  18.097950  154.468254  0.016112  58.211128  148.660004  0.140000
7  18.098200  18.097733  154.477178  0.020506  58.937852  148.050003  0.140000
7  18.098200  18.096239  154.463783  0.027431  59.724821  147.020004  0.140000
7  18.098200  18.098082  154.512079  0.018908  60.498626  145.210007  0.140000
7  18.098200  18.097448  154.508213  0.021172  61.273153  144.309998  0.130000
7  18.098200  18.098750  154.510909  0.015180  62.039901  143.220001  0.130000
7  18.098200  18.097743  154.510563  0.022104  62.766850  142.410004  0.130000
7  18.098200  18.096725  154.515613  0.013715  63.557139  142.110001  0.120000
7  18.098200  18.098416  154.510016  0.018109  64.344931  141.479996  0.120000
7  18.098200  18.098728  154.511384  0.024767  65.105735  140.350006  0.120000
7  18.098200  18.098556  154.535192  0.024368  65.872813  139.360001  0.120000
7  18.098200  18.099512  154.554627  0.020906  66.635376  138.520004  0.120000
7  18.098200  18.098399  154.565941  0.025566  67.413284  137.750000  0.110000
7  18.098200  18.098519  154.595163  0.024634  68.195787  137.020004  0.110000
7  18.098200  18.097850  154.560477  0.018509  68.944259  136.240005  0.110000
7  18.098200  18.098386  154.555660  0.020773  69.720200  135.050003  0.110000
7  18.098200  18.098542  154.601110  0.032357  70.492969  119.720001  0.010000
7  18.098200  18.097866  154.577916  0.028363  71.258212  53.490002  0.000000
7  18.098200  18.098241  154.595316  0.022637  72.042729  36.529999  0.000000
7  18.098200  18.097959  154.600994  0.013982  72.818390  48.169998  0.010000
7  18.098200  18.097122  154.600474  0.022903  73.589201  55.330002  0.010000
7  18.098200  18.099285  154.628562  0.022770  74.357845  58.480000  0.010000
7  18.098200  18.099554  154.640846  0.024634  75.126924  58.290001  0.010000
7  18.098200  18.097535  154.620979  0.029028  75.897601  54.580002  0.010000
7  18.098200  18.097830  154.607173  0.027830  76.668289  48.689999  0.010000
7  18.098200  18.098524  154.577561  0.017177  77.436612  51.680000  0.010000
7  18.098200  18.097472  154.535678  0.027830  78.199979  54.130001  0.010000
7  18.098200  18.098287  154.543796  0.022237  78.969101  47.650002  0.010000
7  18.098200  18.099106  154.537215  0.026898  79.742646  40.990002  0.000000
7  18.098200  18.098600  154.543384  0.027164  80.532959  42.570000  0.010000
7  18.098200  18.098629  154.522709  0.017976  81.278726  41.459999  0.000000
7  18.098200  18.098382  154.540715  0.014248  82.032132  46.049999  0.010000
7  18.098200  18.098229  154.554101  0.029827  82.818621  48.610001  0.010000
7  18.098200  18.097670  154.571843  0.009854  83.589794  43.730000  0.000000
7  18.098200  18.098189  154.535345  0.020240  84.338332  39.380001  0.000000
7  18.098200  18.097433  154.518484  0.020107  85.095330  39.730000  0.000000
7  18.098200  18.098468  154.474918  0.024767  85.846209  53.410000  0.000000
7  18.098200  18.099096  154.446711  0.027031  86.605441  48.320000  0.010000
7  18.098200  18.096606  154.457839  0.018775  87.350903  47.290001  0.000000
7  18.098200  18.098060  154.477934  0.025300  88.108926  56.459999  0.000000
7  18.098200  18.099520  154.467442  0.030893  88.866987  60.369999  0.010000
7  18.098200  18.098166  154.447448  0.023968  89.621921  62.490002  0.010000
7  18.098200  18.098159  154.449685  0.029428  90.395099  61.750000  0.010000
7  18.098200  18.098466  154.468692  0.025167  91.143058  61.509998  0.010000
1  18.098636  18.098636  154.485061  0.024235  91.884914  57.070000  0.010000
1  18.097106  18.097106  154.480694  0.019707  92.649797  52.810001  0.010000
1  18.098444  18.098444  154.471168  0.023835  93.388952  51.540001  0.020000
1  18.098530  18.099081  154.412275  0.026099  94.129956  49.650002  0.020000
1  18.098122  18.098122  154.433944  0.024501  94.906904  43.820000  0.030000
1  18.099287  18.099287  154.387162  0.017843  95.634155  32.000000  0.030000
1  18.097632  18.097632  154.344718  0.021172  96.356181  27.180000  0.030000
1  18.097095  18.097095  154.380300  0.020506  97.120109  24.480000  0.030000
