mode yawCmd rudderSet rudderIs gpsCourse gpsSpeed cY cW cWd mY mW mWd accGyroCount magCount psid psiTilde rTilde integralPsiTilde rudderMoment tauFF 
1  0.000000  1.215798  1.215798  17.719999  0.300000 34.252242  0.276455  -1.667588  77.597622  1.122173  0.066879 446 221 0.000000  0.000000  0.000000  0.000000  0.000000  0.000000 
1  77.597622  1.216450  1.216575  17.719999  0.300000 37.629818  0.941105  -0.172000  83.256729  1.252143  0.563678 25 12 77.597622  0.000000  0.000000  0.000000  0.000000  0.000000 
1  83.256729  1.217212  1.217212  17.719999  0.300000 41.457254  0.900382  -0.096877  88.940053  1.294101  0.497949 25 13 83.256729  0.000000  0.000000  0.000000  0.000000  0.000000 
1  88.940053  1.216687  1.216687  17.719999  0.300000 45.366792  0.753217  -1.220621  94.493939  1.131832  -0.130499 25 12 88.940053  0.000000  0.000000  0.000000  0.000000  0.000000 
1  94.493939  1.217955  1.217955  17.719999  0.300000 49.126141  0.421705  0.934880  99.929497  1.109997  -0.119383 25 12 94.493939  0.000000  0.000000  0.000000  0.000000  0.000000 
1  99.929497  1.216810  1.216810  17.719999  0.300000 53.350011  0.518884  -0.578315  105.271991  1.310891  0.490430 25 13 99.929497  0.000000  0.000000  0.000000  0.000000  0.000000 
1  105.271991  1.216408  1.216493  17.719999  0.300000 57.565652  0.954274  0.612467  110.495396  1.225577  0.078977 25 12 105.271991  0.000000  0.000000  0.000000  0.000000  0.000000 
1  110.495396  1.217969  1.217969  17.719999  0.300000 61.787866  0.605377  -0.307895  115.699502  1.239489  0.107942 25 13 110.495396  0.000000  0.000000  0.000000  0.000000  0.000000 
1  115.699502  1.216612  1.216612  17.719999  0.300000 66.191155  0.572413  1.051150  120.747914  1.449961  0.802978 25 12 115.699502  0.000000  0.000000  0.000000  0.000000  0.000000 
1  120.747914  1.215512  1.215512  17.719999  0.300000 70.615165  0.996012  -2.531229  125.693370  1.390612  0.352422 25 12 120.747914  0.000000  0.000000  0.000000  0.000000  0.000000 
1  125.693370  1.215924  1.215924  17.719999  0.300000 74.956766  0.870156  0.556297  130.628510  1.481973  0.577328 25 13 125.693370  0.000000  0.000000  0.000000  0.000000  0.000000 
1  130.628510  1.216525  1.216489  17.719999  0.300000 79.445997  0.938201  -0.382681  135.547263  1.414789  0.189531 25 12 130.628510  0.000000  0.000000  0.000000  0.000000  0.000000 
1  135.547263  1.216838  1.216838  20.639999  0.230000 83.807088  0.721052  -0.073210  140.357166  1.440312  0.228777 25 12 135.547263  0.000000  0.000000  0.000000  0.000000  0.000000 
1  140.357166  1.216115  1.216115  20.639999  0.230000 88.015359  0.797658  0.360042  145.336965  1.500652  0.304765 25 13 140.357166  0.000000  0.000000  0.000000  0.000000  0.000000 
1  145.336965  1.215609  1.215609  20.639999  0.230000 92.313549  0.358519  -1.142694  150.097345  1.448128  -0.072825 25 12 145.336965  0.000000  0.000000  0.000000  0.000000  0.000000 
1  150.097345  1.215920  1.215920  20.639999  0.230000 96.513495  0.888151  -0.915963  154.801411  1.564123  0.282280 25 12 150.097345  0.000000  0.000000  0.000000  0.000000  0.000000 
1  154.801411  1.216299  1.216229  20.639999  0.230000 100.641967  0.289966  0.201448  158.056048  1.515950  0.062206 25 13 154.801411  0.000000  0.000000  0.000000  0.000000  0.000000 
1  158.056048  1.217066  1.217066  20.639999  0.230000 103.992585  0.206315  0.514998  159.772821  1.496620  -0.011817 25 12 158.056048  0.000000  0.000000  0.000000  0.000000  0.000000 
1  159.772821  1.216370  1.216370  20.639999  0.230000 107.784159  0.929460  1.076548  159.518298  1.575468  0.261724 25 13 159.772821  0.000000  0.000000  0.000000  0.000000  0.000000 
1  159.518298  1.216215  1.216215  20.639999  0.230000 111.253142  0.747543  2.093019  159.950969  1.630022  0.384416 25 12 159.518298  0.000000  0.000000  0.000000  0.000000  0.000000 
1  159.950969  1.216905  1.216905  357.140015  0.210000 114.562507  0.793290  0.608949  159.387029  1.592615  0.172258 25 12 159.950969  0.000000  0.000000  0.000000  0.000000  0.000000 
1  159.387029  1.216304  1.217512  357.140015  0.210000 117.861870  0.521849  -0.763443  160.215255  1.563067  -0.065384 25 13 159.387029  0.000000  0.000000  0.000000  0.000000  0.000000 
1  160.215255  1.216619  1.216619  357.140015  0.210000 120.878911  0.351059  -0.479109  159.814567  1.578265  0.055978 25 12 160.215255  0.000000  0.000000  0.000000  0.000000  0.000000 
1  159.814567  1.218372  1.218372  357.140015  0.210000 123.689123  0.619172  -1.282245  159.563272  1.560390  -0.021596 25 12 159.814567  0.000000  0.000000  0.000000  0.000000  0.000000 
1  159.563272  1.217455  1.217455  357.140015  0.210000 126.241926  0.508764  -0.885397  160.228772  1.616709  0.138114 25 13 159.563272  0.000000  0.000000  0.000000  0.000000  0.000000 
1  160.228772  1.215518  1.215518  357.140015  0.210000 128.781436  0.221491  -1.650709  160.418184  1.553780  -0.118402 25 12 160.228772  0.000000  0.000000  0.000000  0.000000  0.000000 
1  160.418184  1.216327  1.216327  357.140015  0.210000 131.239006  0.589763  -0.525891  160.353466  1.615593  0.107567 25 13 160.418184  0.000000  0.000000  0.000000  0.000000  0.000000 
1  160.353466  1.217055  1.217055  357.140015  0.210000 133.465405  0.770378  3.290382  159.811555  1.664268  0.223746 25 12 160.353466  0.000000  0.000000  0.000000  0.000000  0.000000 
1  159.811555  1.216195  1.216195  357.140015  0.210000 135.357792  0.335935  -0.831830  159.629205  1.730788  0.356007 25 12 159.811555  0.000000  0.000000  0.000000  0.000000  0.000000 
1  159.629205  1.214426  1.214426  357.140015  0.210000 137.294835  0.818797  0.036863  159.745798  1.719942  0.231852 25 13 159.629205  0.000000  0.000000  0.000000  0.000000  0.000000 
1  159.745798  1.216028  1.216028  21.969999  0.180000 139.015491  0.686742  0.229138  159.072581  1.794031  0.423887 25 12 159.745798  0.000000  0.000000  0.000000  0.000000  0.000000 
1  159.072581  1.217512  1.217512  21.969999  0.180000 140.562927  0.587495  -0.314497  159.852975  1.681250  -0.106013 25 12 159.072581  0.000000  0.000000  0.000000  0.000000  0.000000 
1  159.852975  1.214652  1.214652  21.969999  0.180000 142.109467  1.249423  -1.987267  159.347610  1.724394  0.087290 25 12 159.852975  0.000000  0.000000  0.000000  0.000000  0.000000 
1  159.347610  1.216070  1.216449  21.969999  0.180000 143.492982  1.005669  0.869776  160.553173  1.650079  -0.089948 25 13 159.347610  0.000000  0.000000  0.000000  0.000000  0.000000 
1  160.553173  1.216977  1.216977  21.969999  0.180000 144.830093  0.305288  -2.562567  160.083437  1.534580  -0.529285 25 12 160.553173  0.000000  0.000000  0.000000  0.000000  0.000000 
1  160.083437  1.216174  1.216174  21.969999  0.180000 146.013954  0.776999  1.457493  159.763268  1.547372  -0.351201 25 13 160.083437  0.000000  0.000000  0.000000  0.000000  0.000000 
1  159.763268  1.216498  1.216498  21.969999  0.180000 147.127912  1.149886  1.601041  159.977033  1.601461  -0.100234 25 12 159.763268  0.000000  0.000000  0.000000  0.000000  0.000000 
1  159.977033  1.216733  1.216733  21.969999  0.180000 148.150880  0.701778  0.090379  159.647094  1.591363  -0.077430 25 12 159.977033  0.000000  0.000000  0.000000  0.000000  0.000000 
1  159.647094  1.217490  1.217490  21.969999  0.180000 149.127700  0.515833  -0.948123  159.403591  1.536052  -0.357890 25 13 159.647094  0.000000  0.000000  0.000000  0.000000  0.000000 
1  159.403591  1.216423  1.216423  21.969999  0.180000 149.912415  0.592509  -0.550915  159.362432  1.520676  -0.307535 25 12 159.403591  0.000000  0.000000  0.000000  0.000000  0.000000 
1  159.362432  1.217287  1.217287  35.630001  0.200000 150.669674  0.999356  1.483008  158.730056  1.649917  0.222646 25 12 159.362432  0.000000  0.000000  0.000000  0.000000  0.000000 
1  158.730056  1.217425  1.217425  35.630001  0.200000 151.458587  1.228523  1.787882  159.473523  1.728874  0.452545 25 13 158.730056  0.000000  0.000000  0.000000  0.000000  0.000000 
1  159.473523  1.216978  1.216978  35.630001  0.200000 152.164543  1.106252  3.258405  159.964473  1.623442  0.063402 25 12 159.473523  0.000000  0.000000  0.000000  0.000000  0.000000 
1  159.964473  1.216192  1.216192  35.630001  0.200000 152.756887  0.564509  -0.819086  159.899793  1.551855  -0.278758 25 12 159.964473  0.000000  0.000000  0.000000  0.000000  0.000000 
1  159.899793  1.215628  1.215628  35.630001  0.200000 153.367209  0.901574  0.584854  159.494642  1.609013  -0.020356 25 13 159.899793  0.000000  0.000000  0.000000  0.000000  0.000000 
1  159.494642  1.216394  1.216545  35.630001  0.200000 153.894834  0.907917  -2.058451  159.128712  1.690437  0.261616 25 12 159.494642  0.000000  0.000000  0.000000  0.000000  0.000000 
1  159.128712  1.216514  1.216514  35.630001  0.200000 154.356132  1.385710  0.126589  159.044455  1.864863  0.741349 25 12 159.128712  0.000000  0.000000  0.000000  0.000000  0.000000 
1  159.044455  1.216135  1.216135  35.630001  0.200000 154.815629  0.870153  0.102361  159.013987  1.702254  0.065323 25 13 159.044455  0.000000  0.000000  0.000000  0.000000  0.000000 
1  159.013987  1.217200  1.217200  35.630001  0.200000 155.263422  1.205269  0.300575  159.698525  1.715977  0.161804 25 12 159.013987  0.000000  0.000000  0.000000  0.000000  0.000000 
1  159.698525  1.216199  1.216199  35.630001  0.200000 155.655287  0.866143  0.060883  159.340924  1.694957  0.009958 25 13 159.698525  0.000000  0.000000  0.000000  0.000000  0.000000 
1  159.340924  1.215532  1.215059  357.859985  0.200000 156.059460  0.631943  -1.013640  159.998479  1.756188  0.196402 25 12 159.340924  0.000000  0.000000  0.000000  0.000000  0.000000 
1  159.998479  1.216531  1.216531  357.859985  0.200000 156.411459  0.968838  -1.071249  159.527891  1.723938  -0.039808 26 12 159.998479  0.000000  0.000000  0.000000  0.000000  0.000000 
1  159.527891  1.217781  1.217781  357.859985  0.200000 156.779133  0.860409  -0.084282  160.349051  1.724107  -0.015511 24 13 159.527891  0.000000  0.000000  0.000000  0.000000  0.000000 
1  160.349051  1.217813  1.217813  357.859985  0.200000 157.012083  0.891727  0.100339  159.101590  1.700756  -0.050157 26 12 160.349051  0.000000  0.000000  0.000000  0.000000  0.000000 
1  159.101590  1.218185  1.218185  357.859985  0.200000 157.270889  0.651938  0.286879  159.698668  1.892035  0.666625 25 12 159.101590  0.000000  0.000000  0.000000  0.000000  0.000000 
1  159.698668  1.217175  1.216945  357.859985  0.200000 157.549087  0.975536  0.145792  159.851425  1.838295  0.334781 24 13 159.698668  0.000000  0.000000  0.000000  0.000000  0.000000 
1  159.851425  1.217210  1.217210  357.859985  0.200000 157.730650  0.702074  -0.964621  159.133313  1.630027  -0.473511 26 12 159.851425  0.000000  0.000000  0.000000  0.000000  0.000000 
1  159.133313  1.216206  1.216206  357.859985  0.200000 157.922689  1.367008  -1.292648  159.179016  1.782005  0.197397 25 12 159.133313  0.000000  0.000000  0.000000  0.000000  0.000000 
1  159.179016  1.215500  1.215500  357.859985  0.200000 158.099891  1.154033  0.934200  159.264306  1.828398  0.333988 24 13 159.179016  0.000000  0.000000  0.000000  0.000000  0.000000 
1  159.264306  1.215832  1.215832  357.859985  0.200000 158.253182  0.649402  -0.880259  159.225206  1.657237  -0.274584 26 12 159.264306  0.000000  0.000000  0.000000  0.000000  0.000000 
1  159.225206  1.217414  1.217101  357.859985  0.200000 158.424078  1.566271  -0.805272  159.476112  1.793701  0.270831 25 12 159.225206  0.000000  0.000000  0.000000  0.000000  0.000000 
1  159.476112  1.214481  1.214481  357.859985  0.200000 158.589595  1.314717  1.511307  159.754006  1.879900  0.531081 25 13 159.476112  0.000000  0.000000  0.000000  0.000000  0.000000 
