1  0.140682  0.140682  38.701473  0.032357  8.348669  357.850006  0.020000
1  0.142181  0.142181  40.025949  0.026232  8.930148  336.540009  0.010000
1  0.142638  0.142638  41.263054  0.026232  9.519249  356.850006  0.010000
1  0.141675  0.141675  42.415841  0.021572  10.108017  4.900000  0.010000
1  0.142496  0.142145  43.485585  0.016112  10.686833  359.000000  0.010000
1  0.140804  0.140804  44.481129  0.030760  11.287540  3.290000  0.010000
1  0.141569  0.141569  45.448919  0.021172  11.864311  341.940002  0.010000
1  0.142600  0.142600  46.383598  0.023303  12.449455  3.990000  0.010000
1  0.142285  0.142285  47.182016  0.033822  13.056157  351.899994  0.020000
1  0.142851  0.142754  47.932618  0.020107  13.670698  2.880000  0.010000
1  0.142317  0.142317  48.690941  0.032224  14.275676  346.750000  0.010000
1  0.142908  0.142908  49.504109  0.022237  14.911504  341.970001  0.010000
1  0.140592  0.140592  50.201940  0.019574  15.522075  13.030000  0.010000
1  0.142039  0.142039  50.777025  0.023436  16.125198  311.829987  0.010000
1  0.143285  0.142588  51.316996  0.017976  16.749533  327.549988  0.010000
1  0.142500  0.142500  51.883008  0.030760  17.401894  23.110001  0.010000
1  0.141013  0.141013  52.404012  0.026232  18.040736  0.960000  0.010000
7  0.140752  0.140073  52.857781  0.025167  18.657273  341.200012  0.010000
7  0.140752  0.140237  53.297326  0.017044  19.286096  313.350006  0.000000
7  0.140752  0.141793  53.684672  0.023702  19.912455  348.779999  0.000000
7  0.140752  0.142799  53.979868  0.021838  20.511583  352.179993  0.010000
7  0.140752  0.140140  54.337065  0.019042  21.133563  348.429993  0.000000
7  0.140752  0.141478  54.691209  0.023303  21.770504  7.170000  0.010000
7  0.140752  0.136217  54.993997  0.020639  22.370297  11.130000  0.010000
7  0.140752  0.142077  55.318472  0.029428  22.985681  14.650000  0.010000
7  0.140752  0.141373  55.557182  0.013582  23.578016  18.040001  0.010000
7  0.140752  0.141956  55.799267  0.020906  24.164040  23.760000  0.010000
7  0.140752  0.141141  56.036379  0.015579  24.759726  24.049999  0.010000
7  0.140752  0.144444  56.289388  0.011851  25.377425  22.799999  0.010000
7  0.140752  0.139934  56.478477  0.017444  25.959184  21.879999  0.010000
7  0.140752  0.140500  56.633259  0.014914  26.552126  23.040001  0.010000
7  0.140752  0.141722  56.858440  0.019308  27.145290  20.469999  0.010000
7  0.140752  0.141588  57.065577  0.026099  27.779745  12.890000  0.010000
7  0.140752  0.141806  57.242517  0.014647  28.382859  6.210000  0.010000
1  0.140783  0.140766  57.395674  0.015579  28.977930  4.690000  0.010000
1  0.142473  0.142473  57.534832  0.025833  29.569551  7.850000  0.000000
1  0.140934  0.140934  57.681299  0.018642  30.186364  12.150000  0.000000
1  0.142071  0.142071  57.785136  0.028629  30.770603  15.170000  0.000000
1  0.141769  0.141769  57.868901  0.018775  31.368276  15.800000  0.000000
