1   0.000000   0.000000 -15.571007 -15.571007       1
1   0.000000   0.000000 -15.570582 -15.570582       1
1   0.000000   0.000000 -15.570792 -15.570792       1
1   0.000000   0.000000 -15.569110 -15.569245       1
1   0.000000   0.000000 -15.569480 -15.569480       1
1   0.000000   0.000000 -15.569726 -15.569726       1
1   0.000000   0.000000 -15.570141 -15.570141       1
1   0.000000   0.000000 -15.569478 -15.569478       1
1   0.000000   0.000000 -15.570048 -15.570060       1
1   0.000000   0.000000 -15.571045 -15.571045       2
1   0.000000   0.000000 -15.570537 -15.570537       2
1   0.000000   0.000000 -15.568768 -15.568768       2
1   0.000000   0.000000 -15.569464 -15.569464       2
1   0.000000   0.000000 -15.569766 -15.569726       2
1   0.000000   0.000000 -15.570376 -15.570376       2
1   0.000000   0.000000 -15.569027 -15.569027       2
2   0.000000   0.000000 0.000000 -15.571185       2
2   0.000000   0.000000 0.000000 -15.570155       2
2   0.000000   0.000000 0.000000 -15.569285       2
2   0.000000   0.000000 0.000000 -15.569265       3
2   0.000000   0.000000 0.000000 -15.570295       3
2   0.000000   0.000000 0.000000 -15.570658       3
2   0.000000   0.000000 0.000000 -15.569515       3
2   0.000000   0.000000 0.000000 -15.570185       3
2   0.000000   0.000000 0.000000 -15.570469       3
2   0.000000   0.000000 0.000000 -15.570248       3
2   0.000000   0.000000 0.000000 -15.569323       3
2   0.000000   0.000000 0.000000 -15.570568       3
2   0.000000   0.000000 0.000000 -15.570934       3
1   0.000000   0.000000 -15.570355 -15.570355       4
1   0.000000   0.000000 -15.569953 -15.569953       4
1   0.000000   0.000000 -15.572161 -15.572161       4
1   0.000000   0.000000 -15.570089 -15.570089       4
1   0.000000   0.000000 -15.569476 -15.569647       4
1   0.000000   0.000000 -15.570362 -15.570362       4
