mode yawCmd rudderSet rudderIs gpsCourse gpsSpeed cY cW cWd mY mW mWd accGyroCount magCount psid psiTilde rTilde integralPsiTilde rudderMoment tauFF 
1  0.000000  1.204694  1.204694  12842701560290318301576500188046158548770463679644460623621054305166451624707697193286938352737025898858279518633899098255500061615863901306543734226664068596456879162441271729645844052304291156813773978816524565300113773101460810144421428344542123563028163772547072.000000  0.000000 38.514669  0.521442  -0.811245  13.376787  0.863105  0.121220 413 202 0.000000  0.000000  0.000000  0.000000  0.000000  0.000000 
1  13.376787  1.218667  1.220258  12842701560290318301576500188046158548770463679644460623621054305166451624707697193286938352737025898858279518633899098255500061615863901306543734226664068596456879162441271729645844052304291156813773978816524565300113773101460810144421428344542123563028163772547072.000000  0.000000 41.673991  0.532438  -0.590482  15.341146  0.800558  -0.097519 26 12 13.376787  0.000000  0.000000  0.000000  0.000000  0.000000 
1  15.341146  1.219540  1.219540  12842701560290318301576500188046158548770463679644460623621054305166451624707697193286938352737025898858279518633899098255500061615863901306543734226664068596456879162441271729645844052304291156813773978816524565300113773101460810144421428344542123563028163772547072.000000  0.000000 45.576422  0.068947  0.427776  17.434884  0.860527  0.049368 25 12 15.341146  0.000000  0.000000  0.000000  0.000000  0.000000 
1  17.434884  1.219056  1.219056  12842701560290318301576500188046158548770463679644460623621054305166451624707697193286938352737025898858279518633899098255500061615863901306543734226664068596456879162441271729645844052304291156813773978816524565300113773101460810144421428344542123563028163772547072.000000  0.000000 48.948406  0.361191  -0.450483  19.609692  0.906748  0.111507 25 12 17.434884  0.000000  0.000000  0.000000  0.000000  0.000000 
1  19.609692  1.218218  1.218218  12842701560290318301576500188046158548770463679644460623621054305166451624707697193286938352737025898858279518633899098255500061615863901306543734226664068596456879162441271729645844052304291156813773978816524565300113773101460810144421428344542123563028163772547072.000000  0.000000 52.132700  1.123486  1.601718  21.856905  1.080984  0.711394 25 13 19.609692  0.000000  0.000000  0.000000  0.000000  0.000000 
1  21.856905  1.217535  1.217535  12842701560290318301576500188046158548770463679644460623621054305166451624707697193286938352737025898858279518633899098255500061615863901306543734226664068596456879162441271729645844052304291156813773978816524565300113773101460810144421428344542123563028163772547072.000000  0.000000 56.345815  0.579832  0.326331  24.157681  0.946771  0.017696 25 12 21.856905  0.000000  0.000000  0.000000  0.000000  0.000000 
1  24.157681  1.217976  1.218175  12842701560290318301576500188046158548770463679644460623621054305166451624707697193286938352737025898858279518633899098255500061615863901306543734226664068596456879162441271729645844052304291156813773978816524565300113773101460810144421428344542123563028163772547072.000000  0.000000 59.969471  0.673875  1.355552  26.417770  0.983160  0.132268 25 12 24.157681  0.000000  0.000000  0.000000  0.000000  0.000000 
1  26.417770  1.218171  1.218171  346.779999  0.150000 64.276408  0.329000  -1.537241  28.910936  1.046239  0.264041 24 13 26.417770  0.000000  0.000000  0.000000  0.000000  0.000000 
1  28.910936  1.217903  1.217903  346.779999  0.150000 68.112417  0.926155  -0.158865  31.339197  1.175705  0.613792 26 12 28.910936  0.000000  0.000000  0.000000  0.000000  0.000000 
1  31.339197  1.218490  1.218490  346.779999  0.150000 72.151536  0.938399  -0.368165  33.615171  1.166812  0.420679 25 12 31.339197  0.000000  0.000000  0.000000  0.000000  0.000000 
1  33.615171  1.217793  1.217793  346.779999  0.150000 76.363771  0.866721  0.138866  36.172294  1.213654  0.478044 25 12 33.615171  0.000000  0.000000  0.000000  0.000000  0.000000 
1  36.172294  1.218442  1.218442  346.779999  0.150000 80.791062  0.827987  0.492982  38.594867  1.098882  -0.019424 24 13 36.172294  0.000000  0.000000  0.000000  0.000000  0.000000 
1  38.594867  1.219510  1.219510  346.779999  0.150000 84.400449  1.022301  -0.334799  41.050664  1.134170  0.077196 25 12 38.594867  0.000000  0.000000  0.000000  0.000000  0.000000 
1  41.050664  1.218253  1.218253  346.779999  0.150000 87.213524  0.761642  -0.578950  43.466833  1.327191  0.685848 25 12 41.050664  0.000000  0.000000  0.000000  0.000000  0.000000 
1  43.466833  1.218381  1.218381  346.779999  0.150000 91.114621  0.900083  -1.349517  46.094761  1.215102  0.053558 25 13 43.466833  0.000000  0.000000  0.000000  0.000000  0.000000 
1  46.094761  1.218818  1.218818  346.779999  0.150000 95.090541  0.999394  0.128827  48.636626  1.373559  0.610417 25 12 46.094761  0.000000  0.000000  0.000000  0.000000  0.000000 
1  48.636626  1.218667  1.218708  346.779999  0.150000 99.079441  0.966240  1.656389  51.210070  1.377664  0.440867 25 12 48.636626  0.000000  0.000000  0.000000  0.000000  0.000000 
1  51.210070  1.218708  1.218708  6.770000  0.190000 102.231414  1.003923  0.412350  53.593512  1.268899  -0.011173 25 12 51.210070  0.000000  0.000000  0.000000  0.000000  0.000000 
1  53.593512  1.218820  1.218820  6.770000  0.190000 104.971263  0.699030  -0.810923  56.266219  1.422929  0.450509 25 13 53.593512  0.000000  0.000000  0.000000  0.000000  0.000000 
1  56.266219  1.217662  1.217662  6.770000  0.190000 108.436330  0.391638  -1.435429  58.788434  1.418956  0.201626 25 12 56.266219  0.000000  0.000000  0.000000  0.000000  0.000000 
1  58.788434  1.218135  1.218135  6.770000  0.190000 111.832958  0.265759  -0.432635  61.307365  1.391160  0.107847 25 13 58.788434  0.000000  0.000000  0.000000  0.000000  0.000000 
