1  -0.371119  -0.371119  56.163670  0.012384  4.266872  12175747929165413403421764690677809872672539781965215635954113431473617520457253636823334837235271024055649834130350718498945880038353850668948473973953711534219018142375573217559682944426157983991285602729120004407785571763530823814355087098453516971638435923099648.000000  10967826189175435405478932786112955880809600686545374798739061585192228861103726987120725366819369935204370454877894997661186983632514117814120176638882623089238868334161763782150884873013361230922175118288058777862390836229413678050788253281730815832538012270460928.000000
1  -0.368732  -0.368732  60.164499  0.015579  4.524757  123.489998  0.240000
1  -0.366107  -0.366107  64.396336  0.006125  4.793448  123.400002  0.240000
1  -0.367166  -0.367166  68.746404  0.013848  5.049102  123.309998  0.240000
1  -0.367251  -0.367263  73.366226  0.002796  5.298114  123.220001  0.240000
1  -0.369343  -0.369343  77.511473  0.011718  5.540385  123.129997  0.240000
1  -0.367531  -0.367531  80.659702  0.005060  5.801589  123.029999  0.240000
1  -0.363881  -0.363881  84.623830  0.006525  6.066955  122.940002  0.240000
1  -0.367218  -0.367218  88.689263  0.007324  6.333313  122.849998  0.240000
1  -0.368529  -0.368429  92.518803  0.011585  6.595352  122.760002  0.240000
1  -0.367369  -0.367369  96.233749  0.001731  6.858631  122.669998  0.240000
1  -0.366595  -0.366595  99.942732  0.016911  7.137065  122.589996  0.240000
1  -0.366841  -0.366841  103.090983  0.014647  7.416379  122.519997  0.240000
1  -0.367923  -0.367923  106.766604  0.018243  7.718282  122.449997  0.240000
1  -0.370569  -0.370997  109.339955  0.020373  8.019781  122.379997  0.240000
1  -0.367731  -0.367731  111.647899  0.009721  8.322040  122.300003  0.240000
1  -0.365462  -0.365462  114.272588  0.008123  8.639487  122.220001  0.240000
1  -0.366814  -0.366814  117.207816  0.007989  8.942478  122.139999  0.240000
