1  0.000000  0.000000  0.003032  0.030323  0.048518  0.000000  0.000000  0.000000 
1  0.003032  0.003032  0.009001  0.059683  0.085788  0.000000  0.000000  0.000000 
1  0.009001  0.009001  0.017809  0.088079  0.114066  0.000000  0.000000  0.000000 
1  0.017809  0.017809  0.029359  0.115502  0.135129  0.000000  0.000000  0.000000 
1  0.029359  0.029359  0.043561  0.142027  0.150544  0.000000  0.000000  0.000000 
1  0.043561  0.043561  0.060328  0.167666  0.161457  0.000000  0.000000  0.000000 
1  0.060328  0.060328  0.079574  0.192459  0.168835  0.000000  0.000000  0.000000 
1  0.079574  0.079574  0.101217  0.216428  0.173417  0.000000  0.000000  0.000000 
1  0.101217  0.101217  0.125176  0.239590  0.175794  0.000000  0.000000  0.000000 
1  0.125176  0.125176  0.151372  0.261962  0.176430  0.000000  0.000000  0.000000 
1  0.151372  0.151372  0.179733  0.283608  0.175778  0.000000  0.000000  0.000000 
1  0.179733  0.179733  0.210187  0.304546  0.174123  0.000000  0.000000  0.000000 
1  0.210187  0.210187  0.242663  0.324754  0.171632  0.000000  0.000000  0.000000 
1  0.242663  0.242663  0.277094  0.344308  0.168591  0.000000  0.000000  0.000000 
1  0.277094  0.277094  0.313413  0.363193  0.165089  0.000000  0.000000  0.000000 
1  0.313413  0.313413  0.351556  0.381433  0.161254  0.000000  0.000000  0.000000 
1  0.351556  0.351556  0.391464  0.399076  0.157232  0.000000  0.000000  0.000000 
1  0.391464  0.391464  0.433077  0.416131  0.153074  0.000000  0.000000  0.000000 
1  0.433077  0.433077  0.476338  0.432616  0.148836  0.000000  0.000000  0.000000 
1  0.476338  0.476338  0.521196  0.448579  0.144610  0.000000  0.000000  0.000000 
1  0.521196  0.521196  0.567599  0.464027  0.140405  0.000000  0.000000  0.000000 
1  0.567599  0.567599  0.615493  0.478937  0.136180  0.000000  0.000000  0.000000 
1  0.615493  0.615493  0.664827  0.493340  0.131987  0.000000  0.000000  0.000000 
1  0.664827  0.664827  0.715553  0.507263  0.127867  0.000000  0.000000  0.000000 
1  0.715553  0.715553  0.767625  0.520722  0.123828  0.000000  0.000000  0.000000 
1  0.767625  0.767625  0.820999  0.533741  0.119894  0.000000  0.000000  0.000000 
1  0.820999  0.820999  0.875634  0.546344  0.116079  0.000000  0.000000  0.000000 
1  0.875634  0.875634  0.931491  0.558569  0.112423  0.000000  0.000000  0.000000 
1  0.931491  0.931491  0.988526  0.570349  0.108787  0.000000  0.000000  0.000000 
1  0.988526  0.988526  1.046697  0.581719  0.105221  0.000000  0.000000  0.000000 
1  1.046697  1.046697  1.105965  0.592676  0.101709  0.000000  0.000000  0.000000 
1  1.105965  1.105965  1.166291  0.603259  0.098300  0.000000  0.000000  0.000000 
1  1.166291  1.166291  1.227642  0.613513  0.095046  0.000000  0.000000  0.000000 
1  1.227642  1.227642  1.289985  0.623427  0.091900  0.000000  0.000000  0.000000 
1  1.289985  1.289985  1.353289  0.633044  0.088907  0.000000  0.000000  0.000000 
1  1.353289  1.353289  1.417521  0.642316  0.085960  0.000000  0.000000  0.000000 
1  1.417521  1.417521  1.482648  0.651269  0.083093  0.000000  0.000000  0.000000 
1  1.482648  1.482648  1.548639  0.659906  0.080294  0.000000  0.000000  0.000000 
1  1.548639  1.548639  1.615466  0.668275  0.077625  0.000000  0.000000  0.000000 
1  1.615466  1.615466  1.683103  0.676369  0.075051  0.000000  0.000000  0.000000 
1  1.683103  1.683103  1.751521  0.684181  0.072540  0.000000  0.000000  0.000000 
1  1.751521  1.751521  1.820695  0.691736  0.070119  0.000000  0.000000  0.000000 
1  1.820695  1.820695  1.890599  0.699042  0.067785  0.000000  0.000000  0.000000 
1  1.890599  1.890599  1.961211  0.706117  0.065549  0.000000  0.000000  0.000000 
1  1.961211  1.961211  2.032508  0.712970  0.063404  0.000000  0.000000  0.000000 
1  2.032508  2.032508  2.104460  0.719525  0.061211  0.000000  0.000000  0.000000 
1  2.104460  2.104460  2.177050  0.725898  0.059165  0.000000  0.000000  0.000000 
1  2.177050  2.177050  2.250259  0.732086  0.057233  0.000000  0.000000  0.000000 
1  2.250259  2.250259  2.324064  0.738053  0.055333  0.000000  0.000000  0.000000 
2  2.324064  2.324064  2.395409  0.713451  0.004904  0.000000  0.000000  0.000000 
2  2.324064  2.397869  2.464591  0.691822  -0.030683  -0.002460  -0.024602  -0.000246 
2  2.324064  2.471674  2.530021  0.654302  -0.084578  -0.007083  -0.023351  -0.000954 
2  2.324064  2.543192  2.590644  0.606230  -0.144578  -0.013170  -0.021924  -0.002271 
2  2.324064  2.610814  2.645814  0.551697  -0.202915  -0.020170  -0.020255  -0.004288 
2  2.324064  2.673463  2.695195  0.493806  -0.254959  -0.027649  -0.018307  -0.007053 
2  2.324064  2.730463  2.738683  0.434880  -0.298247  -0.035269  -0.016068  -0.010580 
2  2.324064  2.781450  2.776346  0.376634  -0.331792  -0.042768  -0.013542  -0.014857 
2  2.324064  2.826293  2.808376  0.320300  -0.355568  -0.049947  -0.010746  -0.019852 
2  2.324064  2.865031  2.835050  0.266738  -0.370153  -0.056655  -0.007706  -0.025517 
2  2.324064  2.897831  2.856702  0.216519  -0.376472  -0.062781  -0.004456  -0.031795 
2  2.324064  2.924951  2.873701  0.169991  -0.375623  -0.068249  -0.001034  -0.038620 
2  2.324064  2.946706  2.886434  0.127331  -0.368755  -0.073005  0.002523  -0.045921 
2  2.324064  2.963453  2.895293  0.088588  -0.356993  -0.077019  0.006172  -0.053622 
2  2.324064  2.975569  2.900664  0.053715  -0.341391  -0.080276  0.009874  -0.061650 
2  2.324064  2.983440  2.902924  0.022597  -0.322902  -0.082776  0.013590  -0.069928 
2  2.324064  2.987453  2.902431  -0.004933  -0.302369  -0.084529  0.017280  -0.078380 
2  2.324064  2.987984  2.899523  -0.029072  -0.280518  -0.085554  0.020911  -0.086936 
2  2.324064  2.985400  2.894519  -0.050041  -0.257964  -0.085876  0.024447  -0.095523 
2  2.324064  2.980048  2.887712  -0.068071  -0.235219  -0.085528  0.027860  -0.104076 
2  2.324064  2.972258  2.879373  -0.083397  -0.212698  -0.084546  0.031119  -0.112531 
2  2.324064  2.962339  2.869747  -0.096255  -0.190731  -0.082966  0.034202  -0.120827 
2  2.324064  2.950579  2.859060  -0.106875  -0.169576  -0.080832  0.037084  -0.128911 
2  2.324064  2.937245  2.847512  -0.115477  -0.149425  -0.078185  0.039749  -0.136729 
2  2.324064  2.922583  2.835284  -0.122274  -0.130414  -0.075071  0.042178  -0.144236 
2  2.324064  2.906817  2.822538  -0.127465  -0.112637  -0.071533  0.044359  -0.151389 
2  2.324064  2.890154  2.809414  -0.131237  -0.096146  -0.067616  0.046281  -0.158151 
2  2.324064  2.872779  2.796038  -0.133766  -0.080963  -0.063365  0.047936  -0.164488 
2  2.324064  2.854862  2.782516  -0.135213  -0.067085  -0.058824  0.049318  -0.170370 
2  2.324064  2.836554  2.768944  -0.135726  -0.054489  -0.054037  0.050425  -0.175774 
2  2.324064  2.817990  2.755400  -0.135441  -0.043135  -0.049046  0.051255  -0.180678 
2  2.324064  2.799292  2.741951  -0.134482  -0.032974  -0.043892  0.051810  -0.185068 
2  2.324064  2.780567  2.728655  -0.132961  -0.023945  -0.038615  0.052093  -0.188929 
2  2.324064  2.761909  2.715557  -0.130978  -0.015984  -0.033254  0.052108  -0.192254 
2  2.324064  2.743402  2.702695  -0.128625  -0.009021  -0.027845  0.051863  -0.195039 
2  2.324064  2.725118  2.690097  -0.125980  -0.002985  -0.022423  0.051366  -0.197281 
2  2.324064  2.707119  2.677786  -0.123114  0.002197  -0.017022  0.050626  -0.198983 
2  2.324064  2.689458  2.665777  -0.120091  0.006595  -0.011673  0.049654  -0.200151 
2  2.324064  2.672182  2.654080  -0.116964  0.010279  -0.006405  0.048462  -0.200791 
2  2.324064  2.655326  2.642702  -0.113780  0.013317  -0.001246  0.047063  -0.200916 
2  2.324064  2.638924  2.631644  -0.110579  0.015775  0.003779  0.045471  -0.200538 
2  2.324064  2.622998  2.620905  -0.107396  0.017714  0.008646  0.043699  -0.199673 
2  2.324064  2.607571  2.610479  -0.104257  0.019193  0.013334  0.041763  -0.198340 
2  2.324064  2.592655  2.600360  -0.101187  0.020266  0.017824  0.039678  -0.196558 
2  2.324064  2.578261  2.590540  -0.098204  0.020987  0.022099  0.037460  -0.194348 
2  2.324064  2.564396  2.581008  -0.095321  0.021401  0.026143  0.035124  -0.191733 
2  2.324064  2.551064  2.571753  -0.092550  0.021554  0.029944  0.032686  -0.188739 
2  2.324064  2.538263  2.562763  -0.089898  0.021487  0.033490  0.030163  -0.185390 
2  2.324064  2.525992  2.554026  -0.087370  0.021235  0.036771  0.027569  -0.181713 
2  2.324064  2.514245  2.545529  -0.084966  0.020834  0.039781  0.024921  -0.177735 
2  2.324064  2.503016  2.537261  -0.082687  0.020313  0.042513  0.022234  -0.173483 
2  2.324064  2.492296  2.529207  -0.080531  0.019701  0.044965  0.019523  -0.168987 
2  4.824064  2.482075  2.521358  -0.078493  0.019021  0.047133  0.016803  -0.164274 
2  4.824064  2.472341  2.516201  -0.051569  0.058295  0.049017  0.014087  -0.159372 
2  4.824064  2.463083  2.515388  -0.008128  0.116142  0.053118  0.011389  -0.154060 
2  4.824064  2.456788  2.519934  0.045457  0.178650  0.058601  0.008596  -0.148200 
2  4.824064  2.455115  2.530372  0.104384  0.237202  0.064819  0.005642  -0.141718 
2  4.824064  2.459097  2.546881  0.165085  0.286884  0.071276  0.002497  -0.134591 
2  4.824064  2.469285  2.569377  0.224962  0.325310  0.077596  -0.000845  -0.126831 
2  4.824064  2.485878  2.597594  0.282165  0.351773  0.083499  -0.004369  -0.118481 
2  4.824064  2.508811  2.631137  0.335433  0.366647  0.088782  -0.008047  -0.109603 
2  4.824064  2.537833  2.669532  0.383949  0.370944  0.093304  -0.011843  -0.100272 
2  4.824064  2.572560  2.712256  0.427245  0.366028  0.096972  -0.015715  -0.090575 
2  4.824064  2.612527  2.758767  0.465106  0.353401  0.099730  -0.019617  -0.080602 
2  4.824064  2.657213  2.808519  0.497515  0.334575  0.101554  -0.023503  -0.070447 
2  4.824064  2.706074  2.860978  0.524594  0.310986  0.102445  -0.027327  -0.060202 
2  4.824064  2.758558  2.915634  0.546566  0.283943  0.102420  -0.031046  -0.049960 
2  4.824064  2.814122  2.972007  0.563721  0.254604  0.101513  -0.034620  -0.039809 
2  4.824064  2.872240  3.029646  0.576397  0.223965  0.099766  -0.038009  -0.029833 
2  4.824064  2.932414  3.088142  0.584956  0.192866  0.097233  -0.041181  -0.020109 
2  4.824064  2.994171  3.147119  0.589771  0.161996  0.093971  -0.044105  -0.010712 
2  4.824064  3.057077  3.206241  0.591215  0.131908  0.090042  -0.046755  -0.001708 
2  4.824064  3.120730  3.265206  0.589657  0.103033  0.085511  -0.049110  0.006843 
2  4.824064  3.184762  3.323751  0.585449  0.075694  0.080444  -0.051152  0.014887 
2  4.824064  3.248843  3.381644  0.578928  0.050122  0.074908  -0.052866  0.022378 
2  4.824064  3.312675  3.438685  0.570412  0.026471  0.068969  -0.054245  0.029275 
2  4.824064  3.375992  3.494705  0.560196  0.004831  0.062693  -0.055280  0.035544 
2  4.824064  3.438561  3.549560  0.548552  -0.014765  0.056143  -0.055970  0.041159 
2  4.824064  3.500178  3.603133  0.535733  -0.032323  0.049382  -0.056315  0.046097 
2  4.824064  3.560665  3.655330  0.521966  -0.047885  0.042469  -0.056318  0.050344 
2  4.824064  3.619870  3.706076  0.507458  -0.061520  0.035460  -0.055986  0.053890 
2  4.824064  3.677665  3.755315  0.492396  -0.073316  0.028411  -0.055328  0.056731 
2  4.824064  3.733944  3.803010  0.476945  -0.083374  0.021372  -0.054354  0.058868 
2  4.824064  3.788619  3.849135  0.461253  -0.091807  0.014391  -0.053079  0.060307 
2  4.824064  3.841621  3.893680  0.445449  -0.098732  0.007514  -0.051516  0.061059 
2  4.824064  3.892898  3.936645  0.429646  -0.104270  0.000782  -0.049684  0.061137 
2  4.824064  3.942411  3.978039  0.413942  -0.108543  -0.005767  -0.047598  0.060560 
2  4.824064  3.990136  4.017881  0.398421  -0.111668  -0.012097  -0.045280  0.059350 
2  4.824064  4.036058  4.056196  0.383153  -0.113763  -0.018177  -0.042748  0.057533 
2  4.824064  4.080175  4.093016  0.368197  -0.114939  -0.023979  -0.040024  0.055135 
2  4.824064  4.122492  4.128376  0.353603  -0.115303  -0.029476  -0.037128  0.052187 
2  4.824064  4.163025  4.162317  0.339407  -0.114955  -0.034649  -0.034083  0.048722 
2  4.824064  4.201793  4.194881  0.325642  -0.113989  -0.039477  -0.030910  0.044775 
2  4.824064  4.238825  4.226114  0.312327  -0.112494  -0.043944  -0.027632  0.040380 
2  4.824064  4.274153  4.256062  0.299480  -0.110551  -0.048039  -0.024269  0.035576 
2  4.824064  4.307812  4.284773  0.287109  -0.108235  -0.051750  -0.020844  0.030401 
2  4.824064  4.339845  4.312294  0.275218  -0.105614  -0.055072  -0.017377  0.024894 
2  4.824064  4.370293  4.338675  0.263806  -0.102750  -0.057999  -0.013889  0.019094 
2  4.824064  4.399204  4.363962  0.252868  -0.099700  -0.060529  -0.010400  0.013042 
2  4.824064  4.426624  4.388202  0.242397  -0.096515  -0.062663  -0.006930  0.006775 
2  4.824064  4.452604  4.411440  0.232380  -0.093238  -0.064403  -0.003496  0.000335 
2  4.824064  4.477194  4.433720  0.222806  -0.089910  -0.065754  -0.000116  -0.006240 
2  4.824064  4.500443  4.455086  0.213657  -0.086565  -0.066723  0.003192  -0.012913 
2  4.824064  4.522405  4.475578  0.204918  -0.083235  -0.067319  0.006414  -0.019645 
2  4.824064  4.543129  4.495235  0.196571  -0.079944  -0.067551  0.009535  -0.026400 
2  4.824064  4.562667  4.514094  0.188595  -0.076715  -0.067432  0.012542  -0.033143 
2  4.824064  4.581070  4.532192  0.180973  -0.073568  -0.066976  0.015422  -0.039841 
2  4.824064  4.598387  4.549560  0.173685  -0.070516  -0.066196  0.018163  -0.046460 
2  4.824064  4.614668  4.566231  0.166710  -0.067573  -0.065108  0.020757  -0.052971 
2  4.824064  4.629961  4.582234  0.160029  -0.064747  -0.063730  0.023193  -0.059344 
2  4.824064  4.644313  4.597596  0.153624  -0.062046  -0.062079  0.025465  -0.065552 
2  4.824064  4.657769  4.612344  0.147475  -0.059475  -0.060173  0.027566  -0.071569 
2  4.824064  4.670375  4.626500  0.141564  -0.057037  -0.058031  0.029490  -0.077372 
2  4.824064  4.682174  4.640088  0.135875  -0.054732  -0.055673  0.031233  -0.082940 
2  4.824064  4.693207  4.653127  0.130391  -0.052561  -0.053119  0.032793  -0.088252 
2  4.824064  4.703515  4.665637  0.125096  -0.050521  -0.050388  0.034166  -0.093290 
2  4.824064  4.713138  4.677634  0.119975  -0.048610  -0.047501  0.035353  -0.098040 
2  4.824064  4.722112  4.689136  0.115016  -0.046823  -0.044478  0.036353  -0.102488 
2  4.824064  4.730474  4.700156  0.110205  -0.045156  -0.041338  0.037167  -0.106622 
2  4.824064  4.738259  4.710709  0.105531  -0.043603  -0.038103  0.037797  -0.110432 
2  7.324064  4.745500  4.720807  0.100983  -0.042158  -0.034791  0.038246  -0.113911 
2  9.824064  4.752228  4.732963  0.121553  -0.000816  -0.031421  0.038517  -0.117053 
2  9.824064  4.758475  4.745065  0.121023  -0.001500  -0.025512  0.038615  -0.119605 
2  12.324064  4.766769  4.755633  0.105681  -0.025747  -0.021704  0.038420  -0.121775 
2  12.324064  4.775029  4.766170  0.105366  -0.021102  -0.019396  0.038049  -0.123715 
2  12.324064  4.781792  4.777710  0.115400  -0.000827  -0.015622  0.037584  -0.125277 
2  12.324064  4.788570  4.790930  0.132198  0.026216  -0.010861  0.036956  -0.126363 
2  12.324064  4.796415  4.806234  0.153040  0.054319  -0.005485  0.036121  -0.126912 
2  12.324064  4.806023  4.823822  0.175883  0.080004  0.000211  0.035057  -0.126890 
2  12.324064  4.817821  4.843744  0.199218  0.101340  0.006001  0.033757  -0.126290 
2  12.324064  4.832034  4.865939  0.221954  0.117449  0.011710  0.032225  -0.125119 
2  12.324064  4.848733  4.890271  0.243322  0.128149  0.017206  0.030475  -0.123399 
2  12.324064  4.867881  4.916552  0.262806  0.133693  0.022391  0.028527  -0.121160 
2  12.324064  4.889360  4.944560  0.280081  0.134595  0.027192  0.026403  -0.118440 
2  12.324064  4.913001  4.974057  0.294970  0.131497  0.031559  0.024129  -0.115285 
2  12.324064  4.938596  5.004798  0.307405  0.125094  0.035461  0.021733  -0.111738 
2  12.324064  4.965920  5.036538  0.317401  0.116068  0.038878  0.019244  -0.107851 
2  12.324064  4.994736  5.069041  0.325031  0.105064  0.041802  0.016687  -0.103670 
2  12.324064  5.024807  5.102082  0.330413  0.092662  0.044234  0.014092  -0.099247 
2  12.324064  5.055901  5.135451  0.333690  0.079372  0.046181  0.011482  -0.094629 
2  12.324064  5.087794  5.168953  0.335024  0.065633  0.047657  0.008883  -0.089863 
2  12.324064  5.120275  5.202412  0.334588  0.051808  0.048679  0.006318  -0.084995 
2  12.324064  5.153145  5.235668  0.332556  0.038196  0.049267  0.003807  -0.080069 
2  12.324064  5.186223  5.268578  0.329104  0.025033  0.049445  0.001369  -0.075124 
2  12.324064  5.219342  5.301018  0.324402  0.012504  0.049236  -0.000978  -0.070201 
2  12.324064  5.252350  5.332880  0.318614  0.000742  0.048668  -0.003219  -0.065334 
2  12.324064  5.285112  5.364069  0.311895  -0.010157  0.047768  -0.005342  -0.060557 
2  12.324064  5.317508  5.394508  0.304391  -0.020132  0.046561  -0.007334  -0.055901 
2  12.324064  5.349431  5.424132  0.296237  -0.029152  0.045078  -0.009186  -0.051393 
2  12.324064  5.380788  5.452888  0.287559  -0.037206  0.043344  -0.010891  -0.047059 
2  12.324064  5.411501  5.480735  0.278472  -0.044304  0.041387  -0.012441  -0.042920 
2  12.324064  5.441501  5.507643  0.269080  -0.050471  0.039234  -0.013833  -0.038997 
2  12.324064  5.470732  5.533591  0.259476  -0.055742  0.036911  -0.015063  -0.035305 
2  12.324064  5.499146  5.558565  0.249747  -0.060161  0.034445  -0.016130  -0.031861 
2  12.324064  5.526706  5.582562  0.239966  -0.063778  0.031859  -0.017033  -0.028675 
2  12.324064  5.553384  5.605582  0.230201  -0.066647  0.029178  -0.017774  -0.025757 
2  12.324064  5.579158  5.627633  0.220510  -0.068823  0.026424  -0.018354  -0.023115 
2  12.324064  5.604014  5.648727  0.210943  -0.070366  0.023619  -0.018776  -0.020753 
2  12.324064  5.627942  5.668882  0.201544  -0.071331  0.020785  -0.019044  -0.018675 
2  12.324064  5.650941  5.688117  0.192350  -0.071774  0.017941  -0.019164  -0.016881 
2  12.324064  5.673012  5.706456  0.183393  -0.071752  0.015105  -0.019140  -0.015370 
2  12.324064  5.694161  5.723926  0.174696  -0.071315  0.012295  -0.018980  -0.014141 
2  12.324064  5.714398  5.740554  0.166282  -0.070515  0.009527  -0.018689  -0.013188 
2  12.324064  5.733737  5.756370  0.158166  -0.069398  0.006817  -0.018276  -0.012506 
2  12.324064  5.752193  5.771406  0.150359  -0.068010  0.004178  -0.017748  -0.012088 
2  12.324064  5.769784  5.785693  0.142869  -0.066391  0.001622  -0.017113  -0.011926 
2  12.324064  5.786531  5.799264  0.135702  -0.064580  -0.000838  -0.016380  -0.012010 
2  12.324064  5.802456  5.812149  0.128859  -0.062613  -0.003193  -0.015558  -0.012329 
2  12.324064  5.817582  5.824383  0.122340  -0.060521  -0.005433  -0.014654  -0.012873 
2  12.324064  5.831934  5.835998  0.116141  -0.058335  -0.007550  -0.013679  -0.013628 
2  12.324064  5.845536  5.847023  0.110257  -0.056082  -0.009538  -0.012640  -0.014581 
2  12.324064  5.858414  5.857492  0.104683  -0.053785  -0.011390  -0.011547  -0.015720 
2  12.324064  5.870594  5.867432  0.099408  -0.051467  -0.013103  -0.010409  -0.017031 
2  12.324064  5.882103  5.876875  0.094426  -0.049146  -0.014671  -0.009235  -0.018498 
2  12.324064  5.892968  5.885847  0.089724  -0.046839  -0.016093  -0.008032  -0.020107 
2  12.324064  5.903213  5.894377  0.085292  -0.044562  -0.017366  -0.006809  -0.021844 
2  12.324064  5.912867  5.902489  0.081119  -0.042327  -0.018490  -0.005574  -0.023693 
2  12.324064  5.921953  5.910208  0.077192  -0.040145  -0.019465  -0.004334  -0.025639 
2  12.324064  5.930499  5.917558  0.073499  -0.038025  -0.020291  -0.003098  -0.027668 
2  12.324064  5.938528  5.924560  0.070026  -0.035976  -0.020970  -0.001873  -0.029765 
2  12.324064  5.946065  5.931236  0.066763  -0.034003  -0.021505  -0.000664  -0.031916 
2  12.324064  5.953134  5.937606  0.063695  -0.032111  -0.021897  0.000522  -0.034105 
2  12.324064  5.959758  5.943687  0.060810  -0.030305  -0.022152  0.001678  -0.036321 
2  12.324064  5.965960  5.949497  0.058096  -0.028586  -0.022273  0.002799  -0.038548 
2  12.324064  5.971761  5.955051  0.055541  -0.026956  -0.022264  0.003881  -0.040774 
2  12.324064  5.977182  5.960364  0.053133  -0.025417  -0.022131  0.004918  -0.042987 
2  12.324064  5.982244  5.965450  0.050862  -0.023968  -0.021880  0.005907  -0.045175 
2  12.324064  5.986967  5.970322  0.048715  -0.022609  -0.021517  0.006843  -0.047327 
2  12.324064  5.991369  5.974990  0.046684  -0.021338  -0.021047  0.007724  -0.049432 
2  12.324064  5.995468  5.979466  0.044757  -0.020153  -0.020478  0.008546  -0.051480 
2  12.324064  5.999282  5.983758  0.042926  -0.019052  -0.019816  0.009306  -0.053461 
2  12.324064  6.002827  5.987877  0.041182  -0.018032  -0.019069  0.010004  -0.055368 
2  12.324064  6.006119  5.991828  0.039517  -0.017090  -0.018243  0.010638  -0.057192 
2  12.324064  6.009174  5.995621  0.037923  -0.016223  -0.017345  0.011205  -0.058927 
2  12.324064  6.012005  5.999260  0.036392  -0.015427  -0.016384  0.011706  -0.060565 
2  12.324064  6.014627  6.002752  0.034919  -0.014698  -0.015367  0.012140  -0.062102 
2  12.324064  6.017052  6.006102  0.033498  -0.014033  -0.014300  0.012507  -0.063532 
2  12.324064  6.019293  6.009314  0.032122  -0.013428  -0.013191  0.012808  -0.064851 
2  12.324064  6.021362  6.012393  0.030787  -0.012878  -0.012048  0.013043  -0.066056 
2  12.324064  6.023270  6.015342  0.029489  -0.012379  -0.010877  0.013212  -0.067144 
2  12.324064  6.025027  6.018164  0.028224  -0.011928  -0.009686  0.013319  -0.068112 
2  12.324064  6.026644  6.020863  0.026987  -0.011521  -0.008481  0.013363  -0.068960 
2  12.324064  6.028131  6.023440  0.025777  -0.011152  -0.007268  0.013347  -0.069687 
2  12.324064  6.029495  6.025899  0.024591  -0.010820  -0.006054  0.013273  -0.070292 
2  12.324064  6.030745  6.028242  0.023426  -0.010520  -0.004846  0.013143  -0.070777 
2  12.324064  6.031890  6.030470  0.022281  -0.010248  -0.003648  0.012960  -0.071142 
2  12.324064  6.032937  6.032586  0.021155  -0.010001  -0.002466  0.012726  -0.071388 
2  12.324064  6.033892  6.034590  0.020045  -0.009775  -0.001306  0.012444  -0.071519 
2  12.324064  6.034763  6.036486  0.018953  -0.009569  -0.000173  0.012118  -0.071536 
2  12.324064  6.035556  6.038273  0.017876  -0.009378  0.000930  0.011750  -0.071443 
2  12.324064  6.036276  6.039955  0.016815  -0.009199  0.001997  0.011344  -0.071244 
2  12.324064  6.036929  6.041532  0.015770  -0.009031  0.003025  0.010902  -0.070941 
2  12.324064  6.037521  6.043006  0.014742  -0.008871  0.004011  0.010428  -0.070540 
2  12.324064  6.038055  6.044379  0.013730  -0.008716  0.004951  0.009926  -0.070045 
2  12.324064  6.038536  6.045652  0.012734  -0.008565  0.005842  0.009399  -0.069461 
2  12.324064  6.038970  6.046828  0.011757  -0.008416  0.006683  0.008850  -0.068792 
2  12.324064  6.039358  6.047908  0.010798  -0.008267  0.007470  0.008282  -0.068045 
2  12.324064  6.039705  6.048894  0.009859  -0.008116  0.008202  0.007699  -0.067225 
2  12.324064  6.040015  6.049788  0.008940  -0.007963  0.008878  0.007104  -0.066337 
2  12.324064  6.040291  6.050592  0.008043  -0.007806  0.009497  0.006500  -0.065388 
2  12.324064  6.040535  6.051309  0.007169  -0.007644  0.010057  0.005891  -0.064382 
2  12.324064  6.040750  6.051941  0.006318  -0.007476  0.010559  0.005279  -0.063326 
2  12.324064  6.040939  6.052490  0.005492  -0.007303  0.011002  0.004668  -0.062226 
2  12.324064  6.041104  6.052959  0.004692  -0.007122  0.011386  0.004059  -0.061087 
2  12.324064  6.041247  6.053351  0.003918  -0.006935  0.011712  0.003456  -0.059916 
2  12.324064  6.041371  6.053668  0.003173  -0.006741  0.011980  0.002862  -0.058718 
2  12.324064  6.041477  6.053914  0.002457  -0.006539  0.012192  0.002279  -0.057499 
2  12.324064  6.041566  6.054091  0.001770  -0.006330  0.012348  0.001709  -0.056264 
2  12.324064  6.041641  6.054202  0.001114  -0.006114  0.012450  0.001154  -0.055019 
2  12.324064  6.041703  6.054251  0.000489  -0.005890  0.012500  0.000616  -0.053769 
2  12.324064  6.041752  6.054241  -0.000104  -0.005661  0.012499  0.000097  -0.052519 
2  12.324064  6.041792  6.054175  -0.000664  -0.005425  0.012449  -0.000401  -0.051274 
2  12.324064  6.041821  6.054055  -0.001191  -0.005184  0.012353  -0.000877  -0.050039 
2  12.324064  6.041843  6.053887  -0.001685  -0.004937  0.012213  -0.001329  -0.048818 
2  12.324064  6.041856  6.053672  -0.002145  -0.004686  0.012030  -0.001757  -0.047615 
2  12.324064  6.041864  6.053415  -0.002572  -0.004431  0.011809  -0.002159  -0.046434 
2  12.324064  6.041865  6.053119  -0.002964  -0.004173  0.011550  -0.002534  -0.045279 
2  12.324064  6.041861  6.052787  -0.003323  -0.003913  0.011257  -0.002883  -0.044153 
2  12.324064  6.041853  6.052422  -0.003649  -0.003651  0.010933  -0.003203  -0.043060 
2  12.324064  6.041841  6.052028  -0.003941  -0.003388  0.010581  -0.003495  -0.042002 
2  12.324064  6.041826  6.051608  -0.004200  -0.003125  0.010202  -0.003759  -0.040981 
2  12.324064  6.041808  6.051165  -0.004426  -0.002863  0.009800  -0.003994  -0.040001 
2  12.324064  6.041787  6.050703  -0.004621  -0.002602  0.009378  -0.004201  -0.039064 
2  12.324064  6.041765  6.050224  -0.004785  -0.002343  0.008938  -0.004380  -0.038170 
2  12.324064  6.041741  6.049733  -0.004918  -0.002088  0.008484  -0.004531  -0.037321 
2  12.324064  6.041715  6.049230  -0.005022  -0.001836  0.008017  -0.004654  -0.036520 
2  12.324064  6.041689  6.048721  -0.005097  -0.001589  0.007542  -0.004750  -0.035766 
2  12.324064  6.041662  6.048206  -0.005145  -0.001348  0.007059  -0.004820  -0.035060 
2  12.324064  6.041634  6.047690  -0.005166  -0.001112  0.006572  -0.004865  -0.034402 
2  12.324064  6.041606  6.047174  -0.005161  -0.000882  0.006084  -0.004884  -0.033794 
2  12.324064  6.041578  6.046660  -0.005133  -0.000660  0.005596  -0.004880  -0.033234 
2  12.324064  6.041550  6.046152  -0.005081  -0.000446  0.005111  -0.004853  -0.032723 
2  12.324064  6.041522  6.045651  -0.005008  -0.000240  0.004631  -0.004804  -0.032260 
2  12.324064  6.041494  6.045160  -0.004915  -0.000042  0.004157  -0.004735  -0.031845 
2  12.324064  6.041467  6.044680  -0.004802  0.000146  0.003693  -0.004646  -0.031475 
2  12.324064  6.041440  6.044212  -0.004672  0.000325  0.003240  -0.004539  -0.031151 
2  12.324064  6.041414  6.043760  -0.004526  0.000494  0.002799  -0.004415  -0.030871 
2  12.324064  6.041388  6.043323  -0.004365  0.000653  0.002372  -0.004276  -0.030634 
2  12.324064  6.041363  6.042904  -0.004191  0.000801  0.001961  -0.004122  -0.030438 
2  12.324064  6.041339  6.042504  -0.004004  0.000939  0.001566  -0.003955  -0.030281 
2  12.324064  6.041315  6.042123  -0.003807  0.001066  0.001189  -0.003776  -0.030163 
2  12.324064  6.041292  6.041763  -0.003601  0.001183  0.000831  -0.003587  -0.030079 
2  12.324064  6.041270  6.041424  -0.003388  0.001288  0.000493  -0.003389  -0.030030 
2  12.324064  6.041249  6.041108  -0.003167  0.001383  0.000175  -0.003183  -0.030013 
2  12.324064  6.041228  6.040813  -0.002942  0.001467  -0.000121  -0.002971  -0.030025 
2  12.324064  6.041209  6.040542  -0.002713  0.001540  -0.000395  -0.002754  -0.030064 
2  12.324064  6.041190  6.040294  -0.002481  0.001603  -0.000648  -0.002533  -0.030129 
2  12.324064  6.041172  6.040069  -0.002248  0.001655  -0.000878  -0.002309  -0.030217 
2  12.324064  6.041155  6.039868  -0.002015  0.001697  -0.001086  -0.002084  -0.030325 
2  12.324064  6.041138  6.039689  -0.001783  0.001729  -0.001271  -0.001858  -0.030453 
2  12.324064  6.041123  6.039534  -0.001553  0.001752  -0.001433  -0.001633  -0.030596 
2  12.324064  6.041108  6.039402  -0.001325  0.001765  -0.001574  -0.001410  -0.030753 
2  12.324064  6.041093  6.039291  -0.001102  0.001769  -0.001692  -0.001190  -0.030922 
2  12.324064  6.041080  6.039203  -0.000884  0.001765  -0.001789  -0.000974  -0.031101 
2  12.324064  6.041067  6.039136  -0.000671  0.001752  -0.001864  -0.000762  -0.031288 
2  12.324064  6.041055  6.039089  -0.000465  0.001732  -0.001919  -0.000555  -0.031480 
2  12.324064  6.041043  6.039063  -0.000265  0.001704  -0.001954  -0.000355  -0.031675 
2  12.324064  6.041032  6.039055  -0.000074  0.001669  -0.001969  -0.000162  -0.031872 
2  12.324064  6.041022  6.039066  0.000109  0.001628  -0.001967  0.000023  -0.032069 
2  12.324064  6.041012  6.039095  0.000283  0.001581  -0.001946  0.000201  -0.032263 
2  12.324064  6.041003  6.039139  0.000447  0.001528  -0.001908  0.000370  -0.032454 
2  12.324064  6.040994  6.039200  0.000602  0.001471  -0.001855  0.000529  -0.032639 
2  12.324064  6.040986  6.039274  0.000747  0.001408  -0.001787  0.000679  -0.032818 
2  12.324064  6.040979  6.039363  0.000882  0.001342  -0.001704  0.000820  -0.032989 
2  12.324064  6.040971  6.039463  0.001006  0.001272  -0.001609  0.000950  -0.033149 
2  12.324064  6.040965  6.039575  0.001119  0.001199  -0.001501  0.001069  -0.033300 
2  12.324064  6.040958  6.039697  0.001222  0.001123  -0.001383  0.001179  -0.033438 
2  12.324064  6.040952  6.039828  0.001313  0.001045  -0.001255  0.001277  -0.033563 
2  12.324064  6.040947  6.039968  0.001394  0.000966  -0.001118  0.001366  -0.033675 
2  12.324064  6.040941  6.040114  0.001464  0.000885  -0.000973  0.001443  -0.033773 
2  12.324064  6.040936  6.040267  0.001524  0.000803  -0.000822  0.001510  -0.033855 
2  12.324064  6.040932  6.040424  0.001573  0.000721  -0.000665  0.001567  -0.033921 
2  12.324064  6.040928  6.040585  0.001612  0.000639  -0.000504  0.001613  -0.033972 
2  12.324064  6.040924  6.040749  0.001641  0.000558  -0.000338  0.001649  -0.034005 
2  12.324064  6.040920  6.040915  0.001660  0.000477  -0.000171  0.001675  -0.034023 
2  12.324064  6.040916  6.041082  0.001670  0.000397  -0.000001  0.001692  -0.034023 
2  12.324064  6.040913  6.041249  0.001671  0.000319  0.000169  0.001700  -0.034006 
2  12.324064  6.040910  6.041416  0.001663  0.000243  0.000339  0.001698  -0.033972 
2  12.324064  6.040907  6.041580  0.001647  0.000168  0.000508  0.001689  -0.033921 
2  12.324064  6.040905  6.041743  0.001623  0.000096  0.000675  0.001671  -0.033854 
2  12.324064  6.040903  6.041902  0.001592  0.000027  0.000840  0.001645  -0.033769 
2  12.324064  6.040900  6.042057  0.001553  -0.000040  0.001001  0.001612  -0.033669 
2  12.324064  6.040898  6.042208  0.001509  -0.000103  0.001159  0.001572  -0.033553 
2  12.324064  6.040896  6.042354  0.001458  -0.000163  0.001312  0.001526  -0.033422 
2  12.324064  6.040895  6.042494  0.001402  -0.000220  0.001459  0.001474  -0.033276 
2  12.324064  6.040893  6.042628  0.001341  -0.000274  0.001601  0.001417  -0.033116 
2  12.324064  6.040892  6.042756  0.001276  -0.000324  0.001736  0.001355  -0.032943 
2  12.324064  6.040890  6.042876  0.001206  -0.000370  0.001865  0.001288  -0.032756 
2  12.324064  6.040889  6.042990  0.001133  -0.000413  0.001987  0.001218  -0.032557 
2  12.324064  6.040888  6.043095  0.001058  -0.000451  0.002102  0.001144  -0.032347 
2  12.324064  6.040887  6.043193  0.000979  -0.000486  0.002208  0.001067  -0.032126 
2  12.324064  6.040886  6.043283  0.000899  -0.000517  0.002307  0.000988  -0.031896 
2  12.324064  6.040885  6.043365  0.000818  -0.000544  0.002398  0.000907  -0.031656 
2  12.324064  6.040884  6.043438  0.000735  -0.000568  0.002481  0.000825  -0.031408 
2  12.324064  6.040883  6.043504  0.000652  -0.000587  0.002555  0.000742  -0.031152 
2  12.324064  6.040883  6.043560  0.000568  -0.000603  0.002621  0.000658  -0.030890 
2  12.324064  6.040882  6.043609  0.000485  -0.000616  0.002678  0.000574  -0.030622 
2  12.324064  6.040882  6.043649  0.000403  -0.000624  0.002727  0.000490  -0.030350 
2  12.324064  6.040881  6.043681  0.000321  -0.000630  0.002768  0.000407  -0.030073 
2  12.324064  6.040881  6.043705  0.000241  -0.000632  0.002801  0.000325  -0.029793 
2  12.324064  6.040880  6.043722  0.000163  -0.000631  0.002825  0.000245  -0.029510 
2  12.324064  6.040880  6.043730  0.000087  -0.000627  0.002842  0.000166  -0.029226 
2  12.324064  6.040880  6.043732  0.000013  -0.000620  0.002851  0.000089  -0.028941 
2  12.324064  6.040879  6.043726  -0.000059  -0.000610  0.002852  0.000015  -0.028656 
2  12.324064  6.040879  6.043713  -0.000127  -0.000598  0.002847  -0.000056  -0.028371 
2  12.324064  6.040879  6.043694  -0.000193  -0.000583  0.002834  -0.000125  -0.028088 
2  12.324064  6.040879  6.043668  -0.000255  -0.000566  0.002815  -0.000191  -0.027806 
2  12.324064  6.040879  6.043637  -0.000314  -0.000547  0.002790  -0.000254  -0.027527 
2  12.324064  6.040878  6.043600  -0.000369  -0.000526  0.002759  -0.000313  -0.027251 
2  12.324064  6.040878  6.043558  -0.000421  -0.000503  0.002722  -0.000368  -0.026979 
2  12.324064  6.040878  6.043511  -0.000469  -0.000479  0.002680  -0.000420  -0.026711 
2  12.324064  6.040878  6.043460  -0.000513  -0.000454  0.002633  -0.000468  -0.026448 
2  12.324064  6.040878  6.043404  -0.000553  -0.000427  0.002582  -0.000512  -0.026190 
2  12.324064  6.040878  6.043346  -0.000589  -0.000399  0.002527  -0.000552  -0.025937 
2  12.324064  6.040878  6.043284  -0.000621  -0.000371  0.002468  -0.000588  -0.025690 
2  12.324064  6.040878  6.043219  -0.000649  -0.000342  0.002406  -0.000620  -0.025450 
2  12.324064  6.040878  6.043151  -0.000673  -0.000312  0.002341  -0.000649  -0.025216 
2  12.324064  6.040878  6.043082  -0.000693  -0.000282  0.002274  -0.000673  -0.024988 
2  12.324064  6.040878  6.043011  -0.000710  -0.000252  0.002204  -0.000693  -0.024768 
2  12.324064  6.040878  6.042939  -0.000723  -0.000222  0.002133  -0.000710  -0.024555 
2  12.324064  6.040878  6.042866  -0.000732  -0.000192  0.002061  -0.000723  -0.024348 
2  12.324064  6.040878  6.042792  -0.000737  -0.000162  0.001988  -0.000732  -0.024150 
2  12.324064  6.040878  6.042718  -0.000739  -0.000133  0.001914  -0.000737  -0.023958 
2  12.324064  6.040878  6.042644  -0.000738  -0.000104  0.001840  -0.000739  -0.023774 
2  12.324064  6.040878  6.042571  -0.000733  -0.000076  0.001767  -0.000738  -0.023598 
2  12.324064  6.040878  6.042498  -0.000726  -0.000049  0.001693  -0.000733  -0.023428 
2  12.324064  6.040878  6.042427  -0.000715  -0.000022  0.001621  -0.000726  -0.023266 
2  12.324064  6.040878  6.042357  -0.000702  0.000003  0.001549  -0.000715  -0.023111 
2  12.324064  6.040878  6.042288  -0.000686  0.000028  0.001479  -0.000702  -0.022963 
2  12.324064  6.040878  6.042221  -0.000668  0.000051  0.001410  -0.000687  -0.022822 
2  12.324064  6.040878  6.042156  -0.000648  0.000073  0.001343  -0.000669  -0.022688 
2  12.324064  6.040878  6.042094  -0.000626  0.000094  0.001278  -0.000648  -0.022560 
2  12.324064  6.040878  6.042033  -0.000602  0.000114  0.001216  -0.000626  -0.022439 
2  12.324064  6.040878  6.041976  -0.000576  0.000132  0.001156  -0.000602  -0.022323 
2  12.324064  6.040878  6.041921  -0.000549  0.000149  0.001098  -0.000577  -0.022213 
2  12.324064  6.040878  6.041869  -0.000521  0.000164  0.001043  -0.000550  -0.022109 
2  12.324064  6.040878  6.041820  -0.000492  0.000178  0.000991  -0.000521  -0.022010 
2  12.324064  6.040878  6.041773  -0.000461  0.000191  0.000942  -0.000492  -0.021916 
2  12.324064  6.040878  6.041730  -0.000430  0.000202  0.000896  -0.000462  -0.021826 
2  12.324064  6.040878  6.041691  -0.000399  0.000212  0.000852  -0.000431  -0.021741 
2  12.324064  6.040878  6.041654  -0.000367  0.000221  0.000813  -0.000399  -0.021660 
2  12.324064  6.040878  6.041620  -0.000335  0.000228  0.000776  -0.000367  -0.021582 
2  12.324064  6.040878  6.041590  -0.000303  0.000233  0.000742  -0.000335  -0.021508 
2  12.324064  6.040878  6.041563  -0.000271  0.000238  0.000712  -0.000303  -0.021437 
2  12.324064  6.040878  6.041539  -0.000240  0.000241  0.000685  -0.000271  -0.021368 
2  12.324064  6.040878  6.041518  -0.000208  0.000243  0.000661  -0.000240  -0.021302 
2  12.324064  6.040878  6.041500  -0.000178  0.000243  0.000640  -0.000209  -0.021238 
2  12.324064  6.040878  6.041485  -0.000148  0.000242  0.000622  -0.000178  -0.021176 
2  12.324064  6.040878  6.041474  -0.000119  0.000241  0.000607  -0.000148  -0.021115 
2  12.324064  6.040878  6.041465  -0.000090  0.000238  0.000595  -0.000119  -0.021056 
2  12.324064  6.040878  6.041458  -0.000063  0.000234  0.000586  -0.000090  -0.020997 
2  12.324064  6.040878  6.041455  -0.000037  0.000229  0.000580  -0.000063  -0.020939 
2  12.324064  6.040878  6.041453  -0.000012  0.000223  0.000576  -0.000037  -0.020881 
2  12.324064  6.040878  6.041455  0.000012  0.000217  0.000575  -0.000012  -0.020824 
2  12.324064  6.040878  6.041458  0.000035  0.000210  0.000576  0.000012  -0.020766 
2  12.324064  6.040878  6.041464  0.000056  0.000202  0.000580  0.000035  -0.020708 
2  12.324064  6.040878  6.041471  0.000076  0.000193  0.000585  0.000056  -0.020650 
2  12.324064  6.040878  6.041481  0.000094  0.000184  0.000593  0.000076  -0.020590 
2  12.324064  6.040878  6.041492  0.000111  0.000174  0.000602  0.000094  -0.020530 
2  12.324064  6.040878  6.041504  0.000126  0.000164  0.000613  0.000111  -0.020469 
2  12.324064  6.040878  6.041518  0.000140  0.000153  0.000626  0.000126  -0.020406 
2  12.324064  6.040878  6.041534  0.000153  0.000143  0.000640  0.000140  -0.020342 
2  12.324064  6.040878  6.041550  0.000164  0.000132  0.000655  0.000153  -0.020277 
2  12.324064  6.040878  6.041567  0.000173  0.000120  0.000672  0.000164  -0.020209 
2  12.324064  6.040878  6.041585  0.000181  0.000109  0.000689  0.000173  -0.020140 
2  12.324064  6.040878  6.041604  0.000188  0.000098  0.000707  0.000181  -0.020070 
2  12.324064  6.040878  6.041623  0.000193  0.000086  0.000726  0.000187  -0.019997 
2  12.324064  6.040878  6.041643  0.000196  0.000075  0.000745  0.000193  -0.019923 
2  12.324064  6.040878  6.041663  0.000199  0.000064  0.000765  0.000196  -0.019846 
2  12.324064  6.040878  6.041683  0.000200  0.000053  0.000785  0.000199  -0.019768 
2  12.324064  6.040878  6.041703  0.000200  0.000042  0.000805  0.000200  -0.019687 
2  12.324064  6.040878  6.041723  0.000198  0.000031  0.000825  0.000200  -0.019605 
2  12.324064  6.040878  6.041742  0.000196  0.000021  0.000844  0.000198  -0.019520 
2  12.324064  6.040878  6.041762  0.000192  0.000011  0.000864  0.000196  -0.019434 
2  12.324064  6.040878  6.041780  0.000188  0.000002  0.000883  0.000192  -0.019346 
2  12.324064  6.040878  6.041799  0.000182  -0.000008  0.000902  0.000188  -0.019255 
2  12.324064  6.040878  6.041816  0.000176  -0.000016  0.000920  0.000182  -0.019163 
2  12.324064  6.040878  6.041833  0.000168  -0.000025  0.000938  0.000176  -0.019070 
2  12.324064  6.040878  6.041849  0.000160  -0.000033  0.000954  0.000168  -0.018974 
2  12.324064  6.040878  6.041864  0.000152  -0.000040  0.000971  0.000160  -0.018877 
2  12.324064  6.040878  6.041878  0.000142  -0.000047  0.000986  0.000152  -0.018779 
2  12.324064  6.040878  6.041892  0.000133  -0.000053  0.001000  0.000142  -0.018679 
2  12.324064  6.040878  6.041904  0.000122  -0.000059  0.001013  0.000133  -0.018577 
2  12.324064  6.040878  6.041915  0.000112  -0.000064  0.001025  0.000122  -0.018475 
2  12.324064  6.040878  6.041925  0.000101  -0.000069  0.001037  0.000112  -0.018371 
2  12.324064  6.040878  6.041934  0.000089  -0.000073  0.001047  0.000101  -0.018267 
2  12.324064  6.040878  6.041942  0.000078  -0.000077  0.001056  0.000089  -0.018161 
2  12.324064  6.040878  6.041948  0.000066  -0.000080  0.001063  0.000078  -0.018055 
2  12.324064  6.040878  6.041954  0.000055  -0.000083  0.001070  0.000066  -0.017948 
2  12.324064  6.040878  6.041958  0.000043  -0.000085  0.001075  0.000055  -0.017840 
2  12.324064  6.040878  6.041961  0.000031  -0.000086  0.001080  0.000043  -0.017732 
2  12.324064  6.040878  6.041963  0.000020  -0.000088  0.001083  0.000031  -0.017624 
2  12.324064  6.040878  6.041964  0.000008  -0.000088  0.001085  0.000020  -0.017515 
2  12.324064  6.040878  6.041964  -0.000003  -0.000088  0.001086  0.000008  -0.017407 
2  12.324064  6.040878  6.041962  -0.000014  -0.000088  0.001085  -0.000003  -0.017298 
2  12.324064  6.040878  6.041960  -0.000024  -0.000088  0.001084  -0.000014  -0.017190 
2  12.324064  6.040878  6.041957  -0.000034  -0.000086  0.001082  -0.000024  -0.017082 
2  12.324064  6.040878  6.041952  -0.000044  -0.000085  0.001078  -0.000035  -0.016974 
2  12.324064  6.040878  6.041947  -0.000054  -0.000083  0.001074  -0.000044  -0.016867 
2  12.324064  6.040878  6.041940  -0.000063  -0.000081  0.001068  -0.000054  -0.016760 
2  12.324064  6.040878  6.041933  -0.000071  -0.000079  0.001062  -0.000063  -0.016654 
2  12.324064  6.040878  6.041925  -0.000080  -0.000076  0.001055  -0.000071  -0.016548 
2  12.324064  6.040878  6.041917  -0.000087  -0.000073  0.001047  -0.000080  -0.016443 
2  12.324064  6.040878  6.041907  -0.000094  -0.000069  0.001038  -0.000087  -0.016340 
2  12.324064  6.040878  6.041897  -0.000101  -0.000066  0.001029  -0.000094  -0.016237 
2  12.324064  6.040878  6.041886  -0.000107  -0.000062  0.001019  -0.000101  -0.016135 
2  12.324064  6.040878  6.041875  -0.000112  -0.000059  0.001008  -0.000107  -0.016034 
2  12.324064  6.040878  6.041864  -0.000117  -0.000055  0.000997  -0.000112  -0.015934 
2  12.324064  6.040878  6.041851  -0.000121  -0.000051  0.000985  -0.000117  -0.015836 
2  9.824064  6.040878  6.041839  -0.000125  -0.000046  0.000973  -0.000121  -0.015739 
2  9.824064  6.040878  6.039326  -0.025128  -0.040042  0.000960  -0.000125  -0.015643 
2  9.824064  6.040878  6.032651  -0.066755  -0.098637  -0.001552  -0.000128  -0.015798 
2  9.824064  6.038378  6.020788  -0.118625  -0.161902  -0.005728  -0.000005  -0.016371 
2  7.324064  6.031703  6.003195  -0.175929  -0.221207  -0.010915  0.000322  -0.017462 
2  7.324064  6.019809  5.983469  -0.197259  -0.211093  -0.016614  0.000897  -0.019123 
2  7.324064  6.002126  5.964201  -0.192681  -0.161550  -0.018657  0.001734  -0.020989 
2  7.324064  5.982227  5.947202  -0.169995  -0.092943  -0.018026  0.002640  -0.022792 
2  4.824064  5.962695  5.933681  -0.135207  -0.018694  -0.015493  0.003477  -0.024341 
2  4.824064  5.945348  5.921891  -0.117904  0.012730  -0.011667  0.004154  -0.025508 
2  4.824064  5.931411  5.910573  -0.113179  0.017744  -0.009521  0.004610  -0.026460 
2  4.824064  5.919160  5.898849  -0.117239  0.007699  -0.008587  0.004941  -0.027319 
2  4.824064  5.907348  5.886131  -0.127174  -0.009736  -0.008499  0.005212  -0.028168 
2  2.324064  5.895103  5.872055  -0.140768  -0.029540  -0.008971  0.005469  -0.029066 
2  2.324064  5.881839  5.860202  -0.118523  0.011960  -0.009784  0.005739  -0.030044 
2  2.324064  5.867188  5.853015  -0.071876  0.084204  -0.006986  0.006041  -0.030743 
2  2.324064  5.854731  5.852057  -0.009580  0.167036  -0.001717  0.006190  -0.030914 
2  2.324064  5.846925  5.858229  0.061725  0.247717  0.005132  0.006069  -0.030401 
2  2.324064  5.845360  5.871936  0.137067  0.318721  0.012869  0.005611  -0.029114 
2  2.324064  5.850971  5.893214  0.212781  0.376119  0.020965  0.004783  -0.027018 
2  2.324064  5.864200  5.921836  0.286220  0.418398  0.029014  0.003583  -0.024116 
2  2.324064  5.885119  5.957389  0.355533  0.445620  0.036716  0.002028  -0.020445 
2  2.324064  5.913539  5.999338  0.419484  0.458816  0.043851  0.000151  -0.016060 
2  2.324064  5.949077  6.047068  0.477304  0.459565  0.050261  -0.002009  -0.011034 
2  2.324064  5.991226  6.099927  0.528586  0.449703  0.055842  -0.004402  -0.005449 
2  2.324064  6.039397  6.157246  0.573190  0.431130  0.060530  -0.006979  0.000604 
2  2.324064  6.092953  6.218363  0.611178  0.405683  0.064292  -0.009687  0.007033 
2  2.324064  6.151241  6.282639  0.642752  0.375066  0.067122  -0.012475  0.013745 
2  2.324064  6.213606  6.349461  0.668220  0.340802  0.069032  -0.015294  0.020648 
2  2.324064  6.279411  6.418256  0.687956  0.304219  0.070050  -0.018096  0.027653 
2  2.324064  6.348042  6.488494  0.702377  0.266448  0.070214  -0.020838  0.034675 
2  2.324064  6.418922  6.559686  0.711922  0.228431  0.069572  -0.023481  0.041632 
2  2.324064  6.491508  6.631390  0.717039  0.190932  0.068178  -0.025987  0.048450 
2  2.324064  6.565299  6.703207  0.718173  0.154560  0.066091  -0.028326  0.055059 
2  2.324064  6.639835  6.774783  0.715757  0.119782  0.063372  -0.030470  0.061396 
2  2.324064  6.714699  6.845804  0.710207  0.086945  0.060084  -0.032396  0.067404 
2  2.324064  6.789515  6.915995  0.701917  0.056292  0.056289  -0.034083  0.073033 
2  2.324064  6.863944  6.985121  0.691258  0.027980  0.052052  -0.035518  0.078239 
2  2.324064  6.937687  7.052979  0.678575  0.002092  0.047434  -0.036689  0.082982 
2  2.324064  7.010482  7.119398  0.664189  -0.021345  0.042497  -0.037586  0.087232 
2  2.324064  7.082098  7.184237  0.648391  -0.042353  0.037300  -0.038206  0.090962 
2  2.324064  7.152338  7.247381  0.631448  -0.060991  0.031899  -0.038548  0.094151 
2  2.324064  7.221031  7.308742  0.613604  -0.077344  0.026350  -0.038611  0.096786 
2  2.324064  7.288037  7.368249  0.595075  -0.091521  0.020705  -0.038401  0.098857 
2  2.324064  7.353238  7.425855  0.576057  -0.103645  0.015012  -0.037923  0.100358 
2  2.324064  7.416538  7.481527  0.556724  -0.113849  0.009317  -0.037187  0.101290 
2  2.324064  7.477862  7.535250  0.537229  -0.122271  0.003665  -0.036201  0.101656 
2  2.324064  7.537155  7.587021  0.517707  -0.129052  -0.001904  -0.034980  0.101466 
2  2.324064  7.594375  7.636849  0.498275  -0.134334  -0.007354  -0.033535  0.100731 
2  2.324064  7.649500  7.684752  0.479033  -0.138254  -0.012651  -0.031882  0.099465 
2  2.324064  7.702515  7.730759  0.460068  -0.140947  -0.017763  -0.030037  0.097689 
2  2.324064  7.753422  7.774904  0.441452  -0.142543  -0.022664  -0.028016  0.095423 
2  2.324064  7.802231  7.817229  0.423247  -0.143163  -0.027327  -0.025837  0.092690 
2  2.324064  7.848960  7.857779  0.405500  -0.142925  -0.031731  -0.023519  0.089517 
2  2.324064  7.893636  7.896604  0.388252  -0.141937  -0.035858  -0.021078  0.085931 
2  2.324064  7.936294  7.933757  0.371533  -0.140301  -0.039690  -0.018534  0.081962 
2  2.324064  7.976973  7.969293  0.355364  -0.138111  -0.043215  -0.015905  0.077641 
2  2.324064  8.015716  8.003270  0.339761  -0.135453  -0.046423  -0.013209  0.072998 
2  2.324064  8.052574  8.035743  0.324733  -0.132408  -0.049304  -0.010465  0.068068 
2  2.324064  8.087596  8.066771  0.310283  -0.129046  -0.051853  -0.007690  0.062883 
2  2.324064  8.120839  8.096412  0.296409  -0.125435  -0.054067  -0.004902  0.057476 
2  2.324064  8.152357  8.124723  0.283106  -0.121633  -0.055945  -0.002118  0.051881 
2  2.324064  8.182210  8.151759  0.270365  -0.117692  -0.057487  0.000647  0.046133 
2  2.324064  8.210456  8.177576  0.258173  -0.113661  -0.058697  0.003376  0.040263 
2  2.324064  8.237154  8.202228  0.246516  -0.109580  -0.059578  0.006055  0.034305 
2  2.324064  8.262366  8.225766  0.235377  -0.105485  -0.060138  0.008671  0.028291 
2  2.324064  8.286151  8.248240  0.224739  -0.101409  -0.060385  0.011210  0.022253 
2  2.324064  8.308567  8.269698  0.214582  -0.097379  -0.060328  0.013660  0.016220 
2  2.324064  8.329675  8.290186  0.204885  -0.093419  -0.059978  0.016009  0.010222 
2  2.324064  8.349533  8.309749  0.195628  -0.089547  -0.059346  0.018249  0.004288 
2  2.324064  8.368196  8.328428  0.186789  -0.085779  -0.058447  0.020369  -0.001557 
2  2.324064  8.385722  8.346263  0.178347  -0.082130  -0.057294  0.022362  -0.007287 
2  2.324064  8.402165  8.363291  0.170282  -0.078609  -0.055902  0.024220  -0.012877 
2  2.324064  8.417577  8.379548  0.162572  -0.075223  -0.054287  0.025937  -0.018305 
2  2.324064  8.432012  8.395068  0.155196  -0.071979  -0.052464  0.027508  -0.023552 
2  2.324064  8.445518  8.409881  0.148136  -0.068880  -0.050451  0.028930  -0.028597 
2  2.324064  8.458145  8.424018  0.141372  -0.065926  -0.048264  0.030198  -0.033423 
2  2.324064  8.469939  8.437507  0.134885  -0.063120  -0.045920  0.031310  -0.038015 
2  2.324064  8.480945  8.450373  0.128659  -0.060458  -0.043438  0.032266  -0.042359 
2  2.324064  8.491207  8.462640  0.122676  -0.057939  -0.040834  0.033065  -0.046443 
2  2.324064  8.500766  8.474333  0.116921  -0.055559  -0.038126  0.033708  -0.050255 
2  2.324064  8.509663  8.485470  0.111380  -0.053313  -0.035331  0.034195  -0.053788 
2  2.324064  8.517936  8.496074  0.106038  -0.051197  -0.032465  0.034528  -0.057035 
2  2.324064  8.525621  8.506163  0.100883  -0.049206  -0.029547  0.034712  -0.059989 
2  2.324064  8.532753  8.515753  0.095904  -0.047331  -0.026591  0.034748  -0.062648 
2  2.324064  8.539367  8.524862  0.091090  -0.045568  -0.023614  0.034642  -0.065010 
2  2.324064  8.545493  8.533505  0.086430  -0.043910  -0.020631  0.034397  -0.067073 
2  2.324064  8.551162  8.541697  0.081917  -0.042349  -0.017657  0.034020  -0.068839 
2  2.324064  8.556404  8.549451  0.077542  -0.040879  -0.014707  0.033516  -0.070309 
2  2.324064  8.561244  8.556781  0.073298  -0.039493  -0.011793  0.032891  -0.071489 
2  2.324064  8.565709  8.563699  0.069180  -0.038184  -0.008928  0.032151  -0.072381 
2  2.324064  8.569823  8.570217  0.065181  -0.036945  -0.006125  0.031305  -0.072994 
2  2.324064  8.573611  8.576347  0.061298  -0.035769  -0.003394  0.030359  -0.073333 
2  2.324064  8.577093  8.582099  0.057526  -0.034651  -0.000747  0.029321  -0.073408 
2  2.324064  8.580291  8.587485  0.053861  -0.033584  0.001808  0.028198  -0.073227 
2  2.324064  8.583224  8.592515  0.050302  -0.032562  0.004262  0.026998  -0.072801 
2  2.324064  8.585910  8.597200  0.046845  -0.031580  0.006605  0.025729  -0.072140 
2  2.324064  8.588367  8.601549  0.043490  -0.030633  0.008833  0.024400  -0.071257 
2  2.324064  8.590612  8.605572  0.040234  -0.029716  0.010937  0.023018  -0.070163 
2  2.324064  8.592659  8.609280  0.037077  -0.028824  0.012913  0.021592  -0.068872 
2  2.324064  8.594523  8.612682  0.034018  -0.027953  0.014757  0.020129  -0.067396 
2  2.324064  8.596218  8.615787  0.031057  -0.027100  0.016464  0.018637  -0.065750 
2  2.324064  8.597756  8.618607  0.028194  -0.026261  0.018031  0.017124  -0.063947 
2  2.324064  8.599149  8.621150  0.025428  -0.025434  0.019458  0.015597  -0.062001 
2  2.324064  8.600409  8.623426  0.022761  -0.024614  0.020741  0.014065  -0.059927 
2  2.324064  8.601545  8.625445  0.020193  -0.023801  0.021881  0.012533  -0.057739 
2  2.324064  8.602568  8.627217  0.017723  -0.022992  0.022877  0.011009  -0.055451 
2  2.324064  8.603487  8.628753  0.015353  -0.022186  0.023731  0.009499  -0.053078 
2  2.324064  8.604309  8.630061  0.013082  -0.021381  0.024444  0.008010  -0.050634 
2  2.324064  8.605043  8.631152  0.010913  -0.020577  0.025018  0.006547  -0.048132 
2  2.324064  8.605697  8.632036  0.008843  -0.019772  0.025455  0.005116  -0.045587 
2  2.324064  8.606276  8.632724  0.006875  -0.018967  0.025760  0.003723  -0.043011 
2  2.324064  8.606788  8.633225  0.005008  -0.018160  0.025936  0.002372  -0.040417 
2  2.324064  8.607239  8.633549  0.003243  -0.017353  0.025986  0.001067  -0.037818 
2  2.324064  8.607633  8.633707  0.001579  -0.016545  0.025916  -0.000186  -0.035227 
2  2.324064  8.607976  8.633709  0.000016  -0.015737  0.025731  -0.001385  -0.032654 
2  2.324064  8.608272  8.633564  -0.001447  -0.014930  0.025436  -0.002527  -0.030110 
2  2.324064  8.608526  8.633283  -0.002809  -0.014123  0.025037  -0.003608  -0.027606 
2  2.324064  8.608743  8.632876  -0.004072  -0.013319  0.024540  -0.004625  -0.025152 
2  2.324064  8.608924  8.632352  -0.005236  -0.012519  0.023952  -0.005577  -0.022757 
2  2.324064  8.609075  8.631722  -0.006304  -0.011722  0.023277  -0.006462  -0.020429 
2  2.324064  8.609197  8.630994  -0.007275  -0.010932  0.022524  -0.007279  -0.018177 
2  2.324064  8.609295  8.630179  -0.008152  -0.010149  0.021699  -0.008026  -0.016007 
2  2.324064  8.609370  8.629285  -0.008937  -0.009374  0.020809  -0.008703  -0.013926 
2  2.324064  8.609425  8.628322  -0.009630  -0.008609  0.019860  -0.009310  -0.011940 
2  2.324064  8.609462  8.627299  -0.010236  -0.007856  0.018860  -0.009846  -0.010054 
2  2.324064  8.609484  8.626223  -0.010755  -0.007116  0.017815  -0.010313  -0.008273 
2  2.324064  8.609492  8.625104  -0.011190  -0.006389  0.016732  -0.010710  -0.006599 
2  2.324064  8.609487  8.623950  -0.011545  -0.005679  0.015617  -0.011040  -0.005038 
2  2.324064  8.609472  8.622768  -0.011821  -0.004985  0.014478  -0.011302  -0.003590 
2  2.324064  8.609448  8.621565  -0.012023  -0.004310  0.013320  -0.011499  -0.002258 
2  2.324064  8.609416  8.620350  -0.012152  -0.003655  0.012150  -0.011632  -0.001043 
2  2.324064  8.609376  8.619129  -0.012212  -0.003021  0.010974  -0.011704  0.000054 
2  2.324064  8.609332  8.617908  -0.012208  -0.002409  0.009797  -0.011716  0.001034 
2  2.324064  8.609282  8.616694  -0.012141  -0.001820  0.008626  -0.011672  0.001897 
2  2.324064  8.609228  8.615493  -0.012015  -0.001255  0.007466  -0.011573  0.002643 
2  2.324064  8.609172  8.614309  -0.011835  -0.000716  0.006321  -0.011422  0.003275 
2  2.324064  8.609112  8.613149  -0.011604  -0.000202  0.005197  -0.011223  0.003795 
2  2.324064  8.609051  8.612016  -0.011325  0.000284  0.004098  -0.010978  0.004205 
2  2.324064  8.608989  8.610916  -0.011002  0.000744  0.003028  -0.010690  0.004508 
2  2.324064  8.608925  8.609852  -0.010639  0.001176  0.001991  -0.010363  0.004707 
2  2.324064  8.608861  8.608828  -0.010240  0.001580  0.000991  -0.009999  0.004806 
2  2.324064  8.608797  8.607847  -0.009808  0.001955  0.000031  -0.009602  0.004809 
2  2.324064  8.608734  8.606913  -0.009347  0.002301  -0.000886  -0.009176  0.004720 
2  2.324064  8.608670  8.606027  -0.008860  0.002619  -0.001758  -0.008723  0.004545 
2  2.324064  8.608608  8.605192  -0.008352  0.002908  -0.002581  -0.008246  0.004286 
2  2.324064  8.608547  8.604409  -0.007826  0.003169  -0.003355  -0.007750  0.003951 
2  2.324064  8.608486  8.603681  -0.007284  0.003401  -0.004077  -0.007237  0.003543 
2  2.324064  8.608428  8.603007  -0.006731  0.003606  -0.004747  -0.006710  0.003068 
2  2.324064  8.608370  8.602390  -0.006170  0.003783  -0.005363  -0.006173  0.002532 
2  2.324064  8.608314  8.601830  -0.005604  0.003933  -0.005924  -0.005628  0.001940 
2  2.324064  8.608260  8.601327  -0.005035  0.004056  -0.006430  -0.005079  0.001297 
2  2.324064  8.608208  8.600880  -0.004467  0.004154  -0.006881  -0.004528  0.000609 
2  2.324064  8.608157  8.600490  -0.003902  0.004226  -0.007277  -0.003978  -0.000119 
2  2.324064  8.608108  8.600155  -0.003344  0.004275  -0.007618  -0.003431  -0.000881 
2  2.324064  8.608061  8.599876  -0.002793  0.004300  -0.007906  -0.002891  -0.001671 
2  2.324064  8.608016  8.599651  -0.002254  0.004303  -0.008140  -0.002359  -0.002485 
2  2.324064  8.607972  8.599478  -0.001727  0.004285  -0.008322  -0.001838  -0.003318 
2  2.324064  8.607931  8.599356  -0.001216  0.004247  -0.008453  -0.001329  -0.004163 
2  2.324064  8.607891  8.599284  -0.000721  0.004189  -0.008535  -0.000835  -0.005016 
2  2.324064  8.607853  8.599260  -0.000244  0.004114  -0.008569  -0.000358  -0.005873 
2  2.324064  8.607817  8.599281  0.000212  0.004022  -0.008557  0.000102  -0.006729 
2  2.324064  8.607782  8.599346  0.000648  0.003914  -0.008501  0.000542  -0.007579 
2  2.324064  8.607749  8.599452  0.001061  0.003792  -0.008403  0.000961  -0.008419 
2  2.324064  8.607718  8.599597  0.001450  0.003656  -0.008266  0.001358  -0.009246 
2  2.324064  8.607688  8.599778  0.001815  0.003509  -0.008091  0.001732  -0.010055 
2  2.324064  8.607660  8.599994  0.002155  0.003351  -0.007881  0.002083  -0.010843 
2  2.324064  8.607633  8.600241  0.002469  0.003184  -0.007639  0.002408  -0.011607 
2  2.324064  8.607608  8.600517  0.002758  0.003008  -0.007367  0.002709  -0.012344 
2  2.324064  8.607584  8.600818  0.003020  0.002826  -0.007067  0.002984  -0.013051 
2  2.324064  8.607561  8.601144  0.003255  0.002637  -0.006743  0.003233  -0.013725 
2  2.324064  8.607540  8.601490  0.003464  0.002444  -0.006396  0.003456  -0.014364 
2  2.324064  8.607519  8.601855  0.003646  0.002247  -0.006029  0.003654  -0.014967 
2  2.324064  8.607501  8.602235  0.003803  0.002048  -0.005645  0.003825  -0.015532 
2  2.324064  8.607483  8.602629  0.003934  0.001848  -0.005247  0.003971  -0.016057 
2  2.324064  8.607466  8.603033  0.004039  0.001647  -0.004837  0.004091  -0.016540 
2  2.324064  8.607450  8.603445  0.004120  0.001446  -0.004417  0.004187  -0.016982 
2  2.324064  8.607435  8.603862  0.004176  0.001248  -0.003991  0.004259  -0.017381 
2  2.324064  8.607421  8.604283  0.004209  0.001051  -0.003559  0.004306  -0.017737 
2  2.324064  8.607408  8.604705  0.004220  0.000858  -0.003125  0.004331  -0.018050 
2  2.324064  8.607396  8.605126  0.004209  0.000669  -0.002691  0.004334  -0.018319 
2  2.324064  8.607385  8.605544  0.004178  0.000485  -0.002259  0.004316  -0.018544 
2  2.324064  8.607374  8.605957  0.004127  0.000306  -0.001830  0.004277  -0.018728 
2  2.324064  8.607364  8.606362  0.004057  0.000134  -0.001408  0.004220  -0.018868 
2  2.324064  8.607355  8.606759  0.003970  -0.000032  -0.000993  0.004144  -0.018968 
2  2.324064  8.607346  8.607146  0.003867  -0.000191  -0.000587  0.004051  -0.019026 
2  2.324064  8.607338  8.607521  0.003749  -0.000342  -0.000192  0.003942  -0.019045 
2  2.324064  8.607331  8.607883  0.003617  -0.000484  0.000190  0.003819  -0.019026 
2  2.324064  8.607324  8.608230  0.003472  -0.000619  0.000559  0.003682  -0.018971 
2  2.324064  8.607317  8.608562  0.003317  -0.000745  0.000913  0.003532  -0.018879 
2  2.324064  8.607311  8.608877  0.003150  -0.000861  0.001250  0.003372  -0.018754 
2  2.324064  8.607306  8.609174  0.002976  -0.000969  0.001571  0.003202  -0.018597 
2  2.324064  8.607301  8.609453  0.002793  -0.001067  0.001874  0.003023  -0.018410 
2  2.324064  8.607296  8.609714  0.002604  -0.001156  0.002158  0.002837  -0.018194 
2  2.324064  8.607291  8.609955  0.002410  -0.001236  0.002422  0.002644  -0.017952 
2  2.324064  8.607287  8.610176  0.002211  -0.001306  0.002667  0.002447  -0.017685 
2  2.324064  8.607284  8.610377  0.002010  -0.001367  0.002892  0.002246  -0.017396 
2  2.324064  8.607280  8.610558  0.001807  -0.001419  0.003097  0.002042  -0.017086 
2  2.324064  8.607277  8.610718  0.001603  -0.001461  0.003281  0.001836  -0.016758 
2  2.324064  8.607274  8.610858  0.001399  -0.001495  0.003444  0.001630  -0.016414 
2  2.324064  8.607271  8.610977  0.001197  -0.001520  0.003586  0.001424  -0.016055 
2  2.324064  8.607269  8.611077  0.000997  -0.001536  0.003709  0.001219  -0.015684 
2  4.824064  8.607267  8.611157  0.000800  -0.001544  0.003810  0.001017  -0.015303 
2  4.824064  8.607265  8.613718  0.025606  0.038456  0.003893  0.000818  -0.014914 
2  4.824064  8.607263  8.620422  0.067042  0.097062  0.006455  0.000624  -0.014268 
2  7.324064  8.609761  8.632295  0.118727  0.160345  0.010661  0.000308  -0.013202 
2  7.324064  8.616434  8.646097  0.138020  0.159145  0.015860  -0.000206  -0.011616 
2  7.324064  8.628328  8.659499  0.134022  0.120918  0.017769  -0.000961  -0.009839 
2  7.324064  8.642226  8.670877  0.113779  0.064346  0.017273  -0.001781  -0.008112 
2  7.324064  8.655806  8.679148  0.082715  0.001774  0.015071  -0.002542  -0.006605 
2  7.324064  8.667438  8.683645  0.044967  -0.058977  0.011710  -0.003163  -0.005434 
2  7.324064  8.676026  8.684011  0.003662  -0.113270  0.007619  -0.003590  -0.004672 
2  7.324064  8.680882  8.680124  -0.038872  -0.158671  0.003129  -0.003795  -0.004359 
2  7.324064  8.681627  8.672031  -0.080929  -0.194228  -0.001503  -0.003766  -0.004510 
2  7.324064  8.678117  8.659902  -0.121291  -0.219960  -0.006086  -0.003507  -0.005118 
2  7.324064  8.670374  8.643990  -0.159116  -0.236488  -0.010473  -0.003029  -0.006165 
2  7.324064  8.658548  8.624605  -0.193855  -0.244773  -0.014558  -0.002351  -0.007621 
2  7.324064  8.642872  8.602087  -0.225182  -0.245942  -0.018267  -0.001497  -0.009448 
2  7.324064  8.623636  8.576793  -0.252941  -0.241168  -0.021549  -0.000491  -0.011603 
2  7.324064  8.601167  8.549082  -0.277102  -0.231592  -0.024374  0.000638  -0.014040 
2  7.324064  8.575809  8.519310  -0.297727  -0.218274  -0.026727  0.001862  -0.016713 
2  7.324064  8.547913  8.487815  -0.314948  -0.202172  -0.028603  0.003155  -0.019573 
2  7.324064  8.517824  8.454921  -0.328939  -0.184124  -0.030010  0.004490  -0.022574 
2  7.324064  8.485881  8.420930  -0.339910  -0.164852  -0.030960  0.005841  -0.025670 
2  7.324064  8.452403  8.386122  -0.348084  -0.144961  -0.031473  0.007185  -0.028817 
2  7.324064  8.417693  8.350752  -0.353698  -0.124950  -0.031572  0.008502  -0.031975 
2  7.324064  8.382035  8.315053  -0.356987  -0.105223  -0.031283  0.009771  -0.035103 
2  7.324064  8.345688  8.279235  -0.358185  -0.086096  -0.030635  0.010975  -0.038166 
2  7.324064  8.308892  8.243483  -0.357520  -0.067812  -0.029657  0.012099  -0.041132 
2  7.324064  8.271863  8.207962  -0.355207  -0.050549  -0.028381  0.013130  -0.043970 
2  7.324064  8.234798  8.172817  -0.351453  -0.034432  -0.026836  0.014057  -0.046654 
2  7.324064  8.197872  8.138172  -0.346449  -0.019539  -0.025055  0.014871  -0.049159 
2  7.324064  8.161239  8.104134  -0.340374  -0.005912  -0.023068  0.015565  -0.051466 
2  7.324064  8.125038  8.070795  -0.333395  0.006437  -0.020904  0.016134  -0.053556 
2  7.324064  8.089387  8.038228  -0.325663  0.017520  -0.018592  0.016574  -0.055416 
2  7.324064  8.054390  8.006497  -0.317317  0.027371  -0.016162  0.016882  -0.057032 
2  7.324064  8.020136  7.975649  -0.308482  0.036033  -0.013639  0.017059  -0.058396 
2  7.324064  7.986698  7.945722  -0.299271  0.043564  -0.011050  0.017105  -0.059501 
2  7.324064  7.954140  7.916743  -0.289785  0.050027  -0.008418  0.017022  -0.060343 
2  7.324064  7.922510  7.888731  -0.280116  0.055492  -0.005767  0.016814  -0.060919 
2  7.324064  7.891850  7.861697  -0.270343  0.060031  -0.003119  0.016484  -0.061231 
2  7.324064  7.862190  7.835643  -0.260537  0.063715  -0.000493  0.016037  -0.061281 
2  7.324064  7.833552  7.810568  -0.250758  0.066618  0.002091  0.015480  -0.061071 
2  7.324064  7.805951  7.786462  -0.241060  0.068812  0.004617  0.014819  -0.060610 
2  7.324064  7.779393  7.763313  -0.231488  0.070364  0.007069  0.014060  -0.059903 
2  7.324064  7.753881  7.741105  -0.222081  0.071343  0.009432  0.013212  -0.058960 
2  7.324064  7.729411  7.719818  -0.212871  0.071810  0.011694  0.012282  -0.057790 
2  7.324064  7.705975  7.699429  -0.203884  0.071827  0.013843  0.011279  -0.056406 
2  7.324064  7.683560  7.679915  -0.195143  0.071448  0.015870  0.010211  -0.054819 
2  7.324064  7.662150  7.661249  -0.186662  0.070727  0.017765  0.009087  -0.053043 
2  7.324064  7.641727  7.643403  -0.178456  0.069711  0.019522  0.007915  -0.051090 
2  7.324064  7.622269  7.626350  -0.170533  0.068446  0.021134  0.006704  -0.048977 
2  7.324064  7.603753  7.610060  -0.162898  0.066973  0.022596  0.005462  -0.046717 
2  7.324064  7.586154  7.594505  -0.155554  0.065329  0.023906  0.004199  -0.044327 
2  7.324064  7.569444  7.579655  -0.148501  0.063547  0.025060  0.002922  -0.041821 
2  7.324064  7.553597  7.565481  -0.141738  0.061659  0.026058  0.001639  -0.039215 
2  7.324064  7.538583  7.551955  -0.135260  0.059692  0.026898  0.000359  -0.036525 
2  7.324064  7.524373  7.539049  -0.129062  0.057671  0.027582  -0.000911  -0.033767 
2  7.324064  7.510938  7.526735  -0.123137  0.055617  0.028111  -0.002164  -0.030956 
2  7.324064  7.498248  7.514987  -0.117477  0.053549  0.028487  -0.003393  -0.028107 
2  7.324064  7.486274  7.503780  -0.112074  0.051484  0.028713  -0.004591  -0.025236 
2  7.324064  7.474985  7.493088  -0.106918  0.049437  0.028795  -0.005753  -0.022356 
2  7.324064  7.464353  7.482888  -0.101999  0.047419  0.028735  -0.006873  -0.019483 
2  7.324064  7.454349  7.473157  -0.097308  0.045442  0.028539  -0.007947  -0.016629 
2  7.324064  7.444943  7.463874  -0.092832  0.043514  0.028214  -0.008968  -0.013808 
2  7.324064  7.436109  7.455018  -0.088563  0.041642  0.027765  -0.009933  -0.011031 
2  7.324064  7.427819  7.446569  -0.084489  0.039833  0.027198  -0.010838  -0.008311 
2  7.324064  7.420047  7.438509  -0.080599  0.038089  0.026522  -0.011681  -0.005659 
2  7.324064  7.412766  7.430821  -0.076884  0.036415  0.025743  -0.012457  -0.003085 
2  7.324064  7.405952  7.423487  -0.073334  0.034813  0.024869  -0.013166  -0.000598 
2  7.324064  7.399580  7.416493  -0.069938  0.033284  0.023907  -0.013804  0.001793 
2  7.324064  7.393627  7.409825  -0.066687  0.031828  0.022866  -0.014371  0.004079 
2  7.324064  7.388071  7.403467  -0.063573  0.030446  0.021754  -0.014866  0.006255 
2  7.324064  7.382888  7.397409  -0.060586  0.029135  0.020579  -0.015288  0.008313 
2  7.324064  7.378060  7.391637  -0.057719  0.027896  0.019349  -0.015637  0.010248 
2  7.324064  7.373565  7.386141  -0.054963  0.026725  0.018072  -0.015914  0.012055 
2  7.324064  7.369385  7.380909  -0.052313  0.025621  0.016756  -0.016118  0.013730 
2  7.324064  7.365500  7.375933  -0.049761  0.024581  0.015409  -0.016251  0.015271 
2  7.324064  7.361894  7.371203  -0.047300  0.023601  0.014039  -0.016315  0.016675 
2  7.324064  7.358549  7.366711  -0.044926  0.022680  0.012654  -0.016311  0.017941 
2  7.324064  7.355450  7.362448  -0.042632  0.021813  0.011260  -0.016241  0.019067 
2  7.324064  7.352582  7.358406  -0.040415  0.020998  0.009866  -0.016107  0.020053 
2  7.324064  7.349929  7.354579  -0.038270  0.020231  0.008477  -0.015912  0.020901 
2  7.324064  7.347479  7.350960  -0.036192  0.019509  0.007100  -0.015659  0.021611 
2  7.324064  7.345218  7.347542  -0.034180  0.018827  0.005742  -0.015350  0.022185 
2  7.324064  7.343134  7.344319  -0.032228  0.018184  0.004408  -0.014989  0.022626 
2  7.324064  7.341215  7.341285  -0.030336  0.017575  0.003104  -0.014579  0.022936 
2  7.324064  7.339450  7.338435  -0.028500  0.016998  0.001835  -0.014124  0.023120 
2  7.324064  7.337829  7.335764  -0.026718  0.016449  0.000607  -0.013626  0.023181 
2  7.324064  7.336341  7.333265  -0.024989  0.015925  -0.000578  -0.013090  0.023123 
2  7.324064  7.334979  7.330933  -0.023312  0.015424  -0.001714  -0.012519  0.022951 
2  7.324064  7.333731  7.328765  -0.021684  0.014943  -0.002798  -0.011917  0.022672 
2  7.324064  7.332592  7.326754  -0.020106  0.014480  -0.003827  -0.011287  0.022289 
2  7.324064  7.331552  7.324897  -0.018577  0.014031  -0.004798  -0.010634  0.021809 
2  7.324064  7.330605  7.323187  -0.017095  0.013596  -0.005708  -0.009961  0.021238 
2  7.324064  7.329743  7.321621  -0.015661  0.013172  -0.006556  -0.009273  0.020583 
2  7.324064  7.328961  7.320194  -0.014274  0.012756  -0.007340  -0.008571  0.019849 
2  7.324064  7.328252  7.318900  -0.012934  0.012349  -0.008059  -0.007861  0.019043 
2  7.324064  7.327611  7.317736  -0.011641  0.011947  -0.008711  -0.007145  0.018172 
2  7.324064  7.327032  7.316697  -0.010395  0.011551  -0.009296  -0.006428  0.017242 
2  7.324064  7.326511  7.315777  -0.009197  0.011158  -0.009814  -0.005711  0.016261 
2  7.324064  7.326043  7.314973  -0.008046  0.010768  -0.010265  -0.005000  0.015234 
2  7.324064  7.325623  7.314278  -0.006942  0.010380  -0.010650  -0.004295  0.014169 
2  7.324064  7.325248  7.313690  -0.005886  0.009994  -0.010969  -0.003601  0.013072 
2  7.324064  7.324914  7.313202  -0.004878  0.009608  -0.011224  -0.002921  0.011950 
2  7.324064  7.324617  7.312810  -0.003918  0.009223  -0.011415  -0.002255  0.010808 
2  7.324064  7.324355  7.312510  -0.003005  0.008839  -0.011545  -0.001608  0.009654 
2  7.324064  7.324124  7.312295  -0.002141  0.008454  -0.011614  -0.000981  0.008492 
2  7.324064  7.323921  7.312163  -0.001324  0.008070  -0.011626  -0.000377  0.007330 
2  7.324064  7.323745  7.312108  -0.000555  0.007686  -0.011582  0.000203  0.006172 
2  7.324064  7.323592  7.312124  0.000166  0.007303  -0.011485  0.000758  0.005023 
2  7.324064  7.323461  7.312208  0.000840  0.006920  -0.011337  0.001285  0.003889 
2  7.324064  7.323349  7.312355  0.001467  0.006539  -0.011141  0.001783  0.002775 
2  7.324064  7.323255  7.312559  0.002047  0.006159  -0.010900  0.002251  0.001685 
2  7.324064  7.323176  7.312817  0.002581  0.005782  -0.010617  0.002689  0.000624 
2  7.324064  7.323112  7.313124  0.003069  0.005407  -0.010295  0.003095  -0.000406 
2  7.324064  7.323061  7.313476  0.003512  0.005035  -0.009936  0.003469  -0.001400 
2  7.324064  7.323021  7.313867  0.003912  0.004667  -0.009545  0.003810  -0.002354 
2  7.324064  7.322991  7.314294  0.004268  0.004303  -0.009124  0.004119  -0.003266 
2  7.324064  7.322970  7.314752  0.004582  0.003945  -0.008677  0.004394  -0.004134 
2  7.324064  7.322958  7.315237  0.004854  0.003592  -0.008206  0.004637  -0.004955 
2  7.324064  7.322952  7.315746  0.005087  0.003246  -0.007715  0.004847  -0.005726 
2  7.324064  7.322953  7.316274  0.005281  0.002906  -0.007207  0.005025  -0.006447 
2  7.324064  7.322959  7.316818  0.005437  0.002575  -0.006685  0.005171  -0.007115 
2  7.324064  7.322970  7.317373  0.005556  0.002252  -0.006152  0.005286  -0.007731 
2  7.324064  7.322985  7.317937  0.005641  0.001937  -0.005612  0.005371  -0.008292 
2  7.324064  7.323004  7.318507  0.005693  0.001632  -0.005066  0.005426  -0.008798 
2  7.324064  7.323025  7.319078  0.005713  0.001338  -0.004518  0.005453  -0.009250 
2  7.324064  7.323049  7.319648  0.005702  0.001053  -0.003971  0.005452  -0.009647 
2  7.324064  7.323075  7.320215  0.005663  0.000780  -0.003427  0.005425  -0.009990 
2  7.324064  7.323103  7.320774  0.005598  0.000519  -0.002888  0.005372  -0.010279 
2  7.324064  7.323132  7.321325  0.005506  0.000269  -0.002358  0.005296  -0.010515 
2  7.324064  7.323162  7.321864  0.005392  0.000032  -0.001837  0.005198  -0.010698 
2  7.324064  7.323193  7.322390  0.005255  -0.000193  -0.001329  0.005078  -0.010831 
2  7.324064  7.323224  7.322900  0.005099  -0.000405  -0.000835  0.004939  -0.010915 
2  7.324064  7.323256  7.323392  0.004924  -0.000603  -0.000357  0.004781  -0.010950 
2  7.324064  7.323288  7.323865  0.004733  -0.000789  0.000104  0.004608  -0.010940 
2  7.324064  7.323320  7.324318  0.004526  -0.000961  0.000546  0.004418  -0.010885 
2  7.324064  7.323351  7.324749  0.004307  -0.001120  0.000967  0.004216  -0.010789 
2  7.324064  7.323382  7.325156  0.004076  -0.001265  0.001367  0.004001  -0.010652 
2  7.324064  7.323413  7.325540  0.003836  -0.001397  0.001744  0.003776  -0.010478 
2  7.324064  7.323443  7.325898  0.003587  -0.001515  0.002097  0.003542  -0.010268 
2  7.324064  7.323472  7.326232  0.003332  -0.001621  0.002427  0.003301  -0.010025 
2  7.324064  7.323501  7.326539  0.003072  -0.001713  0.002731  0.003053  -0.009752 
2  7.324064  7.323528  7.326820  0.002808  -0.001792  0.003010  0.002801  -0.009451 
2  7.324064  7.323556  7.327074  0.002542  -0.001859  0.003264  0.002546  -0.009125 
2  7.324064  7.323582  7.327301  0.002276  -0.001913  0.003492  0.002289  -0.008776 
2  7.324064  7.323607  7.327502  0.002010  -0.001956  0.003694  0.002031  -0.008406 
2  7.324064  7.323632  7.327677  0.001746  -0.001987  0.003871  0.001774  -0.008019 
2  7.324064  7.323655  7.327826  0.001485  -0.002007  0.004022  0.001519  -0.007617 
2  7.324064  7.323678  7.327948  0.001229  -0.002016  0.004148  0.001268  -0.007202 
2  7.324064  7.323700  7.328046  0.000978  -0.002015  0.004249  0.001020  -0.006777 
2  7.324064  7.323720  7.328120  0.000733  -0.002003  0.004326  0.000778  -0.006345 
2  7.324064  7.323740  7.328169  0.000495  -0.001983  0.004379  0.000542  -0.005907 
2  7.324064  7.323760  7.328196  0.000266  -0.001954  0.004410  0.000313  -0.005466 
2  7.324064  7.323778  7.328200  0.000045  -0.001916  0.004418  0.000092  -0.005024 
2  7.324064  7.323795  7.328183  -0.000167  -0.001871  0.004405  -0.000121  -0.004584 
2  7.324064  7.323812  7.328147  -0.000368  -0.001819  0.004372  -0.000324  -0.004146 
2  7.324064  7.323827  7.328091  -0.000558  -0.001760  0.004319  -0.000517  -0.003714 
2  7.324064  7.323842  7.328017  -0.000738  -0.001695  0.004248  -0.000700  -0.003290 
2  7.324064  7.323857  7.327926  -0.000906  -0.001625  0.004160  -0.000872  -0.002874 
2  7.324064  7.323870  7.327820  -0.001062  -0.001550  0.004056  -0.001033  -0.002468 
2  7.324064  7.323883  7.327700  -0.001206  -0.001470  0.003937  -0.001183  -0.002074 
2  7.324064  7.323895  7.327566  -0.001338  -0.001387  0.003805  -0.001320  -0.001694 
2  7.324064  7.323906  7.327420  -0.001458  -0.001301  0.003660  -0.001446  -0.001328 
2  7.324064  7.323917  7.327264  -0.001565  -0.001212  0.003503  -0.001559  -0.000977 
2  7.324064  7.323927  7.327098  -0.001659  -0.001121  0.003336  -0.001660  -0.000644 
2  7.324064  7.323937  7.326923  -0.001742  -0.001029  0.003161  -0.001749  -0.000328 
2  7.324064  7.323946  7.326742  -0.001812  -0.000935  0.002978  -0.001826  -0.000030 
2  7.324064  7.323954  7.326555  -0.001870  -0.000841  0.002788  -0.001892  0.000249 
2  7.324064  7.323962  7.326364  -0.001917  -0.000747  0.002593  -0.001945  0.000508 
2  7.324064  7.323970  7.326168  -0.001951  -0.000654  0.002394  -0.001987  0.000748 
2  7.324064  7.323977  7.325971  -0.001975  -0.000561  0.002192  -0.002017  0.000967 
2  7.324064  7.323983  7.325772  -0.001988  -0.000469  0.001988  -0.002037  0.001166 
2  7.324064  7.323989  7.325573  -0.001991  -0.000380  0.001783  -0.002046  0.001344 
2  7.324064  7.323995  7.325375  -0.001983  -0.000292  0.001578  -0.002044  0.001502 
2  7.324064  7.324000  7.325178  -0.001966  -0.000206  0.001374  -0.002033  0.001639 
2  7.324064  7.324005  7.324984  -0.001940  -0.000123  0.001173  -0.002013  0.001756 
2  7.324064  7.324010  7.324794  -0.001905  -0.000043  0.000974  -0.001984  0.001854 
2  7.324064  7.324015  7.324607  -0.001863  0.000034  0.000779  -0.001946  0.001932 
2  7.324064  7.324019  7.324426  -0.001813  0.000107  0.000589  -0.001901  0.001990 
2  7.324064  7.324022  7.324250  -0.001756  0.000177  0.000404  -0.001848  0.002031 
2  7.324064  7.324026  7.324081  -0.001693  0.000243  0.000225  -0.001789  0.002053 
2  7.324064  7.324029  7.323919  -0.001624  0.000304  0.000052  -0.001723  0.002058 
2  7.324064  7.324032  7.323764  -0.001549  0.000362  -0.000113  -0.001652  0.002047 
2  7.324064  7.324035  7.323617  -0.001471  0.000416  -0.000271  -0.001575  0.002020 
2  7.324064  7.324038  7.323478  -0.001388  0.000465  -0.000421  -0.001495  0.001978 
2  7.324064  7.324040  7.323348  -0.001302  0.000510  -0.000562  -0.001410  0.001922 
2  7.324064  7.324042  7.323227  -0.001213  0.000551  -0.000694  -0.001322  0.001852 
2  7.324064  7.324044  7.323114  -0.001121  0.000587  -0.000818  -0.001232  0.001771 
2  7.324064  7.324046  7.323012  -0.001028  0.000618  -0.000932  -0.001139  0.001677 
2  7.324064  7.324048  7.322918  -0.000934  0.000646  -0.001036  -0.001044  0.001574 
2  7.324064  7.324050  7.322834  -0.000838  0.000669  -0.001131  -0.000948  0.001461 
2  7.324064  7.324051  7.322760  -0.000743  0.000688  -0.001217  -0.000852  0.001339 
2  7.324064  7.324052  7.322695  -0.000648  0.000703  -0.001292  -0.000755  0.001210 
2  7.324064  7.324054  7.322640  -0.000553  0.000713  -0.001358  -0.000659  0.001074 
2  7.324064  7.324055  7.322594  -0.000460  0.000720  -0.001415  -0.000564  0.000932 
2  7.324064  7.324056  7.322557  -0.000368  0.000723  -0.001462  -0.000470  0.000786 
2  7.324064  7.324057  7.322529  -0.000278  0.000722  -0.001500  -0.000377  0.000636 
2  7.324064  7.324058  7.322510  -0.000191  0.000718  -0.001528  -0.000286  0.000483 
2  7.324064  7.324058  7.322500  -0.000106  0.000710  -0.001548  -0.000198  0.000329 
2  7.324064  7.324059  7.322497  -0.000024  0.000699  -0.001559  -0.000112  0.000173 
2  7.324064  7.324060  7.322503  0.000055  0.000686  -0.001562  -0.000030  0.000016 
2  7.324064  7.324060  7.322516  0.000131  0.000669  -0.001557  0.000050  -0.000139 
2  7.324064  7.324061  7.322536  0.000202  0.000650  -0.001545  0.000126  -0.000294 
2  7.324064  7.324061  7.322563  0.000270  0.000629  -0.001525  0.000198  -0.000446 
2  7.324064  7.324062  7.322597  0.000334  0.000605  -0.001499  0.000266  -0.000596 
2  7.324064  7.324062  7.322636  0.000394  0.000579  -0.001466  0.000331  -0.000743 
2  7.324064  7.324063  7.322681  0.000449  0.000552  -0.001427  0.000391  -0.000885 
2  7.324064  7.324063  7.322731  0.000500  0.000523  -0.001382  0.000446  -0.001024 
2  7.324064  7.324063  7.322786  0.000546  0.000493  -0.001332  0.000497  -0.001157 
2  7.324064  7.324063  7.322844  0.000588  0.000461  -0.001278  0.000544  -0.001285 
2  7.324064  7.324064  7.322907  0.000626  0.000429  -0.001219  0.000586  -0.001406 
2  7.324064  7.324064  7.322973  0.000658  0.000396  -0.001157  0.000624  -0.001522 
2  7.324064  7.324064  7.323041  0.000687  0.000362  -0.001091  0.000657  -0.001631 
2  7.324064  7.324064  7.323112  0.000711  0.000328  -0.001023  0.000685  -0.001734 
2  7.324064  7.324064  7.323185  0.000730  0.000293  -0.000952  0.000710  -0.001829 
2  7.324064  7.324064  7.323260  0.000745  0.000259  -0.000879  0.000729  -0.001917 
2  7.324064  7.324064  7.323336  0.000756  0.000225  -0.000804  0.000744  -0.001997 
2  7.324064  7.324065  7.323412  0.000763  0.000191  -0.000729  0.000756  -0.002070 
2  7.324064  7.324065  7.323488  0.000766  0.000157  -0.000653  0.000763  -0.002135 
2  7.324064  7.324065  7.323565  0.000765  0.000124  -0.000576  0.000766  -0.002193 
2  7.324064  7.324065  7.323641  0.000761  0.000092  -0.000500  0.000765  -0.002243 
2  7.324064  7.324065  7.323716  0.000753  0.000061  -0.000424  0.000760  -0.002285 
2  7.324064  7.324065  7.323790  0.000741  0.000031  -0.000348  0.000752  -0.002320 
2  7.324064  7.324065  7.323863  0.000727  0.000001  -0.000274  0.000741  -0.002347 
2  7.324064  7.324065  7.323934  0.000709  -0.000027  -0.000202  0.000727  -0.002368 
2  7.324064  7.324065  7.324003  0.000689  -0.000053  -0.000131  0.000709  -0.002381 
2  7.324064  7.324065  7.324070  0.000667  -0.000079  -0.000062  0.000689  -0.002387 
2  7.324064  7.324065  7.324134  0.000642  -0.000103  0.000005  0.000667  -0.002386 
2  7.324064  7.324065  7.324195  0.000615  -0.000125  0.000069  0.000642  -0.002380 
2  7.324064  7.324065  7.324254  0.000586  -0.000146  0.000131  0.000615  -0.002366 
2  7.324064  7.324065  7.324309  0.000556  -0.000166  0.000189  0.000586  -0.002348 
2  7.324064  7.324065  7.324362  0.000524  -0.000184  0.000245  0.000556  -0.002323 
2  7.324064  7.324065  7.324411  0.000491  -0.000200  0.000297  0.000524  -0.002293 
2  7.324064  7.324065  7.324457  0.000456  -0.000215  0.000346  0.000491  -0.002259 
2  7.324064  7.324065  7.324499  0.000421  -0.000228  0.000392  0.000457  -0.002220 
2  7.324064  7.324065  7.324537  0.000386  -0.000239  0.000434  0.000422  -0.002176 
2  7.324064  7.324065  7.324572  0.000350  -0.000249  0.000473  0.000386  -0.002129 
2  7.324064  7.324065  7.324604  0.000314  -0.000257  0.000508  0.000350  -0.002078 
2  7.324064  7.324064  7.324631  0.000277  -0.000264  0.000539  0.000314  -0.002024 
2  7.324064  7.324064  7.324655  0.000241  -0.000269  0.000567  0.000278  -0.001967 
2  7.324064  7.324064  7.324676  0.000205  -0.000272  0.000591  0.000241  -0.001908 
2  7.324064  7.324064  7.324693  0.000170  -0.000275  0.000612  0.000206  -0.001847 
2  7.324064  7.324064  7.324706  0.000135  -0.000275  0.000629  0.000170  -0.001784 
2  7.324064  7.324064  7.324717  0.000101  -0.000275  0.000642  0.000135  -0.001720 
2  7.324064  7.324064  7.324723  0.000068  -0.000273  0.000652  0.000101  -0.001655 
2  7.324064  7.324064  7.324727  0.000036  -0.000269  0.000659  0.000068  -0.001589 
2  7.324064  7.324064  7.324727  0.000005  -0.000265  0.000663  0.000036  -0.001523 
2  7.324064  7.324064  7.324725  -0.000025  -0.000260  0.000663  0.000005  -0.001456 
2  7.324064  7.324064  7.324720  -0.000053  -0.000253  0.000661  -0.000025  -0.001390 
2  7.324064  7.324064  7.324712  -0.000080  -0.000246  0.000655  -0.000053  -0.001325 
2  7.324064  7.324064  7.324701  -0.000106  -0.000238  0.000647  -0.000080  -0.001260 
2  7.324064  7.324064  7.324688  -0.000130  -0.000228  0.000637  -0.000106  -0.001196 
2  7.324064  7.324064  7.324673  -0.000152  -0.000219  0.000624  -0.000130  -0.001134 
2  7.324064  7.324064  7.324656  -0.000173  -0.000208  0.000609  -0.000152  -0.001073 
2  7.324064  7.324064  7.324636  -0.000192  -0.000197  0.000591  -0.000173  -0.001014 
2  7.324064  7.324064  7.324615  -0.000210  -0.000186  0.000572  -0.000192  -0.000957 
2  7.324064  7.324064  7.324593  -0.000225  -0.000174  0.000551  -0.000209  -0.000902 
1  7.324593  7.324064  7.327611  0.030180  0.048509  0.000529  -0.000225  -0.000849 
1  7.327611  7.327611  7.333566  0.059554  0.085807  0.000000  0.000000  0.000000 
1  7.333566  7.333566  7.342360  0.087935  0.114055  0.000000  0.000000  0.000000 
1  7.342360  7.342360  7.353896  0.115367  0.135135  0.000000  0.000000  0.000000 
1  7.353896  7.353896  7.368084  0.141871  0.150514  0.000000  0.000000  0.000000 
1  7.368084  7.368084  7.384835  0.167510  0.161434  0.000000  0.000000  0.000000 
