1  -0.003960  -0.003960  29.872391  0.015180  -0.004880  3.082905  0.016366  -0.004284  5277283167608519345325579946028245802125724505011438518163835845424714816919264652090016606372731066279141069108942731547497715706593530867031264400060210080598725311939680319885934626742856008136134156531775268584458552813208924090679260123509877684371789229064192.000000  14037919651636504507118441738019425536942023168052877973564133946488774181376225239319512842703309854087782404431598190257899984426233740748610262927960295608275335489635461414787624392681448307083447025390100710421334940696300731689562160444244786266722559196135424.000000
1  -0.002938  -0.002938  32.645608  0.018509  0.006802  3.261989  0.019751  0.007385  5277283167608519345325579946028245802125724505011438518163835845424714816919264652090016606372731066279141069108942731547497715706593530867031264400060210080598725311939680319885934626742856008136134156531775268584458552813208924090679260123509877684371789229064192.000000  14037919651636504507118441738019425536942023168052877973564133946488774181376225239319512842703309854087782404431598190257899984426233740748610262927960295608275335489635461414787624392681448307083447025390100710421334940696300731689562160444244786266722559196135424.000000
1  -0.002785  -0.002785  35.648806  0.013183  -0.012236  3.427166  0.014479  -0.011672  303.510010  0.220000
1  -0.003294  -0.003294  38.951942  0.013049  -0.012035  3.596442  0.014398  -0.011488  303.510010  0.220000
1  -0.001562  -0.002122  41.517071  0.022637  0.025229  3.773847  0.024037  0.025766  303.510010  0.220000
1  -0.002743  -0.002743  44.186939  0.017710  -0.000044  3.973166  0.019158  0.000467  303.510010  0.220000
1  -0.006111  -0.006111  46.936039  0.020107  0.013850  4.137489  0.021604  0.014354  303.510010  0.220000
1  -0.003154  -0.003154  49.762865  0.021039  0.017945  4.312084  0.022580  0.018421  303.510010  0.220000
1  -0.003227  -0.003227  52.621936  0.018376  0.011129  4.467065  0.019955  0.011576  303.510010  0.220000
1  -0.003364  -0.003942  56.664624  0.020506  0.016952  4.655339  0.022128  0.017385  303.510010  0.220000
1  -0.002755  -0.002755  60.400030  0.005593  -0.039694  4.814919  0.007253  -0.039277  303.510010  0.220000
1  -0.003892  -0.003892  63.786085  0.015846  0.004839  4.969584  0.017540  0.005230  303.510010  0.220000
1  -0.003697  -0.003575  68.234918  0.011585  -0.012753  5.133576  0.013308  -0.012398  321.760010  0.240000
1  -0.004717  -0.004717  71.811369  0.012916  -0.006703  5.298181  0.014671  -0.006364  321.760010  0.240000
1  -0.002967  -0.002967  75.133835  0.018243  0.015818  5.459534  0.020027  0.016140  321.760010  0.240000
1  -0.002305  -0.002305  78.418587  0.017177  0.010670  5.622151  0.018981  0.010947  321.760010  0.240000
1  -0.002655  -0.002655  82.837497  0.013582  -0.002391  5.777034  0.015407  -0.002135  321.760010  0.240000
1  -0.003677  -0.003519  87.117540  0.019841  0.024737  5.923063  0.021682  0.024961  321.760010  0.240000
1  -0.003635  -0.003635  91.587238  0.019175  0.019482  6.089696  0.021026  0.019663  321.760010  0.240000
1  -0.003126  -0.003126  96.000314  0.005193  -0.038034  6.249689  0.007049  -0.037897  321.760010  0.240000
1  -0.002278  -0.002278  99.253987  0.008256  -0.024017  6.396042  0.010115  -0.023914  321.760010  0.240000
1  -0.002868  -0.002868  103.518816  0.013715  -0.000112  6.538972  0.015573  -0.000050  321.760010  0.240000
1  -0.003409  -0.003430  107.662182  0.019974  0.025384  6.675598  0.021825  0.025403  331.920013  0.210000
1  -0.002838  -0.002838  111.788554  0.008389  -0.019603  6.806303  0.010226  -0.019635  331.920013  0.210000
1  -0.003428  -0.003428  115.551282  0.014381  0.006625  6.927824  0.016203  0.006551  331.920013  0.210000
1  -0.002532  -0.002532  119.227020  0.003728  -0.034781  7.044813  0.005525  -0.034914  331.920013  0.210000
1  -0.002655  -0.002655  122.735985  0.016911  0.016618  7.166190  0.018678  0.016433  331.920013  0.210000
1  -0.002835  -0.002770  126.052417  0.022371  0.040034  7.272305  0.024105  0.039801  331.920013  0.210000
1  0.002993  0.002993  129.153377  0.017044  0.016831  7.385668  0.018738  0.016540  331.920013  0.210000
1  0.000508  0.000508  132.139772  0.017177  0.017858  7.481963  0.018824  0.017507  331.920013  0.210000
1  -0.003639  -0.003639  135.032945  0.008922  -0.014724  7.565056  0.010507  -0.015161  331.920013  0.210000
1  -0.002309  -0.002309  137.650980  0.018109  0.021529  7.646089  0.019629  0.021022  331.920013  0.210000
1  -0.001228  -0.002379  139.987705  0.018908  0.025919  7.708319  0.020355  0.025338  331.920013  0.210000
1  -0.005856  -0.005856  142.348049  0.014248  0.009247  7.758757  0.015616  0.008603  331.920013  0.210000
1  -0.002996  -0.002996  144.428628  0.011851  0.000991  7.798635  0.013135  0.000281  328.369995  0.180000
1  -0.004667  -0.004667  146.385991  0.006791  -0.019852  7.833445  0.007976  -0.020644  328.369995  0.180000
1  -0.003222  -0.003222  148.171570  0.010919  -0.000372  7.831220  0.011994  -0.001264  328.369995  0.180000
1  -0.001939  -0.002194  149.628382  0.001731  -0.035549  7.841707  0.002712  -0.036455  328.369995  0.180000
1  -0.003292  -0.003292  151.289150  0.013049  0.009181  7.828267  0.013911  0.008181  328.369995  0.180000
1  -0.002327  -0.002327  152.714162  0.015979  0.023194  7.801506  0.016724  0.022146  328.369995  0.180000
1  -0.004055  -0.004055  153.911037  0.006258  -0.016952  7.790220  0.006889  -0.018029  328.369995  0.180000
1  -0.004348  -0.004348  155.246348  0.008389  -0.007126  7.763011  0.008904  -0.008215  328.369995  0.180000
1  -0.001056  -0.000920  156.327486  0.012117  0.007314  7.735093  0.012519  0.006202  313.890015  0.220000
1  -0.003794  -0.003794  157.288052  0.002663  -0.025571  7.678617  0.002951  -0.026688  313.890015  0.220000
1  -0.003771  -0.003771  158.373446  0.004527  -0.017872  7.639742  0.004704  -0.018979  313.890015  0.220000
1  -0.002655  -0.002655  159.229633  0.005193  -0.013953  7.595542  0.005259  -0.015047  313.890015  0.220000
1  -0.003655  -0.003655  160.079781  0.010253  0.005328  7.559895  0.010211  0.004250  313.890015  0.220000
1  -0.001698  -0.000789  160.839464  0.009854  0.002425  7.528098  0.009709  0.001370  313.890015  0.220000
1  -0.002973  -0.002973  161.563251  -0.001332  -0.038857  7.471483  -0.001582  -0.039905  313.890015  0.220000
1  -0.003269  -0.003269  162.118179  0.004261  -0.016768  7.429365  0.003908  -0.017804  313.890015  0.220000
1  -0.003944  -0.003944  162.711405  0.004394  -0.013684  7.391328  0.003959  -0.014660  313.890015  0.220000
1  -0.004087  -0.004087  163.265185  0.011851  0.014628  7.371792  0.011334  0.013716  313.890015  0.220000
1  -0.004057  -0.003762  163.757924  0.002131  -0.022551  7.344289  0.001540  -0.023401  321.950012  0.230000
1  -0.002028  -0.002028  164.232672  0.010653  0.011842  7.313906  0.009982  0.011012  321.950012  0.230000
1  -0.003510  -0.003510  164.729678  -0.000799  -0.033607  7.295383  -0.001537  -0.034386  321.950012  0.230000
1  -0.001342  -0.001342  165.139672  0.011984  0.015859  7.284202  0.011177  0.015107  321.950012  0.230000
1  -0.002401  -0.002401  165.531148  0.005992  -0.009416  7.269827  0.005111  -0.010160  321.950012  0.230000
1  -0.003863  -0.003925  165.882088  0.007856  -0.004065  7.248157  0.006890  -0.004840  321.950012  0.230000
1  -0.002362  -0.002362  166.221178  0.008256  -0.002232  7.236569  0.007222  -0.002971  321.950012  0.230000
1  -0.003225  -0.003225  166.493102  0.005326  -0.009690  7.189437  0.004214  -0.010444  321.950012  0.230000
1  -0.003379  -0.003379  166.781328  0.011452  0.012897  7.178385  0.010272  0.012169  321.950012  0.230000
1  -0.002532  -0.002532  167.001231  0.013715  0.021699  7.159842  0.012465  0.020980  321.950012  0.230000
1  -0.004493  -0.004522  167.257980  0.010653  0.011194  7.139262  0.009340  0.010506  334.470001  0.230000
1  -0.003566  -0.003566  167.451424  0.006924  -0.003591  7.116682  0.005544  -0.004274  334.470001  0.230000
1  -0.002898  -0.002898  167.669837  0.011452  0.013886  7.127982  0.010034  0.013308  334.470001  0.230000
1  -0.003627  -0.003627  167.811278  0.002796  -0.020600  7.114097  0.001318  -0.021187  334.470001  0.230000
1  -0.002446  -0.002446  168.009224  0.004527  -0.012350  7.109798  0.003004  -0.012892  334.470001  0.230000
1  -0.004379  -0.004228  168.145667  0.012384  0.020244  7.093202  0.010806  0.019705  334.470001  0.230000
1  -0.002737  -0.002737  168.298158  0.017843  0.040078  7.108628  0.016227  0.039592  334.470001  0.230000
1  -0.001767  -0.001767  168.389227  0.008389  -0.000172  7.119115  0.006724  -0.000657  334.470001  0.230000
1  -0.003612  -0.003612  168.535774  0.008123  -0.001743  7.122937  0.006409  -0.002224  334.470001  0.230000
1  -0.003669  -0.003669  168.645734  0.005060  -0.016245  7.136481  0.003297  -0.016729  334.470001  0.230000
1  -0.002833  -0.003692  168.765717  0.013183  0.018400  7.134423  0.011376  0.017931  344.339996  0.240000
1  -0.003964  -0.003964  168.884912  0.002796  -0.021979  7.134276  0.000944  -0.022441  344.339996  0.240000
1  -0.000530  -0.000530  168.987076  0.010253  0.006761  7.142834  0.008358  0.006312  344.339996  0.240000
1  -0.003583  -0.003583  169.079736  0.009055  0.002507  7.157616  0.007127  0.002103  344.339996  0.240000
1  -0.004080  -0.004080  169.087994  0.002663  -0.021863  7.150101  0.000685  -0.022299  344.339996  0.240000
1  -0.002597  -0.002597  169.159953  0.005593  -0.010295  7.163330  0.003582  -0.010695  344.339996  0.240000
1  -0.003871  -0.003871  169.235488  0.018642  0.042422  7.166533  0.016592  0.042031  344.339996  0.240000
1  -0.003702  -0.003702  169.272735  0.004794  -0.010187  7.163318  0.002712  -0.010553  344.339996  0.240000
1  -0.002389  -0.002389  169.368971  0.004927  -0.007315  7.176414  0.002830  -0.007603  344.339996  0.240000
1  -0.003726  -0.003726  169.408176  0.010519  0.013467  7.192901  0.008398  0.013197  344.339996  0.240000
1  -0.003657  -0.003480  169.437886  0.014115  0.031105  7.187729  0.011968  0.030849  344.339996  0.240000
1  -0.002893  -0.002893  169.479969  0.007590  0.002238  7.196540  0.005404  0.001937  344.339996  0.240000
1  -0.004504  -0.004504  169.553120  0.004794  -0.007058  7.196259  0.002580  -0.007353  315.760010  0.180000
1  -0.001841  -0.001841  169.587629  0.005326  -0.003026  7.200538  0.003094  -0.003282  315.760010  0.180000
1  -0.003071  -0.003071  169.589994  0.005593  -0.002639  7.204799  0.003331  -0.002908  315.760010  0.180000
1  -0.002278  -0.001998  169.595633  0.007457  0.004801  7.226013  0.005187  0.004597  315.760010  0.180000
1  -0.003425  -0.003425  169.593585  0.005992  -0.000425  7.242055  0.003710  -0.000601  315.760010  0.180000
1  -0.002833  -0.002833  169.583497  -0.002530  -0.037778  7.270272  -0.004830  -0.037955  315.760010  0.180000
1  -0.002465  -0.002465  169.627934  0.007457  0.001624  7.300124  0.005148  0.001480  315.760010  0.180000
1  -0.002232  -0.002232  169.658274  0.007590  0.003381  7.314750  0.005264  0.003231  315.760010  0.180000
1  -0.002807  -0.003552  169.688169  0.005060  -0.009142  7.361627  0.002733  -0.009244  312.600006  0.140000
1  -0.002751  -0.002751  169.665667  0.001731  -0.019598  7.378408  -0.000604  -0.019692  312.600006  0.140000
1  -0.003653  -0.003653  169.689479  0.001864  -0.018022  7.406028  -0.000473  -0.018090  312.600006  0.140000
1  -0.002939  -0.002939  169.675052  0.010786  0.014842  7.437259  0.008434  0.014746  312.600006  0.140000
1  -0.003377  -0.003377  169.732676  0.001332  -0.023627  7.479888  -0.001018  -0.023684  312.600006  0.140000
1  -0.003401  -0.002964  169.729426  0.002796  -0.015763  7.511078  0.000450  -0.015792  312.600006  0.140000
1  -0.001871  -0.001871  169.675415  0.009854  0.015863  7.545352  0.007527  0.015915  312.600006  0.140000
1  -0.003646  -0.003646  169.694064  0.005593  -0.004340  7.601281  0.003275  -0.004286  312.600006  0.140000
1  -0.003633  -0.003633  169.705225  0.015047  0.029791  7.664276  0.012740  0.029864  312.600006  0.140000
1  -0.002737  -0.002737  169.686341  0.006924  -0.000500  7.705571  0.004629  -0.000406  312.600006  0.140000
1  -0.004488  -0.004260  169.708452  0.006525  -0.001121  7.744143  0.004237  -0.001032  298.799988  0.180000
1  -0.004848  -0.004848  169.721338  0.008655  0.007680  7.787730  0.006375  0.007766  298.799988  0.180000
1  -0.002150  -0.002150  169.787334  0.011052  0.016835  7.856995  0.008804  0.016998  298.799988  0.180000
1  -0.003995  -0.003995  169.828139  0.006125  -0.003392  7.961302  0.003945  -0.003053  298.799988  0.180000
1  -0.003017  -0.003017  169.819214  -0.003862  -0.040177  8.010959  -0.006016  -0.039860  298.799988  0.180000
1  -0.003049  -0.002861  169.827828  0.013449  0.027856  8.094064  0.011342  0.028229  298.799988  0.180000
1  -0.003768  -0.003768  169.838550  0.007723  0.002164  8.183815  0.005657  0.002549  298.799988  0.180000
1  -0.002738  -0.002738  169.843849  0.002397  -0.018410  8.274791  0.000387  -0.017971  298.799988  0.180000
1  -0.001612  -0.001612  169.845446  0.009454  0.009870  8.368331  0.007499  0.010342  298.799988  0.180000
1  -0.002678  -0.002678  169.823217  0.003329  -0.012726  8.470700  0.001449  -0.012168  298.799988  0.180000
1  -0.001484  -0.001484  169.836987  0.003329  -0.009196  8.559760  0.001522  -0.008592  289.149994  0.230000
1  -0.003738  -0.003738  169.851092  0.003462  -0.011168  8.680534  0.001734  -0.010512  289.149994  0.230000
1  -0.003722  -0.003722  169.864638  0.010919  0.016422  8.804261  0.009271  0.017131  289.149994  0.230000
1  -0.003529  -0.003529  169.875815  0.003063  -0.012338  8.913966  0.001501  -0.011584  289.149994  0.230000
1  -0.003344  -0.003344  169.904657  0.015713  0.036658  9.028703  0.014224  0.037406  289.149994  0.230000
1  -0.000311  -0.000809  169.911006  0.007590  0.001934  9.174636  0.006199  0.002766  289.149994  0.230000
1  -0.002677  -0.002677  169.896269  0.008922  0.006913  9.298246  0.007614  0.007744  289.149994  0.230000
1  -0.003301  -0.003301  169.897479  0.019175  0.047634  9.425987  0.017952  0.048461  289.149994  0.230000
1  -0.003161  -0.003161  169.923376  0.005326  -0.006188  9.543555  0.004184  -0.005366  289.149994  0.230000
1  -0.002755  -0.002755  169.904780  0.011851  0.022221  9.674753  0.010811  0.023117  289.149994  0.230000
1  -0.003844  -0.003909  169.882569  -0.000266  -0.026419  9.810134  -0.001207  -0.025484  277.890015  0.210000
1  -0.001592  -0.001592  169.894775  0.007457  0.000882  9.974233  0.006623  0.001856  277.890015  0.210000
1  -0.002982  -0.002982  169.898262  0.009321  0.008697  10.158193  0.008628  0.009807  277.890015  0.210000
1  -0.002265  -0.002265  169.843905  0.011452  0.017052  10.330985  0.010886  0.018201  277.890015  0.210000
1  -0.002914  -0.002914  169.832241  -0.000399  -0.028506  10.495707  -0.000837  -0.027305  277.890015  0.210000
1  -0.003596  -0.003299  169.812515  0.009188  0.011654  10.645021  0.008866  0.012825  277.890015  0.210000
1  -0.003068  -0.003068  169.826543  0.003196  -0.013679  10.801017  0.002980  -0.012556  277.890015  0.210000
1  -0.001943  -0.001943  169.815121  0.016645  0.036525  11.008945  0.016578  0.037767  277.890015  0.210000
1  -0.003626  -0.003626  169.832600  0.007856  0.000834  11.206354  0.007936  0.002135  277.890015  0.210000
1  -0.002803  -0.002803  169.845962  0.002530  -0.016917  11.402219  0.002772  -0.015520  277.890015  0.210000
1  -0.002409  -0.002472  169.880769  0.011984  0.021008  11.605447  0.012385  0.022465  277.890015  0.210000
1  -0.003565  -0.003565  169.854647  0.001997  -0.019305  11.800594  0.002541  -0.017860  277.890015  0.210000
1  -0.002679  -0.002679  169.881760  0.009321  0.010529  12.030556  0.010051  0.012112  296.420013  0.230000
1  -0.005387  -0.005387  169.825760  0.001731  -0.020630  12.240518  0.002617  -0.019049  296.420013  0.230000
1  -0.002509  -0.002509  169.825025  0.013449  0.028554  12.441929  0.014496  0.030146  296.420013  0.230000
1  -0.000549  -0.000706  169.842265  0.001997  -0.018164  12.652730  0.003200  -0.016592  296.420013  0.230000
1  -0.003102  -0.003102  169.823472  0.005859  -0.001875  12.883385  0.007246  -0.000210  296.420013  0.230000
1  -0.002940  -0.002940  169.838709  0.009987  0.013837  13.101447  0.011536  0.015491  296.420013  0.230000
1  -0.002884  -0.002884  169.793219  0.006791  0.003661  13.302675  0.008497  0.005281  296.420013  0.230000
1  -0.004412  -0.004412  169.823239  0.001198  -0.022809  13.560617  0.003089  -0.021122  296.420013  0.230000
1  -0.002305  -0.001842  169.830940  0.007590  0.003950  13.789671  0.009656  0.005651  315.890015  0.250000
1  -0.003415  -0.003415  169.824655  0.002397  -0.020315  14.065431  0.004662  -0.018530  315.890015  0.250000
1  -0.002562  -0.002562  169.855824  0.006658  -0.005454  14.337253  0.009121  -0.003597  315.890015  0.250000
1  -0.002592  -0.002592  169.877818  0.007057  -0.004292  14.608540  0.009717  -0.002422  315.890015  0.250000
1  -0.003760  -0.003760  169.914453  0.011052  0.012549  14.871869  0.013906  0.014446  315.890015  0.250000
1  -0.003948  -0.003854  169.884831  0.003862  -0.015284  15.153730  0.006933  -0.013306  315.890015  0.250000
1  -0.001985  -0.001985  169.857372  -0.003728  -0.041391  15.501759  -0.000348  -0.039071  315.890015  0.250000
1  -0.003055  -0.003055  169.795013  0.003196  -0.011605  15.769586  0.006791  -0.009334  315.890015  0.250000
1  -0.002066  -0.002066  169.780550  0.017311  0.043179  16.080941  0.021148  0.045502  315.890015  0.250000
1  -0.002371  -0.002371  169.760883  0.004794  -0.004838  16.396994  0.008894  -0.002424  315.890015  0.250000
1  -0.003209  -0.003280  169.731761  0.004661  -0.005029  16.704366  0.009002  -0.002650  335.489990  0.230000
1  -0.001998  -0.001998  169.703180  0.006392  0.002127  16.999190  0.010961  0.004450  335.489990  0.230000
1  -0.004181  -0.004181  169.717841  0.010519  0.016555  17.325925  0.015338  0.018916  335.489990  0.230000
1  -0.003412  -0.003412  169.805493  0.005593  -0.006214  17.684562  0.010680  -0.003763  335.489990  0.230000
1  -0.002931  -0.002931  169.780096  0.005726  -0.002476  17.980509  0.011043  -0.000085  335.489990  0.230000
1  -0.003815  -0.003779  169.793485  0.007324  0.000337  18.343089  0.012909  0.002813  335.489990  0.230000
1  -0.002405  -0.002405  169.839008  0.006258  -0.007237  18.714179  0.012113  -0.004693  335.489990  0.230000
1  -0.002555  -0.002555  169.804783  0.010786  0.010016  19.075590  0.016909  0.012600  335.489990  0.230000
1  -0.003195  -0.003195  169.826031  -0.002663  -0.044174  19.427181  0.003713  -0.041632  335.489990  0.230000
1  -0.001568  -0.001568  169.851375  0.016512  0.027791  19.827027  0.023168  0.030393  335.489990  0.230000
1  -0.005089  -0.004590  169.858817  0.009587  0.002982  20.211634  0.016537  0.005674  330.339996  0.200000
1  -0.002680  -0.002680  169.847386  0.014781  0.022428  20.583934  0.021991  0.025096  330.339996  0.200000
1  -0.002916  -0.002916  169.831491  0.010919  0.007461  20.982422  0.018423  0.010215  330.339996  0.200000
1  -0.003326  -0.003326  169.850465  0.017710  0.032862  21.371095  0.025485  0.035594  330.339996  0.200000
1  -0.003379  -0.003379  169.807200  0.009987  -0.000042  21.780851  0.018049  0.002724  330.339996  0.200000
1  -0.002448  -0.002121  169.823068  0.005193  -0.018545  22.232813  0.013596  -0.015577  330.339996  0.200000
1  -0.002820  -0.002820  169.836589  0.009721  0.002474  22.647453  0.018434  0.005485  330.339996  0.200000
1  -0.001569  -0.001569  169.884516  0.012117  0.011693  23.083622  0.021150  0.014764  330.339996  0.200000
1  -0.003555  -0.003555  169.878425  0.014647  0.019769  23.544301  0.024013  0.022911  330.339996  0.200000
1  -0.002705  -0.002705  169.883985  -0.000666  -0.039137  24.018131  0.009062  -0.035830  330.339996  0.200000
1  -0.002775  -0.002578  169.869378  0.012517  0.012493  24.497479  0.022597  0.015850  316.380005  0.210000
1  -0.005685  -0.005685  169.835981  0.012650  0.013042  24.935226  0.023037  0.016255  316.380005  0.210000
1  -0.002997  -0.002997  169.798520  0.011984  0.009079  25.390077  0.022691  0.012282  316.380005  0.210000
1  -0.002284  -0.002284  169.855462  0.003329  -0.024174  25.858118  0.014384  -0.020842  316.380005  0.210000
1  -0.004530  -0.004530  169.858212  0.008256  -0.002562  26.342547  0.019669  0.000797  316.380005  0.210000
1  -0.003344  -0.003579  169.877920  0.005459  -0.012293  26.795135  0.017200  -0.008986  316.380005  0.210000
1  -0.004024  -0.004024  169.881586  0.014381  0.024522  27.276505  0.026479  0.027906  316.380005  0.210000
1  -0.003901  -0.003901  169.913076  0.013049  0.021263  27.754789  0.025507  0.024701  316.380005  0.210000
1  -0.001492  -0.001492  169.942825  0.014381  0.025113  28.279936  0.027228  0.028718  316.380005  0.210000
1  -0.003753  -0.003753  169.935661  0.002397  -0.025314  28.807000  0.015623  -0.021665  316.380005  0.210000
1  -0.002129  -0.002273  169.871108  0.008256  -0.001840  29.283278  0.021816  0.001692  316.380005  0.210000
1  -0.003178  -0.003178  169.929008  0.010253  0.004313  29.827381  0.024207  0.007957  316.380005  0.210000
1  -0.003102  -0.003102  169.935057  0.010519  0.006080  30.355277  0.024858  0.009777  298.480011  0.220000
1  0.000256  0.000256  169.151124  -0.196941  -0.622717  29.866248  -0.182251  -0.619100  298.480011  0.220000
1  0.000558  0.000558  167.636238  -0.269645  -0.659933  28.642674  -0.254643  -0.656518  298.480011  0.220000
1  0.001206  0.000217  166.157483  0.010653  0.555135  27.688340  0.025892  0.558190  298.480011  0.220000
1  0.004857  0.004857  166.256654  0.192413  0.988410  28.670082  0.207936  0.991383  298.480011  0.220000
1  0.004941  0.004941  167.632646  0.351138  1.186365  30.956269  0.366967  1.189362  298.480011  0.220000
1  0.001720  0.001720  169.073034  0.072438  -0.172968  33.184540  0.088656  -0.169692  298.480011  0.220000
1  0.002742  0.002742  169.269626  -0.004927  -0.356217  33.880025  0.011731  -0.352574  298.480011  0.220000
1  0.001010  0.000810  168.114004  -0.152732  -0.584920  32.988376  -0.135767  -0.581475  235.589996  0.220000
1  0.002708  0.002708  166.820935  -0.133291  -0.255097  32.084589  -0.115966  -0.251634  235.589996  0.220000
1  0.005649  0.005649  166.162614  0.010386  0.304417  32.040348  0.027985  0.307630  235.589996  0.220000
1  0.005358  0.005358  166.591456  0.144343  0.589197  33.246928  0.162224  0.592254  235.589996  0.220000
1  0.006370  0.006370  167.217327  0.271243  0.906401  34.608900  0.289442  0.909477  235.589996  0.220000
1  0.001773  0.001885  167.878986  0.012117  -0.214228  35.946704  0.030716  -0.210845  235.589996  0.220000
1  -0.001482  -0.001482  167.909926  0.003995  -0.176542  36.588632  0.023036  -0.172830  235.589996  0.220000
1  0.001683  0.001683  167.547638  -0.101866  -0.452058  36.697540  -0.082424  -0.448264  235.589996  0.220000
1  0.002856  0.002856  166.656141  -0.066845  -0.121952  36.281892  -0.047021  -0.118195  235.589996  0.220000
1  0.005504  0.005504  166.430878  -0.001465  0.090765  36.770350  0.018730  0.094499  235.589996  0.220000
1  0.005124  0.004909  166.543376  0.129030  0.506662  37.643694  0.149618  0.510447  207.380005  0.240000
1  0.005386  0.005386  166.573804  0.016645  0.029519  38.365679  0.037649  0.033418  207.380005  0.240000
1  0.003724  0.003724  166.525135  0.010253  -0.002068  39.023187  0.031691  0.001960  207.380005  0.240000
1  0.007432  0.007432  166.498296  0.010786  -0.000418  39.702642  0.032697  0.003821  207.380005  0.240000
1  0.003085  0.003085  166.462358  0.011851  0.003343  40.361612  0.034210  0.007641  207.380005  0.240000
1  0.008798  0.009542  166.400504  0.013449  0.012499  41.017870  0.036266  0.016879  207.380005  0.240000
1  0.004632  0.004632  166.322073  0.004927  -0.022547  41.705749  0.028219  -0.018057  207.380005  0.240000
1  0.007151  0.007151  166.283298  0.012517  0.003484  42.434959  0.036303  0.008089  207.380005  0.240000
1  0.003342  0.003342  166.227489  0.012384  0.003499  43.118021  0.036634  0.008104  207.380005  0.240000
1  0.002620  0.002620  167.528029  0.373775  1.133412  45.231717  0.398380  1.137655  207.380005  0.240000
1  0.002996  0.004089  169.086008  0.150868  0.068758  47.459128  0.175971  0.073244  241.210007  0.250000
1  0.003943  0.003943  169.669437  0.012384  -0.374342  48.546797  0.038044  -0.369520  241.210007  0.250000
1  0.003945  0.003945  169.921180  0.015846  -0.239313  49.334190  0.042044  -0.234333  241.210007  0.250000
1  0.003752  0.003752  170.142106  0.018109  -0.146143  50.100532  0.044837  -0.141078  241.210007  0.250000
1  0.003243  0.003243  170.363196  0.003728  -0.147604  50.856025  0.030973  -0.142522  241.210007  0.250000
1  0.002975  0.002866  170.531067  0.002929  -0.109377  51.610788  0.030706  -0.104227  241.210007  0.250000
1  0.004863  0.004863  170.773348  0.012650  -0.049928  52.420367  0.040974  -0.044690  241.210007  0.250000
1  0.002130  0.002130  170.971032  0.018775  -0.008706  53.202705  0.047632  -0.003459  241.210007  0.250000
1  0.003624  0.003624  171.152880  0.014248  -0.018408  53.998251  0.043636  -0.013161  241.210007  0.250000
1  0.003022  0.003022  171.321301  0.017311  -0.003634  54.817850  0.047235  0.001636  241.210007  0.250000
1  0.002328  0.002394  171.478547  0.009721  -0.029201  55.664891  0.040212  -0.023868  258.679993  0.280000
1  0.004203  0.004203  171.604974  0.012650  -0.015346  56.457673  0.043657  -0.010092  258.679993  0.280000
1  0.002724  0.002724  171.706166  -0.003995  -0.079168  57.275496  0.027550  -0.073893  258.679993  0.280000
1  0.000974  0.000974  171.672971  -0.054328  -0.248342  57.933982  -0.022254  -0.243085  258.679993  0.280000
1  0.002397  0.002397  171.003823  -0.126900  -0.382506  57.896484  -0.094302  -0.377284  258.679993  0.280000
1  0.000978  0.000539  170.352669  -0.138618  -0.336158  57.909248  -0.105503  -0.330977  258.679993  0.280000
1  0.002100  0.002100  169.260364  -0.149137  -0.250327  57.563267  -0.115519  -0.245205  258.679993  0.280000
1  0.001212  0.001212  167.928456  -0.159790  -0.188651  57.078186  -0.125736  -0.183766  258.679993  0.280000
1  0.009379  0.009379  166.869483  -0.105328  0.012042  57.041493  -0.070798  0.016832  258.679993  0.280000
1  0.012016  0.012016  165.739265  -0.097205  0.037998  56.980630  -0.062218  0.042686  258.679993  0.280000
1  0.031859  0.032059  164.641806  -0.101466  0.012577  56.934749  -0.066051  0.017116  258.679993  0.280000
1  0.015812  0.015812  163.701888  -0.078031  0.052440  57.148572  -0.042171  0.056932  258.679993  0.280000
1  0.007158  0.007158  162.744999  -0.019974  0.232799  57.419097  0.016311  0.237187  270.440002  0.220000
1  0.011500  0.011500  162.035253  -0.006258  0.200627  57.964285  0.030439  0.204909  270.440002  0.220000
1  0.014564  0.014564  161.479054  0.008123  0.170573  58.680890  0.045256  0.174876  270.440002  0.220000
1  0.016404  0.016433  161.015957  0.015047  0.132611  59.446266  0.052629  0.136967  270.440002  0.220000
1  0.013801  0.013801  160.559311  0.009454  0.067292  60.213305  0.047487  0.071677  270.440002  0.220000
1  0.015655  0.015655  160.117060  0.010919  0.043423  61.000182  0.049421  0.047893  270.440002  0.220000
1  0.014627  0.014627  159.744734  0.042211  0.147647  61.780085  0.081168  0.152131  270.440002  0.220000
1  0.014403  0.014403  160.093677  0.178964  0.522243  63.349205  0.218393  0.526788  270.440002  0.220000
1  0.011613  0.011929  160.943627  0.220243  0.492811  65.350224  0.260162  0.497460  285.970001  0.180000
1  0.015325  0.015325  161.906509  0.145808  0.070624  67.388948  0.186246  0.075440  285.970001  0.180000
1  0.018367  0.018367  162.628319  0.144476  0.043755  69.094154  0.185445  0.048712  285.970001  0.180000
1  0.020922  0.020922  163.220883  0.097072  -0.105300  70.539559  0.138577  -0.100222  285.970001  0.180000
1  0.016838  0.016838  163.853671  0.040347  -0.288227  71.920184  0.082405  -0.283020  285.970001  0.180000
1  0.016134  0.015701  164.241951  0.062717  -0.125600  73.066066  0.105323  -0.120339  285.970001  0.180000
1  0.008409  0.008409  164.795839  0.057657  -0.105074  74.324572  0.100848  -0.099686  285.970001  0.180000
1  0.007616  0.007616  165.105380  0.017044  -0.182237  75.264872  0.060814  -0.176732  285.970001  0.180000
1  0.009584  0.009584  165.277747  -0.001997  -0.185092  76.119199  0.042344  -0.179540  285.970001  0.180000
1  0.007284  0.007284  165.400562  0.021039  -0.040108  76.943384  0.065944  -0.034578  285.970001  0.180000
1  0.006281  0.006690  165.562905  0.003995  -0.083298  77.810452  0.049454  -0.077790  311.649994  0.250000
1  0.006728  0.006728  165.781350  0.013982  -0.031383  78.716292  0.060011  -0.025830  311.649994  0.250000
1  0.005416  0.005416  165.934888  0.011052  -0.033366  79.607590  0.057643  -0.027818  311.649994  0.250000
1  0.006620  0.006620  166.073753  0.016378  -0.009472  80.513202  0.063523  -0.003946  311.649994  0.250000
1  0.006534  0.006534  166.218701  0.017044  -0.000235  81.411675  0.064755  0.005315  311.649994  0.250000
1  0.005736  0.005150  166.387913  0.012384  -0.021625  82.345391  0.060665  -0.016050  311.649994  0.250000
1  0.007870  0.007870  166.501007  0.018376  0.003186  83.253086  0.067214  0.008739  311.649994  0.250000
1  0.006523  0.006523  166.591712  0.021039  0.012935  84.165030  0.070431  0.018457  311.649994  0.250000
1  0.007435  0.007435  166.706610  0.010120  -0.024675  85.054992  0.060071  -0.019147  311.649994  0.250000
1  0.006981  0.006981  166.804444  0.015579  -0.005770  85.982626  0.066091  -0.000243  311.649994  0.250000
1  0.007079  0.007115  166.899641  0.013848  -0.017191  86.923858  0.064923  -0.011650  333.709991  0.210000
1  0.007264  0.007264  166.965153  0.019974  0.006825  87.857619  0.071612  0.012373  333.709991  0.210000
1  0.007371  0.007371  167.094218  0.021838  0.014840  88.786208  0.074039  0.020386  333.709991  0.210000
1  0.005873  0.005873  167.147857  0.012117  -0.021072  89.701711  0.064880  -0.015528  333.709991  0.210000
1  0.008010  0.008010  167.195566  0.009987  -0.023956  90.597749  0.063311  -0.018411  333.709991  0.210000
1  0.006665  0.006556  167.246305  -0.001864  -0.065165  91.480053  0.052015  -0.059646  333.709991  0.210000
1  0.007166  0.007166  167.252357  0.016512  0.010704  92.372984  0.070948  0.016222  333.709991  0.210000
1  0.008004  0.008004  167.311648  0.006924  -0.027742  93.274339  0.061914  -0.022244  333.709991  0.210000
1  0.006454  0.006454  167.316956  0.022903  0.038312  94.160200  0.078446  0.043803  333.709991  0.210000
1  0.006248  0.006248  167.341023  0.022104  0.030836  95.084793  0.078206  0.036335  333.709991  0.210000
1  0.006573  0.006857  167.312808  0.017044  0.008744  95.999064  0.073697  0.014224  1.200000  0.240000
1  0.006143  0.006143  167.369375  0.012384  -0.007375  96.911405  0.069604  -0.001854  1.200000  0.240000
1  0.006904  0.006904  167.365886  0.013715  -0.001528  97.815809  0.071492  0.003988  1.200000  0.240000
1  0.006868  0.006868  167.389923  0.015047  0.007716  98.708987  0.073378  0.013218  1.200000  0.240000
1  0.006157  0.006157  167.446309  0.013049  -0.003319  99.620867  0.071932  0.002163  1.200000  0.240000
1  0.009788  0.009384  167.459217  0.011585  -0.005125  100.514336  0.071025  0.000348  1.200000  0.240000
1  0.006394  0.006394  167.501960  0.013183  0.002997  101.413558  0.073183  0.008489  1.200000  0.240000
1  0.008083  0.008083  167.521293  0.015047  0.011910  102.304457  0.075598  0.017383  1.200000  0.240000
1  0.007206  0.007206  167.463232  0.009987  -0.007181  103.187383  0.071083  -0.001725  1.200000  0.240000
1  0.006954  0.006954  167.505107  0.015313  0.012638  104.094875  0.076964  0.018107  1.200000  0.240000
1  0.007658  0.007150  167.549439  0.011585  -0.008990  105.031861  0.073792  -0.003513  1.200000  0.240000
1  0.007864  0.007864  167.535783  0.017311  0.013213  105.941917  0.080066  0.018667  1.200000  0.240000
1  0.007102  0.007102  167.541705  0.024901  0.042450  106.857695  0.088207  0.047903  349.299988  0.310000
1  0.006743  0.006743  167.555107  0.017843  0.009545  107.793845  0.081699  0.014991  349.299988  0.310000
1  0.006740  0.006740  167.549401  0.009587  -0.024310  108.716902  0.073989  -0.018888  349.299988  0.310000
1  0.007344  0.007168  167.553399  0.018109  0.007675  109.644258  0.083056  0.013083  349.299988  0.310000
1  0.008726  0.008726  167.532687  0.029827  0.056705  110.556139  0.095320  0.062108  349.299988  0.310000
1  0.007130  0.007130  167.556286  0.020506  0.020280  111.472330  0.086545  0.025687  349.299988  0.310000
1  0.006070  0.006070  167.526604  0.012916  -0.014102  112.408484  0.079501  -0.008698  349.299988  0.310000
1  0.006656  0.006656  167.584302  0.015713  -0.001178  113.354883  0.082858  0.004234  349.299988  0.310000
1  0.005412  0.005828  167.617600  0.015713  0.000098  114.278103  0.083404  0.005504  352.149994  0.260000
1  0.007438  0.007438  167.631424  0.018243  0.009125  115.194679  0.086468  0.014508  352.149994  0.260000
1  0.006844  0.006844  167.650885  0.017710  0.008864  116.115880  0.086483  0.014255  352.149994  0.260000
1  0.005510  0.005510  167.679597  0.026898  0.045612  117.038078  0.096213  0.050992  352.149994  0.260000
1  0.007806  0.007806  167.684091  0.019308  0.012703  117.970997  0.089164  0.018078  352.149994  0.260000
1  0.006056  0.006169  167.703748  0.023436  0.027084  118.907160  0.093830  0.032442  352.149994  0.260000
1  0.006543  0.006543  167.710244  0.012251  -0.016360  119.831996  0.083184  -0.011010  352.149994  0.260000
1  0.005300  0.005300  167.742966  0.021305  0.017874  120.765828  0.092773  0.023196  352.149994  0.260000
1  0.007331  0.007331  167.781068  0.024235  0.026616  121.709319  0.096239  0.031930  352.149994  0.260000
1  0.006132  0.006132  167.753623  0.011585  -0.025186  122.666059  0.084129  -0.019911  352.149994  0.260000
1  0.006515  0.006393  167.719656  0.033689  0.065277  123.571815  0.106754  0.070556  327.149994  0.190000
1  0.005500  0.005500  167.757561  0.026898  0.037376  124.536255  0.100511  0.042656  327.149994  0.190000
1  0.008485  0.008485  167.742451  0.013582  -0.015954  125.471849  0.087723  -0.010688  327.149994  0.190000
1  0.005315  0.005315  167.778626  0.020506  0.011978  126.416735  0.095182  0.017243  327.149994  0.190000
1  0.006929  0.006929  167.757273  0.019574  0.008588  127.348684  0.094779  0.013855  327.149994  0.190000
1  0.007396  0.007518  167.764192  0.016512  -0.004578  128.285953  0.092243  0.000676  327.149994  0.190000
1  0.006314  0.006314  167.760186  0.009587  -0.031831  129.219087  0.085842  -0.026604  327.149994  0.190000
1  0.007311  0.007311  167.799258  0.013582  -0.018001  130.160233  0.090357  -0.012789  327.149994  0.190000
1  0.006829  0.006829  167.813977  0.010386  -0.028723  131.091813  0.087684  -0.023525  327.149994  0.190000
1  0.006537  0.006537  167.810061  0.013848  -0.014508  132.033692  0.091670  -0.009320  327.149994  0.190000
1  0.007298  0.006959  167.845908  0.011718  -0.023194  132.974881  0.090062  -0.018014  320.519989  0.200000
1  0.006378  0.006378  167.873607  0.015713  -0.005867  133.910474  0.094579  -0.000694  320.519989  0.200000
1  0.006596  0.006596  167.860247  0.010519  -0.022523  134.866336  0.089924  -0.017360  320.519989  0.200000
1  0.007977  0.007977  167.839880  0.018243  0.006783  135.773968  0.098143  0.011909  320.519989  0.200000
1  0.006778  0.006778  167.856297  0.024501  0.030334  136.744225  0.104930  0.035440  320.519989  0.200000
1  0.007416  0.007526  167.864954  0.016245  -0.007530  137.702690  0.097185  -0.002444  320.519989  0.200000
1  0.006099  0.006099  167.854092  0.022237  0.013214  138.665427  0.103687  0.018286  320.519989  0.200000
1  0.007456  0.007456  167.839396  0.027164  0.033848  139.585808  0.109110  0.038906  320.519989  0.200000
1  0.007916  0.007916  167.840800  0.010386  -0.031066  140.545572  0.092840  -0.026068  320.519989  0.200000
1  0.006633  0.006633  167.899503  0.021039  0.009217  141.493943  0.103992  0.014207  320.519989  0.200000
1  0.006156  0.006451  167.915284  0.014781  -0.016066  142.448403  0.098235  -0.011090  355.059998  0.130000
1  0.007688  0.007688  167.884473  0.021971  0.014066  143.384187  0.105917  0.019025  355.059998  0.130000
1  0.005456  0.005456  167.875199  0.011984  -0.026622  144.332096  0.096422  -0.021693  355.059998  0.130000
1  0.007452  0.007452  167.911353  0.010253  -0.031464  145.276381  0.095188  -0.026520  355.059998  0.130000
1  0.006646  0.006646  167.916893  0.015180  -0.010515  146.234248  0.100621  -0.005552  355.059998  0.130000
1  0.007146  0.008367  167.912247  0.014781  -0.012354  147.220558  0.100726  -0.007448  355.059998  0.130000
1  0.007256  0.007256  167.947062  0.020107  0.007985  148.182246  0.106545  0.012870  355.059998  0.130000
1  0.005826  0.005826  167.903669  0.018376  0.000685  149.088970  0.105266  0.005497  355.059998  0.130000
1  0.006071  0.006071  167.915180  0.025566  0.029337  150.074298  0.112948  0.034109  355.059998  0.130000
1  0.007002  0.007002  167.948963  0.015047  -0.011234  151.015460  0.102900  -0.006493  355.059998  0.130000
1  0.006792  0.006661  167.959117  0.017444  -0.000468  151.992512  0.105793  0.004303  355.059998  0.130000
1  0.007790  0.007790  167.939076  0.017177  -0.002211  152.954479  0.106002  0.002531  355.059998  0.130000
1  0.007658  0.007658  167.939624  0.020906  0.010695  153.913088  0.110188  0.015364  336.070007  0.080000
1  0.006397  0.006397  167.930771  0.011984  -0.024033  154.875430  0.101733  -0.019383  336.070007  0.080000
1  0.006908  0.006908  167.932905  0.020639  0.009570  155.837373  0.110846  0.014170  336.070007  0.080000
1  0.006519  0.006439  167.914763  0.022504  0.015158  156.819436  0.113178  0.019764  336.070007  0.080000
1  0.008355  0.008355  167.939748  0.013715  -0.015923  157.787770  0.104866  -0.011274  336.070007  0.080000
1  0.008247  0.008247  167.966362  0.026765  0.034284  158.764534  0.118372  0.038902  336.070007  0.080000
1  0.006375  0.006375  167.994187  0.011052  -0.034551  159.750768  0.103094  -0.030033  336.070007  0.080000
1  0.006304  0.006304  168.026230  0.018243  -0.004635  160.735270  0.110739  -0.000128  336.070007  0.080000
1  0.008035  0.008281  168.002638  0.009454  -0.040237  161.642547  0.102299  -0.036087  242.809998  0.160000
1  0.005997  0.005997  168.031564  0.014248  -0.020002  162.580990  0.107482  -0.015959  242.809998  0.160000
1  0.007751  0.007751  167.987568  0.027031  0.033111  163.447404  0.120564  0.036768  242.809998  0.160000
1  0.007609  0.007609  168.015914  0.011452  -0.029980  164.390110  0.105361  -0.026292  242.809998  0.160000
1  0.006755  0.006755  167.992743  0.023036  0.013708  165.270230  0.117231  0.017106  242.809998  0.160000
2  0.000000  0.008030  168.005894  0.020773  0.002879  166.122396  0.115211  0.005880  242.809998  0.160000
2  -0.019321  0.006271  168.014861  0.024368  0.017618  166.879752  0.118933  0.020103  242.809998  0.160000
2  -0.054678  0.006956  167.962684  0.018642  -0.004311  167.413197  0.113053  -0.003147  242.809998  0.160000
2  0.102229  0.007460  167.982673  0.015846  -0.015569  167.973894  0.110135  -0.015217  242.809998  0.160000
2  0.043534  0.004939  168.014283  0.020373  0.007183  168.504383  0.114529  0.006975  242.809998  0.160000
2  -0.052244  0.006887  168.017533  0.016512  -0.010151  168.917120  0.110349  -0.011327  215.029999  0.150000
2  -0.057606  0.006912  168.025806  0.012251  -0.026530  169.313591  0.105771  -0.028373  215.029999  0.150000
2  -0.077161  0.006276  167.979490  0.020506  0.006120  169.631600  0.113613  0.003531  215.029999  0.150000
2  0.061704  0.007987  167.994768  0.020906  0.010260  170.036780  0.113727  0.007585  215.029999  0.150000
2  0.019793  0.004076  168.031459  0.020906  0.007502  170.412271  0.113375  0.004557  215.029999  0.150000
2  -0.086451  0.007031  168.004772  0.019841  0.001654  170.710639  0.111864  -0.001761  215.029999  0.150000
2  -0.001792  0.007092  168.000993  0.019841  0.004404  170.993530  0.111422  0.000682  215.029999  0.150000
2  0.013538  0.007272  168.004125  0.012117  -0.028429  171.302606  0.103275  -0.032287  215.029999  0.150000
2  0.011809  0.006910  167.971815  0.016112  -0.010649  171.556025  0.106793  -0.014809  215.029999  0.150000
2  0.110677  0.006663  167.966912  0.022903  0.015553  171.829017  0.113132  0.011302  215.029999  0.150000
2  0.125763  0.006365  167.984401  0.014514  -0.020889  172.086156  0.104255  -0.025325  205.320007  0.180000
2  0.080868  0.007408  167.990116  0.017976  -0.010830  172.344411  0.107221  -0.015414  205.320007  0.180000
2  0.065090  0.006220  167.995518  0.018243  -0.008534  172.592714  0.107013  -0.013131  205.320007  0.180000
2  0.051570  0.007900  168.047441  0.022237  0.009184  172.882447  0.110588  0.004758  205.320007  0.180000
2  -0.104113  0.007961  168.043618  0.021172  0.005909  173.117072  0.109040  0.001360  205.320007  0.180000
2  -0.090201  0.006155  168.062289  0.017444  -0.009426  173.363152  0.104839  -0.014022  205.320007  0.180000
2  -0.142830  0.007174  168.051778  0.024368  0.016579  173.588119  0.111254  0.011840  205.320007  0.180000
2  -0.113326  0.007552  168.071363  0.020373  0.000867  173.825357  0.106782  -0.003854  205.320007  0.180000
2  -0.169033  0.006620  168.083809  0.022637  0.011429  174.066768  0.108589  0.006780  205.320007  0.180000
2  -0.206752  0.007928  168.092566  0.026498  0.025848  174.312856  0.111990  0.021206  205.320007  0.180000
2  -0.234455  0.007655  168.105803  0.027031  0.027299  174.540847  0.112041  0.022628  224.949997  0.150000
2  -0.274222  0.005959  168.086606  0.016645  -0.015454  174.757109  0.101154  -0.020219  224.949997  0.150000
2  -0.211183  0.007041  168.097367  0.021039  0.000806  174.974661  0.105057  -0.003993  224.949997  0.150000
2  -0.245652  0.005542  168.104852  0.026232  0.020776  175.195175  0.109764  0.015975  224.949997  0.150000
2  -0.270898  0.008311  168.104715  0.027830  0.028691  175.394044  0.110860  0.023840  224.949997  0.150000
2  -0.271599  0.006490  168.090399  0.013715  -0.022969  175.580300  0.096230  -0.027856  224.949997  0.150000
2  -0.221881  0.007351  168.092620  0.023569  0.013813  175.803978  0.105611  0.009002  224.949997  0.150000
2  -0.233881  0.006548  168.091589  0.022770  0.011630  175.999389  0.104312  0.006783  224.949997  0.150000
2  -0.230890  0.007531  168.038716  0.018109  -0.009455  176.175666  0.099141  -0.014411  224.949997  0.150000
2  -0.070007  0.007802  168.078027  0.015180  -0.022209  176.373346  0.095714  -0.027149  224.949997  0.150000
2  -0.187019  0.006632  168.094674  0.020906  0.000731  176.561549  0.100944  -0.004190  224.949997  0.150000
2  -0.240616  0.004656  168.097954  0.029694  0.033746  176.764415  0.109241  0.028847  224.949997  0.150000
2  -0.255748  0.007072  168.102299  0.024901  0.015277  176.932597  0.103926  0.010297  285.230011  0.130000
2  -0.267400  0.006178  168.076306  0.026099  0.021395  177.101093  0.104611  0.016377  285.230011  0.130000
2  -0.190837  0.006513  168.078238  0.023569  0.008383  177.295855  0.101589  0.003414  285.230011  0.130000
2  -0.196265  0.007234  168.090834  0.021572  0.003839  177.457262  0.099072  -0.001141  285.230011  0.130000
2  -0.234131  0.006375  168.130937  0.022371  0.003696  177.654186  0.099396  -0.001194  285.230011  0.130000
2  -0.356370  0.006238  168.140068  0.010653  -0.043171  177.821319  0.087172  -0.048097  285.230011  0.130000
2  -0.379573  0.006654  168.153469  0.020373  -0.004735  177.998971  0.096403  -0.009641  285.230011  0.130000
2  -0.426486  0.006671  168.178279  0.030227  0.034324  178.168924  0.105773  0.029444  285.230011  0.130000
2  -0.507979  0.006704  168.145537  0.021572  0.001935  178.305262  0.096602  -0.003023  284.799988  0.100000
2  -0.407273  0.007055  168.191892  0.021039  -0.002942  178.469610  0.095562  -0.007917  284.799988  0.100000
2  -0.548415  0.004796  168.201247  0.023968  0.012688  178.592531  0.097953  0.007637  284.799988  0.100000
2  -0.580415  0.007508  168.254737  0.027431  0.025686  178.734852  0.100909  0.020628  284.799988  0.100000
1  0.006589  0.006589  168.299580  0.020773  0.001894  178.885679  0.093776  -0.003044  284.799988  0.100000
1  0.007201  0.008303  168.285215  0.013316  -0.026694  179.020714  0.085823  -0.031633  284.799988  0.100000
1  0.007246  0.007246  168.291907  0.019175  -0.007336  179.165191  0.091166  -0.012320  284.799988  0.100000
1  0.008050  0.008050  168.305536  0.023569  0.009300  179.313320  0.095062  0.004332  284.799988  0.100000
1  0.005481  0.005481  168.268174  0.032091  0.043109  179.434124  0.103049  0.038068  284.799988  0.100000
