mode yawCmd rudderSet rudderIs gpsCourse gpsSpeed cY cW cWd mY mW mWd accGyroCount magCount psid psiTilde rTilde integralPsiTilde rudderMoment tauFF 
1  0.000000  1.207125  1.207125  13503966525611861306302969458226124351096874140086104887930591195816467499193343448000699307594137989943743604634739559051456661271024976276531122692863492052676210945078093915843940218889599765744467117548057644170649495077797427035369050582858088864945926238633984.000000  0.000000 -nan  -nan  -1.239943  4.007671  0.856484  0.123378 398 197 0.000000  0.000000  0.000000  0.000000  0.000000  0.000000 
1  4.007671  1.217249  1.217249  13503966525611861306302969458226124351096874140086104887930591195816467499193343448000699307594137989943743604634739559051456661271024976276531122692863492052676210945078093915843940218889599765744467117548057644170649495077797427035369050582858088864945926238633984.000000  0.000000 nan  -nan  0.954127  4.241838  0.735912  -0.322680 26 12 4.007671  0.000000  0.000000  0.000000  0.000000  0.000000 
1  4.241838  1.216738  1.216738  13503966525611861306302969458226124351096874140086104887930591195816467499193343448000699307594137989943743604634739559051456661271024976276531122692863492052676210945078093915843940218889599765744467117548057644170649495077797427035369050582858088864945926238633984.000000  0.000000 nan  -nan  -2.421959  4.489234  0.736868  -0.316798 25 12 4.241838  0.000000  0.000000  0.000000  0.000000  0.000000 
1  4.489234  1.217571  1.217571  348.519989  0.040000 -nan  -nan  -1.402812  4.751554  0.738335  -0.380214 24 13 4.489234  0.000000  0.000000  0.000000  0.000000  0.000000 
1  4.751554  1.217813  1.218006  348.519989  0.040000 nan  -nan  1.373661  5.012791  0.890265  0.230692 26 12 4.751554  0.000000  0.000000  0.000000  0.000000  0.000000 
1  5.012791  1.217669  1.217669  348.519989  0.040000 nan  -nan  -1.576358  5.295738  0.991604  0.451987 25 12 5.012791  0.000000  0.000000  0.000000  0.000000  0.000000 
1  5.295738  1.219807  1.219807  348.519989  0.040000 nan  -nan  -0.378323  5.575032  0.752282  -0.537245 25 12 5.295738  0.000000  0.000000  0.000000  0.000000  0.000000 
1  5.575032  1.216576  1.216576  348.519989  0.040000 -nan  -nan  0.037361  5.920046  0.863597  -0.102045 24 13 5.575032  0.000000  0.000000  0.000000  0.000000  0.000000 
1  5.920046  1.217616  1.217616  348.519989  0.040000 nan  -nan  -3.072238  6.278256  0.795092  -0.359748 26 12 5.920046  0.000000  0.000000  0.000000  0.000000  0.000000 
1  6.278256  1.217619  1.217619  348.519989  0.040000 nan  -nan  -0.107004  6.749269  0.987950  0.344870 25 12 6.278256  0.000000  0.000000  0.000000  0.000000  0.000000 
1  6.749269  1.218094  1.218094  348.519989  0.030000 -nan  -nan  1.381311  7.302229  0.968868  0.209484 25 12 6.749269  0.000000  0.000000  0.000000  0.000000  0.000000 
1  7.302229  1.217508  1.217508  348.519989  0.030000 -nan  -nan  -1.520348  7.968878  1.076381  0.552205 25 13 7.302229  0.000000  0.000000  0.000000  0.000000  0.000000 
1  7.968878  1.217699  1.217699  348.519989  0.030000 -nan  -nan  0.131262  8.692823  1.120088  0.530410 25 12 7.968878  0.000000  0.000000  0.000000  0.000000  0.000000 
1  8.692823  1.218150  1.218150  348.519989  0.030000 nan  -nan  2.980827  9.520871  1.058022  0.177108 25 12 8.692823  0.000000  0.000000  0.000000  0.000000  0.000000 
1  9.520871  1.217758  1.217758  348.519989  0.030000 -nan  -nan  -0.182658  10.249039  1.011882  0.014661 25 13 9.520871  0.000000  0.000000  0.000000  0.000000  0.000000 
1  10.249039  1.217679  1.217679  348.519989  0.030000 nan  -nan  -0.015534  11.188486  1.058157  0.099587 25 12 10.249039  0.000000  0.000000  0.000000  0.000000  0.000000 
1  11.188486  1.217080  1.217080  348.519989  0.030000 nan  -nan  0.903208  12.038350  1.077717  0.163595 25 12 11.188486  0.000000  0.000000  0.000000  0.000000  0.000000 
1  12.038350  1.216458  1.216458  348.519989  0.030000 -nan  -nan  -0.106114  12.990053  1.087484  0.165762 25 13 12.038350  0.000000  0.000000  0.000000  0.000000  0.000000 
1  12.990053  1.216610  1.216610  348.519989  0.030000 nan  -nan  0.271042  14.023401  1.131607  0.259311 25 12 12.990053  0.000000  0.000000  0.000000  0.000000  0.000000 
1  14.023401  1.216393  1.216649  348.519989  0.030000 -nan  -nan  -1.080937  14.996194  1.102168  0.130846 25 12 14.023401  0.000000  0.000000  0.000000  0.000000  0.000000 
1  14.996194  1.217327  1.217327  348.519989  0.090000 -nan  -nan  0.130756  15.877269  1.100610  0.074034 25 12 14.996194  0.000000  0.000000  0.000000  0.000000  0.000000 
1  15.877269  1.217416  1.217416  348.519989  0.090000 -nan  -nan  -0.381789  16.875147  1.229340  0.526832 25 13 15.877269  0.000000  0.000000  0.000000  0.000000  0.000000 
1  16.875147  1.217450  1.217450  348.519989  0.090000 -nan  -nan  0.229359  17.953185  1.159281  0.117196 25 12 16.875147  0.000000  0.000000  0.000000  0.000000  0.000000 
1  17.953185  1.216805  1.216805  348.519989  0.090000 nan  -nan  -2.210971  18.950404  1.244579  0.349681 25 12 17.953185  0.000000  0.000000  0.000000  0.000000  0.000000 
1  18.950404  1.216021  1.216021  348.519989  0.090000 -nan  -nan  0.140961  20.083491  1.337642  0.539102 25 13 18.950404  0.000000  0.000000  0.000000  0.000000  0.000000 
1  20.083491  1.216320  1.216320  348.519989  0.090000 -nan  -nan  0.033735  21.172030  1.229263  0.012040 25 12 20.083491  0.000000  0.000000  0.000000  0.000000  0.000000 
1  21.172030  1.216679  1.216679  348.519989  0.090000 -nan  -nan  -0.923984  22.201611  1.301530  0.277723 25 12 21.172030  0.000000  0.000000  0.000000  0.000000  0.000000 
1  22.201611  1.217924  1.217924  348.519989  0.090000 nan  -nan  -0.915963  23.339910  1.213771  -0.103498 25 12 22.201611  0.000000  0.000000  0.000000  0.000000  0.000000 
1  23.339910  1.216596  1.216596  348.519989  0.090000 -nan  -nan  -0.848325  24.480506  1.283169  0.173322 25 13 23.339910  0.000000  0.000000  0.000000  0.000000  0.000000 
1  24.480506  1.217905  1.217905  348.519989  0.090000 nan  -nan  -1.213533  25.571777  1.206932  -0.087021 25 12 24.480506  0.000000  0.000000  0.000000  0.000000  0.000000 
1  25.571777  1.216076  1.216076  348.519989  0.090000 nan  -nan  -0.357083  26.597879  1.420223  0.677042 25 12 25.571777  0.000000  0.000000  0.000000  0.000000  0.000000 
1  26.597879  1.216617  1.216951  348.519989  0.090000 -nan  -nan  0.173014  27.768348  1.320852  0.114600 25 13 26.597879  0.000000  0.000000  0.000000  0.000000  0.000000 
1  27.768348  1.217277  1.217277  348.519989  0.120000 nan  -nan  -0.208249  28.988447  1.401562  0.298252 25 12 27.768348  0.000000  0.000000  0.000000  0.000000  0.000000 
1  28.988447  1.215403  1.215403  348.519989  0.120000 -nan  -nan  1.132429  30.223264  1.474661  0.444800 25 13 28.988447  0.000000  0.000000  0.000000  0.000000  0.000000 
1  30.223264  1.216603  1.216603  348.519989  0.120000 nan  -nan  -0.542982  31.442692  1.366814  -0.094279 25 12 30.223264  0.000000  0.000000  0.000000  0.000000  0.000000 
1  31.442692  1.218144  1.218144  348.519989  0.120000 -nan  -nan  0.527442  32.685658  1.435402  0.247232 25 12 31.442692  0.000000  0.000000  0.000000  0.000000  0.000000 
1  32.685658  1.217058  1.216904  348.519989  0.120000 nan  -nan  -2.183272  33.913669  1.441322  -0.008774 25 13 32.685658  0.000000  0.000000  0.000000  0.000000  0.000000 
1  33.913669  1.216879  1.216879  348.519989  0.120000 -nan  -nan  0.082495  35.120325  1.435253  0.009634 25 12 33.913669  0.000000  0.000000  0.000000  0.000000  0.000000 
1  35.120325  1.217088  1.217088  348.519989  0.120000 nan  -nan  1.860849  36.419432  1.533793  0.327969 25 12 35.120325  0.000000  0.000000  0.000000  0.000000  0.000000 
1  36.419432  1.217331  1.217045  348.519989  0.120000 nan  -nan  -0.616070  37.676564  1.545144  0.242623 25 12 36.419432  0.000000  0.000000  0.000000  0.000000  0.000000 
1  37.676564  1.218379  1.218379  348.519989  0.090000 nan  -nan  1.137907  38.909861  1.595860  0.312769 25 13 37.676564  0.000000  0.000000  0.000000  0.000000  0.000000 
1  38.909861  1.218512  1.218512  348.519989  0.090000 -nan  -nan  0.450200  40.177286  1.594271  0.186968 25 12 38.909861  0.000000  0.000000  0.000000  0.000000  0.000000 
1  40.177286  1.218027  1.218027  348.519989  0.090000 nan  -nan  -0.313617  41.397067  1.544796  -0.041497 25 12 40.177286  0.000000  0.000000  0.000000  0.000000  0.000000 
1  41.397067  1.217020  1.217020  348.519989  0.090000 -nan  -nan  -1.155025  42.733601  1.612603  0.173744 25 13 41.397067  0.000000  0.000000  0.000000  0.000000  0.000000 
1  42.733601  1.217206  1.217390  348.519989  0.090000 -nan  -nan  0.302232  44.066562  1.804946  0.739426 25 12 42.733601  0.000000  0.000000  0.000000  0.000000  0.000000 
1  44.066562  1.217259  1.217259  348.519989  0.090000 nan  -nan  -1.059871  45.439692  1.685329  0.102445 25 12 44.066562  0.000000  0.000000  0.000000  0.000000  0.000000 
1  45.439692  1.216576  1.216576  348.519989  0.090000 -nan  -nan  0.005884  46.769151  1.786745  0.397615 25 13 45.439692  0.000000  0.000000  0.000000  0.000000  0.000000 
1  46.769151  1.218387  1.218387  348.519989  0.090000 -nan  -nan  0.321495  48.075696  1.696703  -0.031068 25 12 46.769151  0.000000  0.000000  0.000000  0.000000  0.000000 
1  48.075696  1.218424  1.218424  348.519989  0.090000 nan  -nan  -0.582928  49.426498  1.767829  0.207412 25 12 48.075696  0.000000  0.000000  0.000000  0.000000  0.000000 
1  49.426498  1.218068  1.217113  348.519989  0.090000 nan  -nan  0.333589  50.823343  1.892858  0.532150 25 13 49.426498  0.000000  0.000000  0.000000  0.000000  0.000000 
1  50.823343  1.218314  1.218314  348.519989  0.020000 -nan  -nan  0.014099  52.188254  1.861203  0.291766 25 12 50.823343  0.000000  0.000000  0.000000  0.000000  0.000000 
1  52.188254  1.218157  1.218157  348.519989  0.020000 nan  -nan  -0.470221  53.566661  1.919369  0.275380 25 12 52.188254  0.000000  0.000000  0.000000  0.000000  0.000000 
1  53.566661  1.217293  1.217293  348.519989  0.020000 -nan  -nan  -0.484874  54.943722  2.112342  0.873352 25 13 53.566661  0.000000  0.000000  0.000000  0.000000  0.000000 
1  54.943722  1.218178  1.218178  348.519989  0.020000 nan  -nan  -2.677618  56.270981  2.023315  0.313502 25 12 54.943722  0.000000  0.000000  0.000000  0.000000  0.000000 
1  56.270981  1.217956  1.217701  348.519989  0.020000 nan  -nan  1.032613  57.671908  1.996822  0.147663 25 12 56.270981  0.000000  0.000000  0.000000  0.000000  0.000000 
1  57.671908  1.218472  1.218472  348.519989  0.020000 nan  -nan  -1.818443  59.113976  1.949319  -0.113343 25 13 57.671908  0.000000  0.000000  0.000000  0.000000  0.000000 
1  59.113976  1.218371  1.218371  348.519989  0.020000 nan  -nan  -0.008903  60.455028  2.063301  0.278635 25 12 59.113976  0.000000  0.000000  0.000000  0.000000  0.000000 
1  60.455028  1.218267  1.218267  348.519989  0.020000 nan  -nan  1.074184  61.817673  2.121677  0.405461 25 12 60.455028  0.000000  0.000000  0.000000  0.000000  0.000000 
1  61.817673  1.217927  1.217927  348.519989  0.020000 nan  -nan  0.728127  63.206998  2.213037  0.578538 25 12 61.817673  0.000000  0.000000  0.000000  0.000000  0.000000 
1  63.206998  1.216345  1.216345  348.519989  0.020000 nan  -nan  0.110732  64.623258  2.174903  0.224759 25 13 63.206998  0.000000  0.000000  0.000000  0.000000  0.000000 
1  64.623258  1.217173  1.217173  348.519989  0.040000 nan  -nan  1.461324  66.000397  2.231579  0.372201 25 12 64.623258  0.000000  0.000000  0.000000  0.000000  0.000000 
1  66.000397  1.216522  1.216522  348.519989  0.040000 nan  -nan  -3.031376  67.393890  2.264136  0.322474 25 12 66.000397  0.000000  0.000000  0.000000  0.000000  0.000000 
1  67.393890  1.215357  1.215357  348.519989  0.040000 -nan  -nan  -0.527290  68.792845  2.207198  0.053346 25 13 67.393890  0.000000  0.000000  0.000000  0.000000  0.000000 
1  68.792845  1.216560  1.216560  348.519989  0.040000 -nan  -nan  -0.240003  70.179529  2.232140  0.087609 25 12 68.792845  0.000000  0.000000  0.000000  0.000000  0.000000 
1  70.179529  1.218127  1.218127  348.519989  0.040000 nan  -nan  -0.305174  71.536079  2.262780  0.211486 25 12 70.179529  0.000000  0.000000  0.000000  0.000000  0.000000 
1  71.536079  1.217823  1.217823  348.519989  0.040000 nan  -nan  1.887653  72.919212  2.379348  0.529392 25 12 71.536079  0.000000  0.000000  0.000000  0.000000  0.000000 
1  72.919212  1.216020  1.216246  348.519989  0.040000 -nan  -nan  -0.922847  74.330523  2.399252  0.407038 25 12 72.919212  0.000000  0.000000  0.000000  0.000000  0.000000 
1  74.330523  1.217338  1.217338  348.519989  0.040000 -nan  -nan  -4.230080  75.721864  2.427158  0.286657 25 12 74.330523  0.000000  0.000000  0.000000  0.000000  0.000000 
1  75.721864  1.215872  1.215872  348.519989  0.040000 nan  -nan  1.485831  77.111407  2.308885  -0.160946 25 12 75.721864  0.000000  0.000000  0.000000  0.000000  0.000000 
1  77.111407  1.216178  1.216178  348.519989  0.040000 -nan  -nan  -0.644549  78.531390  2.344498  -0.064359 25 13 77.111407  0.000000  0.000000  0.000000  0.000000  0.000000 
1  78.531390  1.217053  1.217053  348.519989  0.060000 -nan  -nan  -1.179231  79.932182  2.519096  0.452188 25 12 78.531390  0.000000  0.000000  0.000000  0.000000  0.000000 
1  79.932182  1.217167  1.217167  348.519989  0.060000 -nan  -nan  -1.065428  81.301171  2.398809  -0.077034 25 12 79.932182  0.000000  0.000000  0.000000  0.000000  0.000000 
1  81.301171  1.217470  1.217470  348.519989  0.060000 nan  -nan  -0.284487  82.702333  2.456872  0.136273 25 13 81.301171  0.000000  0.000000  0.000000  0.000000  0.000000 
1  82.702333  1.217194  1.217194  348.519989  0.060000 nan  -nan  -3.127817  84.086685  2.576381  0.422149 25 12 82.702333  0.000000  0.000000  0.000000  0.000000  0.000000 
1  84.086685  1.216809  1.216809  348.519989  0.060000 nan  -nan  1.991907  85.452307  2.620185  0.461979 25 12 84.086685  0.000000  0.000000  0.000000  0.000000  0.000000 
1  85.452307  1.216058  1.216058  348.519989  0.060000 -nan  -nan  -0.842958  86.850169  2.670803  0.448574 25 12 85.452307  0.000000  0.000000  0.000000  0.000000  0.000000 
1  86.850169  1.215963  1.215963  348.519989  0.060000 nan  -nan  0.351979  88.276479  2.785351  0.724478 25 13 86.850169  0.000000  0.000000  0.000000  0.000000  0.000000 
1  88.276479  1.217412  1.217412  348.519989  0.060000 -nan  -nan  -1.256878  89.625440  2.582825  -0.098988 25 12 88.276479  0.000000  0.000000  0.000000  0.000000  0.000000 
1  89.625440  1.217057  1.217057  348.519989  0.060000 -nan  -nan  0.513730  90.997032  2.695946  0.310567 25 12 89.625440  0.000000  0.000000  0.000000  0.000000  0.000000 
1  90.997032  1.218052  1.218052  348.519989  0.060000 -nan  -nan  -1.024371  92.366924  2.643105  -0.018686 25 13 90.997032  0.000000  0.000000  0.000000  0.000000  0.000000 
1  92.366924  1.218137  1.218137  348.519989  0.060000 nan  -nan  -0.407268  93.724378  2.728905  0.243110 25 12 92.366924  0.000000  0.000000  0.000000  0.000000  0.000000 
1  93.724378  1.216738  1.216738  348.519989  0.060000 nan  -nan  -0.524434  95.111233  2.675891  -0.036891 25 13 93.724378  0.000000  0.000000  0.000000  0.000000  0.000000 
1  95.111233  1.215601  1.215601  348.519989  0.040000 -nan  -nan  -0.134312  96.442168  2.768341  0.271820 25 12 95.111233  0.000000  0.000000  0.000000  0.000000  0.000000 
1  96.442168  1.217111  1.217111  348.519989  0.040000 -nan  -nan  0.127774  97.784284  2.882571  0.524204 25 12 96.442168  0.000000  0.000000  0.000000  0.000000  0.000000 
1  97.784284  1.218482  1.218482  348.519989  0.040000 nan  -nan  0.920536  99.197370  2.953052  0.531026 25 13 97.784284  0.000000  0.000000  0.000000  0.000000  0.000000 
1  99.197370  1.217469  1.216556  348.519989  0.040000 nan  -nan  0.432927  100.491982  2.845502  0.009664 26 12 99.197370  0.000000  0.000000  0.000000  0.000000  0.000000 
1  100.491982  1.217966  1.217966  348.519989  0.040000 nan  -nan  -0.345589  101.832525  2.942537  0.198015 25 12 100.491982  0.000000  0.000000  0.000000  0.000000  0.000000 
1  101.832525  1.218724  1.218724  348.519989  0.040000 nan  -nan  -1.260435  103.172532  3.034680  0.435094 25 12 101.832525  0.000000  0.000000  0.000000  0.000000  0.000000 
1  103.172532  1.217597  1.217597  348.519989  0.040000 nan  -nan  0.610117  104.556983  3.107461  0.575675 25 13 103.172532  0.000000  0.000000  0.000000  0.000000  0.000000 
1  104.556983  1.217397  1.217397  348.519989  0.040000 -nan  -nan  1.589397  105.899350  3.015257  0.119149 25 12 104.556983  0.000000  0.000000  0.000000  0.000000  0.000000 
1  105.899350  1.217222  1.217222  348.519989  0.010000 -nan  -nan  0.632310  107.180987  2.996176  0.007778 25 12 105.899350  0.000000  0.000000  0.000000  0.000000  0.000000 
1  107.180987  1.217797  1.217797  348.519989  0.010000 nan  -nan  0.328197  108.557794  3.097583  0.311409 25 13 107.180987  0.000000  0.000000  0.000000  0.000000  0.000000 
1  108.557794  1.217011  1.217011  348.519989  0.010000 nan  -nan  1.038958  109.884931  3.225308  0.646634 25 12 108.557794  0.000000  0.000000  0.000000  0.000000  0.000000 
1  109.884931  1.218936  1.218936  348.519989  0.010000 nan  -nan  0.814192  111.177474  3.139675  0.171888 25 12 109.884931  0.000000  0.000000  0.000000  0.000000  0.000000 
1  111.177474  1.219470  1.219470  348.519989  0.010000 nan  -nan  -2.268837  112.475841  3.045889  -0.306971 24 13 111.177474  0.000000  0.000000  0.000000  0.000000  0.000000 
1  112.475841  1.216571  1.216735  348.519989  0.010000 -nan  -nan  0.079847  113.813456  3.308200  0.643192 26 12 112.475841  0.000000  0.000000  0.000000  0.000000  0.000000 
1  113.813456  1.218146  1.218146  348.519989  0.010000 -nan  -nan  -0.094543  115.089838  3.269455  0.330031 25 12 113.813456  0.000000  0.000000  0.000000  0.000000  0.000000 
1  115.089838  1.217397  1.217397  348.519989  0.010000 nan  -nan  -2.269377  116.435089  3.206241  -0.019076 25 13 115.089838  0.000000  0.000000  0.000000  0.000000  0.000000 
1  116.435089  1.216333  1.216333  348.519989  0.010000 nan  -nan  -1.168991  117.747744  3.288916  0.196118 25 12 116.435089  0.000000  0.000000  0.000000  0.000000  0.000000 
1  117.747744  1.216149  1.216149  348.519989  0.010000 nan  -nan  -0.186452  118.977655  3.334152  0.299869 25 12 117.747744  0.000000  0.000000  0.000000  0.000000  0.000000 
