1  0.000000  -0.017791  -0.017791  30.589525  0.366211  -1.563975  2.743490  0.434083  -1.530706  3819471881242763251679750889039846637384456518199816452313024117133957269121436679372509792406160705723669747666991032749056441809958072146554922145000623849254536436968108126760899135193824617408991966002257681348134509577704259104199233516052455851028325727207424.000000  10700106017933480351421333397687468179356723165964993944082494373103807708332495272185023477835404361493809371642054583025238210189835719351701673820144577246403557209860405832151891451429383438179060940817404860833436030708394183647451355453160099361106568463515648.000000
1  2.743490  -0.014764  -0.014764  33.007326  0.679016  -0.386104  2.905584  0.750171  -0.353272  3819471881242763251679750889039846637384456518199816452313024117133957269121436679372509792406160705723669747666991032749056441809958072146554922145000623849254536436968108126760899135193824617408991966002257681348134509577704259104199233516052455851028325727207424.000000  10700106017933480351421333397687468179356723165964993944082494373103807708332495272185023477835404361493809371642054583025238210189835719351701673820144577246403557209860405832151891451429383438179060940817404860833436030708394183647451355453160099361106568463515648.000000
1  2.905584  -0.014370  -0.014370  36.259755  0.724792  -0.429862  3.082423  0.799236  -0.397044  3819471881242763251679750889039846637384456518199816452313024117133957269121436679372509792406160705723669747666991032749056441809958072146554922145000623849254536436968108126760899135193824617408991966002257681348134509577704259104199233516052455851028325727207424.000000  10700106017933480351421333397687468179356723165964993944082494373103807708332495272185023477835404361493809371642054583025238210189835719351701673820144577246403557209860405832151891451429383438179060940817404860833436030708394183647451355453160099361106568463515648.000000
1  3.082423  -0.014476  -0.014476  39.809484  1.144409  1.040480  3.262999  1.221936  1.072500  3819471881242763251679750889039846637384456518199816452313024117133957269121436679372509792406160705723669747666991032749056441809958072146554922145000623849254536436968108126760899135193824617408991966002257681348134509577704259104199233516052455851028325727207424.000000  10700106017933480351421333397687468179356723165964993944082494373103807708332495272185023477835404361493809371642054583025238210189835719351701673820144577246403557209860405832151891451429383438179060940817404860833436030708394183647451355453160099361106568463515648.000000
1  3.262999  -0.014960  -0.014960  43.266415  0.595093  -1.105372  3.427087  0.675345  -1.075051  304.100006  1.020000
1  3.427087  -0.017072  -0.017072  47.091374  1.487732  2.183223  3.617620  1.570874  2.212986  304.100006  1.020000
1  3.617620  -0.016131  -0.016131  51.195083  0.778198  -0.802359  3.806466  0.864173  -0.773184  304.100006  1.020000
1  3.806466  -0.015089  -0.015310  55.271571  1.029968  -0.071000  4.007043  1.118696  -0.042479  304.100006  1.020000
1  4.007043  -0.016604  -0.016604  59.610233  1.251221  0.818082  4.196279  1.342667  0.846102  304.100006  1.020000
1  4.196279  -0.013842  -0.013842  63.798332  1.098633  0.391473  4.369068  1.192672  0.418728  304.100006  1.020000
1  4.369068  -0.015674  -0.015674  68.399080  0.595093  -1.569564  4.551373  0.691738  -1.542872  304.100006  1.020000
1  4.551373  -0.015321  -0.015321  73.072779  0.625610  -1.382662  4.730411  0.724884  -1.356222  304.100006  1.020000
1  4.730411  -0.015113  -0.015757  77.795190  0.862122  -0.428886  4.909520  0.963702  -0.403634  304.100006  1.020000
1  4.909520  -0.016081  -0.016081  82.560900  1.022339  0.274339  5.087274  1.126172  0.298550  304.100006  1.020000
1  5.087274  -0.018128  -0.018128  87.168429  1.274109  1.195431  5.272802  1.380093  1.218647  304.100006  1.020000
1  5.272802  -0.015497  -0.015497  91.172618  1.060486  0.460945  5.441714  1.168355  0.482613  304.100006  1.020000
1  5.441714  -0.015162  -0.015162  95.552223  1.205444  1.177115  5.611726  1.315206  1.197523  313.220001  0.860000
1  5.611726  -0.014919  -0.014967  99.783199  1.129150  0.798101  5.787440  1.240545  0.817139  313.220001  0.860000
1  5.787440  -0.013529  -0.013529  104.471559  1.083374  0.638696  5.960073  1.196452  0.656998  313.220001  0.860000
1  5.960073  -0.015987  -0.015987  108.389971  1.152039  1.125109  6.113601  1.266543  1.142005  313.220001  0.860000
1  6.113601  -0.017055  -0.017055  112.432730  0.144958  -2.964667  6.285738  0.260894  -2.948657  313.220001  0.860000
1  6.285738  -0.015358  -0.015358  116.490606  1.045227  0.342483  6.471460  1.162089  0.356122  313.220001  0.860000
1  6.471460  -0.017311  -0.016895  119.855594  0.900269  -0.046531  6.628297  1.017951  -0.034857  313.220001  0.860000
1  6.628297  -0.013430  -0.013430  122.968620  1.083374  0.617117  6.794912  1.201772  0.627250  313.220001  0.860000
1  6.794912  -0.014994  -0.014994  126.492585  0.495911  -1.546709  6.939844  0.614636  -1.538917  299.220001  1.050000
1  6.939844  -0.014602  -0.014602  129.589216  0.968933  0.291920  7.099619  1.088076  0.298416  299.220001  1.050000
1  7.099619  -0.014900  -0.014900  132.330440  0.976562  0.415334  7.248053  1.095923  0.420414  299.220001  1.050000
1  7.248053  -0.015604  -0.015846  135.054631  1.159668  1.230697  7.386037  1.278793  1.233278  299.220001  1.050000
1  7.386037  -0.015544  -0.015544  137.764610  0.473022  -1.527947  7.535961  0.591805  -1.527347  299.220001  1.050000
1  7.535961  -0.015707  -0.015707  140.256712  1.121521  1.182118  7.660087  1.239844  1.181012  299.220001  1.050000
1  7.660087  -0.015366  -0.015366  142.491804  0.473022  -1.511199  7.798556  0.590286  -1.515413  299.220001  1.050000
1  7.798556  -0.015847  -0.015847  144.538709  0.457764  -1.525269  7.918969  0.573806  -1.532111  299.220001  1.050000
1  7.918969  -0.012838  -0.012728  146.472818  0.564575  -1.288555  8.053814  0.679115  -1.298273  299.220001  1.050000
1  8.053814  -0.014806  -0.014806  148.168992  0.396729  -1.678233  8.141014  0.509159  -1.691660  299.220001  1.050000
1  8.141014  -0.014743  -0.014743  149.858956  0.228882  -2.215653  8.225901  0.339052  -2.232078  291.470001  0.740000
1  8.225901  -0.015239  -0.015239  151.493646  0.389099  -1.489500  8.310165  0.497044  -1.507843  291.470001  0.740000
1  8.310165  -0.016452  -0.016452  152.951474  0.640869  -0.532938  8.399861  0.746516  -0.552661  291.470001  0.740000
1  8.399861  -0.015527  -0.015355  154.299300  0.831604  0.377076  8.472599  0.935243  0.357395  291.470001  0.740000
1  8.472599  -0.013739  -0.013739  155.547210  1.029968  1.097794  8.550966  1.131236  1.077115  291.470001  0.740000
1  8.550966  -0.013942  -0.013942  156.617055  0.244141  -2.036903  8.616462  0.342777  -2.059080  291.470001  0.740000
1  8.616462  -0.013805  -0.013805  157.682410  0.785828  -0.096893  8.708732  0.882431  -0.118198  291.470001  0.740000
1  8.708732  -0.015423  -0.015423  158.668255  0.976562  0.668074  8.780637  1.071148  0.646859  291.470001  0.740000
1  8.780637  -0.016988  -0.017089  159.568518  1.419067  2.406948  8.864001  1.511434  2.386079  291.470001  0.740000
1  8.864001  -0.016196  -0.016196  160.436610  1.144409  1.405512  8.949676  1.235811  1.388229  291.470001  0.740000
1  8.949676  -0.016174  -0.016174  161.192051  0.473022  -1.253032  9.036287  0.563261  -1.268460  301.769989  0.690000
1  9.036287  -0.017037  -0.017037  161.871916  1.197815  1.649127  9.132558  1.287739  1.638131  301.769989  0.690000
1  9.132558  -0.014750  -0.014750  162.474417  0.755310  -0.331931  9.251488  0.844861  -0.340514  301.769989  0.690000
1  9.251488  -0.016142  -0.015655  163.084079  0.885010  -0.020624  9.385617  0.974460  -0.026695  301.769989  0.690000
1  9.385617  -0.015765  -0.015765  163.623947  1.464844  2.389696  9.513490  1.555227  2.388476  301.769989  0.690000
1  9.513490  -0.014864  -0.014864  164.146932  1.022339  0.501812  9.644226  1.112969  0.501952  301.769989  0.690000
1  9.644226  -0.016462  -0.016462  164.621224  0.923157  0.061407  9.782392  1.014628  0.064762  301.769989  0.690000
1  9.782392  -0.015640  -0.015640  165.067677  0.976562  0.526831  9.906843  1.069658  0.534327  301.769989  0.690000
1  9.906843  -0.015545  -0.015359  165.472697  0.534058  -1.164657  10.047588  0.629096  -1.153389  301.769989  0.690000
1  10.047588  -0.015177  -0.015177  165.927417  1.045227  0.856718  10.215338  1.143386  0.874159  301.769989  0.690000
1  10.215338  -0.015491  -0.015491  166.189437  0.862122  0.181823  10.348216  0.961637  0.197777  321.290009  0.780000
1  10.348216  -0.014963  -0.014963  166.549806  1.144409  1.216704  10.513514  1.246260  1.235116  321.290009  0.780000
1  10.513514  -0.015107  -0.015107  166.829160  1.159668  1.242828  10.674227  1.263897  1.263326  321.290009  0.780000
1  10.674227  -0.016223  -0.016380  167.067995  0.679016  -0.709416  10.842163  0.785948  -0.686728  321.290009  0.780000
1  10.842163  -0.016205  -0.016205  167.295297  0.953674  0.375410  10.995311  1.062470  0.396789  321.290009  0.780000
1  10.995311  -0.017547  -0.017547  167.492008  0.923157  0.322944  11.156530  1.034746  0.346480  321.290009  0.780000
1  11.156530  -0.014952  -0.014952  167.719545  0.801086  -0.342860  11.371990  0.917430  -0.311677  321.290009  0.780000
1  11.371990  -0.013990  -0.013990  167.887470  0.564575  -1.426766  11.557989  0.683774  -1.396856  321.290009  0.780000
1  11.557989  -0.014905  -0.014954  168.117388  0.587463  -1.402249  11.751142  0.710009  -1.371422  321.290009  0.780000
1  11.751142  -0.014484  -0.014484  168.260183  0.480652  -1.760643  11.960698  0.608110  -1.723639  321.290009  0.780000
1  11.960698  -0.015210  -0.015210  168.349615  1.274109  1.601214  12.138656  1.405270  1.638131  321.290009  0.780000
1  12.138656  -0.016208  -0.016208  168.507803  0.541687  -1.462239  12.340036  0.676360  -1.425901  321.290009  0.780000
1  12.340036  -0.016630  -0.016630  168.590679  0.297546  -2.302780  12.518546  0.435634  -2.267450  305.750000  0.910000
1  12.518546  -0.016026  -0.015922  168.694593  1.373291  1.886757  12.723521  1.515298  1.923032  305.750000  0.910000
1  12.723521  -0.016182  -0.016182  168.817534  1.121521  0.817258  12.928774  1.267540  0.854625  305.750000  0.910000
1  12.928774  -0.014037  -0.014037  168.885634  1.243591  1.394175  13.127924  1.393955  1.433174  305.750000  0.910000
1  13.127924  -0.013593  -0.013593  169.023190  0.572205  -1.289236  13.357423  0.728226  -1.244957  305.750000  0.910000
1  13.357423  -0.015830  -0.015830  169.124389  0.228882  -2.591694  13.584998  0.390762  -2.542824  305.750000  0.910000
1  13.584998  -0.015478  -0.015416  169.191737  1.174927  1.024530  13.822887  1.342103  1.074297  305.750000  0.910000
1  13.822887  -0.016598  -0.016598  169.235096  0.297546  -2.425182  14.041242  0.469709  -2.375319  305.750000  0.910000
1  14.041242  -0.015323  -0.015323  169.310455  0.976562  0.341806  14.279664  1.155106  0.395975  280.450012  1.220000
1  14.279664  -0.014342  -0.014342  169.414304  0.900269  -0.153630  14.540959  1.085098  -0.097068  280.450012  1.220000
1  14.540959  -0.014944  -0.014944  169.424992  0.831604  -0.267084  14.756642  1.021744  -0.212048  280.450012  1.220000
1  14.756642  -0.013242  -0.013165  169.461069  1.617432  2.838170  15.010708  1.814322  2.897147  280.450012  1.220000
1  15.010708  -0.014664  -0.014664  169.472737  0.717163  -0.672344  15.228139  0.919011  -0.616795  280.450012  1.220000
1  15.228139  -0.016718  -0.016718  169.494987  0.457764  -1.853961  15.503095  0.666866  -1.793435  280.450012  1.220000
1  15.503095  -0.015296  -0.015296  169.564833  1.098633  0.674229  15.786552  1.315823  0.741595  280.450012  1.220000
1  15.786552  -0.016049  -0.016049  169.605994  0.831604  -0.345558  16.067834  1.056988  -0.273992  280.450012  1.220000
1  16.067834  -0.015303  -0.015517  169.618626  0.717163  -0.766087  16.347027  0.950520  -0.692458  280.450012  1.220000
1  16.347027  -0.015029  -0.015029  169.670615  0.457764  -1.879674  16.616177  0.698085  -1.807387  280.450012  1.220000
1  16.616177  -0.013471  -0.013471  169.644276  0.663757  -0.981208  16.870820  0.910776  -0.910706  297.709991  0.940000
1  16.870820  -0.015974  -0.015974  169.663849  0.984192  0.097708  17.162569  1.238570  0.169154  297.709991  0.940000
1  17.162569  -0.014150  -0.014150  169.722880  0.709534  -1.003649  17.441343  0.971197  -0.931530  297.709991  0.940000
1  17.441343  -0.016279  -0.016028  169.770442  0.701904  -1.074256  17.739656  0.971787  -0.998623  297.709991  0.940000
1  17.739656  -0.015862  -0.015862  169.776731  0.442505  -1.950121  18.031482  0.721143  -1.870383  297.709991  0.940000
1  18.031482  -0.015570  -0.015570  169.813607  0.595093  -1.336382  18.364602  0.884227  -1.248841  297.709991  0.940000
1  18.364602  -0.016114  -0.016114  169.807577  0.869751  -0.020066  18.638904  1.166788  0.064101  297.709991  0.940000
1  18.638904  -0.015880  -0.015880  169.838628  1.083374  0.617025  18.981948  1.390640  0.706253  297.709991  0.940000
1  18.981948  -0.014069  -0.014463  169.856082  0.549316  -1.482642  19.286237  0.865392  -1.393475  297.709991  0.940000
1  19.286237  -0.015908  -0.015908  169.905104  0.930786  0.131813  19.597210  1.256547  0.223105  297.709991  0.940000
1  19.597210  -0.016124  -0.016124  169.965352  0.579834  -1.271343  19.936817  0.916425  -1.175015  325.140015  0.740000
1  19.936817  -0.016298  -0.016298  169.940845  0.839233  0.009851  20.259233  1.186979  0.110038  325.140015  0.740000
1  20.259233  -0.017383  -0.017383  169.922174  1.243591  1.314116  20.625575  1.602275  1.417295  325.140015  0.740000
1  20.625575  -0.016160  -0.016160  169.914912  0.953674  0.235182  20.944072  1.322462  0.338399  325.140015  0.740000
1  20.944072  -0.015755  -0.015755  169.961900  0.694275  -0.680498  21.330336  1.077267  -0.564684  325.140015  0.740000
1  21.330336  -0.015287  -0.015287  169.980504  1.075745  0.708409  21.691633  1.469680  0.820494  325.140015  0.740000
1  21.691633  -0.015941  -0.015941  170.012663  0.778198  -0.540414  22.078275  1.184967  -0.423484  325.140015  0.740000
1  22.078275  -0.014804  -0.014804  169.993106  0.991821  0.360905  22.463517  1.411786  0.482411  325.140015  0.740000
1  22.463517  -0.015914  -0.015914  170.046319  1.358032  1.805277  22.874072  1.792263  1.933316  325.140015  0.740000
1  22.874072  -0.016535  -0.016535  170.048623  0.976562  0.283804  23.265062  1.424093  0.413570  325.140015  0.740000
1  23.265062  -0.017403  -0.017088  170.060789  0.671387  -1.205135  23.692323  1.132680  -1.072866  276.369995  0.180000
1  23.692323  -0.015710  -0.015710  170.063043  1.037598  0.426493  24.087535  1.512437  0.559587  276.369995  0.180000
1  24.087535  -0.014685  -0.014685  170.047735  0.564575  -1.640817  24.494181  1.052116  -1.510811  276.369995  0.180000
1  24.494181  -0.016443  -0.016443  170.046412  0.610352  -1.410101  24.920518  1.112447  -1.275644  276.369995  0.180000
1  24.920518  -0.014416  -0.014416  170.043705  0.495911  -1.945470  25.391314  1.014546  -1.801414  276.369995  0.180000
1  25.391314  -0.015321  -0.015046  170.061313  1.121521  0.556463  25.852854  1.656429  0.706214  276.369995  0.180000
1  25.852854  -0.017141  -0.017141  170.045957  0.419617  -1.883491  26.289499  0.971036  -1.729295  276.369995  0.180000
1  26.289499  -0.016820  -0.016820  170.047223  1.083374  0.995111  26.744286  1.652626  1.158524  276.369995  0.180000
1  26.744286  -0.015411  -0.015411  170.044652  0.747681  -0.220164  27.203623  1.334462  -0.053148  276.369995  0.180000
1  27.203623  -0.016553  -0.016553  170.008172  0.183105  -2.635910  27.706997  0.788481  -2.463454  276.369995  0.180000
1  27.706997  -0.015795  -0.016288  170.049651  1.083374  0.702203  28.211802  1.706605  0.876398  276.369995  0.180000
1  28.211802  -0.014756  -0.014756  170.047792  0.976562  0.196265  28.708781  1.616935  0.365984  276.369995  0.180000
1  28.708781  -0.015874  -0.015874  169.998047  0.991821  0.330900  29.178583  1.648957  0.499456  317.720001  0.240000
1  29.178583  -0.015361  -0.015361  170.017750  1.304626  1.623023  29.686139  1.980471  1.796915  317.720001  0.240000
1  29.686139  -0.016672  -0.016672  169.970368  0.770569  -0.591571  30.183676  1.463790  -0.418994  317.720001  0.240000
1  30.183676  -0.017497  -0.017074  169.975592  1.335144  1.465136  30.726369  2.047517  1.643562  317.720001  0.240000
1  30.726369  -0.015051  -0.015051  169.997357  0.648499  -1.213099  31.230577  1.378695  -1.035596  317.720001  0.240000
1  31.230577  -0.016383  -0.016383  170.031033  0.831604  -0.456064  31.750933  1.580538  -0.275589  317.720001  0.240000
1  31.750933  -0.014482  -0.014482  170.062173  0.846863  -0.272230  32.274433  1.615019  -0.087929  317.720001  0.240000
1  32.274433  -0.015193  -0.015193  170.053165  1.396179  1.773192  32.822771  2.183722  1.959238  317.720001  0.240000
1  32.822771  -0.016732  -0.016444  170.004121  0.831604  -0.481598  33.344055  1.637268  -0.297486  205.419998  0.740000
1  33.344055  -0.015845  -0.015845  170.047524  0.778198  -0.799879  33.895087  1.603134  -0.613118  205.419998  0.740000
1  33.895087  -0.015442  -0.015442  170.096837  0.526428  -1.648151  34.480400  1.373642  -1.450184  205.419998  0.740000
1  34.480400  -0.015406  -0.015406  170.103393  0.640869  -1.181978  35.078346  1.510432  -0.976854  205.419998  0.740000
1  35.078346  -0.014701  -0.014701  170.073120  0.946045  0.073116  35.601989  1.833803  0.270333  205.419998  0.740000
1  35.601989  -0.012583  -0.012892  170.037086  0.717163  -0.627950  36.183263  1.627316  -0.422805  205.419998  0.740000
1  36.183263  -0.015317  -0.015317  169.988441  1.014709  0.573480  36.735702  1.944683  0.775993  205.419998  0.740000
1  36.735702  -0.017541  -0.017541  169.990200  0.968933  0.185064  37.348665  1.920974  0.392089  205.419998  0.740000
1  37.348665  -0.015773  -0.015773  169.953786  0.755310  -0.407023  37.910769  1.728536  -0.199016  205.419998  0.740000
1  37.910769  -0.017708  -0.017708  169.937382  1.327515  1.743028  38.534285  2.323763  1.957735  205.419998  0.740000
1  38.534285  -0.015499  -0.015918  169.923115  1.396179  2.000830  39.128022  2.413873  2.213480  221.880005  0.670000
1  39.128022  -0.015918  -0.015918  169.917404  0.801086  -0.550302  39.755968  1.841446  -0.333342  221.880005  0.670000
1  39.755968  -0.013599  -0.013599  169.990366  1.022339  0.191372  40.384443  2.084985  0.409356  221.880005  0.670000
1  40.384443  -0.014604  -0.014604  169.976787  1.205444  0.919425  40.991297  2.289418  1.135222  221.880005  0.670000
1  40.991297  -0.015611  -0.015611  169.960948  0.755310  -0.652396  41.596365  1.861710  -0.435227  221.880005  0.670000
1  41.596365  -0.015493  -0.015690  169.965823  0.762939  -0.398778  42.232849  1.893859  -0.172830  221.880005  0.670000
1  42.232849  -0.016800  -0.016800  169.985047  1.426697  2.212653  42.889907  2.582094  2.443613  221.880005  0.670000
1  42.889907  -0.016427  -0.016427  169.996151  1.075745  0.730327  43.545239  2.255257  0.963555  221.880005  0.670000
1  43.545239  -0.015619  -0.015619  170.009571  1.174927  1.235870  44.197099  2.379029  1.473010  221.880005  0.670000
1  44.197099  -0.015266  -0.015266  169.979731  0.877380  -0.023988  44.870278  2.106327  0.215686  221.880005  0.670000
1  44.870278  -0.014762  -0.014819  169.985049  0.885010  -0.052033  45.567358  2.139890  0.192843  352.739990  0.700000
1  45.567358  -0.014003  -0.014003  169.968023  1.502991  2.269553  46.256413  2.782740  2.515025  352.739990  0.700000
1  46.256413  -0.015300  -0.015300  170.013916  0.526428  -1.594326  46.955865  1.832099  -1.345538  352.739990  0.700000
1  46.955865  -0.018413  -0.018413  170.016267  0.839233  -0.411391  47.667492  2.171008  -0.159515  352.739990  0.700000
1  47.667492  -0.016816  -0.016816  170.010534  1.106262  0.632117  48.380543  2.464104  0.886103  352.739990  0.700000
1  48.380543  -0.015570  -0.015957  170.071496  1.258850  1.140939  49.120605  2.643859  1.399617  352.739990  0.700000
1  49.120605  -0.016171  -0.016171  170.121108  1.693726  2.810988  49.861340  3.105815  3.073262  352.739990  0.700000
1  49.861340  -0.015425  -0.015425  170.092219  1.167297  0.746121  50.536322  2.603068  0.999588  352.739990  0.700000
1  50.536322  -0.015827  -0.015827  170.064343  1.197815  0.790378  51.248794  2.658846  1.042827  352.739990  0.700000
1  51.248794  -0.016876  -0.016876  170.001392  1.518250  2.213053  51.963943  3.005437  2.467221  0.510000  0.770000
1  51.963943  -0.016776  -0.016075  170.024831  1.296997  1.372966  52.685787  2.810400  1.628993  0.510000  0.770000
1  52.685787  -0.016362  -0.016362  170.025386  0.801086  -0.621626  53.423832  2.341165  -0.363079  0.510000  0.770000
1  53.423832  -0.017582  -0.017582  170.008079  0.892639  -0.007189  54.135939  2.459205  0.251930  0.510000  0.770000
1  54.135939  -0.015092  -0.015092  170.065449  0.701904  -0.776708  54.878276  2.295726  -0.514130  0.510000  0.770000
1  54.878276  -0.014773  -0.014773  170.017146  0.869751  -0.200150  55.613737  2.489764  0.061316  0.510000  0.770000
1  55.613737  -0.016129  -0.015960  170.047694  1.190186  1.031972  56.388406  2.838588  1.298983  0.510000  0.770000
1  56.388406  -0.015636  -0.015636  170.058522  1.068115  0.493313  57.169358  2.744717  0.761385  0.510000  0.770000
1  57.169358  -0.015835  -0.015835  170.099824  1.434326  1.781022  57.956666  3.138922  2.052152  0.510000  0.770000
1  57.956666  -0.016574  -0.016574  170.141591  0.625610  -1.301129  58.741203  2.359247  -1.025003  0.510000  0.770000
1  58.741203  -0.016075  -0.016075  170.095706  0.762939  -0.702008  59.517500  2.524793  -0.424700  0.510000  0.770000
1  59.517500  -0.016766  -0.016265  170.103542  0.831604  -0.437094  60.284526  2.620970  -0.160851  0.510000  0.770000
1  60.284526  -0.014203  -0.014203  170.095629  1.159668  0.863120  61.074466  2.977455  1.140867  0.510000  0.770000
1  61.074466  -0.015515  -0.015515  170.091800  0.946045  -0.084153  61.873954  2.792268  0.194151  4.270000  0.800000
1  61.873954  -0.015900  -0.015900  170.118766  0.671387  -1.246292  62.658484  2.545535  -0.966171  4.270000  0.800000
1  62.658484  -0.015998  -0.015998  170.118735  0.854492  -0.419904  63.481298  2.758529  -0.137596  4.270000  0.800000
1  63.481298  -0.016326  -0.015670  170.064454  0.427246  -2.017549  64.273596  2.360101  -1.733347  4.270000  0.800000
1  64.273596  -0.015834  -0.015834  170.031075  0.511169  -1.640972  65.060917  2.472549  -1.356251  4.270000  0.800000
1  65.060917  -0.015251  -0.015251  170.014834  0.564575  -1.321813  65.844059  2.554321  -1.038010  4.270000  0.800000
1  65.844059  -0.014692  -0.014692  170.035678  0.839233  -0.203998  66.641993  2.857829  0.080528  4.270000  0.800000
1  66.641993  -0.015831  -0.015831  169.996385  0.465393  -1.682178  67.466428  2.513976  -1.393834  4.270000  0.800000
1  67.466428  -0.013596  -0.013950  169.977009  0.801086  -0.483516  68.300818  2.879358  -0.193496  349.869995  0.870000
1  68.300818  -0.016267  -0.016267  169.940503  1.037598  0.405440  69.110523  3.144511  0.693081  349.869995  0.870000
1  69.110523  -0.015203  -0.015203  169.887685  0.724792  -0.742665  69.921110  2.860949  -0.454048  349.869995  0.870000
1  69.921110  -0.016038  -0.016038  169.862753  0.831604  -0.392869  70.745799  2.996974  -0.104330  349.869995  0.870000
1  70.745799  -0.016875  -0.016875  169.880536  0.686646  -1.058220  71.577054  2.880985  -0.770856  349.869995  0.870000
1  71.577054  -0.016727  -0.016340  169.852487  1.274109  1.413513  72.388815  3.497464  1.701194  349.869995  0.870000
1  72.388815  -0.014532  -0.014532  169.837943  1.197815  1.198463  73.244619  3.451770  1.488033  349.869995  0.870000
1  73.244619  -0.013899  -0.013899  169.857095  0.602722  -1.128967  74.093250  2.887162  -0.835562  349.869995  0.870000
1  74.093250  -0.015762  -0.015762  169.832548  0.694275  -0.821203  74.924918  3.008003  -0.529395  349.869995  0.870000
1  74.924918  -0.015292  -0.015292  169.840109  0.755310  -0.483054  75.748733  3.098655  -0.190908  349.869995  0.870000
1  75.748733  -0.016392  -0.016455  169.842406  0.679016  -0.774502  76.589551  3.052396  -0.480840  276.170013  1.140000
1  76.589551  -0.016048  -0.016048  169.868573  0.808716  -0.324771  77.403499  3.210785  -0.030505  276.170013  1.140000
1  77.403499  -0.016234  -0.016234  169.884774  1.075745  0.740891  78.285209  3.509180  1.037273  276.170013  1.140000
1  78.285209  -0.016897  -0.016897  169.894916  0.816345  -0.406033  79.146764  3.279978  -0.110469  276.170013  1.140000
1  79.146764  -0.013577  -0.013577  169.912505  0.984192  0.061405  80.017018  3.477820  0.357549  276.170013  1.140000
1  80.017018  -0.014934  -0.014975  169.941281  0.701904  -1.023477  80.873993  3.225625  -0.726925  276.170013  1.140000
1  80.873993  -0.015322  -0.015322  169.960553  1.060486  0.142242  81.753913  3.613971  0.437530  276.170013  1.140000
1  81.753913  -0.015312  -0.015312  169.994688  0.892639  -0.584532  82.632353  3.476462  -0.287865  276.170013  1.140000
1  82.632353  -0.016534  -0.016534  170.011375  1.373291  1.396114  83.502222  3.987306  1.693169  276.170013  1.140000
1  83.502222  -0.017025  -0.017025  169.974504  1.449585  1.870020  84.353771  4.093533  2.166461  276.170013  1.140000
1  84.353771  -0.016255  -0.016237  170.013952  0.762939  -0.890010  85.236544  3.437632  -0.591417  282.869995  0.850000
1  85.236544  -0.016079  -0.016079  170.028074  1.052856  0.271609  86.101265  3.757443  0.569654  282.869995  0.850000
1  86.101265  -0.015323  -0.015323  170.030130  1.358032  1.517224  86.968695  4.092780  1.815378  282.869995  0.850000
1  86.968695  -0.013713  -0.013713  170.009468  1.365662  1.787937  87.823862  4.130757  2.086604  282.869995  0.850000
1  87.823862  -0.015910  -0.015910  170.032760  1.091003  0.645911  88.700820  3.886628  0.945571  282.869995  0.850000
1  88.700820  -0.015310  -0.015447  170.009635  1.243591  1.388702  89.552282  4.069218  1.687402  282.869995  0.850000
1  89.552282  -0.015739  -0.015739  170.024740  0.984192  0.123897  90.435262  3.840046  0.422723  282.869995  0.850000
1  90.435262  -0.016978  -0.016978  170.043950  0.785828  -0.785357  91.329856  3.672560  -0.484662  282.869995  0.850000
1  91.329856  -0.016416  -0.016416  170.036859  1.014709  0.364749  92.198225  3.932251  0.666563  282.869995  0.850000
1  92.198225  -0.015620  -0.015620  170.026028  0.816345  -0.291735  93.062475  3.764332  0.009671  282.869995  0.850000
1  93.062475  -0.015846  -0.015751  170.000588  0.976562  0.399444  93.939355  3.955303  0.701694  267.269989  0.850000
1  93.939355  -0.015284  -0.015284  170.023001  1.205444  1.258448  94.814673  4.214594  1.559928  267.269989  0.850000
1  94.814673  -0.013171  -0.013171  170.027482  1.037598  0.478618  95.694815  4.077135  0.779384  267.269989  0.850000
1  95.694815  -0.016198  -0.016198  170.033773  1.266479  1.383128  96.575450  4.336464  1.684338  267.269989  0.850000
1  96.575450  -0.016384  -0.016384  170.022772  1.182556  1.113720  97.444195  4.282641  1.413717  267.269989  0.850000
1  97.444195  -0.016139  -0.015633  170.040751  0.511169  -1.617360  98.323547  3.641628  -1.317791  267.269989  0.850000
1  98.323547  -0.016845  -0.016845  170.082310  0.556946  -1.547013  99.213724  3.718081  -1.246207  267.269989  0.850000
1  99.213724  -0.015138  -0.015138  170.039326  0.732422  -0.831759  100.090738  3.923738  -0.531946  267.269989  0.850000
1  100.090738  -0.014984  -0.014984  170.017239  1.052856  0.471815  100.976887  4.274741  0.772320  267.269989  0.850000
1  100.976887  -0.015559  -0.015559  170.023771  0.801086  -0.448001  101.851011  4.053292  -0.147841  267.269989  0.850000
1  101.851011  -0.014453  -0.014443  170.027996  1.136780  1.128322  102.718349  4.419571  1.429219  267.269989  0.850000
1  102.718349  -0.015017  -0.015017  169.994867  1.243591  1.536317  103.593739  4.556566  1.836384  267.269989  0.850000
1  103.593739  -0.015669  -0.015669  169.957548  0.823975  -0.186640  104.467517  4.167019  0.112173  274.799988  0.610000
1  104.467517  -0.017518  -0.017518  169.445077  -7.041931  -24.143182  104.770495  -3.669665  -23.847674  274.799988  0.610000
1  104.770495  -0.017251  -0.017251  168.866609  -0.137329  6.249304  105.134885  3.263599  6.540574  274.799988  0.610000
1  105.134885  -0.017176  -0.017106  168.706845  -1.205444  -0.142603  105.929428  2.224917  0.148382  274.799988  0.610000
1  105.929428  -0.016534  -0.016534  168.520190  1.106262  7.041249  106.719803  4.565322  7.330097  274.799988  0.610000
1  106.719803  -0.015876  -0.015876  168.780073  1.647949  1.860415  107.998278  5.134600  2.143275  274.799988  0.610000
1  107.998278  -0.016100  -0.016100  169.411470  7.019043  15.198666  109.520139  10.534305  15.481922  274.799988  0.610000
1  109.520139  -0.016760  -0.016760  169.802899  3.959656  1.714370  110.758208  7.505202  2.002797  274.799988  0.610000
1  110.758208  -0.017702  -0.018494  170.006600  1.342773  -7.222053  111.832106  4.919050  -6.928601  229.410004  0.400000
1  111.832106  -0.016762  -0.016762  170.186737  0.808716  -8.239659  112.826597  4.414571  -7.946858  229.410004  0.400000
1  112.826597  -0.016600  -0.016600  170.213327  0.099182  -7.848913  113.687233  3.735433  -7.553409  229.410004  0.400000
1  113.687233  -0.015692  -0.015692  170.279835  0.328064  -5.092134  114.531901  3.994371  -4.796248  229.410004  0.400000
1  114.531901  -0.015040  -0.015040  170.276988  0.312805  -3.306517  115.352902  4.009252  -3.009905  229.410004  0.400000
1  115.352902  -0.015965  -0.016126  170.060361  -2.975464  -12.530817  115.949959  0.751033  -12.233778  229.410004  0.400000
1  115.949959  -0.017089  -0.017089  169.792167  -2.014160  -5.799497  116.526143  1.743101  -5.503043  229.410004  0.400000
1  116.526143  -0.018869  -0.018869  169.501591  -3.684998  -10.351600  117.111658  0.102663  -10.053834  229.410004  0.400000
1  117.111658  -0.017458  -0.017458  169.082398  -4.516602  -11.476588  117.564963  -0.700677  -11.182270  229.410004  0.400000
1  117.564963  -0.019054  -0.019054  168.126098  -6.889343  -13.742664  117.655206  -3.045904  -13.455935  157.009995  0.670000
1  117.655206  -0.016917  -0.017099  167.091925  -7.270813  -9.123839  117.589240  -3.398740  -8.841295  157.009995  0.670000
1  117.589240  -0.015220  -0.015220  166.280642  -3.395081  5.332075  117.872800  0.502787  5.605245  157.009995  0.670000
1  117.872800  -0.014392  -0.014392  165.760667  -1.106262  10.590442  118.409710  2.816769  10.858377  157.009995  0.670000
1  118.409710  -0.014781  -0.014781  165.418187  1.007080  13.390472  119.199912  4.956460  13.653147  157.009995  0.670000
1  119.199912  -0.016974  -0.016974  165.218656  1.792908  11.900917  120.058670  5.768310  12.162337  157.009995  0.670000
1  120.058670  -0.017997  -0.018110  165.216937  6.042480  23.020286  121.110318  10.043807  23.279719  157.009995  0.670000
1  121.110318  -0.016444  -0.016444  165.498471  4.013062  8.527580  122.383700  8.040806  8.790267  157.009995  0.670000
1  122.383700  -0.016079  -0.016079  165.809423  8.110046  20.197014  123.674222  12.164830  20.461002  157.009995  0.670000
1  123.674222  -0.014161  -0.014161  166.283846  5.851746  6.937526  125.116905  9.934611  7.205324  157.009995  0.670000
1  125.116905  -0.014768  -0.014768  166.649154  1.403809  -10.840753  126.337248  5.514787  -10.569432  130.649994  0.730000
1  126.337248  -0.015913  -0.015900  166.817200  0.762939  -10.590990  127.320727  4.903033  -10.314219  130.649994  0.730000
1  127.320727  -0.016096  -0.016096  166.810176  -0.038147  -10.081211  128.145317  4.130472  -9.802707  130.649994  0.730000
1  128.145317  -0.015546  -0.015546  166.779694  1.098633  -3.219545  129.052743  5.296379  -2.940913  130.649994  0.730000
1  129.052743  -0.017324  -0.017324  166.646858  -1.106262  -8.904751  129.785945  3.118711  -8.626737  130.649994  0.730000
1  129.785945  -0.016681  -0.016681  166.518896  -1.022339  -6.971762  130.594548  3.231257  -6.694798  130.649994  0.730000
1  130.594548  -0.014880  -0.014625  166.354292  -0.701904  -3.754252  131.317635  3.579838  -3.477163  130.649994  0.730000
1  131.317635  -0.016269  -0.016269  166.073693  -2.922058  -10.072502  131.936798  1.387324  -9.796432  130.649994  0.730000
1  131.936798  -0.013247  -0.013247  165.740568  -1.045227  -1.022761  132.536831  3.290697  -0.751349  130.649994  0.730000
1  132.536831  -0.014888  -0.014888  165.290512  -3.303528  -7.731489  133.066711  1.059709  -7.460830  130.649994  0.730000
1  133.066711  -0.015922  -0.015922  164.663853  -4.333496  -8.897377  133.443223  0.054009  -8.636978  136.229996  0.890000
1  133.443223  -0.016299  -0.016353  164.384157  1.373291  11.383936  134.156168  5.785372  11.637278  136.229996  0.890000
1  134.156168  -0.018277  -0.018277  164.219383  0.732422  5.824211  134.999670  5.169786  6.076327  136.229996  0.890000
1  134.999670  -0.015235  -0.015235  164.111621  2.700806  10.848772  135.889464  7.162759  11.097669  136.229996  0.890000
1  135.889464  -0.015628  -0.015628  164.336803  4.928589  13.844909  137.094393  9.415633  14.093651  136.229996  0.890000
1  137.094393  -0.014214  -0.014214  164.691083  4.776001  8.479642  138.373837  9.288610  8.730260  136.229996  0.890000
1  138.373837  -0.015342  -0.015374  164.818712  0.961304  -6.182861  139.396372  5.500596  -5.927888  136.229996  0.890000
1  139.396372  -0.014990  -0.014990  164.816961  0.953674  -4.363529  140.295371  5.519449  -4.106695  136.229996  0.890000
1  140.295371  -0.017016  -0.017016  164.960047  2.067566  -1.036033  141.344423  6.658378  -0.782255  136.229996  0.890000
1  141.344423  -0.015459  -0.015389  164.994226  1.342773  -2.148941  142.242544  5.960191  -1.891907  136.229996  0.890000
1  142.242544  -0.016417  -0.016417  164.961079  1.663208  0.318149  143.123450  6.306214  0.573692  136.229996  0.890000
1  143.123450  -0.018127  -0.018127  164.958487  0.808716  -2.270730  144.003769  5.477253  -2.016394  136.229996  0.890000
1  144.003769  -0.015681  -0.015681  164.970497  1.304626  0.257370  144.901318  5.999592  0.513963  136.229996  0.890000
1  144.901318  -0.015735  -0.015735  164.897596  0.755310  -1.436920  145.758462  5.474407  -1.186349  99.139999  0.730000
1  145.758462  -0.014992  -0.014122  164.893603  0.701904  -1.369320  146.641939  5.446525  -1.117986  99.139999  0.730000
1  146.641939  -0.015866  -0.015866  164.905209  0.663757  -1.363262  147.527378  5.433576  -1.112617  99.139999  0.730000
1  147.527378  -0.016411  -0.016411  164.930868  1.762390  3.134070  148.417264  6.557562  3.384498  99.139999  0.730000
1  148.417264  -0.017406  -0.017406  164.933918  0.679016  -1.027344  149.298060  5.499119  -0.778522  99.139999  0.730000
1  149.298060  -0.017350  -0.017350  164.908963  0.846863  -0.248528  150.168687  5.690936  -0.003612  99.139999  0.730000
1  150.168687  -0.016546  -0.016770  164.898893  1.281738  1.367476  151.057715  6.149767  1.609685  99.139999  0.730000
1  151.057715  -0.015154  -0.015154  164.883014  0.885010  -0.120804  151.933708  5.776967  0.120178  99.139999  0.730000
1  151.933708  -0.015707  -0.015707  164.886227  0.900269  0.013114  152.821420  5.816576  0.253759  132.580002  0.270000
1  152.821420  -0.016831  -0.016831  164.912436  1.289368  1.537595  153.722637  6.230406  1.779871  132.580002  0.270000
1  153.722637  -0.017333  -0.017333  164.882526  0.808716  -0.175587  154.594166  5.773304  0.062366  132.580002  0.270000
1  154.594166  -0.016253  -0.016084  164.921076  0.762939  -0.279129  155.494562  5.752493  -0.038772  132.580002  0.270000
1  155.494562  -0.016073  -0.016073  164.934080  0.480652  -1.695912  156.364985  5.491006  -1.466773  132.580002  0.270000
1  156.364985  -0.015747  -0.015747  164.960152  0.541687  -1.235313  157.259776  5.576351  -1.002965  132.580002  0.270000
1  157.259776  -0.015949  -0.015949  164.959873  0.427246  -1.665787  158.127860  5.483516  -1.440250  132.580002  0.270000
1  158.127860  -0.016493  -0.016493  164.944607  0.755310  -0.391933  158.995747  5.832643  -0.172785  132.580002  0.270000
1  158.995747  -0.015606  -0.015606  164.918014  1.365662  1.861720  159.841634  6.460394  2.062887  132.580002  0.270000
1  159.841634  -0.015640  -0.015640  164.908684  1.205444  1.057312  160.683048  6.317761  1.249927  132.580002  0.270000
1  160.683048  -0.015748  -0.015748  164.897374  1.457214  1.969890  161.506256  6.585651  2.150672  109.949997  0.180000
1  161.506256  -0.018210  -0.018210  164.890699  1.487732  2.138978  162.326784  6.632223  2.310528  109.949997  0.180000
1  162.326784  -0.015696  -0.015696  164.888944  1.190186  0.872431  163.075454  6.344660  1.020552  109.949997  0.180000
1  163.075454  -0.017216  -0.017156  164.877160  1.174927  0.931667  163.736341  6.333572  1.041309  109.949997  0.180000
1  163.736341  -0.015620  -0.015620  164.874312  0.564575  -1.279811  164.294466  5.720857  -1.212430  109.949997  0.180000
1  164.294466  -0.014726  -0.014726  164.885631  0.686646  -0.830082  164.816463  5.836595  -0.806672  109.949997  0.180000
1  164.816463  -0.016014  -0.016014  164.891809  0.823975  -0.341803  165.224883  5.959224  -0.376176  109.949997  0.180000
1  165.224883  -0.016100  -0.016100  164.878094  1.075745  0.747389  165.562241  6.191914  0.660917  109.949997  0.180000
1  165.562241  -0.016342  -0.016356  164.888976  1.068115  0.806046  165.955318  6.169725  0.700851  109.949997  0.180000
1  165.955318  -0.017206  -0.017206  164.860789  1.022339  0.374475  166.229776  6.098072  0.220950  109.949997  0.180000
1  166.229776  -0.019946  -0.019946  164.839639  0.885010  -0.186187  166.516829  5.938908  -0.360532  91.889999  0.570000
1  166.516829  -0.017233  -0.017233  164.845307  1.121521  0.824201  166.816270  6.153947  0.638004  91.889999  0.570000
1  166.816270  -0.017508  -0.017508  164.895412  0.999451  0.561751  167.108561  6.011044  0.368790  91.889999  0.570000
1  167.108561  -0.015004  -0.015457  164.892193  1.045227  0.703449  167.305867  6.027941  0.480189  91.889999  0.570000
1  167.305867  -0.014666  -0.014666  164.917355  1.014709  0.590862  167.538271  5.971497  0.355683  91.889999  0.570000
1  167.538271  -0.016508  -0.016508  164.887367  0.961304  0.327108  167.733305  5.889355  0.075749  91.889999  0.570000
1  167.733305  -0.015485  -0.015485  164.911703  1.358032  1.717339  167.996479  6.261924  1.471732  91.889999  0.570000
1  167.996479  -0.015917  -0.015917  164.911657  0.801086  -0.492640  168.183977  5.676230  -0.751052  91.889999  0.570000
1  168.183977  -0.016051  -0.016418  164.902249  1.083374  0.788328  168.362048  5.929968  0.522234  91.889999  0.570000
1  168.362048  -0.015759  -0.015759  164.875314  0.411987  -1.785049  168.549126  5.231010  -2.054736  84.639999  0.630000
1  168.549126  -0.016122  -0.016122  164.883086  0.900269  0.184616  168.731732  5.691208  -0.087710  84.639999  0.630000
1  168.731732  -0.014861  -0.014861  164.879726  0.030518  -3.390400  168.881110  4.790749  -3.673086  84.639999  0.630000
1  168.881110  -0.015625  -0.015625  164.897418  1.304626  1.561499  169.062733  6.036182  1.279616  84.639999  0.630000
1  169.062733  -0.015768  -0.015570  164.877231  0.228882  -2.543455  169.197424  4.930086  -2.830919  84.639999  0.630000
1  169.197424  -0.015601  -0.015601  164.908175  0.953674  0.188225  169.413429  5.629258  -0.088717  84.639999  0.630000
1  169.413429  -0.017217  -0.017217  164.939720  1.350403  1.756180  169.581528  5.997607  1.477959  84.639999  0.630000
