1  -0.569427  -0.569427  nan  0.011052  -0.009971  48.007567  0.018445  -0.004945  4364107739435657519233849446122786626994559221116370429335385986042379119925529308332711355798856153314146483496274292872232425380973952947861223782472112104046497234907109996092131256520683855998185910309481204282029652284345693324805626680652635884496865808351232.000000  12211568795459378082303042834818920567697236374457620674413802859164924601786259785604414888341625716630702820452413952338141655127072559229547072661419619523477570015796280058251091273883148661833877281001267132344937423910465073326897757713273919846668526531117056.000000
1  -0.568966  -0.568966  nan  0.013316  -0.000864  51.288687  0.021204  0.004112  4364107739435657519233849446122786626994559221116370429335385986042379119925529308332711355798856153314146483496274292872232425380973952947861223782472112104046497234907109996092131256520683855998185910309481204282029652284345693324805626680652635884496865808351232.000000  12211568795459378082303042834818920567697236374457620674413802859164924601786259785604414888341625716630702820452413952338141655127072559229547072661419619523477570015796280058251091273883148661833877281001267132344937423910465073326897757713273919846668526531117056.000000
1  -0.565559  -0.565559  -nan  0.013183  -0.003112  54.556748  0.021564  0.001829  0.000000  0.000000
1  -0.566041  -0.566041  nan  0.015579  0.007550  57.725963  0.024441  0.012424  0.000000  0.000000
1  -0.565874  -0.565938  nan  0.009854  -0.015909  60.842292  0.019188  -0.011104  0.000000  0.000000
1  -0.564003  -0.564003  -nan  0.005459  -0.033129  63.904123  0.015259  -0.028393  0.000000  0.000000
1  -0.565525  -0.565525  nan  0.016512  0.010509  66.917272  0.026771  0.015183  0.000000  0.000000
1  -0.563484  -0.563484  -nan  0.014514  0.003544  69.888603  0.025229  0.008159  0.000000  0.000000
1  -0.566713  -0.566713  nan  0.013316  0.001068  72.796882  0.024478  0.005585  0.000000  0.000000
1  -0.564336  -0.565183  -nan  0.011452  -0.008645  75.663628  0.023053  -0.004191  0.000000  0.000000
1  -0.567586  -0.567586  nan  0.017311  0.015529  78.358513  0.029327  0.019901  0.000000  0.000000
1  -0.565994  -0.565994  nan  0.014781  0.007280  81.058545  0.027214  0.011565  0.000000  0.000000
1  -0.565140  -0.565140  -nan  0.007457  -0.021401  83.692340  0.020298  -0.017198  0.000000  0.000000
1  -0.566165  -0.566165  nan  0.009454  -0.011666  86.297592  0.022700  -0.007535  0.000000  0.000000
1  -0.567250  -0.567041  nan  0.012117  -0.003071  88.836258  0.025756  0.000975  0.000000  0.000000
1  -0.565918  -0.565918  -nan  0.003862  -0.034338  91.323945  0.017887  -0.030369  0.000000  0.000000
1  -0.565322  -0.565322  -nan  0.006924  -0.019911  93.712587  0.021324  -0.016034  0.000000  0.000000
1  -0.566508  -0.566508  nan  0.014781  0.012597  96.074391  0.029550  0.016392  0.000000  0.000000
1  -0.564965  -0.564965  -nan  0.006924  -0.014944  98.340599  0.022050  -0.011243  0.000000  0.000000
1  -0.566050  -0.566688  -nan  0.004661  -0.026968  100.572984  0.020135  -0.023354  0.000000  0.000000
1  -0.566096  -0.566096  -nan  0.007856  -0.010489  102.729031  0.023670  -0.006969  0.000000  0.000000
1  -0.567868  -0.567868  nan  0.010386  -0.002088  104.844906  0.026530  0.001342  0.000000  0.000000
1  -0.565618  -0.565618  -nan  0.007191  -0.011919  106.891771  0.023656  -0.008573  0.000000  0.000000
1  -0.566956  -0.566956  nan  0.002530  -0.027721  108.879129  0.019308  -0.024465  0.000000  0.000000
1  -0.565744  -0.565236  -nan  0.018509  0.033101  110.824511  0.035589  0.036248  0.000000  0.000000
1  -0.566922  -0.566922  nan  0.010253  0.000516  112.689702  0.027624  0.003563  0.000000  0.000000
1  -0.566205  -0.566205  -nan  0.005992  -0.016053  114.486996  0.023644  -0.013107  0.000000  0.000000
1  -0.567835  -0.567835  nan  0.011185  0.002628  116.289001  0.029116  0.005490  0.000000  0.000000
1  -0.565693  -0.565693  -nan  0.008123  -0.008392  117.983956  0.026317  -0.005617  0.000000  0.000000
1  -0.565620  -0.565515  -nan  0.013183  0.009017  119.691044  0.031638  0.011706  0.000000  0.000000
1  -0.567122  -0.567122  nan  0.014381  0.015681  121.260471  0.033078  0.018259  0.000000  0.000000
1  -0.563623  -0.563623  -nan  0.012251  0.007365  122.812727  0.031185  0.009857  0.000000  0.000000
1  -0.567974  -0.567974  -nan  0.014381  0.014268  124.291469  0.033539  0.016657  0.000000  0.000000
1  -0.565965  -0.565965  -nan  0.010386  -0.000022  125.774844  0.029770  0.002300  0.000000  0.000000
1  -0.566194  -0.566269  nan  0.010919  -0.000022  127.168478  0.030510  0.002209  0.000000  0.000000
1  -0.564816  -0.564816  nan  0.016378  0.018462  128.545231  0.036173  0.020605  0.000000  0.000000
1  -0.564310  -0.564310  nan  0.011052  0.000148  129.835298  0.031038  0.002200  0.000000  0.000000
1  -0.565011  -0.565011  -nan  0.011585  0.000097  131.103447  0.031756  0.002067  0.000000  0.000000
1  -0.564585  -0.564585  -nan  0.009854  -0.006547  132.303351  0.030200  -0.004662  0.000000  0.000000
1  -0.568963  -0.568438  -nan  0.006525  -0.018694  133.455329  0.027038  -0.016896  0.000000  0.000000
1  -0.565538  -0.565538  -nan  0.022104  0.041073  134.564093  0.042775  0.042788  0.000000  0.000000
1  -0.566151  -0.566151  -nan  0.012783  0.007923  135.643351  0.033610  0.009573  0.000000  0.000000
1  -0.566242  -0.566242  nan  0.005459  -0.020390  136.692586  0.026436  -0.018806  0.000000  0.000000
1  -0.566568  -0.566568  nan  0.009721  0.000843  137.687884  0.030839  0.002359  0.000000  0.000000
1  -0.565340  -0.565411  -nan  0.013715  0.019120  138.644211  0.034969  0.020560  0.000000  0.000000
1  -0.565537  -0.565537  -nan  0.011052  0.006280  139.546680  0.032429  0.007647  0.000000  0.000000
1  -0.565915  -0.565915  nan  0.004927  -0.016405  140.413504  0.026423  -0.015112  0.000000  0.000000
1  -0.564989  -0.564989  nan  0.005459  -0.018480  141.256775  0.027066  -0.017256  0.000000  0.000000
1  -0.566430  -0.566430  nan  0.014115  0.016197  142.059492  0.035829  0.017356  0.000000  0.000000
1  -0.565085  -0.564826  -nan  0.007590  -0.009238  142.814795  0.029402  -0.008151  0.000000  0.000000
1  -0.565954  -0.565954  -nan  0.007457  -0.010499  143.538236  0.029361  -0.009469  0.000000  0.000000
1  -0.565323  -0.565323  nan  0.007989  -0.009453  144.263229  0.029984  -0.008479  0.000000  0.000000
1  -0.567188  -0.567188  -nan  0.012117  0.003063  144.937943  0.034192  0.003972  0.000000  0.000000
1  -0.565396  -0.565396  -nan  0.022104  0.039852  145.551697  0.044250  0.040702  0.000000  0.000000
1  -0.564366  -0.564094  -nan  0.000666  -0.042133  146.166980  0.022886  -0.041333  0.000000  0.000000
1  -0.557196  -0.557196  -nan  0.016778  0.026817  146.722476  0.039063  0.027558  0.000000  0.000000
1  -0.567007  -0.567007  -nan  0.002530  -0.029446  147.272804  0.024878  -0.028750  0.000000  0.000000
1  -0.565466  -0.565466  nan  0.009321  -0.001743  147.767378  0.031722  -0.001108  0.000000  0.000000
1  -0.565579  -0.565579  -nan  0.018509  0.034862  148.306790  0.040970  0.035482  0.000000  0.000000
1  -0.567622  -0.567364  nan  0.004794  -0.020029  148.788339  0.027306  -0.019452  0.000000  0.000000
1  -0.563912  -0.563912  -nan  0.017710  0.031949  149.219289  0.040264  0.032472  0.000000  0.000000
1  -0.566500  -0.566500  nan  0.004794  -0.020888  149.641783  0.027388  -0.020408  0.000000  0.000000
1  -0.564199  -0.564199  -nan  0.010919  0.008326  149.998092  0.033546  0.008754  0.000000  0.000000
1  -0.565423  -0.565423  -nan  0.017177  0.029987  150.360280  0.039833  0.030366  0.000000  0.000000
1  -0.564004  -0.564598  -nan  0.012783  0.011240  150.723169  0.035468  0.011588  0.000000  0.000000
1  -0.565141  -0.565141  nan  0.015579  0.021534  151.072480  0.038291  0.021850  0.000000  0.000000
1  -0.565995  -0.565995  nan  0.007191  -0.010446  151.417547  0.029930  -0.010142  0.000000  0.000000
1  -0.567151  -0.567151  -nan  0.010253  0.001296  151.747798  0.033017  0.001576  0.000000  0.000000
1  -0.566894  -0.566894  nan  0.015446  0.025379  152.075721  0.038236  0.025649  0.000000  0.000000
1  -0.565034  -0.565153  -nan  0.019308  0.039877  152.323532  0.042108  0.040091  0.000000  0.000000
1  -0.567664  -0.567664  -nan  0.001997  -0.027164  152.576975  0.024811  -0.026976  0.000000  0.000000
1  -0.565950  -0.565950  -nan  0.013582  0.019150  152.830463  0.036408  0.019317  0.000000  0.000000
1  -0.564496  -0.564496  -nan  0.003063  -0.023462  153.095348  0.025903  -0.023306  0.000000  0.000000
1  -0.565075  -0.565075  nan  0.005992  -0.011231  153.320012  0.028840  -0.011103  0.000000  0.000000
1  -0.565169  -0.565024  -nan  0.009454  0.005373  153.513111  0.032306  0.005472  0.000000  0.000000
1  -0.567869  -0.567869  nan  0.006658  -0.000017  153.690497  0.029514  0.000063  0.000000  0.000000
1  -0.564663  -0.564663  nan  0.006125  -0.003264  153.899596  0.028987  -0.003188  0.000000  0.000000
1  -0.568026  -0.568026  -nan  0.014914  0.033111  154.065606  0.037776  0.033161  0.000000  0.000000
1  -0.564443  -0.564443  -nan  0.007989  0.006291  154.223226  0.030851  0.006320  0.000000  0.000000
1  -0.565762  -0.565299  nan  0.006525  0.002384  154.391723  0.029387  0.002408  0.000000  0.000000
1  -0.564432  -0.564432  -nan  0.003329  -0.011291  154.525809  0.026186  -0.011292  0.000000  0.000000
1  -0.565049  -0.565049  nan  0.000399  -0.019346  154.656611  0.023253  -0.019358  0.000000  0.000000
1  -0.566165  -0.566165  nan  0.009188  0.013671  154.789412  0.032035  0.013642  0.000000  0.000000
1  -0.564323  -0.564323  nan  0.003595  -0.007329  154.885429  0.026432  -0.007382  0.000000  0.000000
1  -0.567157  -0.567673  -nan  0.011718  0.023259  155.021228  0.034549  0.023205  0.000000  0.000000
1  -0.564157  -0.564157  -nan  0.003995  -0.006603  155.113328  0.026815  -0.006676  0.000000  0.000000
1  -0.565239  -0.565239  -nan  0.005859  0.004801  155.203239  0.028670  0.004720  0.000000  0.000000
1  -0.565509  -0.565509  nan  0.007723  0.006159  155.313675  0.030521  0.006065  0.000000  0.000000
1  -0.565531  -0.565531  -nan  0.000533  -0.020177  155.375444  0.023315  -0.020292  0.000000  0.000000
1  -0.565501  -0.564846  -nan  0.009454  0.014024  155.461234  0.032222  0.013899  0.000000  0.000000
1  -0.564796  -0.564796  nan  0.009055  0.016546  155.549682  0.031813  0.016430  0.000000  0.000000
1  -0.565465  -0.565465  -nan  0.008655  0.013892  155.643252  0.031402  0.013777  0.000000  0.000000
1  -0.565239  -0.565239  nan  0.007590  0.007670  155.718614  0.030321  0.007544  0.000000  0.000000
1  -0.567709  -0.567709  -nan  0.002663  -0.012275  155.769411  0.025374  -0.012421  0.000000  0.000000
1  -0.565888  -0.565909  nan  0.002264  -0.011668  155.846269  0.024962  -0.011808  0.000000  0.000000
1  -0.567552  -0.567552  -nan  0.004261  -0.003494  155.910441  0.026944  -0.003638  0.000000  0.000000
1  -0.565537  -0.565537  nan  -0.003995  -0.035623  155.958114  0.018670  -0.035778  0.000000  0.000000
1  -0.566671  -0.566671  -nan  0.005326  0.003496  156.012136  0.027974  0.003340  0.000000  0.000000
1  -0.563767  -0.563767  nan  0.002131  -0.010131  156.064428  0.024761  -0.010295  0.000000  0.000000
1  -0.565193  -0.564961  -nan  0.011851  0.030059  156.083622  0.034459  0.029878  0.000000  0.000000
1  -0.566387  -0.566387  nan  0.012783  0.032451  156.122677  0.035370  0.032262  0.000000  0.000000
1  -0.564844  -0.564844  nan  0.004261  -0.001579  156.148745  0.026827  -0.001777  0.000000  0.000000
1  -0.567247  -0.567247  -nan  -0.004661  -0.037656  156.182915  0.017885  -0.037856  0.000000  0.000000
1  -0.564858  -0.564858  nan  -0.005193  -0.040170  156.210082  0.017330  -0.040375  0.000000  0.000000
1  -0.567188  -0.567545  nan  0.016778  0.044394  156.280499  0.039284  0.044202  0.000000  0.000000
1  -0.566092  -0.566092  -nan  0.001731  -0.014207  156.308008  0.024215  -0.014406  0.000000  0.000000
1  -0.567389  -0.567389  -nan  0.002131  -0.013692  156.335608  0.024592  -0.013900  0.000000  0.000000
1  -0.566268  -0.566268  nan  0.007324  0.008200  156.336967  0.029760  0.007976  0.000000  0.000000
1  -0.565636  -0.565636  -nan  -0.004394  -0.038968  156.375530  0.018021  -0.039185  0.000000  0.000000
1  -0.567322  -0.567818  nan  0.019841  0.061958  156.362626  0.042230  0.061729  0.000000  0.000000
1  -0.564919  -0.564919  -nan  0.004794  -0.000348  156.425176  0.027166  -0.000557  0.000000  0.000000
1  -0.566396  -0.566396  -nan  0.012916  0.030748  156.465700  0.035268  0.030542  0.000000  0.000000
1  -0.565923  -0.565923  nan  0.007989  0.011327  156.456855  0.030313  0.011098  0.000000  0.000000
1  -0.568318  -0.568318  nan  0.009587  0.019886  156.471386  0.031889  0.019658  0.000000  0.000000
1  -0.566901  -0.566425  -nan  0.006658  0.005297  156.485189  0.028934  0.005061  0.000000  0.000000
1  -0.565305  -0.565305  nan  0.007457  0.008062  156.513507  0.029710  0.007832  0.000000  0.000000
1  -0.564383  -0.564383  -nan  0.009854  0.016112  156.561206  0.032087  0.015894  0.000000  0.000000
1  -0.565703  -0.565703  -nan  0.004527  -0.007894  156.610363  0.026740  -0.008109  0.000000  0.000000
1  -0.568926  -0.568926  nan  0.015180  0.032281  156.650368  0.037370  0.032065  0.000000  0.000000
1  -0.565625  -0.565301  nan  0.011984  0.019880  156.671219  0.034150  0.019658  0.000000  0.000000
1  -0.564370  -0.564370  nan  0.017444  0.040897  156.693476  0.039584  0.040667  0.000000  0.000000
1  -0.565647  -0.565647  -nan  0.008655  0.001545  156.739579  0.030772  0.001312  0.000000  0.000000
1  -0.564233  -0.564233  nan  0.009188  0.004440  156.814261  0.031288  0.004232  0.000000  0.000000
1  -0.560615  -0.560615  nan  0.003063  -0.022666  156.870610  0.025141  -0.022875  0.000000  0.000000
1  -0.565446  -0.565469  -nan  0.009854  0.004199  156.923982  0.031911  0.003992  0.000000  0.000000
1  -0.568512  -0.568512  -nan  0.004527  -0.014139  156.979784  0.026567  -0.014337  0.000000  0.000000
1  -0.564854  -0.564854  -nan  0.009721  0.001792  157.039458  0.031738  0.001586  0.000000  0.000000
1  -0.567563  -0.567563  nan  0.000799  -0.027847  157.035843  0.022790  -0.028070  0.000000  0.000000
1  -0.567052  -0.567052  nan  0.013715  0.020920  157.061598  0.035679  0.020684  0.000000  0.000000
1  -0.567106  -0.566836  nan  0.005726  -0.013493  157.096506  0.027664  -0.013734  0.000000  0.000000
1  -0.566143  -0.566143  nan  0.000799  -0.033947  157.087410  0.022705  -0.034214  0.000000  0.000000
1  -0.565968  -0.565968  nan  0.012117  0.010344  157.096056  0.033994  0.010068  0.000000  0.000000
1  -0.565861  -0.565861  nan  -0.000000  -0.036773  157.142304  0.021855  -0.037029  0.000000  0.000000
1  -0.564137  -0.564137  nan  0.010120  0.001409  157.180316  0.031950  0.001155  0.000000  0.000000
1  -0.566616  -0.567987  -nan  0.020906  0.047152  157.197201  0.042710  0.046899  0.000000  0.000000
1  -0.564994  -0.564994  -nan  0.018376  0.034877  157.214678  0.040151  0.034615  0.000000  0.000000
1  -0.568034  -0.568034  -nan  0.004261  -0.018326  157.230890  0.026011  -0.018585  0.000000  0.000000
1  -0.565834  -0.565834  nan  0.006258  -0.008369  157.238735  0.027981  -0.008631  0.000000  0.000000
1  -0.567170  -0.567170  nan  0.009587  0.005817  157.243166  0.031282  0.005552  0.000000  0.000000
1  -0.567343  -0.566716  -nan  0.019175  0.042871  157.240633  0.040840  0.042596  0.000000  0.000000
1  -0.563745  -0.563745  nan  0.005859  -0.010141  157.224332  0.027493  -0.010430  0.000000  0.000000
1  -0.566760  -0.566760  nan  0.008655  -0.004300  157.247613  0.030260  -0.004587  0.000000  0.000000
1  -0.564050  -0.564050  nan  -0.003063  -0.053742  157.255338  0.018511  -0.054036  0.000000  0.000000
1  -0.566160  -0.566160  nan  0.017577  0.028945  157.251968  0.039119  0.028647  0.000000  0.000000
1  -0.564383  -0.564698  -nan  0.012117  0.003540  157.284439  0.033632  0.003248  0.000000  0.000000
1  -0.566859  -0.566859  nan  0.008389  -0.005318  157.259351  0.029872  -0.005619  0.000000  0.000000
1  -0.567037  -0.567037  nan  0.015180  0.017831  157.288018  0.036634  0.017537  0.000000  0.000000
1  -0.565316  -0.565316  -nan  0.009987  -0.005622  157.335585  0.031416  -0.005902  0.000000  0.000000
1  -0.566308  -0.566308  -nan  0.009055  -0.014825  157.409080  0.030460  -0.015091  0.000000  0.000000
1  -0.565187  -0.565160  nan  0.009587  -0.012691  157.431034  0.030964  -0.012964  0.000000  0.000000
1  -0.566785  -0.566785  nan  0.016245  0.014937  157.459857  0.037594  0.014665  0.000000  0.000000
1  -0.566253  -0.566253  nan  0.019175  0.026659  157.471540  0.040493  0.026378  0.000000  0.000000
1  -0.567617  -0.567617  nan  0.009987  -0.008776  157.504728  0.031279  -0.009049  0.000000  0.000000
1  -0.558536  -0.558536  nan  -0.000000  -0.047844  157.526701  0.021264  -0.048117  0.000000  0.000000
1  -0.567909  -0.567603  -nan  0.016645  0.016571  157.588811  0.037886  0.016314  0.000000  0.000000
1  -0.566640  -0.566640  -nan  0.005992  -0.023901  157.606589  0.027205  -0.024165  0.000000  0.000000
1  -0.564443  -0.564443  -nan  0.003728  -0.031426  157.612417  0.024911  -0.031701  0.000000  0.000000
1  -0.565931  -0.565931  nan  0.009188  -0.006639  157.624324  0.030343  -0.006912  0.000000  0.000000
1  -0.561146  -0.561146  nan  0.004394  -0.029005  157.645828  0.025520  -0.029283  0.000000  0.000000
1  -0.563000  -0.563547  -nan  0.008922  -0.007169  157.649343  0.030019  -0.007448  0.000000  0.000000
1  -0.565911  -0.565911  -nan  0.018509  0.026945  157.674820  0.039576  0.026660  0.000000  0.000000
1  -0.565171  -0.565171  -nan  0.014248  0.005616  157.716738  0.035288  0.005334  0.000000  0.000000
1  -0.568293  -0.568293  -nan  0.012384  -0.000962  157.727941  0.033393  -0.001248  0.000000  0.000000
1  -0.564860  -0.564860  -nan  0.008922  -0.011567  157.712841  0.029899  -0.011864  0.000000  0.000000
1  -0.565595  -0.565482  nan  0.015579  0.009515  157.752981  0.036527  0.009221  0.000000  0.000000
1  -0.563293  -0.563293  nan  0.011718  -0.006246  157.752291  0.032633  -0.006549  0.000000  0.000000
1  -0.566465  -0.566465  -nan  0.017311  0.014942  157.796319  0.038199  0.014653  0.000000  0.000000
1  -0.565784  -0.565784  -nan  0.005193  -0.036289  157.837252  0.026053  -0.036578  0.000000  0.000000
1  -0.565284  -0.565284  nan  0.021971  0.029754  157.857643  0.042800  0.029458  0.000000  0.000000
1  -0.565262  -0.565608  nan  0.008788  -0.022545  157.855033  0.029582  -0.022855  0.000000  0.000000
1  -0.567513  -0.567513  nan  0.017177  0.006438  157.917935  0.037945  0.006144  0.000000  0.000000
1  -0.565094  -0.565094  nan  0.015047  0.000056  157.919482  0.035781  -0.000250  0.000000  0.000000
1  -0.562555  -0.562555  nan  0.018243  0.014004  157.959529  0.038950  0.013711  0.000000  0.000000
1  -0.567209  -0.567209  -nan  0.022504  0.029572  157.975737  0.043177  0.029269  0.000000  0.000000
1  -0.564031  -0.564291  nan  0.015446  0.003523  158.002485  0.036092  0.003228  0.000000  0.000000
1  -0.567714  -0.567714  nan  0.019042  0.015778  158.024144  0.039655  0.015475  0.000000  0.000000
1  -0.563652  -0.563652  nan  0.013715  -0.009436  158.049352  0.034296  -0.009745  0.000000  0.000000
1  -0.564914  -0.564914  -nan  0.019042  0.013462  158.079024  0.039593  0.013161  0.000000  0.000000
1  -0.565272  -0.565272  nan  0.019308  0.018225  158.059123  0.039824  0.017906  0.000000  0.000000
1  -0.563095  -0.562744  nan  0.020107  0.018756  158.086433  0.040591  0.018439  0.000000  0.000000
1  -0.566691  -0.566691  -nan  0.011452  -0.013947  158.085348  0.031902  -0.014269  0.000000  0.000000
1  -0.565576  -0.565576  nan  0.008123  -0.026244  158.081398  0.028539  -0.026572  0.000000  0.000000
1  -0.566886  -0.566886  -nan  0.023036  0.031461  158.087923  0.043418  0.031129  0.000000  0.000000
1  -0.565449  -0.565449  -nan  0.020906  0.022403  158.094376  0.041254  0.022069  0.000000  0.000000
1  -0.566467  -0.566607  nan  0.001997  -0.050118  158.095683  0.022313  -0.050444  0.000000  0.000000
1  -0.566063  -0.566063  -nan  0.010120  -0.018198  158.126771  0.030407  -0.018512  0.000000  0.000000
1  -0.567340  -0.567340  nan  0.010786  -0.011818  158.114610  0.031039  -0.012136  0.000000  0.000000
1  -0.566096  -0.566096  -nan  0.017843  0.016265  158.123759  0.038067  0.015952  0.000000  0.000000
1  -0.565485  -0.565485  -nan  0.014115  0.005160  158.109779  0.034305  0.004844  0.000000  0.000000
1  -0.565433  -0.564952  -nan  0.010120  -0.012940  158.107003  0.030276  -0.013262  0.000000  0.000000
1  -0.562924  -0.562924  -nan  0.003728  -0.038429  158.114761  0.023854  -0.038748  0.000000  0.000000
1  -0.565418  -0.565418  nan  0.020240  0.021770  158.120469  0.040329  0.021443  0.000000  0.000000
1  -0.564875  -0.564875  nan  0.002663  -0.044238  158.075940  0.022715  -0.044579  0.000000  0.000000
1  -0.565913  -0.565913  -nan  0.006525  -0.022913  158.048340  0.026544  -0.023248  0.000000  0.000000
1  -0.566130  -0.566932  -nan  0.013183  0.009274  158.020343  0.033168  0.008949  0.000000  0.000000
1  -0.565541  -0.565541  nan  0.007457  -0.016227  158.017741  0.027411  -0.016547  0.000000  0.000000
1  -0.566448  -0.566448  -nan  0.014781  0.013315  158.005699  0.034703  0.012995  0.000000  0.000000
1  -0.561545  -0.561545  -nan  0.002397  -0.035090  157.994470  0.022287  -0.035406  0.000000  0.000000
1  -0.566728  -0.566728  nan  0.017444  0.023447  157.987155  0.037301  0.023131  0.000000  0.000000
1  -0.563866  -0.564378  -nan  0.005060  -0.026525  157.995850  0.024889  -0.026830  0.000000  0.000000
1  -0.566027  -0.566027  nan  0.009055  -0.006307  157.983239  0.028853  -0.006607  0.000000  0.000000
1  -0.565305  -0.565305  nan  0.006658  -0.015434  157.928333  0.026418  -0.015758  0.000000  0.000000
1  -0.564769  -0.564769  nan  0.011585  0.000808  157.906117  0.031309  0.000471  0.000000  0.000000
1  -0.565423  -0.565423  nan  0.006525  -0.021676  157.907640  0.026217  -0.022003  0.000000  0.000000
1  -0.563824  -0.563388  nan  -0.004794  -0.061382  157.883318  0.014868  -0.061700  0.000000  0.000000
1  -0.566778  -0.566778  nan  0.006392  -0.017569  157.861475  0.026021  -0.017891  0.000000  0.000000
1  -0.562975  -0.562975  -nan  0.002530  -0.033972  157.858908  0.022128  -0.034286  0.000000  0.000000
1  -0.565935  -0.565935  -nan  0.001198  -0.036018  157.844022  0.020766  -0.036327  0.000000  0.000000
1  -0.562388  -0.562388  nan  0.012783  0.011186  157.824303  0.032321  0.010877  0.000000  0.000000
1  -0.564594  -0.564594  -nan  0.015713  0.015077  157.843048  0.035219  0.014769  0.000000  0.000000
1  -0.565438  -0.565438  -nan  0.011585  0.000344  157.826544  0.031059  0.000035  0.000000  0.000000
1  -0.565995  -0.565995  nan  0.010653  -0.007390  157.853715  0.030098  -0.007689  0.000000  0.000000
1  -0.566757  -0.566757  nan  0.003728  -0.033216  157.859131  0.023145  -0.033509  0.000000  0.000000
1  -0.565191  -0.565191  nan  0.004527  -0.030632  157.872799  0.023915  -0.030924  0.000000  0.000000
1  -0.566328  -0.566328  -nan  0.017311  0.017287  157.858730  0.036663  0.016977  0.000000  0.000000
1  -0.563862  -0.563862  nan  0.028762  0.060505  157.873734  0.048084  0.060200  0.000000  0.000000
1  -0.564650  -0.564650  -nan  0.013715  -0.001387  157.880385  0.033006  -0.001697  0.000000  0.000000
1  -0.564379  -0.564379  -nan  0.012916  -0.005575  157.909842  0.032179  -0.005872  0.000000  0.000000
1  -0.564552  -0.564552  nan  0.013582  -0.003017  157.921973  0.032815  -0.003314  0.000000  0.000000
1  -0.567302  -0.566752  -nan  0.007590  -0.024391  157.950148  0.026797  -0.024673  0.000000  0.000000
1  -0.563437  -0.563437  nan  0.018775  0.018790  157.966400  0.037952  0.018502  0.000000  0.000000
1  -0.567486  -0.567486  nan  0.016911  0.009489  157.990036  0.036058  0.009199  0.000000  0.000000
1  -0.564605  -0.564605  nan  0.011452  -0.014229  158.004029  0.030566  -0.014528  0.000000  0.000000
1  -0.564213  -0.564213  -nan  0.017044  0.006842  157.986738  0.036122  0.006522  0.000000  0.000000
1  -0.565781  -0.566152  nan  0.011984  -0.017446  158.006902  0.031029  -0.017768  0.000000  0.000000
1  -0.565481  -0.565481  -nan  0.015047  -0.005583  158.023067  0.034060  -0.005903  0.000000  0.000000
1  -0.566359  -0.566359  nan  0.011585  -0.019708  158.027979  0.030564  -0.020031  0.000000  0.000000
1  -0.564389  -0.564389  nan  0.023569  0.029354  158.021638  0.042514  0.029029  0.000000  0.000000
1  -0.566576  -0.566576  nan  0.024501  0.031513  158.039318  0.043415  0.031192  0.000000  0.000000
1  -0.562341  -0.563561  nan  0.021438  0.018362  158.049139  0.040319  0.018038  0.000000  0.000000
1  -0.566802  -0.566802  nan  0.015047  -0.008038  158.059897  0.033893  -0.008364  0.000000  0.000000
1  -0.565556  -0.565556  -nan  0.022637  0.021674  158.082624  0.041452  0.021355  0.000000  0.000000
1  -0.566489  -0.566489  nan  0.023170  0.028187  158.104846  0.041957  0.027883  0.000000  0.000000
1  -0.566166  -0.566166  -nan  0.014381  -0.008340  158.145273  0.033141  -0.008637  0.000000  0.000000
1  -0.563959  -0.563838  nan  0.018908  0.009321  158.163478  0.037637  0.009019  0.000000  0.000000
1  -0.566095  -0.566095  -nan  0.019841  0.014391  158.204848  0.038543  0.014103  0.000000  0.000000
1  -0.563392  -0.563392  -nan  0.017177  0.004816  158.188329  0.035844  0.004508  0.000000  0.000000
1  -0.566494  -0.566494  -nan  0.014381  -0.008041  158.194013  0.033014  -0.008360  0.000000  0.000000
1  -0.565734  -0.565734  nan  0.022770  0.024980  158.201329  0.041369  0.024658  0.000000  0.000000
1  -0.566168  -0.566903  -nan  0.021305  0.019397  158.220015  0.039874  0.019080  0.000000  0.000000
1  -0.565604  -0.565604  nan  0.017311  0.002758  158.232497  0.035848  0.002441  0.000000  0.000000
1  -0.565225  -0.565225  nan  0.018642  0.007363  158.221922  0.037143  0.007034  0.000000  0.000000
1  -0.567066  -0.567066  -nan  0.017444  0.003953  158.233026  0.035912  0.003630  0.000000  0.000000
1  -0.565350  -0.565350  nan  0.021039  0.018662  158.232745  0.039475  0.018336  0.000000  0.000000
1  -0.568165  -0.568420  -nan  0.018376  0.010445  158.230706  0.036780  0.010120  0.000000  0.000000
1  -0.563340  -0.563340  -nan  0.011185  -0.019654  158.225104  0.029554  -0.019984  0.000000  0.000000
1  -0.565627  -0.565627  nan  0.007989  -0.030718  158.262376  0.026332  -0.031023  0.000000  0.000000
1  -0.566321  -0.566321  nan  0.017976  0.005151  158.271767  0.036285  0.004835  0.000000  0.000000
1  -0.565329  -0.565329  -nan  0.022770  0.022733  158.307051  0.041049  0.022427  0.000000  0.000000
1  -0.566603  -0.566122  nan  0.010120  -0.027311  158.306831  0.028365  -0.027626  0.000000  0.000000
1  -0.567113  -0.567113  nan  0.018908  0.008904  158.318655  0.037122  0.008595  0.000000  0.000000
1  -0.567348  -0.567348  -nan  0.018376  0.006907  158.295838  0.036554  0.006580  0.000000  0.000000
1  -0.564951  -0.564951  nan  0.022504  0.023754  158.355841  0.040658  0.023458  0.000000  0.000000
1  -0.565501  -0.565501  nan  0.017577  0.006342  158.346808  0.035697  0.006033  0.000000  0.000000
1  -0.564604  -0.564590  nan  0.009321  -0.024199  158.333337  0.027408  -0.024514  0.000000  0.000000
1  -0.565221  -0.565221  nan  0.024235  0.035502  158.343020  0.042290  0.035187  0.000000  0.000000
1  -0.568314  -0.568314  nan  0.020639  0.019498  158.333219  0.038660  0.019173  0.000000  0.000000
1  -0.564674  -0.564674  -nan  0.010253  -0.022891  158.300880  0.028235  -0.023237  0.000000  0.000000
1  -0.566157  -0.566157  nan  0.015713  -0.000588  158.302011  0.033662  -0.000926  0.000000  0.000000
1  -0.564891  -0.564775  nan  0.019441  0.010496  158.324477  0.037359  0.010166  0.000000  0.000000
1  -0.563889  -0.563889  nan  0.023835  0.027365  158.356021  0.041724  0.027053  0.000000  0.000000
1  -0.564386  -0.564386  -nan  0.010253  -0.029671  158.390455  0.028112  -0.029977  0.000000  0.000000
1  -0.564770  -0.564770  nan  0.025566  0.029389  158.398070  0.043391  0.029071  0.000000  0.000000
1  -0.565928  -0.565928  nan  0.016378  -0.005971  158.413292  0.034172  -0.006285  0.000000  0.000000
1  -0.562831  -0.563524  nan  0.017577  -0.001868  158.447556  0.035341  -0.002177  0.000000  0.000000
1  -0.565844  -0.565844  -nan  0.012384  -0.023556  158.460192  0.030115  -0.023872  0.000000  0.000000
1  -0.566506  -0.566506  nan  0.016112  -0.006466  158.447556  0.033808  -0.006793  0.000000  0.000000
1  -0.563086  -0.563086  nan  0.024767  0.028136  158.441150  0.042428  0.027802  0.000000  0.000000
1  -0.559287  -0.559287  -nan  0.015313  -0.009093  158.444923  0.032940  -0.009426  0.000000  0.000000
1  -0.564958  -0.565923  nan  0.017444  -0.001086  158.442762  0.035037  -0.001421  0.000000  0.000000
1  -0.566554  -0.566554  nan  0.015446  -0.008122  158.408974  0.032999  -0.008475  0.000000  0.000000
1  -0.563937  -0.563937  nan  0.016911  -0.001330  158.409744  0.034432  -0.001675  0.000000  0.000000
1  -0.566610  -0.566610  -nan  0.017843  0.000905  158.395438  0.035325  0.000555  0.000000  0.000000
1  -0.565377  -0.565377  nan  0.017710  0.001901  158.398191  0.035160  0.001559  0.000000  0.000000
1  -0.564183  -0.564403  -nan  0.015979  -0.004321  158.418459  0.033399  -0.004646  0.000000  0.000000
1  -0.566287  -0.566287  -nan  0.025167  0.029818  158.404275  0.042550  0.029476  0.000000  0.000000
1  -0.563429  -0.563429  nan  0.016245  -0.005937  158.435388  0.033600  -0.006257  0.000000  0.000000
1  -0.565164  -0.565164  -nan  0.017577  -0.001524  158.426665  0.034896  -0.001854  0.000000  0.000000
1  -0.564017  -0.564017  nan  0.024501  0.025105  158.445097  0.041788  0.024777  0.000000  0.000000
1  -0.566686  -0.566797  -nan  0.017311  -0.006057  158.458045  0.034564  -0.006387  0.000000  0.000000
1  -0.565937  -0.565937  nan  0.022903  0.015531  158.428015  0.040116  0.015176  0.000000  0.000000
1  -0.564797  -0.564797  -nan  0.011052  -0.027802  158.439389  0.028235  -0.028138  0.000000  0.000000
1  -0.566813  -0.566813  -nan  0.026498  0.033626  158.421990  0.043644  0.033281  0.000000  0.000000
1  -0.562728  -0.562728  nan  0.027830  0.038322  158.460921  0.044948  0.037997  0.000000  0.000000
1  -0.564347  -0.564690  nan  0.021838  0.016659  158.435518  0.038919  0.016322  0.000000  0.000000
1  -0.564089  -0.564089  -nan  0.019175  0.005399  158.426148  0.036220  0.005057  0.000000  0.000000
1  -0.564648  -0.564648  -nan  0.016112  -0.006005  158.420246  0.033123  -0.006346  0.000000  0.000000
1  -0.565181  -0.565181  nan  0.016778  -0.003027  158.408909  0.033754  -0.003370  0.000000  0.000000
1  -0.563410  -0.563410  -nan  0.017444  -0.003310  158.428569  0.034387  -0.003646  0.000000  0.000000
1  -0.565194  -0.565852  nan  0.022504  0.015254  158.432290  0.039412  0.014916  0.000000  0.000000
1  -0.563106  -0.563106  -nan  0.025300  0.027054  158.414632  0.042171  0.026707  0.000000  0.000000
1  -0.566260  -0.566260  -nan  0.017577  -0.003435  158.396890  0.034411  -0.003788  0.000000  0.000000
1  -0.564700  -0.564700  -nan  0.019574  0.006315  158.399885  0.036376  0.005971  0.000000  0.000000
1  -0.564836  -0.564836  nan  0.020373  0.007845  158.398502  0.037141  0.007503  0.000000  0.000000
1  -0.565217  -0.565446  -nan  0.023036  0.016541  158.405676  0.039769  0.016200  0.000000  0.000000
1  -0.563956  -0.563956  -nan  0.021172  0.007090  158.410901  0.037870  0.006747  0.000000  0.000000
1  -0.566018  -0.566018  nan  0.026898  0.028636  158.440390  0.043565  0.028303  0.000000  0.000000
1  -0.563881  -0.563881  nan  0.018775  -0.004503  158.439364  0.035407  -0.004843  0.000000  0.000000
1  -0.566095  -0.566095  -nan  0.021305  0.008219  158.416494  0.037899  0.007870  0.000000  0.000000
1  -0.563467  -0.564196  nan  0.012517  -0.024368  158.404311  0.029076  -0.024716  0.000000  0.000000
1  -0.566173  -0.566173  -nan  0.020107  0.008306  158.370112  0.036628  0.007949  0.000000  0.000000
1  -0.564721  -0.564721  nan  0.019175  0.002398  158.388903  0.035664  0.002055  0.000000  0.000000
1  -0.564247  -0.564247  nan  0.025167  0.025364  158.407488  0.041625  0.025031  0.000000  0.000000
1  -0.566262  -0.566262  nan  0.019441  0.003957  158.433943  0.035870  0.003643  0.000000  0.000000
1  -0.564381  -0.564142  -nan  0.016245  -0.008834  158.421811  0.032638  -0.009164  0.000000  0.000000
1  -0.566482  -0.566482  -nan  0.022104  0.014283  158.424036  0.038463  0.013954  0.000000  0.000000
1  -0.565157  -0.565157  nan  0.018243  -0.003950  158.442930  0.034569  -0.004275  0.000000  0.000000
1  -0.566614  -0.566614  nan  0.020107  0.004650  158.401644  0.036393  0.004299  0.000000  0.000000
1  -0.564537  -0.564537  -nan  0.015446  -0.012787  158.402874  0.031700  -0.013130  0.000000  0.000000
1  -0.564850  -0.564774  -nan  0.016245  -0.004594  158.373071  0.032464  -0.004937  0.000000  0.000000
1  -0.565648  -0.565648  nan  0.022903  0.017542  158.382153  0.039088  0.017202  0.000000  0.000000
1  -0.564817  -0.564817  -nan  0.023170  0.015920  158.413448  0.039324  0.015593  0.000000  0.000000
1  -0.567864  -0.567864  nan  0.015846  -0.013301  158.403055  0.031965  -0.013636  0.000000  0.000000
1  -0.565228  -0.565228  -nan  0.018509  -0.004073  158.399946  0.034592  -0.004412  0.000000  0.000000
1  -0.566055  -0.566201  nan  0.021172  0.007221  158.405609  0.037223  0.006886  0.000000  0.000000
1  -0.561955  -0.561955  -nan  0.014781  -0.017557  158.428016  0.030801  -0.017878  0.000000  0.000000
1  -0.565314  -0.565314  -nan  0.017577  -0.004705  158.396727  0.033559  -0.005044  0.000000  0.000000
1  -0.565921  -0.565921  nan  0.016378  -0.008640  158.413161  0.032331  -0.008965  0.000000  0.000000
1  -0.564491  -0.564491  -nan  0.014381  -0.017140  158.415447  0.030300  -0.017466  0.000000  0.000000
1  -0.567453  -0.567009  nan  0.016512  -0.010030  158.449588  0.032401  -0.010345  0.000000  0.000000
1  -0.565541  -0.565541  -nan  0.016911  -0.007763  158.475369  0.032773  -0.008067  0.000000  0.000000
1  -0.565487  -0.565487  nan  0.022237  0.013126  158.481903  0.038066  0.012815  0.000000  0.000000
1  -0.566151  -0.566151  nan  0.013715  -0.017603  158.461064  0.029508  -0.017925  0.000000  0.000000
1  -0.565418  -0.565418  nan  0.027564  0.031333  158.457059  0.043318  0.030991  0.000000  0.000000
1  -0.565832  -0.567088  -nan  0.027697  0.030886  158.465440  0.043419  0.030549  0.000000  0.000000
1  -0.566111  -0.566111  -nan  0.012117  -0.030933  158.440782  0.027800  -0.031285  0.000000  0.000000
1  -0.567008  -0.567008  nan  0.026498  0.028352  158.439256  0.042148  0.028006  0.000000  0.000000
1  -0.564714  -0.564714  nan  0.022637  0.013245  158.439792  0.038254  0.012904  0.000000  0.000000
1  -0.568962  -0.568962  -nan  0.016378  -0.013956  158.445724  0.031961  -0.014297  0.000000  0.000000
1  -0.565914  -0.565279  -nan  0.015979  -0.014747  158.423415  0.031523  -0.015098  0.000000  0.000000
1  -0.564737  -0.564737  -nan  0.021172  0.006621  158.439908  0.036686  0.006284  0.000000  0.000000
1  -0.565518  -0.565518  -nan  0.023436  0.018896  158.436802  0.038917  0.018569  0.000000  0.000000
1  -0.564117  -0.564117  -nan  0.024767  0.022779  158.469852  0.040220  0.022466  0.000000  0.000000
1  -0.565945  -0.565945  -nan  0.020107  0.002948  158.480297  0.035527  0.002632  0.000000  0.000000
1  -0.563753  -0.564246  -nan  0.025700  0.024825  158.460800  0.041083  0.024495  0.000000  0.000000
1  -0.566147  -0.566147  -nan  0.017710  -0.004014  158.443647  0.033059  -0.004346  0.000000  0.000000
1  -0.565448  -0.565448  -nan  0.015446  -0.013509  158.455738  0.030765  -0.013833  0.000000  0.000000
1  -0.565811  -0.565811  -nan  0.025034  0.022994  158.458846  0.040318  0.022665  0.000000  0.000000
1  -0.565685  -0.565685  nan  0.019707  0.002917  158.435922  0.034955  0.002577  0.000000  0.000000
1  -0.563025  -0.563786  -nan  0.024501  0.021901  158.436447  0.039715  0.021566  0.000000  0.000000
1  -0.565082  -0.565082  nan  0.030227  0.043180  158.427282  0.045405  0.042838  0.000000  0.000000
1  -0.564452  -0.564452  nan  0.020107  0.004468  158.429433  0.035254  0.004134  0.000000  0.000000
1  -0.566828  -0.566828  nan  0.015979  -0.012039  158.420549  0.031092  -0.012373  0.000000  0.000000
1  -0.565062  -0.565062  nan  0.023170  0.017136  158.427335  0.038250  0.016810  0.000000  0.000000
1  -0.566669  -0.566444  -nan  0.015313  -0.013608  158.430977  0.030362  -0.013932  0.000000  0.000000
1  -0.565374  -0.565374  nan  0.014914  -0.016630  158.414905  0.029926  -0.016967  0.000000  0.000000
1  -0.563746  -0.563746  nan  0.017577  -0.006270  158.407397  0.032555  -0.006607  0.000000  0.000000
1  -0.565951  -0.565951  nan  0.026498  0.028239  158.421599  0.041445  0.027909  0.000000  0.000000
1  -0.562881  -0.562881  -nan  0.020906  0.004543  158.423265  0.035819  0.004211  0.000000  0.000000
1  -0.565321  -0.565610  nan  0.012650  -0.025785  158.417518  0.027530  -0.026111  0.000000  0.000000
1  -0.566064  -0.566064  -nan  0.019175  0.000451  158.422919  0.034023  0.000128  0.000000  0.000000
1  -0.566679  -0.566679  -nan  0.017976  -0.004238  158.424865  0.032792  -0.004559  0.000000  0.000000
1  -0.566373  -0.566373  -nan  0.021705  0.011048  158.431448  0.036490  0.010731  0.000000  0.000000
1  -0.564186  -0.564186  -nan  0.023170  0.015862  158.433940  0.037922  0.015543  0.000000  0.000000
1  -0.565360  -0.565428  nan  0.017044  -0.007993  158.422246  0.031763  -0.008319  0.000000  0.000000
1  -0.564048  -0.564048  -nan  0.016512  -0.008787  158.391457  0.031193  -0.009123  0.000000  0.000000
1  -0.566654  -0.566654  -nan  0.019974  0.004263  158.376771  0.034620  0.003924  0.000000  0.000000
1  -0.565435  -0.565435  nan  0.022504  0.008894  158.399482  0.037117  0.008560  0.000000  0.000000
1  -0.565966  -0.565966  -nan  0.017311  -0.011999  158.410750  0.031892  -0.012324  0.000000  0.000000
1  -0.566463  -0.566413  nan  0.020506  -0.001481  158.408081  0.035052  -0.001817  0.000000  0.000000
1  -0.562334  -0.562334  nan  0.028096  0.030213  158.436026  0.042613  0.029897  0.000000  0.000000
1  -0.566596  -0.566596  nan  0.023702  0.015552  158.414119  0.038184  0.015222  0.000000  0.000000
1  -0.563481  -0.563481  nan  0.017044  -0.010281  158.401937  0.031491  -0.010618  0.000000  0.000000
1  -0.565424  -0.565424  -nan  0.018109  -0.006956  158.440807  0.032529  -0.007270  0.000000  0.000000
1  -0.565573  -0.565191  nan  0.019841  0.000693  158.431107  0.034226  0.000372  0.000000  0.000000
1  -0.563831  -0.563831  -nan  0.020107  0.000401  158.432189  0.034459  0.000076  0.000000  0.000000
1  -0.565508  -0.565508  nan  0.026898  0.027134  158.426132  0.041216  0.026804  0.000000  0.000000
1  -0.565280  -0.565280  -nan  0.024235  0.017843  158.402212  0.038516  0.017501  0.000000  0.000000
1  -0.567438  -0.567438  -nan  0.023835  0.017510  158.409319  0.038085  0.017181  0.000000  0.000000
1  -0.563568  -0.563639  -nan  0.013982  -0.023049  158.434423  0.028202  -0.023365  0.000000  0.000000
1  -0.565706  -0.565706  -nan  0.027431  0.031335  158.440407  0.041621  0.031022  0.000000  0.000000
1  -0.564267  -0.564267  nan  0.021305  0.003397  158.465488  0.035464  0.003086  0.000000  0.000000
1  -0.564581  -0.564581  nan  0.020639  0.003607  158.436490  0.034762  0.003281  0.000000  0.000000
1  -0.566970  -0.566970  nan  0.020240  0.001439  158.471978  0.034336  0.001131  0.000000  0.000000
1  -0.565471  -0.565343  nan  0.022637  0.008729  158.468992  0.036697  0.008410  0.000000  0.000000
1  -0.566348  -0.566348  -nan  0.028895  0.033188  158.471611  0.042922  0.032865  0.000000  0.000000
1  -0.563933  -0.563933  -nan  0.016512  -0.011156  158.461183  0.030507  -0.011478  0.000000  0.000000
1  -0.565643  -0.565643  -nan  0.015713  -0.011457  158.406852  0.029669  -0.011802  0.000000  0.000000
1  -0.567034  -0.567034  -nan  0.021438  0.009124  158.418992  0.035364  0.008794  0.000000  0.000000
1  -0.565100  -0.565062  -nan  0.013049  -0.025681  158.420113  0.026942  -0.026007  0.000000  0.000000
1  -0.567774  -0.567774  -nan  0.017976  -0.004556  158.402080  0.031835  -0.004888  0.000000  0.000000
1  -0.565290  -0.565290  -nan  0.012517  -0.024243  158.403366  0.026346  -0.024564  0.000000  0.000000
1  -0.565994  -0.565994  -nan  0.025034  0.023945  158.400677  0.038829  0.023621  0.000000  0.000000
1  -0.565428  -0.565428  nan  0.016778  -0.007065  158.417424  0.030546  -0.007373  0.000000  0.000000
1  -0.566444  -0.565822  nan  0.007989  -0.044821  158.400340  0.021721  -0.045145  0.000000  0.000000
1  -0.565832  -0.565832  nan  0.019841  0.000802  158.398011  0.033539  0.000477  0.000000  0.000000
1  -0.565077  -0.565077  nan  0.011718  -0.032851  158.385710  0.025380  -0.033186  0.000000  0.000000
1  -0.567133  -0.567133  nan  0.016512  -0.015879  158.411019  0.030144  -0.016204  0.000000  0.000000
1  -0.564032  -0.564032  nan  0.025566  0.016857  158.442617  0.039169  0.016539  0.000000  0.000000
1  -0.565659  -0.565155  -nan  0.014514  -0.026933  158.437476  0.028082  -0.027258  0.000000  0.000000
1  -0.565708  -0.565708  -nan  0.018509  -0.010838  158.434063  0.032042  -0.011167  0.000000  0.000000
1  -0.564265  -0.564265  nan  0.029827  0.034602  158.450741  0.043331  0.034282  0.000000  0.000000
1  -0.566132  -0.566132  -nan  0.026765  0.023018  158.442035  0.040234  0.022689  0.000000  0.000000
1  -0.565109  -0.565109  nan  0.020906  0.001569  158.442381  0.034343  0.001245  0.000000  0.000000
1  -0.565463  -0.566267  -nan  0.016911  -0.016422  158.442502  0.030313  -0.016752  0.000000  0.000000
1  -0.564738  -0.564738  -nan  0.024634  0.015764  158.440801  0.038004  0.015436  0.000000  0.000000
1  -0.567735  -0.567735  -nan  0.016378  -0.018906  158.474256  0.029720  -0.019217  0.000000  0.000000
1  -0.566509  -0.566509  -nan  0.023835  0.012481  158.472995  0.037145  0.012164  0.000000  0.000000
1  -0.564563  -0.564563  -nan  0.023569  0.005396  158.487724  0.036843  0.005068  0.000000  0.000000
1  -0.566502  -0.566510  nan  0.021971  0.000992  158.492062  0.035213  0.000667  0.000000  0.000000
1  -0.563969  -0.563969  -nan  0.021305  -0.002983  158.523659  0.034518  -0.003298  0.000000  0.000000
1  -0.566194  -0.566194  nan  0.014781  -0.024631  158.480428  0.027954  -0.024967  0.000000  0.000000
1  -0.565316  -0.565316  -nan  0.017177  -0.014509  158.487491  0.030319  -0.014836  0.000000  0.000000
1  -0.566564  -0.566564  -nan  0.010386  -0.041371  158.477593  0.023494  -0.041699  0.000000  0.000000
1  -0.565918  -0.565582  -nan  0.017311  -0.016302  158.481844  0.030385  -0.016632  0.000000  0.000000
1  -0.563880  -0.563880  -nan  0.031558  0.042112  158.440099  0.044593  0.041761  0.000000  0.000000
1  -0.565853  -0.565853  -nan  0.015579  -0.020022  158.426144  0.028580  -0.020367  0.000000  0.000000
1  -0.564682  -0.564682  nan  0.027431  0.022342  158.462166  0.040401  0.022011  0.000000  0.000000
1  -0.566191  -0.566191  -nan  0.016645  -0.022335  158.495841  0.029586  -0.022652  0.000000  0.000000
1  -0.564930  -0.564626  nan  0.019841  -0.008398  158.490946  0.032747  -0.008720  0.000000  0.000000
1  -0.565524  -0.565524  -nan  0.016245  -0.024458  158.508035  0.029120  -0.024778  0.000000  0.000000
1  -0.566878  -0.566878  nan  0.031692  0.036533  158.539080  0.044537  0.036222  0.000000  0.000000
1  -0.564131  -0.564131  -nan  0.030760  0.033723  158.547207  0.043572  0.033410  0.000000  0.000000
1  -0.567780  -0.567780  -nan  0.018109  -0.017906  158.564187  0.030891  -0.018219  0.000000  0.000000
1  -0.563955  -0.563988  -nan  0.021305  -0.004658  158.598792  0.034059  -0.004960  0.000000  0.000000
1  -0.565285  -0.565285  nan  0.028762  0.022819  158.592115  0.041479  0.022496  0.000000  0.000000
1  -0.564162  -0.564162  nan  0.026232  0.012355  158.605039  0.038916  0.012033  0.000000  0.000000
1  -0.565865  -0.565865  -nan  0.025300  0.005781  158.622343  0.037949  0.005452  0.000000  0.000000
1  -0.566155  -0.566155  -nan  0.025966  0.008700  158.617978  0.038579  0.008361  0.000000  0.000000
1  -0.565349  -0.565644  -nan  0.017710  -0.020473  158.627122  0.030293  -0.020798  0.000000  0.000000
1  -0.566511  -0.566511  nan  0.025833  0.011753  158.635720  0.038382  0.011427  0.000000  0.000000
1  -0.564583  -0.564583  -nan  0.022371  0.000650  158.635512  0.034888  0.000326  0.000000  0.000000
1  -0.564898  -0.564898  -nan  0.027297  0.020687  158.628313  0.039780  0.020357  0.000000  0.000000
1  -0.566082  -0.566082  -nan  0.017976  -0.017015  158.617401  0.030424  -0.017350  0.000000  0.000000
1  -0.566600  -0.566520  -nan  0.019574  -0.011481  158.648270  0.031993  -0.011801  0.000000  0.000000
1  -0.567975  -0.567975  nan  0.014514  -0.032749  158.626971  0.026895  -0.033088  0.000000  0.000000
1  -0.564052  -0.564052  -nan  0.015713  -0.026942  158.625296  0.028060  -0.027278  0.000000  0.000000
1  -0.567079  -0.567079  nan  0.022104  0.001223  158.590213  0.034413  0.000877  0.000000  0.000000
1  -0.563815  -0.563815  -nan  0.021438  -0.005059  158.585903  0.033711  -0.005410  0.000000  0.000000
1  -0.565499  -0.566093  -nan  0.018775  -0.017370  158.584688  0.031014  -0.017717  0.000000  0.000000
1  -0.565557  -0.565557  -nan  0.029561  0.030923  158.573095  0.041766  0.030584  0.000000  0.000000
1  -0.562845  -0.562845  nan  0.024634  0.012601  158.570016  0.036807  0.012268  0.000000  0.000000
1  -0.567081  -0.567081  -nan  0.022104  -0.000165  158.579339  0.034244  -0.000496  0.000000  0.000000
1  -0.563834  -0.563834  nan  0.023835  0.004803  158.589138  0.035942  0.004473  0.000000  0.000000
1  -0.564576  -0.564082  nan  0.020773  -0.005285  158.574608  0.032845  -0.005620  0.000000  0.000000
1  -0.565551  -0.565551  -nan  0.023436  0.006115  158.551016  0.035472  0.005773  0.000000  0.000000
1  -0.566579  -0.566579  nan  0.026365  0.017167  158.558027  0.038370  0.016834  0.000000  0.000000
1  -0.566751  -0.566751  nan  0.015713  -0.022254  158.519280  0.027680  -0.022599  0.000000  0.000000
1  -0.562960  -0.562960  -nan  0.024767  0.012114  158.535016  0.036704  0.011780  0.000000  0.000000
1  -0.567326  -0.567861  nan  0.026632  0.020367  158.483873  0.038528  0.020011  0.000000  0.000000
1  -0.564019  -0.564019  -nan  0.025034  0.014749  158.464970  0.036895  0.014399  0.000000  0.000000
1  -0.565415  -0.565415  nan  0.024368  0.011665  158.497606  0.036202  0.011342  0.000000  0.000000
1  -0.566804  -0.566804  -nan  0.021705  -0.000927  158.482626  0.033502  -0.001262  0.000000  0.000000
1  -0.565350  -0.565350  nan  0.022237  -0.000268  158.457601  0.033997  -0.000616  0.000000  0.000000
1  -0.567930  -0.566858  -nan  0.028363  0.022428  158.455320  0.040088  0.022084  0.000000  0.000000
1  -0.565224  -0.565224  nan  0.029694  0.025416  158.498259  0.041392  0.025095  0.000000  0.000000
1  -0.565422  -0.565422  nan  0.025433  0.008367  158.489526  0.037096  0.008039  0.000000  0.000000
1  -0.565870  -0.565870  -nan  0.027697  0.016129  158.518203  0.039330  0.015811  0.000000  0.000000
1  -0.568320  -0.568320  -nan  0.024501  0.003997  158.534832  0.036103  0.003683  0.000000  0.000000
1  -0.566578  -0.566518  -nan  0.014248  -0.039180  158.575380  0.025821  -0.039484  0.000000  0.000000
1  -0.565179  -0.565179  -nan  0.022104  -0.004754  158.586968  0.033647  -0.005058  0.000000  0.000000
1  -0.565641  -0.565641  -nan  0.039947  0.063618  158.601063  0.051457  0.063308  0.000000  0.000000
1  -0.563480  -0.563480  -nan  0.021971  -0.008777  158.626371  0.033450  -0.009086  0.000000  0.000000
1  -0.566730  -0.566730  -nan  0.026232  0.010756  158.627567  0.037679  0.010445  0.000000  0.000000
1  -0.564201  -0.564522  -nan  0.017444  -0.022531  158.637129  0.028860  -0.022840  0.000000  0.000000
1  -0.566404  -0.566404  -nan  0.029561  0.023073  158.656506  0.040945  0.022760  0.000000  0.000000
1  -0.566213  -0.566213  -nan  0.030227  0.023439  158.660550  0.041576  0.023116  0.000000  0.000000
1  -0.562651  -0.562651  nan  0.025167  0.000905  158.650262  0.036478  0.000564  0.000000  0.000000
1  -0.566070  -0.566070  -nan  0.020373  -0.017462  158.661648  0.031651  -0.017797  0.000000  0.000000
1  -0.564009  -0.564642  -nan  0.023702  -0.005987  158.660945  0.034943  -0.006329  0.000000  0.000000
1  -0.566531  -0.566531  -nan  0.030493  0.023474  158.654737  0.041701  0.023132  0.000000  0.000000
1  -0.564819  -0.564819  -nan  0.018509  -0.026258  158.670512  0.029683  -0.026598  0.000000  0.000000
1  -0.565160  -0.565160  -nan  0.024102  -0.002056  158.677459  0.035243  -0.002388  0.000000  0.000000
1  -0.564868  -0.564868  -nan  0.029028  0.019337  158.681060  0.040137  0.019008  0.000000  0.000000
1  -0.566281  -0.566835  -nan  0.020906  -0.014372  158.695729  0.031982  -0.014698  0.000000  0.000000
1  -0.567323  -0.567323  nan  0.024368  0.000204  158.707752  0.035413  -0.000115  0.000000  0.000000
1  -0.563910  -0.563910  -nan  0.025034  0.001904  158.699412  0.036041  0.001571  0.000000  0.000000
1  -0.567336  -0.567336  nan  0.027164  0.012524  158.724001  0.038143  0.012205  0.000000  0.000000
1  -0.562710  -0.562710  -nan  0.019441  -0.017851  158.723359  0.030386  -0.018175  0.000000  0.000000
1  -0.564729  -0.565216  -nan  0.020506  -0.014457  158.717554  0.031416  -0.014786  0.000000  0.000000
1  -0.568091  -0.568091  nan  0.030893  0.028772  158.708395  0.041769  0.028438  0.000000  0.000000
1  -0.565049  -0.565049  nan  0.025300  0.005944  158.712682  0.036143  0.005613  0.000000  0.000000
1  -0.567253  -0.567253  nan  0.013582  -0.037346  158.697782  0.024392  -0.037678  0.000000  0.000000
1  -0.563871  -0.563871  -nan  0.024368  0.006011  158.675225  0.035140  0.005674  0.000000  0.000000
1  -0.565177  -0.566238  -nan  0.023170  -0.000186  158.703215  0.033914  -0.000505  0.000000  0.000000
1  -0.565107  -0.565107  nan  0.028096  0.019410  158.679251  0.038804  0.019075  0.000000  0.000000
1  -0.565543  -0.565543  nan  0.024767  0.008304  158.681902  0.035444  0.007977  0.000000  0.000000
1  -0.567989  -0.567989  nan  0.019175  -0.015430  158.712311  0.029824  -0.015739  0.000000  0.000000
1  -0.564440  -0.564440  nan  0.019974  -0.011436  158.727222  0.030593  -0.011742  0.000000  0.000000
1  -0.566798  -0.567027  nan  0.019574  -0.015176  158.725805  0.030160  -0.015492  0.000000  0.000000
1  -0.566897  -0.566897  nan  0.027164  0.012831  158.732293  0.037717  0.012511  0.000000  0.000000
1  -0.565991  -0.565991  nan  0.024501  0.005136  158.719078  0.035020  0.004813  0.000000  0.000000
1  -0.564402  -0.564402  -nan  0.023170  -0.000205  158.710040  0.033654  -0.000532  0.000000  0.000000
1  -0.564002  -0.564002  nan  0.026099  0.010889  158.702745  0.036550  0.010559  0.000000  0.000000
1  -0.568036  -0.567792  -nan  0.018243  -0.021157  158.682743  0.028658  -0.021497  0.000000  0.000000
1  -0.564770  -0.564770  -nan  0.028762  0.016134  158.690582  0.039142  0.015794  0.000000  0.000000
1  -0.564993  -0.564993  -nan  0.023036  -0.006501  158.702028  0.033386  -0.006832  0.000000  0.000000
1  -0.566788  -0.566788  -nan  0.019974  -0.016267  158.692868  0.030288  -0.016601  0.000000  0.000000
1  -0.565128  -0.565128  nan  0.035953  0.047276  158.672989  0.046230  0.046932  0.000000  0.000000
1  -0.566108  -0.566108  nan  0.026898  0.008457  158.680531  0.037141  0.008115  0.000000  0.000000
1  -0.563987  -0.563987  -nan  0.019441  -0.019449  158.688091  0.029653  -0.019779  0.000000  0.000000
1  -0.567040  -0.567040  -nan  0.028096  0.015722  158.696325  0.038277  0.015399  0.000000  0.000000
1  -0.564376  -0.564376  -nan  0.024368  0.002357  158.687633  0.034515  0.002029  0.000000  0.000000
1  -0.564689  -0.564689  -nan  0.031026  0.026391  158.689471  0.041138  0.026060  0.000000  0.000000
1  -0.564918  -0.565371  nan  0.023968  -0.001660  158.658873  0.034043  -0.002008  0.000000  0.000000
1  -0.564148  -0.564148  -nan  0.019974  -0.013247  158.628679  0.030013  -0.013596  0.000000  0.000000
1  -0.565164  -0.565164  nan  0.021172  -0.010378  158.619885  0.031176  -0.010726  0.000000  0.000000
1  -0.563700  -0.563700  nan  0.026232  0.007917  158.638372  0.036205  0.007582  0.000000  0.000000
1  -0.565993  -0.565993  nan  0.026632  0.005849  158.640053  0.036568  0.005507  0.000000  0.000000
1  -0.566151  -0.565962  -nan  0.026632  0.009089  158.641108  0.036537  0.008758  0.000000  0.000000
1  -0.566157  -0.566157  -nan  0.025566  0.003322  158.662359  0.035441  0.003000  0.000000  0.000000
1  -0.565583  -0.565583  nan  0.024901  -0.000903  158.646696  0.034738  -0.001239  0.000000  0.000000
1  -0.563011  -0.563011  nan  0.024235  -0.004584  158.664284  0.034041  -0.004912  0.000000  0.000000
1  -0.566797  -0.566797  -nan  0.030760  0.022273  158.628386  0.040526  0.021923  0.000000  0.000000
1  -0.562515  -0.562618  -nan  0.019974  -0.015791  158.598128  0.029705  -0.016142  0.000000  0.000000
1  -0.566243  -0.566243  nan  0.023968  -0.004169  158.638538  0.033671  -0.004495  0.000000  0.000000
1  -0.566020  -0.566020  nan  0.026632  0.008007  158.600671  0.036296  0.007661  0.000000  0.000000
1  -0.563708  -0.563708  nan  0.024634  -0.002589  158.610927  0.034265  -0.002929  0.000000  0.000000
1  -0.566269  -0.566269  nan  0.027031  0.007364  158.636525  0.036633  0.007042  0.000000  0.000000
1  -0.562510  -0.562164  -nan  0.024102  -0.004401  158.672836  0.033675  -0.004708  0.000000  0.000000
1  -0.565009  -0.565009  nan  0.025300  0.003312  158.658795  0.034842  0.002993  0.000000  0.000000
1  -0.564860  -0.564860  -nan  0.018509  -0.024504  158.663784  0.028016  -0.024824  0.000000  0.000000
1  -0.566287  -0.566287  nan  0.022903  -0.006239  158.655054  0.032376  -0.006564  0.000000  0.000000
1  -0.567789  -0.567789  nan  0.018642  -0.022243  158.634245  0.028079  -0.022579  0.000000  0.000000
1  -0.560800  -0.558226  nan  0.026498  0.009188  158.621849  0.035901  0.008854  0.000000  0.000000
1  -0.569273  -0.569273  nan  0.017577  -0.029284  158.619356  0.026945  -0.029622  0.000000  0.000000
1  -0.563677  -0.563677  nan  0.020107  -0.014566  158.588697  0.029440  -0.014906  0.000000  0.000000
1  -0.565618  -0.565618  -nan  0.027297  0.015102  158.578369  0.036597  0.014769  0.000000  0.000000
1  -0.563611  -0.563611  -nan  0.025167  0.007749  158.577624  0.034436  0.007423  0.000000  0.000000
1  -0.569257  -0.569378  nan  0.025700  0.008938  158.549892  0.034932  0.008602  0.000000  0.000000
1  -0.565799  -0.565532  nan  0.017177  -0.024463  158.550739  0.026377  -0.024791  0.000000  0.000000
1  -0.566252  -0.566252  -nan  0.027830  0.019507  158.520137  0.036994  0.019171  0.000000  0.000000
1  -0.564521  -0.564521  nan  0.014647  -0.031552  158.449157  0.023770  -0.031916  0.000000  0.000000
1  -0.564303  -0.564303  nan  0.028363  0.023026  158.509399  0.037465  0.022715  0.000000  0.000000
1  -0.566604  -0.566604  -nan  0.026898  0.015746  158.462012  0.035960  0.015407  0.000000  0.000000
1  -0.566905  -0.566536  nan  0.019308  -0.017662  158.462223  0.028337  -0.017995  0.000000  0.000000
1  -0.566107  -0.566107  -nan  0.022371  -0.002708  158.424236  0.031363  -0.003046  0.000000  0.000000
1  -0.566930  -0.566930  nan  0.018642  -0.019010  158.446683  0.027607  -0.019331  0.000000  0.000000
1  -0.563711  -0.563711  nan  0.025300  0.007376  158.453764  0.034234  0.007061  0.000000  0.000000
1  -0.566344  -0.566344  -nan  0.022504  -0.000784  158.471161  0.031411  -0.001078  0.000000  0.000000
1  -0.564547  -0.561578  -nan  0.029295  0.021500  158.467216  0.038168  0.021190  0.000000  0.000000
1  -0.565822  -0.565822  nan  0.028496  0.016579  158.472789  0.037337  0.016265  0.000000  0.000000
1  -0.565562  -0.565562  nan  0.023835  -0.002869  158.489746  0.032646  -0.003177  0.000000  0.000000
1  -0.564453  -0.564453  nan  0.037817  0.051625  158.518998  0.046600  0.051328  0.000000  0.000000
1  -0.566389  -0.566389  -nan  0.021572  -0.012877  158.488936  0.030317  -0.013198  0.000000  0.000000
1  -0.564844  -0.564413  -nan  0.021971  -0.008390  158.455572  0.030681  -0.008722  0.000000  0.000000
1  -0.567238  -0.567238  -nan  0.028496  0.014893  158.474462  0.037175  0.014572  0.000000  0.000000
1  -0.566693  -0.566693  -nan  0.019974  -0.020724  158.503850  0.028625  -0.021031  0.000000  0.000000
1  -0.565378  -0.565378  nan  0.026099  0.004390  158.503514  0.034718  0.004082  0.000000  0.000000
1  -0.565019  -0.565019  -nan  0.026632  0.006486  158.510763  0.035220  0.006179  0.000000  0.000000
1  -0.564420  -0.564443  -nan  0.017044  -0.033712  158.518786  0.025600  -0.034022  0.000000  0.000000
1  -0.568518  -0.568518  -nan  0.017311  -0.031053  158.509916  0.025833  -0.031369  0.000000  0.000000
1  -0.565498  -0.565498  nan  0.031159  0.024646  158.485577  0.039645  0.024318  0.000000  0.000000
1  -0.566636  -0.566636  nan  0.020107  -0.017329  158.490452  0.028563  -0.017649  0.000000  0.000000
1  -0.565772  -0.565772  -nan  0.029827  0.019659  158.510061  0.038253  0.019348  0.000000  0.000000
1  -0.564364  -0.563954  nan  0.019974  -0.019706  158.509810  0.028367  -0.020020  0.000000  0.000000
1  -0.565342  -0.565342  nan  0.026632  0.006045  158.503186  0.034991  0.005723  0.000000  0.000000
1  -0.563756  -0.563756  -nan  0.025966  0.001261  158.534909  0.034296  0.000951  0.000000  0.000000
1  -0.567109  -0.567109  nan  0.020906  -0.016531  158.586906  0.029214  -0.016809  0.000000  0.000000
1  -0.565466  -0.565466  -nan  0.020506  -0.018718  158.556614  0.028777  -0.019027  0.000000  0.000000
1  -0.564247  -0.564518  nan  0.025700  0.001732  158.546771  0.033936  0.001413  0.000000  0.000000
1  -0.565348  -0.565348  nan  0.025167  0.000455  158.542348  0.033370  0.000137  0.000000  0.000000
