mode yawCmd rudderSet rudderIs gpsCourse gpsSpeed cY cW cWd mY mW mWd accGyroCount magCount psid psiTilde rTilde integralPsiTilde rudderMoment tauFF 
1  0.000000  1.214652  1.214652  11016350703687961431379585060882443475678472884138966941242333369085455399937817061220360477417382980622235852536339730342858024473038075198959518462875184764993962810396715215384435592211534046433764357558004633181491302881102534921804185972050409872017200770973696.000000  0.000000 30.937131  0.816342  -1.959818  5.087944  0.884029  -0.107499 446 222 0.000000  0.000000  0.000000  0.000000  0.000000  0.000000 
1  5.087944  1.215106  1.215106  11016350703687961431379585060882443475678472884138966941242333369085455399937817061220360477417382980622235852536339730342858024473038075198959518462875184764993962810396715215384435592211534046433764357558004633181491302881102534921804185972050409872017200770973696.000000  0.000000 34.576360  0.593133  -0.639393  5.383953  0.785411  -0.346997 25 13 5.087944  0.000000  0.000000  0.000000  0.000000  0.000000 
1  5.383953  1.216138  1.216138  11016350703687961431379585060882443475678472884138966941242333369085455399937817061220360477417382980622235852536339730342858024473038075198959518462875184764993962810396715215384435592211534046433764357558004633181491302881102534921804185972050409872017200770973696.000000  0.000000 38.192760  0.656021  0.599188  5.686295  0.864251  -0.015570 25 12 5.383953  0.000000  0.000000  0.000000  0.000000  0.000000 
1  5.686295  1.216231  1.216231  300.059998  0.020000 41.825641  0.312875  -2.304600  5.979547  0.695004  -0.613609 25 12 5.686295  0.000000  0.000000  0.000000  0.000000  0.000000 
1  5.979547  1.215793  1.215793  300.059998  0.020000 45.880962  0.596926  -0.548500  6.305238  0.879374  0.183151 25 13 5.979547  0.000000  0.000000  0.000000  0.000000  0.000000 
1  6.305238  1.217158  1.217158  300.059998  0.020000 49.945184  0.892477  -0.094411  6.643090  0.777894  -0.198135 25 12 6.305238  0.000000  0.000000  0.000000  0.000000  0.000000 
1  6.643090  1.215984  1.215958  300.059998  0.020000 53.911186  0.900050  2.280787  7.028626  0.847925  0.175895 25 12 6.643090  0.000000  0.000000  0.000000  0.000000  0.000000 
1  7.028626  1.215336  1.215336  300.059998  0.020000 58.256772  0.210352  -1.989365  7.463286  0.852122  0.113961 25 13 7.028626  0.000000  0.000000  0.000000  0.000000  0.000000 
1  7.463286  1.217018  1.217018  300.059998  0.020000 62.567057  0.671271  2.166728  8.030789  0.903761  0.284566 25 12 7.463286  0.000000  0.000000  0.000000  0.000000  0.000000 
1  8.030789  1.217789  1.217789  300.059998  0.020000 66.942288  0.372944  0.710830  8.701366  0.884125  0.124413 25 12 8.030789  0.000000  0.000000  0.000000  0.000000  0.000000 
1  8.701366  1.216648  1.216648  300.059998  0.020000 71.135659  0.691679  -0.096307  9.522140  0.884474  0.059727 25 13 8.701366  0.000000  0.000000  0.000000  0.000000  0.000000 
1  9.522140  1.216986  1.217053  300.059998  0.020000 75.571738  0.854288  1.091334  10.378692  0.924839  0.179535 25 12 9.522140  0.000000  0.000000  0.000000  0.000000  0.000000 
1  10.378692  1.217765  1.217765  300.059998  0.020000 80.186208  0.640335  -0.205503  11.291492  0.870101  -0.059316 25 13 10.378692  0.000000  0.000000  0.000000  0.000000  0.000000 
1  11.291492  1.217254  1.217254  208.649994  0.050000 84.283869  0.825477  0.668851  12.156020  0.841488  -0.148785 25 12 11.291492  0.000000  0.000000  0.000000  0.000000  0.000000 
1  12.156020  1.217070  1.217070  208.649994  0.050000 88.559978  0.595001  1.497334  12.998684  0.857770  0.030643 25 12 12.156020  0.000000  0.000000  0.000000  0.000000  0.000000 
1  12.998684  1.217179  1.217179  208.649994  0.050000 92.876086  0.258827  -1.504469  13.994265  0.916232  0.210011 25 13 12.998684  0.000000  0.000000  0.000000  0.000000  0.000000 
1  13.994265  1.216434  1.216434  208.649994  0.050000 96.993735  1.090785  1.468162  14.998995  0.968078  0.284415 25 12 13.994265  0.000000  0.000000  0.000000  0.000000  0.000000 
1  14.998995  1.216446  1.216446  208.649994  0.050000 100.663615  1.182516  0.653208  16.044498  1.194125  0.896274 25 12 14.998995  0.000000  0.000000  0.000000  0.000000  0.000000 
1  16.044498  1.215805  1.215805  208.649994  0.050000 104.578953  1.043174  1.123055  17.093717  1.199670  0.654274 25 13 16.044498  0.000000  0.000000  0.000000  0.000000  0.000000 
1  17.093717  1.216009  1.216009  208.649994  0.050000 108.281472  0.915337  -2.279448  18.171147  1.236793  0.505609 25 12 17.093717  0.000000  0.000000  0.000000  0.000000  0.000000 
1  18.171147  1.215524  1.215524  208.649994  0.050000 111.626574  0.576040  -1.319882  19.255285  1.128180  -0.071823 25 12 18.171147  0.000000  0.000000  0.000000  0.000000  0.000000 
1  19.255285  1.215053  1.215053  208.649994  0.050000 115.154970  1.037128  1.188109  20.442086  1.047826  -0.370622 25 13 19.255285  0.000000  0.000000  0.000000  0.000000  0.000000 
1  20.442086  1.216211  1.216211  208.649994  0.050000 118.355174  0.534132  -0.711889  21.515020  1.255972  0.428571 25 12 20.442086  0.000000  0.000000  0.000000  0.000000  0.000000 
1  21.515020  1.216668  1.217169  246.759995  0.110000 121.202068  0.762015  -1.022249  22.587307  1.400418  0.767477 25 12 21.515020  0.000000  0.000000  0.000000  0.000000  0.000000 
1  22.587307  1.217306  1.217306  246.759995  0.110000 124.195885  1.211587  1.496050  23.845418  1.459309  0.791175 25 13 22.587307  0.000000  0.000000  0.000000  0.000000  0.000000 
1  23.845418  1.215971  1.215971  246.759995  0.110000 126.843576  1.205323  1.587214  24.993185  1.500395  0.740641 25 12 23.845418  0.000000  0.000000  0.000000  0.000000  0.000000 
1  24.993185  1.217579  1.217579  246.759995  0.110000 129.364334  1.122146  0.906327  26.200118  1.526523  0.618194 25 13 24.993185  0.000000  0.000000  0.000000  0.000000  0.000000 
1  26.200118  1.216463  1.216463  246.759995  0.110000 131.582182  0.802955  -0.443571  27.385559  1.544161  0.486322 26 12 26.200118  0.000000  0.000000  0.000000  0.000000  0.000000 
1  27.385559  1.217634  1.217570  246.759995  0.110000 133.775043  0.846565  -0.777659  28.586847  1.235358  -0.734939 25 12 27.385559  0.000000  0.000000  0.000000  0.000000  0.000000 
1  28.586847  1.216020  1.216020  246.759995  0.110000 135.826041  1.228943  1.795889  29.829378  1.332208  -0.185632 24 13 28.586847  0.000000  0.000000  0.000000  0.000000  0.000000 
1  29.829378  1.217950  1.217950  246.759995  0.110000 137.562995  1.256908  1.817663  30.971629  1.524930  0.633309 26 12 29.829378  0.000000  0.000000  0.000000  0.000000  0.000000 
1  30.971629  1.217627  1.217627  246.759995  0.110000 139.352392  0.667650  -0.122764  32.237530  1.457475  0.192868 25 12 30.971629  0.000000  0.000000  0.000000  0.000000  0.000000 
1  32.237530  1.216456  1.216456  246.759995  0.110000 140.959800  0.900620  0.426946  33.478885  1.494199  0.241612 24 13 32.237530  0.000000  0.000000  0.000000  0.000000  0.000000 
1  33.478885  1.216851  1.216851  246.759995  0.110000 142.546800  -0.060432  -0.555064  34.824383  1.509882  0.051043 26 12 33.478885  0.000000  0.000000  0.000000  0.000000  0.000000 
1  34.824383  1.217871  1.217871  246.759995  0.110000 143.823350  0.524483  0.808074  36.154659  1.735880  0.831228 25 12 34.824383  0.000000  0.000000  0.000000  0.000000  0.000000 
1  36.154659  1.215773  1.215773  179.809998  0.230000 145.109471  1.031995  0.828391  37.417394  1.592546  0.125274 25 13 36.154659  0.000000  0.000000  0.000000  0.000000  0.000000 
1  37.417394  1.216080  1.216080  179.809998  0.230000 146.346561  0.968779  0.624461  38.759990  1.657268  0.258240 25 12 37.417394  0.000000  0.000000  0.000000  0.000000  0.000000 
1  38.759990  1.216163  1.216163  179.809998  0.230000 147.402440  0.893088  -0.490775  40.038320  1.686756  0.258778 25 12 38.759990  0.000000  0.000000  0.000000  0.000000  0.000000 
1  40.038320  1.215838  1.215838  179.809998  0.230000 148.433913  0.824150  2.747524  41.356870  1.806844  0.579902 25 13 40.038320  0.000000  0.000000  0.000000  0.000000  0.000000 
1  41.356870  1.216335  1.216335  179.809998  0.230000 149.401672  0.396878  -1.215333  42.686680  1.702480  0.071907 25 12 41.356870  0.000000  0.000000  0.000000  0.000000  0.000000 
1  42.686680  1.216954  1.216954  179.809998  0.230000 150.185984  0.920161  -0.672559  43.962672  1.785970  0.380323 25 12 42.686680  0.000000  0.000000  0.000000  0.000000  0.000000 
1  43.962672  1.215911  1.215911  179.809998  0.230000 150.999559  0.099388  -1.083244  45.298310  1.817978  0.314888 25 13 43.962672  0.000000  0.000000  0.000000  0.000000  0.000000 
1  45.298310  1.215677  1.215677  179.809998  0.230000 151.787888  1.280539  -0.106273  46.684303  1.872042  0.328570 25 12 45.298310  0.000000  0.000000  0.000000  0.000000  0.000000 
1  46.684303  1.215585  1.215585  140.889999  0.320000 152.460048  0.824039  -0.005007  47.998898  1.768426  -0.174654 24 13 46.684303  0.000000  0.000000  0.000000  0.000000  0.000000 
1  47.998898  1.217281  1.217281  140.889999  0.320000 153.055029  0.732261  -0.881888  49.366987  1.796030  -0.137239 26 12 47.998898  0.000000  0.000000  0.000000  0.000000  0.000000 
1  49.366987  1.217710  1.217510  140.889999  0.320000 153.697935  0.544830  -1.232787  50.720021  1.810364  -0.049417 25 12 49.366987  0.000000  0.000000  0.000000  0.000000  0.000000 
1  50.720021  1.217957  1.217957  140.889999  0.320000 154.317930  0.335600  -2.014575  52.137801  1.979298  0.464583 25 13 50.720021  0.000000  0.000000  0.000000  0.000000  0.000000 
1  52.137801  1.217364  1.217364  140.889999  0.320000 154.792099  1.037427  0.898033  53.558462  2.027775  0.491215 25 12 52.137801  0.000000  0.000000  0.000000  0.000000  0.000000 
1  53.558462  1.216418  1.216418  140.889999  0.320000 155.264289  0.437572  -0.830698  54.911607  2.037032  0.355222 25 12 53.558462  0.000000  0.000000  0.000000  0.000000  0.000000 
1  54.911607  1.216932  1.216932  140.889999  0.320000 155.758395  1.212915  -0.646164  56.342707  2.037279  0.173271 25 13 54.911607  0.000000  0.000000  0.000000  0.000000  0.000000 
1  56.342707  1.217937  1.217937  140.889999  0.320000 156.187830  0.695320  -0.999173  57.718739  2.054688  0.152303 25 12 56.342707  0.000000  0.000000  0.000000  0.000000  0.000000 
1  57.718739  1.216588  1.216588  140.889999  0.320000 156.480998  1.013960  -0.446448  59.101546  1.914308  -0.402710 25 12 57.718739  0.000000  0.000000  0.000000  0.000000  0.000000 
1  59.101546  1.217590  1.217590  140.889999  0.320000 156.836536  1.045068  0.727036  60.514053  2.043390  0.104132 25 13 59.101546  0.000000  0.000000  0.000000  0.000000  0.000000 
1  60.514053  1.217766  1.217766  143.720001  0.270000 157.130791  0.763046  0.515430  61.899408  2.150205  0.422902 25 12 60.514053  0.000000  0.000000  0.000000  0.000000  0.000000 
1  61.899408  1.217342  1.217342  143.720001  0.270000 157.446843  1.138869  1.175576  63.269739  2.194493  0.480245 25 12 61.899408  0.000000  0.000000  0.000000  0.000000  0.000000 
1  63.269739  1.217095  1.217462  143.720001  0.270000 157.659868  0.785908  1.063717  64.638023  2.147128  0.230856 25 13 63.269739  0.000000  0.000000  0.000000  0.000000  0.000000 
1  64.638023  1.215507  1.215507  143.720001  0.270000 157.905936  0.867956  -0.562625  66.029708  2.171012  0.199715 25 12 64.638023  0.000000  0.000000  0.000000  0.000000  0.000000 
1  66.029708  1.215659  1.215659  143.720001  0.270000 158.100591  0.912985  -1.773906  67.431842  2.331150  0.634037 25 12 66.029708  0.000000  0.000000  0.000000  0.000000  0.000000 
1  67.431842  1.215644  1.215644  143.720001  0.270000 158.321055  0.526497  1.269609  68.834743  2.187579  -0.013666 25 13 67.431842  0.000000  0.000000  0.000000  0.000000  0.000000 
1  68.834743  1.215551  1.215551  143.720001  0.270000 158.519637  0.330756  -0.228471  70.248388  2.306639  0.312393 25 12 68.834743  0.000000  0.000000  0.000000  0.000000  0.000000 
1  70.248388  1.216211  1.215824  143.720001  0.270000 158.733471  0.986081  0.623986  71.677340  2.418548  0.573288 25 13 70.248388  0.000000  0.000000  0.000000  0.000000  0.000000 
1  71.677340  1.216464  1.216464  143.720001  0.270000 158.858769  0.862231  -1.209862  73.048082  2.363913  0.180920 25 12 71.677340  0.000000  0.000000  0.000000  0.000000  0.000000 
1  73.048082  1.218082  1.218082  143.720001  0.270000 158.996944  1.203646  -1.369821  74.447766  2.220648  -0.401999 25 12 73.048082  0.000000  0.000000  0.000000  0.000000  0.000000 
1  74.447766  1.215847  1.215847  94.519997  0.200000 159.095196  0.987033  0.957616  75.832069  2.336348  0.139243 25 13 74.447766  0.000000  0.000000  0.000000  0.000000  0.000000 
1  75.832069  1.216170  1.216170  94.519997  0.200000 159.188629  0.923094  2.396056  77.198371  2.402809  0.347446 25 12 75.832069  0.000000  0.000000  0.000000  0.000000  0.000000 
1  77.198371  1.216567  1.216592  94.519997  0.200000 159.237995  1.242393  -0.404816  78.530710  2.347872  0.089729 25 12 77.198371  0.000000  0.000000  0.000000  0.000000  0.000000 
1  78.530710  1.216622  1.216622  94.519997  0.200000 159.249458  0.842844  0.177242  79.893179  2.508290  0.576129 25 13 78.530710  0.000000  0.000000  0.000000  0.000000  0.000000 
1  79.893179  1.217765  1.217765  94.519997  0.200000 159.342389  0.892479  1.837593  81.255088  2.685134  0.941833 25 12 79.893179  0.000000  0.000000  0.000000  0.000000  0.000000 
1  81.255088  1.217289  1.217289  94.519997  0.200000 159.443096  1.555947  2.212200  82.652158  2.828948  1.205354 25 12 81.255088  0.000000  0.000000  0.000000  0.000000  0.000000 
1  82.652158  1.217614  1.217614  94.519997  0.200000 159.515682  0.496023  -1.286999  84.035961  2.500415  -0.298950 25 13 82.652158  0.000000  0.000000  0.000000  0.000000  0.000000 
1  84.035961  1.217768  1.217969  94.519997  0.200000 159.626105  1.129056  -1.306627  85.381772  2.607561  0.176571 25 12 84.035961  0.000000  0.000000  0.000000  0.000000  0.000000 
1  85.381772  1.217124  1.217124  94.519997  0.200000 159.680180  1.407847  1.563078  86.760273  2.794501  0.785770 25 12 85.381772  0.000000  0.000000  0.000000  0.000000  0.000000 
1  86.760273  1.217408  1.217408  94.519997  0.200000 159.737235  0.724994  1.554681  88.151990  2.738282  0.367702 25 13 86.760273  0.000000  0.000000  0.000000  0.000000  0.000000 
1  88.151990  1.216952  1.216952  66.970001  0.130000 159.831720  1.113793  0.536007  89.508976  2.736623  0.268648 25 12 88.151990  0.000000  0.000000  0.000000  0.000000  0.000000 
1  89.508976  1.216087  1.216087  66.970001  0.130000 159.951900  1.300711  1.881636  90.934859  2.839735  0.526819 25 13 89.508976  0.000000  0.000000  0.000000  0.000000  0.000000 
1  90.934859  1.217464  1.217464  66.970001  0.130000 160.026368  0.931001  -0.779040  92.290391  2.850126  0.420561 25 12 90.934859  0.000000  0.000000  0.000000  0.000000  0.000000 
1  92.290391  1.216950  1.216950  66.970001  0.130000 160.109301  1.782589  1.379631  93.663101  2.856499  0.362264 25 12 92.290391  0.000000  0.000000  0.000000  0.000000  0.000000 
1  93.663101  1.216714  1.216631  66.970001  0.130000 160.162286  0.588299  -0.999019  95.037626  2.878703  0.290695 25 13 93.663101  0.000000  0.000000  0.000000  0.000000  0.000000 
1  95.037626  1.216396  1.216396  66.970001  0.130000 160.232544  1.083185  0.924698  96.385295  2.947326  0.465670 25 12 95.037626  0.000000  0.000000  0.000000  0.000000  0.000000 
1  96.385295  1.216503  1.216503  66.970001  0.130000 160.249615  0.670935  -1.852219  97.713967  2.984439  0.456723 25 12 96.385295  0.000000  0.000000  0.000000  0.000000  0.000000 
1  97.713967  1.216185  1.216185  66.970001  0.130000 160.268929  0.931868  0.446660  99.078039  2.957466  0.273781 25 13 97.713967  0.000000  0.000000  0.000000  0.000000  0.000000 
1  99.078039  1.216342  1.216342  66.970001  0.130000 160.291810  0.358602  -0.289483  100.398059  2.937926  0.148324 25 12 99.078039  0.000000  0.000000  0.000000  0.000000  0.000000 
1  100.398059  1.215786  1.215912  66.970001  0.130000 160.400234  0.829809  0.963795  101.733822  3.093230  0.626002 25 12 100.398059  0.000000  0.000000  0.000000  0.000000  0.000000 
1  101.733822  1.215801  1.215801  66.970001  0.130000 160.409081  0.996629  0.668003  103.095096  3.093352  0.487701 25 13 101.733822  0.000000  0.000000  0.000000  0.000000  0.000000 
1  103.095096  1.216816  1.216816  66.970001  0.130000 160.395499  0.877578  -1.602230  104.373955  3.037194  0.216989 25 12 103.095096  0.000000  0.000000  0.000000  0.000000  0.000000 
1  104.373955  1.217434  1.217434  14.700000  0.050000 160.408177  0.596028  -0.890530  105.732177  3.124278  0.411856 25 13 104.373955  0.000000  0.000000  0.000000  0.000000  0.000000 
1  105.732177  1.217041  1.217041  14.700000  0.050000 160.419673  0.915485  -0.917665  107.026447  3.037319  0.025952 25 12 105.732177  0.000000  0.000000  0.000000  0.000000  0.000000 
1  107.026447  1.216365  1.216544  14.700000  0.050000 160.430553  1.388374  -0.246036  108.307022  3.096903  0.277931 25 12 107.026447  0.000000  0.000000  0.000000  0.000000  0.000000 
1  108.307022  1.217287  1.217287  14.700000  0.050000 160.418496  1.221466  1.769660  109.631368  3.230766  0.638031 25 13 108.307022  0.000000  0.000000  0.000000  0.000000  0.000000 
1  109.631368  1.218521  1.218521  14.700000  0.050000 160.417272  0.671222  0.717644  110.906170  3.180303  0.246047 25 12 109.631368  0.000000  0.000000  0.000000  0.000000  0.000000 
1  110.906170  1.217070  1.217070  14.700000  0.050000 160.434244  0.862197  1.250775  112.191677  3.233369  0.271405 25 12 110.906170  0.000000  0.000000  0.000000  0.000000  0.000000 
1  112.191677  1.217395  1.217395  14.700000  0.050000 160.469560  0.876157  0.243413  113.530284  3.312223  0.407736 25 13 112.191677  0.000000  0.000000  0.000000  0.000000  0.000000 
1  113.530284  1.216937  1.216840  14.700000  0.050000 160.436865  1.037322  1.523888  114.806634  3.308029  0.254385 25 12 113.530284  0.000000  0.000000  0.000000  0.000000  0.000000 
1  114.806634  1.215918  1.215918  286.380005  0.020000 160.455107  1.187798  2.172082  116.103457  3.424983  0.620364 25 13 114.806634  0.000000  0.000000  0.000000  0.000000  0.000000 
1  116.103457  1.216047  1.216047  286.380005  0.020000 160.460333  0.097343  -2.712404  117.404153  3.203965  -0.326418 25 12 116.103457  0.000000  0.000000  0.000000  0.000000  0.000000 
1  117.404153  1.216438  1.216438  286.380005  0.020000 160.455472  0.717088  -1.113961  118.655835  3.246217  -0.066266 25 12 117.404153  0.000000  0.000000  0.000000  0.000000  0.000000 
1  118.655835  1.216704  1.216704  286.380005  0.020000 160.509610  0.384793  -1.349351  119.955598  3.303491  0.139567 25 13 118.655835  0.000000  0.000000  0.000000  0.000000  0.000000 
1  119.955598  1.216500  1.216500  286.380005  0.020000 160.502768  0.153773  -2.326994  121.204787  3.327276  0.103131 25 12 119.955598  0.000000  0.000000  0.000000  0.000000  0.000000 
1  121.204787  1.217450  1.217450  286.380005  0.020000 160.476231  1.220382  1.452825  122.448033  3.510368  0.689225 25 12 121.204787  0.000000  0.000000  0.000000  0.000000  0.000000 
1  122.448033  1.218455  1.218455  286.380005  0.020000 160.483003  0.513619  -0.992973  123.752096  3.404779  0.092200 25 13 122.448033  0.000000  0.000000  0.000000  0.000000  0.000000 
1  123.752096  1.216026  1.216026  286.380005  0.020000 160.479092  1.136569  0.077811  125.003121  3.511271  0.419749 25 12 123.752096  0.000000  0.000000  0.000000  0.000000  0.000000 
1  125.003121  1.216174  1.216174  286.380005  0.020000 160.461413  1.258588  -1.342329  126.228778  3.629945  0.704029 25 12 125.003121  0.000000  0.000000  0.000000  0.000000  0.000000 
1  126.228778  1.216682  1.216682  286.380005  0.020000 160.467909  0.603587  -0.754794  127.500585  3.609597  0.457213 25 13 126.228778  0.000000  0.000000  0.000000  0.000000  0.000000 
1  127.500585  1.217614  1.217614  233.449997  0.080000 160.465004  1.144191  -0.327972  128.741448  3.649637  0.460145 25 12 127.500585  0.000000  0.000000  0.000000  0.000000  0.000000 
1  128.741448  1.217123  1.217066  233.449997  0.080000 160.520976  0.668666  -2.087760  130.004988  3.678980  0.361541 25 12 128.741448  0.000000  0.000000  0.000000  0.000000  0.000000 
1  130.004988  1.217617  1.217617  233.449997  0.080000 160.557071  0.604227  -0.674752  131.278609  3.605282  0.074213 25 13 130.004988  0.000000  0.000000  0.000000  0.000000  0.000000 
1  131.278609  1.216807  1.216807  233.449997  0.080000 160.587560  0.061538  0.749100  132.513179  3.589491  -0.072496 25 12 131.278609  0.000000  0.000000  0.000000  0.000000  0.000000 
1  132.513179  1.216287  1.216287  233.449997  0.080000 160.612234  0.519424  -1.032790  133.816683  3.723619  0.371556 25 13 132.513179  0.000000  0.000000  0.000000  0.000000  0.000000 
1  133.816683  1.216908  1.216908  233.449997  0.080000 160.604339  0.998474  0.814562  135.032035  3.762962  0.330944 25 12 133.816683  0.000000  0.000000  0.000000  0.000000  0.000000 
1  135.032035  1.218255  1.218255  233.449997  0.080000 160.640180  1.357599  1.365529  136.277298  3.763735  0.248203 25 12 135.032035  0.000000  0.000000  0.000000  0.000000  0.000000 
1  136.277298  1.215336  1.215336  233.449997  0.080000 160.610908  0.499184  -1.213236  137.531579  3.823225  0.417039 25 13 136.277298  0.000000  0.000000  0.000000  0.000000  0.000000 
1  137.531579  1.216700  1.216700  233.449997  0.080000 160.619469  0.921073  1.292016  138.753604  3.860256  0.453515 26 12 137.531579  0.000000  0.000000  0.000000  0.000000  0.000000 
1  138.753604  1.217070  1.217070  233.449997  0.080000 160.582380  0.175608  -2.228114  139.937141  3.670454  -0.322681 25 12 138.753604  0.000000  0.000000  0.000000  0.000000  0.000000 
1  139.937141  1.216556  1.216556  348.359985  0.110000 160.536057  1.465084  2.679507  141.169205  4.049988  1.050353 25 13 139.937141  0.000000  0.000000  0.000000  0.000000  0.000000 
1  141.169205  1.215362  1.215362  348.359985  0.110000 160.594784  1.060323  -0.939093  142.446792  3.842001  0.074400 25 12 141.169205  0.000000  0.000000  0.000000  0.000000  0.000000 
1  142.446792  1.216614  1.216614  348.359985  0.110000 160.609255  1.182471  1.284396  143.701838  3.938189  0.405267 25 12 142.446792  0.000000  0.000000  0.000000  0.000000  0.000000 
1  143.701838  1.215504  1.215377  348.359985  0.110000 160.608124  0.534082  1.200026  144.981124  4.082426  0.720938 25 13 143.701838  0.000000  0.000000  0.000000  0.000000  0.000000 
1  144.981124  1.216057  1.216057  348.359985  0.110000 160.603686  0.806770  0.038009  146.205715  3.981620  0.171956 25 12 144.981124  0.000000  0.000000  0.000000  0.000000  0.000000 
1  146.205715  1.215752  1.215752  348.359985  0.110000 160.553915  0.811684  -0.009688  147.366931  4.046864  0.296398 24 13 146.205715  0.000000  0.000000  0.000000  0.000000  0.000000 
1  147.366931  1.217071  1.217071  348.359985  0.110000 160.544804  1.106087  -0.862496  148.598112  3.969019  -0.097295 26 12 147.366931  0.000000  0.000000  0.000000  0.000000  0.000000 
1  148.598112  1.216232  1.216232  348.359985  0.110000 160.622853  0.677968  -0.028051  149.931501  4.091722  0.361806 25 12 148.598112  0.000000  0.000000  0.000000  0.000000  0.000000 
1  149.931501  1.216043  1.216407  348.359985  0.110000 160.582148  0.574490  -0.687017  151.100615  3.961248  -0.200995 24 13 149.931501  0.000000  0.000000  0.000000  0.000000  0.000000 
1  151.100615  1.216744  1.216744  348.359985  0.110000 160.590175  0.732527  1.303867  152.344489  4.109483  0.367979 26 12 151.100615  0.000000  0.000000  0.000000  0.000000  0.000000 
1  152.344489  1.217865  1.217865  337.380005  0.210000 160.595626  0.815748  0.232913  153.508225  4.166958  0.442621 25 12 152.344489  0.000000  0.000000  0.000000  0.000000  0.000000 
1  153.508225  1.217365  1.217365  337.380005  0.210000 160.572140  0.559879  -0.706286  154.668337  4.063610  -0.020107 25 13 153.508225  0.000000  0.000000  0.000000  0.000000  0.000000 
1  154.668337  1.218222  1.218222  337.380005  0.210000 160.651672  0.944444  -2.221607  155.999971  4.224627  0.478303 25 12 154.668337  0.000000  0.000000  0.000000  0.000000  0.000000 
1  155.999971  1.217186  1.216796  337.380005  0.210000 160.675056  1.131995  2.323770  157.108817  4.243188  0.435911 25 12 155.999971  0.000000  0.000000  0.000000  0.000000  0.000000 
1  157.108817  1.216720  1.216720  337.380005  0.210000 160.682798  0.061196  -1.316100  158.115932  4.164272  -0.047684 25 13 157.108817  0.000000  0.000000  0.000000  0.000000  0.000000 
1  158.115932  1.216845  1.216845  337.380005  0.210000 160.624414  0.937366  0.430071  158.711079  4.236426  0.092947 25 12 158.115932  0.000000  0.000000  0.000000  0.000000  0.000000 
1  158.711079  1.216585  1.216585  337.380005  0.210000 160.629355  1.061833  2.263223  159.307640  4.353906  0.395722 25 12 158.711079  0.000000  0.000000  0.000000  0.000000  0.000000 
1  159.307640  1.216950  1.216950  337.380005  0.210000 160.616724  1.212932  0.518239  159.775701  4.286847  0.175692 25 13 159.307640  0.000000  0.000000  0.000000  0.000000  0.000000 
1  159.775701  1.214708  1.214934  337.380005  0.210000 160.627848  0.551560  -1.054743  160.150962  4.291955  0.098231 25 12 159.775701  0.000000  0.000000  0.000000  0.000000  0.000000 
1  160.150962  1.215967  1.215967  337.380005  0.210000 160.623565  1.270516  -2.344974  160.384184  4.281927  -0.012524 25 12 160.150962  0.000000  0.000000  0.000000  0.000000  0.000000 
1  160.384184  1.216260  1.216260  337.380005  0.210000 160.610267  1.136767  -2.100603  160.389272  4.229570  -0.210369 25 13 160.384184  0.000000  0.000000  0.000000  0.000000  0.000000 
1  160.389272  1.217008  1.217008  337.380005  0.210000 160.613408  0.838635  -1.537024  160.598882  4.210802  -0.124979 25 12 160.389272  0.000000  0.000000  0.000000  0.000000  0.000000 
1  160.598882  1.215295  1.215295  357.359985  0.210000 160.615973  1.031271  0.676541  160.676952  4.272156  0.200829 25 13 160.598882  0.000000  0.000000  0.000000  0.000000  0.000000 
1  160.676952  1.217751  1.217581  357.359985  0.210000 160.596704  1.006953  -0.358523  160.683425  4.339302  0.416212 25 12 160.676952  0.000000  0.000000  0.000000  0.000000  0.000000 
1  160.683425  1.216589  1.216589  357.359985  0.210000 160.623599  0.725991  0.834369  160.853239  4.250088  0.083312 25 12 160.683425  0.000000  0.000000  0.000000  0.000000  0.000000 
1  160.853239  1.216753  1.216753  357.359985  0.210000 160.644424  0.839357  0.527914  160.908722  4.311745  0.331794 25 13 160.853239  0.000000  0.000000  0.000000  0.000000  0.000000 
1  160.908722  1.217020  1.217020  357.359985  0.210000 160.645681  0.953460  0.338594  160.916192  4.189876  -0.150794 25 12 160.908722  0.000000  0.000000  0.000000  0.000000  0.000000 
1  160.916192  1.216891  1.216891  357.359985  0.210000 160.608602  0.707739  0.008736  160.666757  4.188474  -0.146298 25 12 160.916192  0.000000  0.000000  0.000000  0.000000  0.000000 
1  160.666757  1.218669  1.217821  357.359985  0.210000 160.555610  0.373922  -1.212023  160.657691  4.148706  -0.237342 25 13 160.666757  0.000000  0.000000  0.000000  0.000000  0.000000 
1  160.657691  1.216924  1.216924  357.359985  0.210000 160.584901  0.877380  -0.058122  160.726973  4.308302  0.327568 25 12 160.657691  0.000000  0.000000  0.000000  0.000000  0.000000 
1  160.726973  1.218865  1.218865  358.609985  0.210000 160.553755  0.504283  -1.122070  160.703819  4.129910  -0.348029 25 12 160.726973  0.000000  0.000000  0.000000  0.000000  0.000000 
1  160.703819  1.216776  1.216776  358.609985  0.210000 160.585570  0.686903  -1.789037  160.876350  4.129331  -0.165765 25 13 160.703819  0.000000  0.000000  0.000000  0.000000  0.000000 
1  160.876350  1.216706  1.216706  358.609985  0.210000 160.575265  0.143166  -1.081150  160.856275  3.962854  -0.721365 25 12 160.876350  0.000000  0.000000  0.000000  0.000000  0.000000 
1  160.856275  1.217225  1.216477  358.609985  0.210000 160.575945  1.351916  2.162377  160.871525  4.216420  0.373401 25 13 160.856275  0.000000  0.000000  0.000000  0.000000  0.000000 
1  160.871525  1.216973  1.216973  358.609985  0.210000 160.558698  0.557038  0.684538  160.753731  4.000429  -0.452495 25 12 160.871525  0.000000  0.000000  0.000000  0.000000  0.000000 
1  160.753731  1.216494  1.216494  358.609985  0.210000 160.552934  1.082624  -1.629597  160.694527  4.096924  0.000454 25 12 160.753731  0.000000  0.000000  0.000000  0.000000  0.000000 
1  160.694527  1.215258  1.215258  358.609985  0.210000 160.558022  0.493323  -1.263369  160.766149  4.123157  0.132395 25 13 160.694527  0.000000  0.000000  0.000000  0.000000  0.000000 
1  160.766149  1.216250  1.216250  358.609985  0.210000 160.606301  0.946069  -2.002458  160.985978  4.060366  -0.120380 25 12 160.766149  0.000000  0.000000  0.000000  0.000000  0.000000 
1  160.985978  1.216746  1.216746  358.609985  0.210000 160.590543  1.328112  0.578257  160.879841  4.032336  -0.090729 25 12 160.985978  0.000000  0.000000  0.000000  0.000000  0.000000 
1  160.879841  1.215607  1.215607  358.609985  0.210000 160.568243  0.878252  1.320673  160.784537  4.026905  -0.066833 25 13 160.879841  0.000000  0.000000  0.000000  0.000000  0.000000 
1  160.784537  1.216293  1.216293  357.489990  0.320000 160.536443  -0.213156  -1.941625  160.643781  3.887214  -0.533753 25 12 160.784537  0.000000  0.000000  0.000000  0.000000  0.000000 
1  160.643781  1.215688  1.215688  357.489990  0.320000 160.536657  0.688590  0.231037  160.712742  4.029365  0.024480 25 12 160.643781  0.000000  0.000000  0.000000  0.000000  0.000000 
1  160.712742  1.216013  1.216013  357.489990  0.320000 160.521994  0.801061  -1.667399  160.567965  4.080244  0.198473 25 12 160.712742  0.000000  0.000000  0.000000  0.000000  0.000000 
1  160.567965  1.217992  1.217800  357.489990  0.320000 160.503251  0.511261  -0.190017  160.585702  3.846066  -0.625026 25 12 160.567965  0.000000  0.000000  0.000000  0.000000  0.000000 
1  160.585702  1.217496  1.217496  357.489990  0.320000 160.509354  0.678010  -0.539087  160.671221  4.066268  0.290364 25 13 160.585702  0.000000  0.000000  0.000000  0.000000  0.000000 
1  160.671221  1.216565  1.216565  357.489990  0.320000 160.520299  0.557070  -1.979327  160.659285  4.012328  0.006454 25 12 160.671221  0.000000  0.000000  0.000000  0.000000  0.000000 
1  160.659285  1.218184  1.218184  357.489990  0.320000 160.546419  1.235907  1.459528  160.711710  3.970367  -0.046266 25 12 160.659285  0.000000  0.000000  0.000000  0.000000  0.000000 
1  160.711710  1.217396  1.217396  357.489990  0.320000 160.566076  0.990416  0.682466  160.712876  4.010527  0.211513 25 13 160.711710  0.000000  0.000000  0.000000  0.000000  0.000000 
1  160.712876  1.216438  1.216438  357.489990  0.320000 160.548535  0.496023  0.132365  160.610979  3.954336  -0.084640 25 12 160.712876  0.000000  0.000000  0.000000  0.000000  0.000000 
1  160.610979  1.217069  1.217069  357.489990  0.320000 160.550932  0.470332  0.321438  160.695299  3.887123  -0.278158 25 12 160.610979  0.000000  0.000000  0.000000  0.000000  0.000000 
1  160.695299  1.217820  1.217820  356.000000  0.380000 160.517429  0.604236  -0.745837  160.613404  3.841751  -0.339116 25 13 160.695299  0.000000  0.000000  0.000000  0.000000  0.000000 
1  160.613404  1.216729  1.216729  356.000000  0.380000 160.566720  0.358622  1.445543  160.846893  3.894083  -0.130544 25 12 160.613404  0.000000  0.000000  0.000000  0.000000  0.000000 
1  160.846893  1.217156  1.217156  356.000000  0.380000 160.611660  0.563832  -1.034644  160.979227  3.874087  -0.153485 25 12 160.846893  0.000000  0.000000  0.000000  0.000000  0.000000 
1  160.979227  1.216790  1.216790  356.000000  0.380000 160.603162  0.401882  -1.619803  160.990283  3.853016  -0.203455 25 13 160.979227  0.000000  0.000000  0.000000  0.000000  0.000000 
1  160.990283  1.216141  1.216141  356.000000  0.380000 160.635296  0.557078  -0.844857  161.002597  3.904626  0.046202 25 12 160.990283  0.000000  0.000000  0.000000  0.000000  0.000000 
1  161.002597  1.216724  1.216231  356.000000  0.380000 160.644094  0.689684  -0.519623  161.000952  3.868894  -0.054180 25 13 161.002597  0.000000  0.000000  0.000000  0.000000  0.000000 
1  161.000952  1.217037  1.217037  356.000000  0.380000 160.604046  0.610444  -0.440778  160.773829  3.689639  -0.692021 25 12 161.000952  0.000000  0.000000  0.000000  0.000000  0.000000 
1  160.773829  1.215734  1.215734  356.000000  0.380000 160.569291  0.564682  -1.052553  160.599436  3.789534  -0.181691 25 12 160.773829  0.000000  0.000000  0.000000  0.000000  0.000000 
1  160.599436  1.216359  1.216359  356.000000  0.380000 160.548040  0.997761  0.897328  160.612298  3.836613  0.146946 25 13 160.599436  0.000000  0.000000  0.000000  0.000000  0.000000 
1  160.612298  1.216027  1.216027  356.000000  0.380000 160.564248  0.572360  -1.096701  160.741875  3.788828  -0.160907 25 12 160.612298  0.000000  0.000000  0.000000  0.000000  0.000000 
1  160.741875  1.215406  1.215853  351.160004  0.230000 160.571142  1.014699  -1.040476  160.782413  3.726529  -0.268977 25 12 160.741875  0.000000  0.000000  0.000000  0.000000  0.000000 
1  160.782413  1.214709  1.214709  351.160004  0.230000 160.648299  0.484691  -1.376799  161.128765  3.899398  0.350491 25 13 160.782413  0.000000  0.000000  0.000000  0.000000  0.000000 
1  161.128765  1.215540  1.215540  351.160004  0.230000 160.655479  0.496204  -0.608886  160.982255  3.917301  0.285905 25 12 161.128765  0.000000  0.000000  0.000000  0.000000  0.000000 
1  160.982255  1.216693  1.216693  351.160004  0.230000 160.649911  0.694323  0.438136  160.926518  3.798622  -0.226167 25 12 160.982255  0.000000  0.000000  0.000000  0.000000  0.000000 
1  160.926518  1.217037  1.217037  351.160004  0.230000 160.659455  0.815841  -0.108686  160.968891  3.742546  -0.368593 25 13 160.926518  0.000000  0.000000  0.000000  0.000000  0.000000 
1  160.968891  1.216740  1.216853  351.160004  0.230000 160.591580  1.182500  -1.202113  160.837071  3.719932  -0.267583 25 12 160.968891  0.000000  0.000000  0.000000  0.000000  0.000000 
1  160.837071  1.217316  1.217316  351.160004  0.230000 160.573821  1.014281  0.734599  160.728160  3.827627  0.257581 25 13 160.837071  0.000000  0.000000  0.000000  0.000000  0.000000 
1  160.728160  1.215830  1.215830  351.160004  0.230000 160.599194  0.638106  -0.786025  160.894798  3.770153  0.000150 25 12 160.728160  0.000000  0.000000  0.000000  0.000000  0.000000 
1  160.894798  1.217033  1.217033  351.160004  0.230000 160.637787  1.083308  -2.677261  160.920462  3.674303  -0.316589 25 12 160.894798  0.000000  0.000000  0.000000  0.000000  0.000000 
1  160.920462  1.216245  1.216245  351.160004  0.230000 160.605677  0.828597  0.103898  160.849861  3.649629  -0.246360 25 13 160.920462  0.000000  0.000000  0.000000  0.000000  0.000000 
1  160.849861  1.217515  1.217362  351.160004  0.230000 160.553801  0.497377  -0.966973  160.656064  3.529636  -0.549775 25 12 160.849861  0.000000  0.000000  0.000000  0.000000  0.000000 
1  160.656064  1.216804  1.216804  351.160004  0.230000 160.558334  0.648570  0.709139  160.673812  3.661016  0.054047 25 12 160.656064  0.000000  0.000000  0.000000  0.000000  0.000000 
1  160.673812  1.216789  1.216789  325.040009  0.180000 160.517347  0.776837  -0.003298  160.506036  3.628207  -0.081473 25 13 160.673812  0.000000  0.000000  0.000000  0.000000  0.000000 
1  160.506036  1.218740  1.218740  325.040009  0.180000 160.533919  0.625711  -1.754229  160.691501  3.573043  -0.315475 26 12 160.506036  0.000000  0.000000  0.000000  0.000000  0.000000 
1  160.691501  1.216850  1.216850  325.040009  0.180000 160.508489  1.586707  -0.291615  160.564335  3.742195  0.389642 25 12 160.691501  0.000000  0.000000  0.000000  0.000000  0.000000 
1  160.564335  1.216427  1.216427  325.040009  0.180000 160.514737  0.814104  -0.140307  160.613850  3.700796  0.077148 25 13 160.564335  0.000000  0.000000  0.000000  0.000000  0.000000 
1  160.613850  1.215893  1.215893  325.040009  0.180000 160.506197  1.141715  0.292258  160.603670  3.685952  0.059055 25 12 160.613850  0.000000  0.000000  0.000000  0.000000  0.000000 
1  160.603670  1.214931  1.214931  325.040009  0.180000 160.523131  0.789348  -0.229213  160.685764  3.646851  -0.093893 24 13 160.603670  0.000000  0.000000  0.000000  0.000000  0.000000 
1  160.685764  1.217147  1.217147  325.040009  0.180000 160.533811  0.785844  -1.070544  160.650616  3.600994  -0.236515 26 12 160.685764  0.000000  0.000000  0.000000  0.000000  0.000000 
1  160.650616  1.216916  1.216916  325.040009  0.180000 160.596059  0.702803  0.336796  160.839039  3.463756  -0.614474 25 12 160.650616  0.000000  0.000000  0.000000  0.000000  0.000000 
1  160.839039  1.217034  1.216994  234.009995  0.020000 160.605294  0.539117  -0.803698  160.827218  3.414091  -0.640854 24 13 160.839039  0.000000  0.000000  0.000000  0.000000  0.000000 
1  160.827218  1.217129  1.217129  234.009995  0.020000 160.605081  1.281360  0.903061  160.733568  3.607720  0.240084 26 12 160.827218  0.000000  0.000000  0.000000  0.000000  0.000000 
1  160.733568  1.217806  1.217806  234.009995  0.020000 160.604812  0.743192  -1.644337  160.725438  3.576920  0.050052 25 12 160.733568  0.000000  0.000000  0.000000  0.000000  0.000000 
1  160.725438  1.215617  1.215617  234.009995  0.020000 160.589346  0.408250  -1.621073  160.728274  3.516285  -0.198609 24 13 160.725438  0.000000  0.000000  0.000000  0.000000  0.000000 
1  160.728274  1.214308  1.214308  234.009995  0.020000 160.549040  1.090812  0.287581  160.572792  3.519093  -0.170507 26 12 160.728274  0.000000  0.000000  0.000000  0.000000  0.000000 
1  160.572792  1.216606  1.216820  234.009995  0.020000 160.559697  0.928244  1.110134  160.639191  3.479962  -0.230849 25 12 160.572792  0.000000  0.000000  0.000000  0.000000  0.000000 
1  160.639191  1.216798  1.216798  234.009995  0.020000 160.549196  0.534381  1.043616  160.700055  3.457660  -0.167370 25 13 160.639191  0.000000  0.000000  0.000000  0.000000  0.000000 
1  160.700055  1.218067  1.218067  234.009995  0.020000 160.589862  1.341875  0.961123  160.885719  3.627166  0.432105 25 12 160.700055  0.000000  0.000000  0.000000  0.000000  0.000000 
1  160.885719  1.219193  1.219193  234.009995  0.020000 160.589543  0.975066  0.132118  160.848711  3.410659  -0.336377 25 12 160.885719  0.000000  0.000000  0.000000  0.000000  0.000000 
1  160.848711  1.218945  1.218945  234.009995  0.020000 160.612731  0.785919  2.108728  160.967555  3.481764  0.061251 25 13 160.848711  0.000000  0.000000  0.000000  0.000000  0.000000 
1  160.967555  1.216392  1.216287  324.339996  0.180000 160.586321  0.589708  -0.301096  160.868644  3.372003  -0.356439 25 12 160.967555  0.000000  0.000000  0.000000  0.000000  0.000000 
1  160.868644  1.216996  1.216996  324.339996  0.180000 160.650078  1.261841  -0.336042  161.090999  3.517896  0.296742 25 12 160.868644  0.000000  0.000000  0.000000  0.000000  0.000000 
1  161.090999  1.216859  1.216859  324.339996  0.180000 160.613606  1.098620  0.309421  160.930007  3.320216  -0.452787 25 13 161.090999  0.000000  0.000000  0.000000  0.000000  0.000000 
1  160.930007  1.216887  1.216887  324.339996  0.180000 160.588028  0.913434  1.201459  160.806050  3.335140  -0.195814 25 12 160.930007  0.000000  0.000000  0.000000  0.000000  0.000000 
1  160.806050  1.217448  1.217448  324.339996  0.180000 160.619889  0.552613  -0.357863  160.883463  3.473434  0.373688 25 12 160.806050  0.000000  0.000000  0.000000  0.000000  0.000000 
1  160.883463  1.216409  1.216859  324.339996  0.180000 160.520992  0.549239  -0.293298  160.490058  3.172282  -0.657122 25 13 160.883463  0.000000  0.000000  0.000000  0.000000  0.000000 
1  160.490058  1.216317  1.216317  324.339996  0.180000 160.589145  4.314488  15.094409  160.677104  4.209261  3.242960 25 12 160.490058  0.000000  0.000000  0.000000  0.000000  0.000000 
1  160.677104  1.217540  1.217540  324.339996  0.180000 161.571040  13.291359  38.824858  162.030855  11.904767  27.598038 25 13 160.677104  0.000000  0.000000  0.000000  0.000000  0.000000 
1  162.030855  1.216748  1.216748  324.339996  0.180000 163.344604  9.140999  -5.267197  164.087194  17.744211  35.179095 25 12 162.030855  0.000000  0.000000  0.000000  0.000000  0.000000 
1  164.087194  1.216352  1.216352  324.339996  0.180000 163.661478  1.329906  -21.556538  164.864028  5.909144  -13.515139 25 12 164.087194  0.000000  0.000000  0.000000  0.000000  0.000000 
1  164.864028  1.214447  1.214491  52.130001  0.260000 163.882776  0.755172  -11.267338  165.518445  3.773496  -15.413591 25 13 164.864028  0.000000  0.000000  0.000000  0.000000  0.000000 
1  165.518445  1.217013  1.217013  52.130001  0.260000 164.034722  0.808526  -8.413693  165.621027  3.414063  -11.547636 25 12 165.518445  0.000000  0.000000  0.000000  0.000000  0.000000 
1  165.621027  1.216958  1.216958  52.130001  0.260000 164.247220  1.287874  -7.165117  165.939667  3.526668  -7.329465 25 12 165.621027  0.000000  0.000000  0.000000  0.000000  0.000000 
1  165.939667  1.215797  1.215797  52.130001  0.260000 164.496732  0.389116  -2.338521  166.336789  3.544193  -4.858038 25 13 165.939667  0.000000  0.000000  0.000000  0.000000  0.000000 
1  166.336789  1.215596  1.215596  52.130001  0.260000 164.662918  1.075643  -0.585711  166.480961  3.447751  -3.552411 25 12 166.336789  0.000000  0.000000  0.000000  0.000000  0.000000 
1  166.480961  1.216422  1.216422  52.130001  0.260000 164.810320  1.225641  -2.037426  166.534375  3.547635  -2.018596 25 12 166.480961  0.000000  0.000000  0.000000  0.000000  0.000000 
1  166.534375  1.215652  1.215652  52.130001  0.260000 164.951963  0.976475  -0.348400  166.621464  3.516010  -1.433949 25 13 166.534375  0.000000  0.000000  0.000000  0.000000  0.000000 
1  166.621464  1.216579  1.216080  52.130001  0.260000 165.076865  0.734514  0.155873  166.548702  3.500603  -0.883398 25 12 166.621464  0.000000  0.000000  0.000000  0.000000  0.000000 
1  166.548702  1.215835  1.215835  52.130001  0.260000 165.204211  1.303474  1.295932  166.615045  3.453079  -0.646057 25 13 166.548702  0.000000  0.000000  0.000000  0.000000  0.000000 
1  166.615045  1.216801  1.216801  52.130001  0.260000 165.307510  1.121347  0.421079  166.580487  3.354184  -0.758948 25 12 166.615045  0.000000  0.000000  0.000000  0.000000  0.000000 
1  166.580487  1.216777  1.216777  44.689999  0.200000 165.413282  0.763988  0.284590  166.611597  3.339551  -0.604804 25 12 166.580487  0.000000  0.000000  0.000000  0.000000  0.000000 
1  166.611597  1.217690  1.217690  44.689999  0.200000 165.506290  1.041357  0.069927  166.550389  3.307429  -0.508659 25 13 166.611597  0.000000  0.000000  0.000000  0.000000  0.000000 
1  166.550389  1.215881  1.215854  44.689999  0.200000 165.602965  0.511274  0.842648  166.660059  3.289300  -0.352452 25 12 166.550389  0.000000  0.000000  0.000000  0.000000  0.000000 
1  166.660059  1.216606  1.216606  44.689999  0.200000 165.725809  0.211979  -2.333525  166.933890  3.224682  -0.468473 25 12 166.660059  0.000000  0.000000  0.000000  0.000000  0.000000 
1  166.933890  1.216283  1.216283  44.689999  0.200000 165.776488  1.105993  -0.313420  166.850945  3.369939  0.087808 25 13 166.933890  0.000000  0.000000  0.000000  0.000000  0.000000 
1  166.850945  1.215725  1.215725  44.689999  0.200000 165.918607  0.442524  -0.299502  167.074866  3.381258  0.060481 25 12 166.850945  0.000000  0.000000  0.000000  0.000000  0.000000 
1  167.074866  1.215982  1.215982  44.689999  0.200000 165.998643  0.577440  -0.331824  167.004487  3.245498  -0.469641 25 12 167.074866  0.000000  0.000000  0.000000  0.000000  0.000000 
1  167.004487  1.214676  1.214974  44.689999  0.200000 166.092478  1.159442  -0.815576  167.137537  3.288126  -0.219249 25 13 167.004487  0.000000  0.000000  0.000000  0.000000  0.000000 
1  167.137537  1.215745  1.215745  44.689999  0.200000 166.106628  0.778179  1.794080  166.832983  3.252914  -0.178976 25 12 167.137537  0.000000  0.000000  0.000000  0.000000  0.000000 
1  166.832983  1.214901  1.214901  44.689999  0.200000 166.138972  0.902813  -0.734859  166.657453  3.281719  0.018449 25 13 166.832983  0.000000  0.000000  0.000000  0.000000  0.000000 
1  166.657453  1.214436  1.214436  44.689999  0.200000 166.182444  0.686822  -0.138446  166.745258  3.323735  0.199478 25 12 166.657453  0.000000  0.000000  0.000000  0.000000  0.000000 
1  166.745258  1.217164  1.217164  44.689999  0.200000 166.237353  0.602707  -0.275451  166.868355  3.208332  -0.275861 25 12 166.745258  0.000000  0.000000  0.000000  0.000000  0.000000 
1  166.868355  1.214998  1.214971  41.540001  0.190000 166.307555  0.625355  -0.638837  166.979625  3.211378  -0.206755 25 13 166.868355  0.000000  0.000000  0.000000  0.000000  0.000000 
1  166.979625  1.216292  1.216292  41.540001  0.190000 166.312091  0.526418  1.073459  166.828614  3.071669  -0.566057 25 12 166.979625  0.000000  0.000000  0.000000  0.000000  0.000000 
1  166.828614  1.216439  1.216439  41.540001  0.190000 166.337968  1.220554  1.016238  166.794622  3.261268  0.210573 25 12 166.828614  0.000000  0.000000  0.000000  0.000000  0.000000 
1  166.794622  1.216644  1.216644  41.540001  0.190000 166.377993  0.819601  0.233899  166.792262  3.197610  -0.075064 25 13 166.794622  0.000000  0.000000  0.000000  0.000000  0.000000 
1  166.792262  1.216011  1.216011  41.540001  0.190000 166.398357  1.281520  0.441641  166.816340  3.218857  0.039890 25 12 166.792262  0.000000  0.000000  0.000000  0.000000  0.000000 
1  166.816340  1.215960  1.215804  41.540001  0.190000 166.488787  0.371597  -0.077067  166.987844  3.149410  -0.194183 25 12 166.816340  0.000000  0.000000  0.000000  0.000000  0.000000 
1  166.987844  1.215773  1.215773  41.540001  0.190000 166.539707  1.107993  1.394484  167.064029  3.183883  0.083104 25 13 166.987844  0.000000  0.000000  0.000000  0.000000  0.000000 
1  167.064029  1.216115  1.216115  41.540001  0.190000 166.567601  0.702019  -0.897159  167.002271  3.134383  -0.154889 25 12 167.064029  0.000000  0.000000  0.000000  0.000000  0.000000 
1  167.002271  1.215472  1.215120  47.150002  0.200000 166.554252  1.150117  1.325843  166.814507  3.276994  0.339636 25 13 167.002271  0.000000  0.000000  0.000000  0.000000  0.000000 
1  166.814507  1.217005  1.217005  47.150002  0.200000 166.575117  0.956883  -1.230155  166.873852  3.113813  -0.237768 25 12 166.814507  0.000000  0.000000  0.000000  0.000000  0.000000 
1  166.873852  1.218171  1.218171  47.150002  0.200000 166.619106  0.747553  0.547151  166.960520  3.117089  -0.169123 25 12 166.873852  0.000000  0.000000  0.000000  0.000000  0.000000 
1  166.960520  1.216175  1.216175  47.150002  0.200000 166.653142  0.387885  -1.646293  166.881693  3.141772  -0.112715 25 13 166.960520  0.000000  0.000000  0.000000  0.000000  0.000000 
1  166.881693  1.217032  1.217032  47.150002  0.200000 166.668863  0.526446  -0.412919  166.806352  3.102239  -0.287437 25 12 166.881693  0.000000  0.000000  0.000000  0.000000  0.000000 
1  166.806352  1.215108  1.214873  47.150002  0.200000 166.728970  0.831862  0.721724  166.886781  3.216856  0.207931 25 12 166.806352  0.000000  0.000000  0.000000  0.000000  0.000000 
1  166.886781  1.217028  1.217028  47.150002  0.200000 166.744930  0.812655  -0.040685  166.843045  3.080634  -0.340447 25 13 166.886781  0.000000  0.000000  0.000000  0.000000  0.000000 
1  166.843045  1.215436  1.215436  47.150002  0.200000 166.771860  0.785743  -2.193445  166.935557  3.020370  -0.525485 25 12 166.843045  0.000000  0.000000  0.000000  0.000000  0.000000 
1  166.935557  1.215748  1.215748  47.150002  0.200000 166.757512  0.770354  -0.544594  166.762992  2.973502  -0.556159 25 12 166.935557  0.000000  0.000000  0.000000  0.000000  0.000000 
1  166.762992  1.216293  1.216293  47.150002  0.200000 166.775815  0.523668  -0.867479  166.767865  2.976297  -0.357124 25 13 166.762992  0.000000  0.000000  0.000000  0.000000  0.000000 
1  166.767865  1.215153  1.215143  41.189999  0.100000 166.719589  0.625793  -1.301328  166.658371  3.059117  -0.015824 25 12 166.767865  0.000000  0.000000  0.000000  0.000000  0.000000 
1  166.658371  1.215948  1.215948  41.189999  0.100000 166.680416  1.371607  2.346830  166.429469  3.139349  0.286231 25 13 166.658371  0.000000  0.000000  0.000000  0.000000  0.000000 
1  166.429469  1.215125  1.215125  41.189999  0.100000 166.712184  0.992643  0.733794  166.717472  3.085715  -0.016017 26 12 166.429469  0.000000  0.000000  0.000000  0.000000  0.000000 
1  166.717472  1.214649  1.214649  41.189999  0.100000 166.698682  0.900464  -1.102562  166.587181  3.134240  0.207519 24 12 166.717472  0.000000  0.000000  0.000000  0.000000  0.000000 
1  166.587181  1.214312  1.214312  41.189999  0.100000 166.744109  0.409435  -1.568549  166.810433  2.960962  -0.446486 25 13 166.587181  0.000000  0.000000  0.000000  0.000000  0.000000 
1  166.810433  1.215209  1.215189  41.189999  0.100000 166.677518  0.907813  -1.175052  166.767757  2.907651  -0.538986 26 12 166.810433  0.000000  0.000000  0.000000  0.000000  0.000000 
1  166.767757  1.215602  1.215602  41.189999  0.100000 166.762808  0.602669  0.611456  167.093809  2.990035  -0.109558 25 12 166.767757  0.000000  0.000000  0.000000  0.000000  0.000000 
1  167.093809  1.216113  1.216113  41.189999  0.100000 166.788791  0.709552  -0.324661  167.060821  2.947627  -0.130990 25 13 167.093809  0.000000  0.000000  0.000000  0.000000  0.000000 
1  167.060821  1.216272  1.216272  41.189999  0.100000 166.809793  0.759499  -0.208227  166.972283  3.021369  0.192381 25 12 167.060821  0.000000  0.000000  0.000000  0.000000  0.000000 
1  166.972283  1.215066  1.215066  41.189999  0.100000 166.846299  1.001397  -1.547046  167.147098  2.949492  -0.081680 25 12 166.972283  0.000000  0.000000  0.000000  0.000000  0.000000 
1  167.147098  1.214593  1.214593  64.760002  0.080000 166.855282  1.090942  0.142994  167.058394  3.081324  0.339317 25 13 167.147098  0.000000  0.000000  0.000000  0.000000  0.000000 
1  167.058394  1.216098  1.216098  64.760002  0.080000 166.899340  0.682610  -0.351482  167.201040  3.004275  -0.065313 25 12 167.058394  0.000000  0.000000  0.000000  0.000000  0.000000 
1  167.201040  1.215661  1.215661  64.760002  0.080000 166.907926  0.477909  -1.349977  166.996390  2.958475  -0.236055 24 13 167.201040  0.000000  0.000000  0.000000  0.000000  0.000000 
1  166.996390  1.215909  1.215909  64.760002  0.080000 166.883963  0.541624  1.148991  166.839891  2.939143  -0.221207 26 12 166.996390  0.000000  0.000000  0.000000  0.000000  0.000000 
1  166.839891  1.217161  1.217161  64.760002  0.080000 166.872544  0.584171  2.176916  166.862136  2.837836  -0.497860 25 12 166.839891  0.000000  0.000000  0.000000  0.000000  0.000000 
1  166.862136  1.216063  1.215941  64.760002  0.080000 166.856892  0.860719  0.061609  166.676040  3.082575  0.438928 24 13 166.862136  0.000000  0.000000  0.000000  0.000000  0.000000 
1  166.676040  1.216011  1.216011  64.760002  0.080000 166.864404  0.297532  0.447574  166.712219  2.786526  -0.699915 26 12 166.676040  0.000000  0.000000  0.000000  0.000000  0.000000 
1  166.712219  1.215148  1.215148  64.760002  0.080000 166.874805  0.243991  -0.799436  166.741124  2.770819  -0.578055 25 12 166.712219  0.000000  0.000000  0.000000  0.000000  0.000000 
1  166.741124  1.215496  1.215496  64.760002  0.080000 166.850482  1.243504  -0.669891  166.541735  2.940692  0.221954 25 13 166.741124  0.000000  0.000000  0.000000  0.000000  0.000000 
1  166.541735  1.215588  1.215588  64.760002  0.080000 166.772834  1.148833  -2.035914  166.308679  2.840439  -0.110355 25 12 166.541735  0.000000  0.000000  0.000000  0.000000  0.000000 
1  166.308679  1.216228  1.216228  317.890015  0.070000 166.778558  0.287674  0.330576  166.479159  2.792276  -0.171388 25 12 166.308679  0.000000  0.000000  0.000000  0.000000  0.000000 
1  166.479159  1.215345  1.215345  317.890015  0.070000 166.772428  0.945983  0.978765  166.509906  2.884162  0.151574 25 13 166.479159  0.000000  0.000000  0.000000  0.000000  0.000000 
1  166.509906  1.215493  1.215493  317.890015  0.070000 166.782757  1.394831  1.253105  166.486809  2.863566  0.073661 25 12 166.509906  0.000000  0.000000  0.000000  0.000000  0.000000 
1  166.486809  1.215770  1.215770  317.890015  0.070000 166.827411  0.567714  -2.152383  166.698938  2.837613  -0.037974 25 12 166.486809  0.000000  0.000000  0.000000  0.000000  0.000000 
1  166.698938  1.214863  1.214863  317.890015  0.070000 166.802288  0.152721  -0.896650  166.593019  2.678158  -0.518743 25 13 166.698938  0.000000  0.000000  0.000000  0.000000  0.000000 
1  166.593019  1.215031  1.215304  317.890015  0.070000 166.762510  1.066315  0.033572  166.589817  2.873535  0.320816 25 12 166.593019  0.000000  0.000000  0.000000  0.000000  0.000000 
1  166.589817  1.215627  1.215627  317.890015  0.070000 166.801242  0.645896  -0.775114  166.677083  2.833656  0.106141 25 13 166.589817  0.000000  0.000000  0.000000  0.000000  0.000000 
1  166.677083  1.216419  1.216419  317.890015  0.070000 166.811970  1.411267  -0.548606  166.605327  2.953614  0.470864 25 12 166.677083  0.000000  0.000000  0.000000  0.000000  0.000000 
1  166.605327  1.215949  1.215949  317.890015  0.070000 166.800718  1.005283  0.646106  166.505325  2.934262  0.209163 25 12 166.605327  0.000000  0.000000  0.000000  0.000000  0.000000 
1  166.505325  1.216195  1.216195  317.890015  0.070000 166.784867  0.381451  -1.126199  166.529981  2.695126  -0.616591 25 13 166.505325  0.000000  0.000000  0.000000  0.000000  0.000000 
1  166.529981  1.217281  1.217281  317.890015  0.070000 166.791092  0.724554  0.012281  166.618068  2.741939  -0.308960 25 12 166.529981  0.000000  0.000000  0.000000  0.000000  0.000000 
1  166.618068  1.216262  1.216262  317.890015  0.070000 166.842634  1.032213  -0.538161  166.745812  2.789287  -0.059769 25 12 166.618068  0.000000  0.000000  0.000000  0.000000  0.000000 
1  166.745812  1.216084  1.216084  189.699997  0.020000 166.817943  1.350313  -0.980227  166.615340  3.004540  0.695526 25 13 166.745812  0.000000  0.000000  0.000000  0.000000  0.000000 
1  166.615340  1.216023  1.216023  189.699997  0.020000 166.763398  0.962885  0.952169  166.450603  2.890135  0.112350 25 12 166.615340  0.000000  0.000000  0.000000  0.000000  0.000000 
1  166.450603  1.215939  1.215939  189.699997  0.020000 166.797212  0.923157  -0.518703  166.581067  2.744755  -0.396326 25 12 166.450603  0.000000  0.000000  0.000000  0.000000  0.000000 
1  166.581067  1.215451  1.215451  189.699997  0.020000 166.825509  1.647865  -0.227734  166.709760  2.909039  0.373009 25 13 166.581067  0.000000  0.000000  0.000000  0.000000  0.000000 
1  166.709760  1.215117  1.215117  189.699997  0.020000 166.749558  0.858229  -1.627981  166.496906  2.873316  0.173688 25 12 166.709760  0.000000  0.000000  0.000000  0.000000  0.000000 
1  166.496906  1.215281  1.215066  189.699997  0.020000 166.732667  0.299639  -1.049930  166.374755  2.717348  -0.370509 25 12 166.496906  0.000000  0.000000  0.000000  0.000000  0.000000 
1  166.374755  1.215187  1.215187  189.699997  0.020000 166.724323  0.968771  0.379490  166.387430  2.764557  -0.081752 25 13 166.374755  0.000000  0.000000  0.000000  0.000000  0.000000 
1  166.387430  1.215815  1.215815  189.699997  0.020000 166.713088  1.241943  -0.106895  166.359721  2.689319  -0.265200 25 12 166.387430  0.000000  0.000000  0.000000  0.000000  0.000000 
1  166.359721  1.214805  1.214805  21.000000  0.020000 166.682083  0.649696  0.280451  166.378369  2.749847  0.048383 25 12 166.359721  0.000000  0.000000  0.000000  0.000000  0.000000 
1  166.378369  1.214547  1.214547  21.000000  0.020000 166.685350  0.946071  -0.407702  166.532675  2.718951  -0.036459 25 13 166.378369  0.000000  0.000000  0.000000  0.000000  0.000000 
1  166.532675  1.215372  1.215372  21.000000  0.020000 166.072317  -2.533131  8.618952  166.007954  -3.956352  -23.269338 25 12 166.532675  0.000000  0.000000  0.000000  0.000000  0.000000 
1  166.007954  1.217592  1.217592  21.000000  0.020000 166.012531  1.198965  7.155632  165.712713  1.630288  1.840398 25 13 166.007954  0.000000  0.000000  0.000000  0.000000  0.000000 
1  165.712713  1.216862  1.216862  21.000000  0.020000 165.944227  0.473211  1.620046  165.436257  2.522791  3.950807 25 12 165.712713  0.000000  0.000000  0.000000  0.000000  0.000000 
1  165.436257  1.214140  1.214140  21.000000  0.020000 165.912408  0.691281  2.958861  165.433742  2.674541  3.104729 25 12 165.436257  0.000000  0.000000  0.000000  0.000000  0.000000 
1  165.433742  1.213175  1.213175  21.000000  0.020000 165.883904  1.050017  2.653819  165.513511  2.668444  2.045937 25 13 165.433742  0.000000  0.000000  0.000000  0.000000  0.000000 
1  165.513511  1.214826  1.214701  21.000000  0.020000 165.882168  0.496237  0.854796  165.471803  2.672420  1.371852 25 12 165.513511  0.000000  0.000000  0.000000  0.000000  0.000000 
1  165.471803  1.215838  1.215838  21.000000  0.020000 165.839714  0.463751  1.196385  165.403867  2.719104  1.051240 25 12 165.471803  0.000000  0.000000  0.000000  0.000000  0.000000 
1  165.403867  1.213711  1.213711  21.000000  0.020000 165.837249  0.414651  -0.149737  165.422049  2.618516  0.339980 25 13 165.403867  0.000000  0.000000  0.000000  0.000000  0.000000 
1  165.422049  1.217488  1.217488  192.520004  0.060000 165.754035  1.380795  1.777547  165.237102  2.621681  0.346005 25 12 165.422049  0.000000  0.000000  0.000000  0.000000  0.000000 
1  165.237102  1.215415  1.215415  192.520004  0.060000 165.729923  0.074798  0.278879  165.199467  2.585157  0.053606 25 12 165.237102  0.000000  0.000000  0.000000  0.000000  0.000000 
1  165.199467  1.216649  1.216980  192.520004  0.060000 165.699467  1.256851  -0.338400  165.144794  2.604558  0.062838 25 13 165.199467  0.000000  0.000000  0.000000  0.000000  0.000000 
1  165.144794  1.215321  1.215321  192.520004  0.060000 165.717810  0.755340  -0.582353  165.344896  2.581900  -0.102357 25 12 165.144794  0.000000  0.000000  0.000000  0.000000  0.000000 
1  165.344896  1.215890  1.215890  192.520004  0.060000 165.681483  0.119785  -2.647265  165.312923  2.483244  -0.484814 25 13 165.344896  0.000000  0.000000  0.000000  0.000000  0.000000 
1  165.312923  1.214366  1.214366  192.520004  0.060000 165.613296  0.572258  -0.110998  165.129041  2.471393  -0.360334 25 12 165.312923  0.000000  0.000000  0.000000  0.000000  0.000000 
1  165.129041  1.214307  1.214307  192.520004  0.060000 165.601848  0.465512  -0.292997  165.286108  2.349683  -0.568228 25 12 165.129041  0.000000  0.000000  0.000000  0.000000  0.000000 
1  165.286108  1.214501  1.215188  192.520004  0.060000 165.547269  0.831469  0.645204  165.292513  2.416042  -0.200423 25 13 165.286108  0.000000  0.000000  0.000000  0.000000  0.000000 
1  165.292513  1.215342  1.215342  192.520004  0.060000 165.589371  1.037752  -0.287803  165.412723  2.568420  0.364109 25 12 165.292513  0.000000  0.000000  0.000000  0.000000  0.000000 
1  165.412723  1.215632  1.215632  192.520004  0.060000 165.560304  0.726144  1.726814  165.279231  2.529288  0.171528 25 12 165.412723  0.000000  0.000000  0.000000  0.000000  0.000000 
1  165.279231  1.214557  1.214557  123.180000  0.370000 165.535663  0.449342  -1.058746  165.327020  2.447760  -0.126602 25 13 165.279231  0.000000  0.000000  0.000000  0.000000  0.000000 
1  165.327020  1.216768  1.216768  123.180000  0.370000 165.470228  0.679226  0.788659  165.141312  2.453093  -0.039708 25 12 165.327020  0.000000  0.000000  0.000000  0.000000  0.000000 
1  165.141312  1.215436  1.215915  123.180000  0.370000 165.483325  0.643411  -1.394432  165.115381  2.659477  0.559070 25 13 165.141312  0.000000  0.000000  0.000000  0.000000  0.000000 
1  165.115381  1.215372  1.215372  123.180000  0.370000 165.486633  1.064460  0.964323  165.153588  2.627917  0.394354 25 12 165.115381  0.000000  0.000000  0.000000  0.000000  0.000000 
1  165.153588  1.214924  1.214924  123.180000  0.370000 165.535705  0.373695  0.931358  165.498102  2.365341  -0.622492 25 12 165.153588  0.000000  0.000000  0.000000  0.000000  0.000000 
1  165.498102  1.215039  1.215039  123.180000  0.370000 165.518953  1.107415  1.402149  165.364799  2.441755  -0.160231 25 13 165.498102  0.000000  0.000000  0.000000  0.000000  0.000000 
1  165.364799  1.216287  1.216287  123.180000  0.370000 165.540060  0.152812  0.733335  165.485998  2.342016  -0.434448 25 12 165.364799  0.000000  0.000000  0.000000  0.000000  0.000000 
1  165.485998  1.215853  1.215993  123.180000  0.370000 165.560804  1.113996  -0.515203  165.338802  2.612668  0.616692 25 12 165.485998  0.000000  0.000000  0.000000  0.000000  0.000000 
1  165.338802  1.214815  1.214815  123.180000  0.370000 165.544652  0.002766  -3.027402  165.281785  2.394372  -0.316368 25 13 165.338802  0.000000  0.000000  0.000000  0.000000  0.000000 
1  165.281785  1.215908  1.215908  123.180000  0.370000 165.564120  0.595178  1.258474  165.367113  2.406970  -0.130887 25 12 165.281785  0.000000  0.000000  0.000000  0.000000  0.000000 
1  165.367113  1.215749  1.215749  122.160004  0.430000 165.567021  1.235868  0.412528  165.313849  2.602831  0.550448 25 12 165.367113  0.000000  0.000000  0.000000  0.000000  0.000000 
1  165.313849  1.216346  1.216346  122.160004  0.430000 165.516149  0.709208  -0.483772  165.127747  2.549492  0.225004 25 13 165.313849  0.000000  0.000000  0.000000  0.000000  0.000000 
1  165.127747  1.216367  1.216367  122.160004  0.430000 165.525672  0.930785  -1.375977  165.169138  2.454858  -0.132631 25 12 165.127747  0.000000  0.000000  0.000000  0.000000  0.000000 
1  165.169138  1.217087  1.217087  122.160004  0.430000 164.833573  -16.497017  -35.860162  164.628512  -6.870248  -34.544443 25 12 165.169138  0.000000  0.000000  0.000000  0.000000  0.000000 
1  164.628512  1.216341  1.216341  122.160004  0.430000 164.736364  0.723455  7.690276  164.335815  1.119117  1.849933 25 13 164.628512  0.000000  0.000000  0.000000  0.000000  0.000000 
1  164.335815  1.216375  1.216375  122.160004  0.430000 164.628100  1.273880  4.833066  164.009887  2.235059  4.803357 25 12 164.335815  0.000000  0.000000  0.000000  0.000000  0.000000 
1  164.009887  1.214632  1.214632  122.160004  0.430000 164.541589  0.780310  3.588765  163.730761  2.321649  3.433488 25 13 164.009887  0.000000  0.000000  0.000000  0.000000  0.000000 
1  163.730761  1.215377  1.215377  122.160004  0.430000 164.450554  1.219835  4.268937  163.596246  2.341289  2.332533 25 12 163.730761  0.000000  0.000000  0.000000  0.000000  0.000000 
1  163.596246  1.215994  1.215994  122.160004  0.430000 164.387474  1.007136  2.300915  163.699492  2.362127  1.621791 25 12 163.596246  0.000000  0.000000  0.000000  0.000000  0.000000 
1  163.699492  1.215918  1.215896  122.160004  0.430000 164.315361  0.766615  0.972208  163.457515  2.374109  1.104037 25 13 163.699492  0.000000  0.000000  0.000000  0.000000  0.000000 
1  163.457515  1.215698  1.215698  122.160004  0.430000 164.286346  1.118831  2.045244  163.531403  2.416056  0.947651 26 12 163.457515  0.000000  0.000000  0.000000  0.000000  0.000000 
1  163.531403  1.215073  1.215073  122.160004  0.430000 164.230184  0.335825  2.173076  163.462052  2.321826  0.252151 25 12 163.531403  0.000000  0.000000  0.000000  0.000000  0.000000 
1  163.462052  1.215870  1.215870  132.119995  0.290000 164.195435  0.790993  0.321137  163.523086  2.309314  0.084656 24 13 163.462052  0.000000  0.000000  0.000000  0.000000  0.000000 
1  163.523086  1.215444  1.215444  132.119995  0.290000 164.119620  0.400005  -1.315266  163.315554  2.276174  -0.160381 25 12 163.523086  0.000000  0.000000  0.000000  0.000000  0.000000 
1  163.315554  1.216499  1.216499  132.119995  0.290000 164.040454  1.006878  0.929142  163.061630  2.360256  0.120634 25 12 163.315554  0.000000  0.000000  0.000000  0.000000  0.000000 
1  163.061630  1.216616  1.216616  132.119995  0.290000 164.028457  0.855358  0.343725  163.192303  2.288116  -0.123037 24 13 163.061630  0.000000  0.000000  0.000000  0.000000  0.000000 
1  163.192303  1.215812  1.215599  132.119995  0.290000 163.988278  0.839124  -0.888193  163.135500  2.315310  -0.015364 26 12 163.192303  0.000000  0.000000  0.000000  0.000000  0.000000 
1  163.135500  1.215322  1.215322  132.119995  0.290000 163.943489  0.617824  3.156466  163.160321  2.201761  -0.355115 25 12 163.135500  0.000000  0.000000  0.000000  0.000000  0.000000 
1  163.160321  1.217274  1.217274  132.119995  0.290000 163.913218  0.808552  0.338531  163.248803  2.203535  -0.202424 25 13 163.160321  0.000000  0.000000  0.000000  0.000000  0.000000 
1  163.248803  1.217106  1.217106  132.119995  0.290000 163.862724  0.633131  -0.464617  163.183249  2.160254  -0.330452 25 12 163.248803  0.000000  0.000000  0.000000  0.000000  0.000000 
1  163.183249  1.215740  1.215740  164.039993  0.220000 163.814747  0.709170  0.968272  163.147564  2.160172  -0.215206 25 12 163.183249  0.000000  0.000000  0.000000  0.000000  0.000000 
1  163.147564  1.217797  1.217797  164.039993  0.220000 163.852795  0.134129  -2.466714  163.380542  2.260655  0.118335 25 13 163.147564  0.000000  0.000000  0.000000  0.000000  0.000000 
1  163.380542  1.215769  1.215769  164.039993  0.220000 163.780179  0.671337  -3.468636  163.109035  2.180797  -0.223395 25 12 163.380542  0.000000  0.000000  0.000000  0.000000  0.000000 
1  163.109035  1.215957  1.215957  164.039993  0.220000 163.710770  0.927677  0.805918  162.911021  2.214529  0.025280 24 13 163.109035  0.000000  0.000000  0.000000  0.000000  0.000000 
1  162.911021  1.215729  1.215729  164.039993  0.220000 163.637281  1.098577  0.747854  162.685252  2.218996  0.063714 26 12 162.911021  0.000000  0.000000  0.000000  0.000000  0.000000 
1  162.685252  1.213698  1.213698  164.039993  0.220000 163.594046  0.604821  -1.857586  162.696950  2.190977  -0.028027 25 12 162.685252  0.000000  0.000000  0.000000  0.000000  0.000000 
1  162.696950  1.214741  1.214741  164.039993  0.220000 163.629330  0.412014  -1.284609  163.097120  2.144515  -0.195803 24 13 162.696950  0.000000  0.000000  0.000000  0.000000  0.000000 
1  163.097120  1.216912  1.216912  164.039993  0.220000 163.577927  0.770509  0.201875  162.802843  2.148007  -0.193463 26 12 163.097120  0.000000  0.000000  0.000000  0.000000  0.000000 
1  162.802843  1.215453  1.216432  164.039993  0.220000 163.593301  0.851949  0.164511  163.025128  2.231103  0.059553 25 12 162.802843  0.000000  0.000000  0.000000  0.000000  0.000000 
1  163.025128  1.216884  1.216884  164.039993  0.220000 163.564105  0.582310  -0.608013  162.942049  2.096314  -0.443202 25 13 163.025128  0.000000  0.000000  0.000000  0.000000  0.000000 
1  162.942049  1.215286  1.215286  188.899994  0.430000 163.531141  0.274783  -1.106908  162.843379  2.049091  -0.580654 25 12 162.942049  0.000000  0.000000  0.000000  0.000000  0.000000 
1  162.843379  1.215607  1.215607  188.899994  0.430000 163.517999  0.738107  0.547296  162.810038  2.137904  -0.108968 25 12 162.843379  0.000000  0.000000  0.000000  0.000000  0.000000 
1  162.810038  1.215553  1.215553  188.899994  0.430000 163.451836  1.185419  1.947821  162.679867  2.100496  -0.134176 25 13 162.810038  0.000000  0.000000  0.000000  0.000000  0.000000 
1  162.679867  1.216852  1.216626  188.899994  0.430000 163.448382  0.852933  -1.758420  162.677717  2.220463  0.385531 25 12 162.679867  0.000000  0.000000  0.000000  0.000000  0.000000 
1  162.677717  1.216839  1.216839  188.899994  0.430000 163.413354  0.607807  -0.069636  162.680733  2.013323  -0.370018 25 12 162.677717  0.000000  0.000000  0.000000  0.000000  0.000000 
1  162.680733  1.215952  1.215952  188.899994  0.430000 163.375367  0.167938  -3.023609  162.602478  2.001808  -0.391669 25 13 162.680733  0.000000  0.000000  0.000000  0.000000  0.000000 
1  162.602478  1.215448  1.215448  188.899994  0.430000 163.404272  0.977164  0.712751  162.923620  2.129240  0.219725 25 12 162.602478  0.000000  0.000000  0.000000  0.000000  0.000000 
1  162.923620  1.217161  1.217161  188.899994  0.430000 163.364480  0.028276  -0.642438  162.908616  1.952858  -0.523785 25 12 162.923620  0.000000  0.000000  0.000000  0.000000  0.000000 
1  162.908616  1.216353  1.216246  188.899994  0.430000 163.363621  0.885205  -1.087277  162.864812  2.145403  0.240910 25 13 162.908616  0.000000  0.000000  0.000000  0.000000  0.000000 
1  162.864812  1.216212  1.216212  188.899994  0.430000 163.373206  0.692181  1.987772  163.021035  2.152035  0.211033 25 12 162.864812  0.000000  0.000000  0.000000  0.000000  0.000000 
1  163.021035  1.215987  1.215987  203.369995  0.450000 163.395447  1.095343  1.023686  162.981562  2.123556  0.004690 25 12 163.021035  0.000000  0.000000  0.000000  0.000000  0.000000 
1  162.981562  1.215289  1.215289  203.369995  0.450000 163.394924  1.106125  0.007178  162.942952  2.118043  -0.003521 25 13 162.981562  0.000000  0.000000  0.000000  0.000000  0.000000 
1  162.942952  1.216197  1.216197  203.369995  0.450000 163.383758  1.089058  1.847789  162.910355  2.163245  0.238173 25 12 162.942952  0.000000  0.000000  0.000000  0.000000  0.000000 
1  162.910355  1.214293  1.213902  203.369995  0.450000 163.393286  0.892644  -0.195069  162.941314  2.173589  0.129465 25 13 162.910355  0.000000  0.000000  0.000000  0.000000  0.000000 
1  162.941314  1.215443  1.215443  203.369995  0.450000 163.402259  0.557016  -0.387809  163.016167  2.100728  -0.183097 25 12 162.941314  0.000000  0.000000  0.000000  0.000000  0.000000 
1  163.016167  1.215449  1.215449  203.369995  0.450000 163.422755  0.447592  -0.396927  163.083934  2.103369  -0.149113 25 12 163.016167  0.000000  0.000000  0.000000  0.000000  0.000000 
1  163.083934  1.214238  1.214238  203.369995  0.450000 163.418964  0.496006  0.492597  163.165392  2.009500  -0.455934 25 13 163.083934  0.000000  0.000000  0.000000  0.000000  0.000000 
1  163.165392  1.216387  1.216387  203.369995  0.450000 163.414867  0.297714  -1.162014  163.080725  2.016056  -0.358195 25 12 163.165392  0.000000  0.000000  0.000000  0.000000  0.000000 
1  163.080725  1.216337  1.216589  203.369995  0.450000 163.356388  0.868853  -0.960050  162.886824  2.038498  -0.183495 25 12 163.080725  0.000000  0.000000  0.000000  0.000000  0.000000 
1  162.886824  1.215284  1.215284  203.369995  0.450000 163.306818  0.793567  -0.517418  162.674296  2.069783  -0.054266 25 13 162.886824  0.000000  0.000000  0.000000  0.000000  0.000000 
1  162.674296  1.216322  1.216322  210.399994  0.380000 163.356302  0.656166  0.566523  163.015210  1.947274  -0.393296 25 12 162.674296  0.000000  0.000000  0.000000  0.000000  0.000000 
1  163.015210  1.216288  1.216288  210.399994  0.380000 163.382398  0.528370  -1.784267  163.187073  2.097792  0.209290 25 12 163.015210  0.000000  0.000000  0.000000  0.000000  0.000000 
1  163.187073  1.216357  1.216357  210.399994  0.380000 163.371342  0.793728  0.977939  163.145995  2.054602  0.049208 25 13 163.187073  0.000000  0.000000  0.000000  0.000000  0.000000 
1  163.145995  1.216351  1.217700  210.399994  0.380000 163.342600  1.144409  0.078915  162.902628  1.993381  -0.123896 25 12 163.145995  0.000000  0.000000  0.000000  0.000000  0.000000 
1  162.902628  1.216177  1.216177  210.399994  0.380000 163.343879  0.769973  0.855282  163.025603  1.975790  -0.159682 25 12 162.902628  0.000000  0.000000  0.000000  0.000000  0.000000 
1  163.025603  1.216866  1.216866  210.399994  0.380000 163.369177  0.862325  -1.330887  163.004253  2.081166  0.218780 25 13 163.025603  0.000000  0.000000  0.000000  0.000000  0.000000 
1  163.004253  1.216062  1.216062  210.399994  0.380000 163.362940  1.429537  0.918186  162.996185  2.192819  0.608614 25 12 163.004253  0.000000  0.000000  0.000000  0.000000  0.000000 
1  162.996185  1.216071  1.216071  210.399994  0.380000 163.375411  0.683442  -0.484041  163.003174  2.021370  -0.183952 25 13 162.996185  0.000000  0.000000  0.000000  0.000000  0.000000 
1  163.003174  1.215078  1.215078  210.399994  0.380000 163.405571  0.572311  -0.667169  163.120732  2.082929  0.109129 25 12 163.003174  0.000000  0.000000  0.000000  0.000000  0.000000 
1  163.120732  1.218012  1.218012  210.399994  0.380000 163.419162  0.991672  0.469178  163.134626  1.990978  -0.222455 25 12 163.120732  0.000000  0.000000  0.000000  0.000000  0.000000 
1  163.134626  1.215106  1.215107  210.399994  0.380000 163.367132  1.116822  1.420621  163.029313  2.007455  0.026508 25 13 163.134626  0.000000  0.000000  0.000000  0.000000  0.000000 
1  163.029313  1.214797  1.214797  210.399994  0.380000 163.331144  0.175516  -2.233688  162.814932  1.819268  -0.639476 25 12 163.029313  0.000000  0.000000  0.000000  0.000000  0.000000 
1  162.814932  1.216081  1.216081  246.600006  0.450000 163.331567  0.518802  -0.269553  163.138894  1.935639  -0.119991 25 12 162.814932  0.000000  0.000000  0.000000  0.000000  0.000000 
1  163.138894  1.214815  1.214815  246.600006  0.450000 163.325259  0.847284  -1.154006  163.020378  2.032098  0.178671 25 13 163.138894  0.000000  0.000000  0.000000  0.000000  0.000000 
1  163.020378  1.214063  1.214063  246.600006  0.450000 163.333054  0.861955  1.381977  163.069594  2.028432  0.165021 25 12 163.020378  0.000000  0.000000  0.000000  0.000000  0.000000 
1  163.069594  1.215477  1.215050  246.600006  0.450000 163.336774  1.062582  -0.597713  163.127985  1.979814  0.069473 25 12 163.069594  0.000000  0.000000  0.000000  0.000000  0.000000 
1  163.127985  1.216830  1.216830  246.600006  0.450000 163.317277  0.534033  -1.639171  162.972170  1.818602  -0.493571 25 13 163.127985  0.000000  0.000000  0.000000  0.000000  0.000000 
1  162.972170  1.215749  1.215749  246.600006  0.450000 163.344572  1.220437  1.044649  163.064736  1.927405  0.024564 25 12 162.972170  0.000000  0.000000  0.000000  0.000000  0.000000 
1  163.064736  1.214587  1.214587  246.600006  0.450000 163.305725  0.641051  -0.335339  162.885492  1.860947  -0.294829 25 13 163.064736  0.000000  0.000000  0.000000  0.000000  0.000000 
1  162.885492  1.215621  1.215621  246.600006  0.450000 163.257828  0.511361  -0.435107  162.720971  1.769811  -0.477645 25 12 162.885492  0.000000  0.000000  0.000000  0.000000  0.000000 
1  162.720971  1.216670  1.216580  216.919998  0.330000 163.286341  0.495613  -0.782247  162.866672  1.831331  -0.094217 25 12 162.720971  0.000000  0.000000  0.000000  0.000000  0.000000 
1  162.866672  1.215145  1.215145  216.919998  0.330000 163.308819  0.689098  -0.098877  163.023693  1.967335  0.427526 25 13 162.866672  0.000000  0.000000  0.000000  0.000000  0.000000 
1  163.023693  1.216140  1.216140  216.919998  0.330000 163.347674  0.389162  -1.276555  163.146891  1.885761  -0.058445 25 12 163.023693  0.000000  0.000000  0.000000  0.000000  0.000000 
1  163.146891  1.216035  1.216035  216.919998  0.330000 163.328684  0.711178  0.704273  162.981924  1.946365  0.243082 25 12 163.146891  0.000000  0.000000  0.000000  0.000000  0.000000 
1  162.981924  1.215450  1.215450  216.919998  0.330000 163.299428  0.875673  0.650008  162.721039  1.900432  0.072801 25 13 162.981924  0.000000  0.000000  0.000000  0.000000  0.000000 
1  162.721039  1.216108  1.215730  216.919998  0.330000 163.292351  0.740063  1.196185  162.805672  1.847810  -0.147680 25 12 162.721039  0.000000  0.000000  0.000000  0.000000  0.000000 
1  162.805672  1.215446  1.215446  216.919998  0.330000 163.262665  0.407801  -0.912817  162.759782  1.769666  -0.340907 25 12 162.805672  0.000000  0.000000  0.000000  0.000000  0.000000 
1  162.759782  1.215785  1.215785  216.919998  0.330000 163.274256  0.845000  0.597333  162.941340  1.826863  -0.088330 25 13 162.759782  0.000000  0.000000  0.000000  0.000000  0.000000 
1  162.941340  1.215163  1.215163  216.919998  0.330000 163.373309  0.945816  3.495629  163.376535  1.929227  0.313525 25 12 162.941340  0.000000  0.000000  0.000000  0.000000  0.000000 
1  163.376535  1.214342  1.214342  216.919998  0.330000 163.322819  1.048594  1.348221  163.091398  1.823067  -0.170174 25 13 163.376535  0.000000  0.000000  0.000000  0.000000  0.000000 
1  163.091398  1.215456  1.215456  226.600006  0.120000 163.320076  0.831558  0.895689  162.966733  1.870587  0.081409 25 12 163.091398  0.000000  0.000000  0.000000  0.000000  0.000000 
1  162.966733  1.214721  1.214721  226.600006  0.120000 163.383746  0.778241  -0.187023  163.160399  1.979870  0.361822 25 12 162.966733  0.000000  0.000000  0.000000  0.000000  0.000000 
1  163.160399  1.215467  1.215467  226.600006  0.120000 163.344874  0.678233  -0.465676  162.924333  1.916050  0.030754 25 13 163.160399  0.000000  0.000000  0.000000  0.000000  0.000000 
1  162.924333  1.216156  1.216156  226.600006  0.120000 163.246250  0.778197  -1.509673  162.542368  1.827927  -0.293582 25 12 162.924333  0.000000  0.000000  0.000000  0.000000  0.000000 
1  162.542368  1.214232  1.214232  226.600006  0.120000 163.229292  0.942002  -0.279510  162.703557  1.847287  -0.131404 25 12 162.542368  0.000000  0.000000  0.000000  0.000000  0.000000 
1  162.703557  1.215317  1.215317  226.600006  0.120000 163.211356  0.090312  -2.780139  162.590207  1.830844  -0.176419 25 13 162.703557  0.000000  0.000000  0.000000  0.000000  0.000000 
1  162.590207  1.215260  1.215260  226.600006  0.120000 163.221596  0.785656  -1.090559  162.796427  1.784558  -0.273686 25 12 162.590207  0.000000  0.000000  0.000000  0.000000  0.000000 
1  162.796427  1.215985  1.215401  226.600006  0.120000 163.202470  0.730028  0.016524  162.708877  1.800128  -0.055872 25 13 162.796427  0.000000  0.000000  0.000000  0.000000  0.000000 
1  162.708877  1.215250  1.215250  226.600006  0.120000 163.189410  0.487545  -0.984204  162.673877  1.778693  -0.129936 25 12 162.708877  0.000000  0.000000  0.000000  0.000000  0.000000 
1  162.673877  1.216785  1.216785  226.600006  0.120000 163.136006  1.098536  0.921271  162.534731  1.798572  0.033440 25 12 162.673877  0.000000  0.000000  0.000000  0.000000  0.000000 
1  162.534731  1.216007  1.216007  198.020004  0.120000 163.111179  0.598220  -0.184890  162.643438  1.569149  -0.727821 25 13 162.534731  0.000000  0.000000  0.000000  0.000000  0.000000 
1  162.643438  1.216436  1.216436  198.020004  0.120000 163.145030  0.740093  0.395762  162.922901  1.653708  -0.256584 25 12 162.643438  0.000000  0.000000  0.000000  0.000000  0.000000 
1  162.922901  1.215235  1.215414  198.020004  0.120000 163.153545  1.060627  0.954939  162.772970  1.811372  0.342864 25 12 162.922901  0.000000  0.000000  0.000000  0.000000  0.000000 
1  162.772970  1.215127  1.215127  198.020004  0.120000 163.123599  1.161730  1.749798  162.579051  1.841997  0.380301 25 13 162.772970  0.000000  0.000000  0.000000  0.000000  0.000000 
1  162.579051  1.216051  1.216051  198.020004  0.120000 163.097615  1.144418  0.038711  162.501859  1.843486  0.293035 25 12 162.579051  0.000000  0.000000  0.000000  0.000000  0.000000 
1  162.501859  1.214457  1.214457  198.020004  0.120000 163.147551  1.075502  0.382450  162.903226  1.719950  -0.220819 26 12 162.501859  0.000000  0.000000  0.000000  0.000000  0.000000 
1  162.903226  1.215292  1.215292  198.020004  0.120000 163.179039  1.128728  1.591870  162.868716  1.799866  0.146981 24 13 162.903226  0.000000  0.000000  0.000000  0.000000  0.000000 
1  162.868716  1.214940  1.215448  198.020004  0.120000 163.198373  1.342445  1.506572  162.891906  1.764136  -0.054828 26 12 162.868716  0.000000  0.000000  0.000000  0.000000  0.000000 
1  162.891906  1.215576  1.215576  198.020004  0.120000 163.178457  0.739982  0.439545  162.741848  1.751731  -0.071517 25 12 162.891906  0.000000  0.000000  0.000000  0.000000  0.000000 
1  162.741848  1.215574  1.215574  198.020004  0.120000 163.155595  0.709399  1.519102  162.645865  1.710007  -0.154472 25 13 162.741848  0.000000  0.000000  0.000000  0.000000  0.000000 
1  162.645865  1.215281  1.215281  180.410004  0.310000 163.170435  0.434781  -0.507463  162.830376  1.653438  -0.294990 25 12 162.645865  0.000000  0.000000  0.000000  0.000000  0.000000 
1  162.830376  1.215448  1.215448  180.410004  0.310000 163.166373  0.465546  -0.954290  162.815942  1.663477  -0.188054 24 13 162.830376  0.000000  0.000000  0.000000  0.000000  0.000000 
1  162.815942  1.214327  1.214327  180.410004  0.310000 163.177011  1.121603  0.053422  162.878450  1.720054  0.097527 26 12 162.815942  0.000000  0.000000  0.000000  0.000000  0.000000 
1  162.878450  1.214949  1.214949  180.410004  0.310000 163.161977  0.972376  -0.154937  162.714541  1.712755  0.016872 25 12 162.878450  0.000000  0.000000  0.000000  0.000000  0.000000 
1  162.714541  1.214038  1.214038  180.410004  0.310000 163.183274  0.782413  0.147719  162.794346  1.799229  0.276570 24 13 162.714541  0.000000  0.000000  0.000000  0.000000  0.000000 
1  162.794346  1.215356  1.215356  180.410004  0.310000 163.249000  0.877360  -0.228591  163.077492  1.675887  -0.213555 26 12 162.794346  0.000000  0.000000  0.000000  0.000000  0.000000 
1  163.077492  1.215421  1.215421  180.410004  0.310000 163.237186  0.629945  -1.697576  162.813894  1.753439  0.071088 25 12 163.077492  0.000000  0.000000  0.000000  0.000000  0.000000 
1  162.813894  1.215293  1.215419  180.410004  0.310000 163.263883  0.654784  -0.282832  162.939893  1.656562  -0.226744 25 13 162.813894  0.000000  0.000000  0.000000  0.000000  0.000000 
1  162.939893  1.214675  1.214675  180.410004  0.310000 163.224650  1.187880  -0.295032  162.767437  1.686144  -0.016714 25 12 162.939893  0.000000  0.000000  0.000000  0.000000  0.000000 
1  162.767437  1.216345  1.216345  180.410004  0.310000 163.258168  0.930037  -0.301763  162.948565  1.682782  -0.023700 25 12 162.767437  0.000000  0.000000  0.000000  0.000000  0.000000 
1  162.948565  1.215677  1.215677  180.410004  0.310000 163.274784  1.106062  1.406565  162.918966  1.635853  -0.169170 25 13 162.948565  0.000000  0.000000  0.000000  0.000000  0.000000 
1  162.918966  1.216998  1.216998  180.410004  0.310000 163.276333  0.617087  -0.366208  162.811353  1.610603  -0.269279 25 12 162.918966  0.000000  0.000000  0.000000  0.000000  0.000000 
1  162.811353  1.216352  1.216108  198.139999  0.430000 163.265475  0.508177  -0.400256  162.861192  1.637490  -0.097044 25 12 162.811353  0.000000  0.000000  0.000000  0.000000  0.000000 
1  162.861192  1.216520  1.216520  198.139999  0.430000 163.289581  0.801106  0.318490  162.926896  1.754015  0.342882 25 13 162.861192  0.000000  0.000000  0.000000  0.000000  0.000000 
1  162.926896  1.215355  1.215355  198.139999  0.430000 163.261815  0.599133  0.118963  162.701245  1.686196  -0.026365 25 12 162.926896  0.000000  0.000000  0.000000  0.000000  0.000000 
1  162.701245  1.215327  1.215327  198.139999  0.430000 163.286702  0.808863  0.112297  162.945629  1.620393  -0.209781 25 12 162.701245  0.000000  0.000000  0.000000  0.000000  0.000000 
1  162.945629  1.214686  1.214686  198.139999  0.430000 163.260090  0.534113  -0.629509  162.764258  1.661187  -0.139359 25 13 162.945629  0.000000  0.000000  0.000000  0.000000  0.000000 
1  162.764258  1.216163  1.216163  198.139999  0.430000 163.185944  0.791670  1.358314  162.634446  1.687671  0.031513 25 12 162.764258  0.000000  0.000000  0.000000  0.000000  0.000000 
1  162.634446  1.214544  1.214544  198.139999  0.430000 163.167338  0.815518  0.348156  162.657774  1.613617  -0.192076 25 13 162.634446  0.000000  0.000000  0.000000  0.000000  0.000000 
1  162.657774  1.215275  1.215275  198.139999  0.430000 163.166807  0.503552  -1.836482  162.585130  1.617914  -0.221465 25 12 162.657774  0.000000  0.000000  0.000000  0.000000  0.000000 
1  162.585130  1.215425  1.215425  167.750000  0.340000 163.203695  1.079481  -0.148369  162.666762  1.685756  0.038094 25 12 162.585130  0.000000  0.000000  0.000000  0.000000  0.000000 
1  162.666762  1.215163  1.215163  167.750000  0.340000 163.211695  0.606591  -0.579608  162.786252  1.588493  -0.306370 25 13 162.666762  0.000000  0.000000  0.000000  0.000000  0.000000 
1  162.786252  1.215104  1.215104  167.750000  0.340000 163.261305  1.197664  -0.809014  162.912385  1.610587  -0.110544 25 12 162.786252  0.000000  0.000000  0.000000  0.000000  0.000000 
1  162.912385  1.216047  1.216047  167.750000  0.340000 163.299301  1.011713  0.326920  163.002193  1.718828  0.309511 25 12 162.912385  0.000000  0.000000  0.000000  0.000000  0.000000 
1  163.002193  1.215569  1.215570  167.750000  0.340000 163.327767  0.960920  0.662462  162.970409  1.615233  -0.169475 25 13 163.002193  0.000000  0.000000  0.000000  0.000000  0.000000 
1  162.970409  1.214832  1.214832  167.750000  0.340000 163.355833  0.335928  -2.061104  162.985869  1.652734  0.026433 25 12 162.970409  0.000000  0.000000  0.000000  0.000000  0.000000 
1  162.985869  1.214424  1.214424  167.750000  0.340000 163.415995  0.385658  -0.641023  163.159676  1.569790  -0.231977 25 12 162.985869  0.000000  0.000000  0.000000  0.000000  0.000000 
1  163.159676  1.216695  1.216695  167.750000  0.340000 163.352523  0.656176  -0.410477  163.005210  1.524002  -0.302856 25 13 163.159676  0.000000  0.000000  0.000000  0.000000  0.000000 
1  163.005210  1.216342  1.216342  167.750000  0.340000 163.322542  1.184344  -0.286301  162.982442  1.646484  0.236949 25 12 163.005210  0.000000  0.000000  0.000000  0.000000  0.000000 
1  162.982442  1.216320  1.216320  167.750000  0.340000 163.273416  0.938864  0.920049  162.758025  1.600311  0.091903 25 12 162.982442  0.000000  0.000000  0.000000  0.000000  0.000000 
1  162.758025  1.216269  1.216269  119.400002  0.100000 163.277777  0.755308  0.736116  162.857213  1.551680  -0.082346 25 13 162.758025  0.000000  0.000000  0.000000  0.000000  0.000000 
1  162.857213  1.215161  1.215161  119.400002  0.100000 163.239281  0.570257  -2.547600  162.669527  1.529441  -0.165551 25 12 162.857213  0.000000  0.000000  0.000000  0.000000  0.000000 
1  162.669527  1.215512  1.215512  119.400002  0.100000 163.245337  1.135432  -0.807326  162.726089  1.511917  -0.172245 25 12 162.669527  0.000000  0.000000  0.000000  0.000000  0.000000 
1  162.726089  1.215243  1.215243  119.400002  0.100000 163.287508  0.938240  3.438216  162.895389  1.520945  -0.087878 25 13 162.726089  0.000000  0.000000  0.000000  0.000000  0.000000 
1  162.895389  1.215962  1.215962  119.400002  0.100000 163.299146  0.785526  1.775495  162.844339  1.658436  0.431301 25 12 162.895389  0.000000  0.000000  0.000000  0.000000  0.000000 
1  162.844339  1.215289  1.215289  119.400002  0.100000 163.331365  0.473920  2.494319  162.850755  1.515482  -0.249942 25 12 162.844339  0.000000  0.000000  0.000000  0.000000  0.000000 
1  162.850755  1.214630  1.214336  119.400002  0.100000 163.328146  0.610165  1.356846  162.976073  1.451757  -0.466148 25 13 162.850755  0.000000  0.000000  0.000000  0.000000  0.000000 
1  162.976073  1.216452  1.216452  119.400002  0.100000 163.324521  1.177170  1.384996  162.794216  1.593953  0.192090 25 12 162.976073  0.000000  0.000000  0.000000  0.000000  0.000000 
1  162.794216  1.215027  1.215027  119.400002  0.100000 163.341919  0.404442  -1.412637  162.894487  1.532277  -0.096123 25 13 162.794216  0.000000  0.000000  0.000000  0.000000  0.000000 
1  162.894487  1.214846  1.214846  119.400002  0.100000 163.289476  0.023158  -1.462965  162.741943  1.417375  -0.479133 25 12 162.894487  0.000000  0.000000  0.000000  0.000000  0.000000 
1  162.741943  1.216205  1.216205  114.320000  0.180000 163.263731  0.074045  -0.892563  162.714287  1.426171  -0.287363 25 12 162.741943  0.000000  0.000000  0.000000  0.000000  0.000000 
1  162.714287  1.215837  1.216339  114.320000  0.180000 163.265723  1.045126  -0.136293  162.673139  1.570540  0.278821 25 13 162.714287  0.000000  0.000000  0.000000  0.000000  0.000000 
1  162.673139  1.215653  1.215653  114.320000  0.180000 163.315304  0.564495  0.690588  163.014090  1.603720  0.349974 25 12 162.673139  0.000000  0.000000  0.000000  0.000000  0.000000 
1  163.014090  1.216186  1.216186  114.320000  0.180000 163.249606  1.042084  0.151331  162.801306  1.477246  -0.125045 25 12 163.014090  0.000000  0.000000  0.000000  0.000000  0.000000 
1  162.801306  1.216324  1.216324  114.320000  0.180000 163.265815  0.747439  -0.641565  162.888677  1.451895  -0.182195 25 13 162.801306  0.000000  0.000000  0.000000  0.000000  0.000000 
1  162.888677  1.215766  1.215766  114.320000  0.180000 163.253554  0.630897  -0.452748  162.836352  1.394560  -0.323689 25 12 162.888677  0.000000  0.000000  0.000000  0.000000  0.000000 
1  162.836352  1.215690  1.215690  114.320000  0.180000 163.291105  0.937131  1.091937  163.093124  1.459006  0.036736 25 13 162.836352  0.000000  0.000000  0.000000  0.000000  0.000000 
1  163.093124  1.216464  1.216464  114.320000  0.180000 163.288501  0.335744  1.693815  163.026830  1.282247  -0.610700 25 12 163.093124  0.000000  0.000000  0.000000  0.000000  0.000000 
1  163.026830  1.215953  1.215953  114.320000  0.180000 163.307085  0.429793  0.099781  162.965005  1.489601  0.223227 25 12 163.026830  0.000000  0.000000  0.000000  0.000000  0.000000 
1  162.965005  1.216567  1.216567  114.320000  0.180000 163.331648  1.143341  1.725660  162.998220  1.604417  0.513955 25 13 162.965005  0.000000  0.000000  0.000000  0.000000  0.000000 
1  162.998220  1.215208  1.215208  40.939999  0.080000 163.346701  0.450145  1.421044  163.031989  1.359820  -0.434091 25 12 162.998220  0.000000  0.000000  0.000000  0.000000  0.000000 
1  163.031989  1.215463  1.215316  40.939999  0.080000 163.355047  0.183105  -1.186337  162.992638  1.422981  -0.095851 25 12 163.031989  0.000000  0.000000  0.000000  0.000000  0.000000 
