1  0.000000  0.000000  0.003035  0.030348  0.048557  0.000000  0.000000  0.000000  0.000000  0.000000
1  0.003035  0.003035  0.009006  0.059712  0.085828  0.000000  0.000000  0.000000  0.000000  0.000000
1  0.009006  0.009006  0.017813  0.088069  0.114033  0.000000  0.000000  0.000000  0.000000  0.000000
1  0.017813  0.017813  0.029363  0.115498  0.135113  0.000000  0.000000  0.000000  0.000000  0.000000
1  0.029363  0.029363  0.043565  0.142019  0.150525  0.000000  0.000000  0.000000  0.000000  0.000000
1  0.043565  0.043565  0.060331  0.167660  0.161444  0.000000  0.000000  0.000000  0.000000  0.000000
1  0.060331  0.060331  0.079574  0.192436  0.168798  0.000000  0.000000  0.000000  0.000000  0.000000
1  0.079574  0.079574  0.101216  0.216421  0.173413  0.000000  0.000000  0.000000  0.000000  0.000000
1  0.101216  0.101216  0.125176  0.239593  0.175806  0.000000  0.000000  0.000000  0.000000  0.000000
1  0.125176  0.125176  0.151374  0.261989  0.176478  0.000000  0.000000  0.000000  0.000000  0.000000
1  0.151374  0.151374  0.179737  0.283625  0.175801  0.000000  0.000000  0.000000  0.000000  0.000000
1  0.179737  0.179737  0.210192  0.304555  0.174129  0.000000  0.000000  0.000000  0.000000  0.000000
1  0.210192  0.210192  0.242665  0.324730  0.171583  0.000000  0.000000  0.000000  0.000000  0.000000
1  0.242665  0.242665  0.277095  0.344292  0.168565  0.000000  0.000000  0.000000  0.000000  0.000000
1  0.277095  0.277095  0.313415  0.363202  0.165109  0.000000  0.000000  0.000000  0.000000  0.000000
1  0.313415  0.313415  0.351561  0.381457  0.161294  0.000000  0.000000  0.000000  0.000000  0.000000
1  0.351561  0.351561  0.391473  0.399125  0.157305  0.000000  0.000000  0.000000  0.000000  0.000000
1  0.391473  0.391473  0.433094  0.416212  0.153183  0.000000  0.000000  0.000000  0.000000  0.000000
1  0.433094  0.433094  0.476365  0.432707  0.148938  0.000000  0.000000  0.000000  0.000000  0.000000
1  0.476365  0.476365  0.521235  0.448697  0.144735  0.000000  0.000000  0.000000  0.000000  0.000000
1  0.521235  0.521235  0.567649  0.464142  0.140499  0.000000  0.000000  0.000000  0.000000  0.000000
1  0.567649  0.567649  0.615549  0.478997  0.136168  0.000000  0.000000  0.000000  0.000000  0.000000
1  0.615549  0.615549  0.664890  0.493412  0.131998  0.000000  0.000000  0.000000  0.000000  0.000000
1  0.664890  0.664890  0.715625  0.507352  0.127903  0.000000  0.000000  0.000000  0.000000  0.000000
1  0.715625  0.715625  0.767706  0.520812  0.123858  0.000000  0.000000  0.000000  0.000000  0.000000
1  0.767706  0.767706  0.821094  0.533875  0.119987  0.000000  0.000000  0.000000  0.000000  0.000000
1  0.821094  0.821094  0.875740  0.546458  0.116122  0.000000  0.000000  0.000000  0.000000  0.000000
1  0.875740  0.875740  0.931602  0.558624  0.112364  0.000000  0.000000  0.000000  0.000000  0.000000
1  0.931602  0.931602  0.988640  0.570384  0.108707  0.000000  0.000000  0.000000  0.000000  0.000000
1  0.988640  0.988640  1.046813  0.581731  0.105120  0.000000  0.000000  0.000000  0.000000  0.000000
1  1.046813  1.046813  1.106080  0.592664  0.101589  0.000000  0.000000  0.000000  0.000000  0.000000
1  1.106080  1.106080  1.166405  0.603251  0.098211  0.000000  0.000000  0.000000  0.000000  0.000000
1  1.166405  1.166405  1.227755  0.613502  0.094970  0.000000  0.000000  0.000000  0.000000  0.000000
1  1.227755  1.227755  1.290100  0.623447  0.091888  0.000000  0.000000  0.000000  0.000000  0.000000
1  1.290100  1.290100  1.353405  0.633056  0.088884  0.000000  0.000000  0.000000  0.000000  0.000000
1  1.353405  1.353405  1.417639  0.642335  0.085955  0.000000  0.000000  0.000000  0.000000  0.000000
1  1.417639  1.417639  1.482770  0.651310  0.083124  0.000000  0.000000  0.000000  0.000000  0.000000
1  1.482770  1.482770  1.548770  0.659997  0.080398  0.000000  0.000000  0.000000  0.000000  0.000000
1  1.548770  1.548770  1.615608  0.668383  0.077736  0.000000  0.000000  0.000000  0.000000  0.000000
1  1.615608  1.615608  1.683255  0.676472  0.075131  0.000000  0.000000  0.000000  0.000000  0.000000
1  1.683255  1.683255  1.751684  0.684293  0.072618  0.000000  0.000000  0.000000  0.000000  0.000000
1  1.751684  1.751684  1.820869  0.691849  0.070184  0.000000  0.000000  0.000000  0.000000  0.000000
1  1.820869  1.820869  1.890785  0.699158  0.067842  0.000000  0.000000  0.000000  0.000000  0.000000
1  1.890785  1.890785  1.961409  0.706239  0.065603  0.000000  0.000000  0.000000  0.000000  0.000000
1  1.961409  1.961409  2.032716  0.713072  0.063415  0.000000  0.000000  0.000000  0.000000  0.000000
1  2.032716  2.032716  2.104684  0.719675  0.061297  0.000000  0.000000  0.000000  0.000000  0.000000
1  2.104684  2.104684  2.177289  0.726049  0.059236  0.000000  0.000000  0.000000  0.000000  0.000000
1  2.177289  2.177289  2.250509  0.732202  0.057234  0.000000  0.000000  0.000000  0.000000  0.000000
1  2.250509  2.250509  2.324323  0.738142  0.055291  0.000000  0.000000  0.000000  0.000000  0.000000
1  2.324323  2.324323  2.398715  0.743914  0.053468  0.000000  0.000000  0.000000  0.000000  0.000000
1  2.398715  2.398715  2.473663  0.749481  0.051682  0.000000  0.000000  0.000000  0.000000  0.000000
1  2.473663  2.473663  2.549151  0.754883  0.049988  0.000000  0.000000  0.000000  0.000000  0.000000
1  2.549151  2.549151  2.625161  0.760099  0.048336  0.000000  0.000000  0.000000  0.000000  0.000000
1  2.625161  2.625161  2.701676  0.765152  0.046753  0.000000  0.000000  0.000000  0.000000  0.000000
1  2.701676  2.701676  2.778678  0.770020  0.045192  0.000000  0.000000  0.000000  0.000000  0.000000
1  2.778678  2.778678  2.856152  0.774739  0.043704  0.000000  0.000000  0.000000  0.000000  0.000000
1  2.856152  2.856152  2.934083  0.779309  0.042276  0.000000  0.000000  0.000000  0.000000  0.000000
