1  0.000000  1.216076  1.216076  1.885164  0.984341  -0.074053  1.619266  0.797434  -0.083838  8181001388723650799951817669135047532122534485143949393530313563001946219242887749819371126991702102932320290291455634170399135294440986221959342418019506784613535866633948788653225080673108065421033707177634408314267042038276034181707351686303731885169971684179968.000000  0.000000
1  1.619266  1.218079  1.218079  2.112403  0.839110  0.349355  1.726076  0.774160  0.338581  8181001388723650799951817669135047532122534485143949393530313563001946219242887749819371126991702102932320290291455634170399135294440986221959342418019506784613535866633948788653225080673108065421033707177634408314267042038276034181707351686303731885169971684179968.000000  0.000000
1  1.726076  1.217460  1.217460  2.363169  0.983925  0.538134  1.837582  0.858087  0.526140  8181001388723650799951817669135047532122534485143949393530313563001946219242887749819371126991702102932320290291455634170399135294440986221959342418019506784613535866633948788653225080673108065421033707177634408314267042038276034181707351686303731885169971684179968.000000  0.000000
1  1.837582  1.219700  1.219700  2.589281  0.826278  2.486582  1.935010  0.785289  2.473033  8181001388723650799951817669135047532122534485143949393530313563001946219242887749819371126991702102932320290291455634170399135294440986221959342418019506784613535866633948788653225080673108065421033707177634408314267042038276034181707351686303731885169971684179968.000000  0.000000
1  1.935010  1.220490  1.220490  2.922671  0.884907  0.831227  2.033706  0.748324  0.816603  8181001388723650799951817669135047532122534485143949393530313563001946219242887749819371126991702102932320290291455634170399135294440986221959342418019506784613535866633948788653225080673108065421033707177634408314267042038276034181707351686303731885169971684179968.000000  0.000000
1  2.033706  1.218429  1.218429  3.260836  0.667945  -1.600429  2.120924  0.636168  -1.616298  8181001388723650799951817669135047532122534485143949393530313563001946219242887749819371126991702102932320290291455634170399135294440986221959342418019506784613535866633948788653225080673108065421033707177634408314267042038276034181707351686303731885169971684179968.000000  0.000000
1  2.120924  1.216583  1.216583  3.589508  0.678855  -0.190568  2.196146  0.567074  -0.208254  8181001388723650799951817669135047532122534485143949393530313563001946219242887749819371126991702102932320290291455634170399135294440986221959342418019506784613535866633948788653225080673108065421033707177634408314267042038276034181707351686303731885169971684179968.000000  0.000000
1  2.196146  1.218095  1.218095  3.959717  0.572189  0.218748  2.275763  0.662550  0.198860  8181001388723650799951817669135047532122534485143949393530313563001946219242887749819371126991702102932320290291455634170399135294440986221959342418019506784613535866633948788653225080673108065421033707177634408314267042038276034181707351686303731885169971684179968.000000  0.000000
1  2.275763  1.217771  1.217568  4.375796  0.000002  -2.199499  2.301076  0.172209  -2.221002  8181001388723650799951817669135047532122534485143949393530313563001946219242887749819371126991702102932320290291455634170399135294440986221959342418019506784613535866633948788653225080673108065421033707177634408314267042038276034181707351686303731885169971684179968.000000  0.000000
1  2.301076  1.217534  1.217534  4.771399  0.000001  -1.480181  2.281437  0.008611  -1.503448  8181001388723650799951817669135047532122534485143949393530313563001946219242887749819371126991702102932320290291455634170399135294440986221959342418019506784613535866633948788653225080673108065421033707177634408314267042038276034181707351686303731885169971684179968.000000  0.000000
1  2.281437  1.217277  1.217277  5.232315  0.000001  -0.983603  2.258262  -0.024042  -1.008018  178.440002  0.080000
1  2.258262  1.218153  1.218153  5.714806  0.000001  -0.657322  2.229023  -0.031843  -0.682782  178.440002  0.080000
1  2.229023  1.218204  1.218204  6.279922  0.000001  -0.439742  2.193845  -0.035697  -0.466126  178.440002  0.080000
1  2.193845  1.216408  1.216795  6.876567  0.000001  -0.294115  2.146474  -0.038816  -0.321870  178.440002  0.080000
1  2.146474  1.217346  1.217346  7.549381  0.000001  -0.196504  2.095318  -0.041951  -0.225129  178.440002  0.080000
1  2.095318  1.217762  1.217762  8.268809  0.000001  -0.131470  2.047110  -0.044905  -0.159727  178.440002  0.080000
1  2.047110  1.217470  1.217470  8.979173  0.000000  -0.087812  1.971060  -0.047967  -0.117776  178.440002  0.080000
1  1.971060  1.217922  1.217922  9.742733  0.000001  -0.059729  1.896350  -0.051063  -0.089918  178.440002  0.080000
1  1.896350  1.217826  1.217388  10.703321  0.000002  -0.039922  1.827224  -0.054102  -0.068100  178.440002  0.080000
1  1.827224  1.216902  1.216902  11.681972  0.000000  -0.026412  1.774127  -0.056118  -0.050444  178.440002  0.080000
1  1.774127  1.218748  1.218748  12.820606  0.000001  -0.017548  1.754529  -0.057271  -0.035391  178.440002  0.080000
1  1.754529  1.217389  1.217389  13.928504  0.000002  -0.011749  1.762230  -0.057464  -0.022535  178.440002  0.080000
1  1.762230  1.216437  1.216437  15.122250  0.000001  -0.007855  1.756990  -0.057423  -0.015191  278.450012  0.370000
1  1.756990  1.223110  1.221763  16.595382  0.000000  -0.005255  1.788582  -0.056760  -0.006673  278.450012  0.370000
1  1.788582  1.217446  1.217446  18.083457  0.000000  -0.003508  1.820442  -0.055763  -0.001207  278.450012  0.370000
1  1.820442  1.218682  1.218682  19.808316  0.000001  -0.002351  1.879843  -0.054351  0.005309  278.450012  0.370000
1  1.879843  1.218039  1.218039  21.543302  0.000000  -0.001570  1.924755  -0.052814  0.008318  278.450012  0.370000
1  1.924755  1.222884  1.222884  23.502059  0.000000  -0.001047  1.968469  -0.051348  0.010113  278.450012  0.370000
1  1.968469  1.217598  1.217598  25.618388  -0.000000  -0.000709  2.016264  -0.049803  0.011821  278.450012  0.370000
1  2.016264  1.218166  1.218166  27.815641  0.000000  -0.000469  2.060512  -0.048475  0.012735  278.450012  0.370000
1  2.060512  1.216703  1.216703  30.268354  0.000002  -0.000315  2.113115  -0.046956  0.014172  278.470001  0.230000
1  2.113115  1.218503  1.218503  32.709524  -0.000000  -0.000212  2.157864  -0.045366  0.014417  278.470001  0.230000
1  2.157864  1.217765  1.217765  35.490606  0.000001  -0.000142  2.237216  -0.043373  0.017448  278.470001  0.230000
1  2.237216  1.218160  1.218160  38.542588  0.000000  -0.000094  2.296841  -0.041337  0.017733  278.470001  0.230000
1  2.296841  1.218525  1.218525  41.830609  0.000001  -0.000061  2.380250  -0.039325  0.020335  278.470001  0.230000
1  2.380250  1.217138  1.217695  45.565825  0.000000  -0.000044  2.449237  -0.036901  0.020562  278.470001  0.230000
1  2.449237  1.218600  1.218600  48.951240  0.000000  -0.000032  2.505594  -0.034828  0.019219  278.470001  0.230000
1  2.505594  1.218173  1.218173  52.428164  0.000001  -0.000019  2.592298  -0.032965  0.021438  278.470001  0.230000
1  2.592298  1.219724  1.219724  55.930700  0.000001  -0.000014  2.663512  -0.030585  0.021386  278.470001  0.230000
1  2.663512  1.218526  1.218526  60.407176  0.000001  -0.000005  2.749934  -0.027847  0.022381  278.470001  0.230000
1  2.749934  1.218852  1.218784  64.978809  0.000000  -0.000006  2.812434  -0.025891  0.021204  294.739990  0.560000
1  2.812434  1.218039  1.218039  69.665791  0.000001  -0.000003  2.884219  -0.023759  0.021312  294.739990  0.560000
1  2.884219  1.217833  1.217833  74.569319  0.000000  -0.000002  2.974784  -0.021413  0.023008  294.739990  0.560000
1  2.974784  1.218498  1.218498  79.594921  0.000001  0.000001  3.060855  -0.018754  0.023454  294.739990  0.560000
1  3.060855  1.216291  1.216291  84.678630  0.000001  -0.000002  3.140666  -0.016487  0.023591  294.739990  0.560000
1  3.140666  1.217801  1.218069  89.372364  0.000001  -0.000002  3.226295  -0.014263  0.024017  294.739990  0.560000
1  3.226295  1.218882  1.218882  94.616355  0.000001  0.000004  3.342315  -0.010956  0.026788  294.739990  0.560000
1  3.342315  1.219079  1.219079  99.487356  0.000001  -0.000001  3.452649  -0.007907  0.028382  294.739990  0.560000
1  3.452649  1.218485  1.218485  104.303647  0.000000  -0.000001  3.549863  -0.005115  0.028092  294.739990  0.560000
1  3.549863  1.217032  1.217032  109.488677  0.000001  -0.000002  3.664211  -0.002052  0.029565  294.739990  0.560000
1  3.664211  1.216540  1.216408  114.230204  -0.000000  -0.000008  3.779829  0.001512  0.030222  339.720001  0.530000
1  3.779829  1.217733  1.217733  118.954881  0.000001  -0.000000  3.890710  0.004579  0.030452  339.720001  0.530000
1  3.890710  1.217563  1.217563  123.726768  0.000001  0.000005  3.999165  0.007873  0.030235  339.720001  0.530000
1  3.999165  1.217936  1.217936  128.160266  0.000001  0.000001  4.119670  0.010901  0.031135  339.720001  0.530000
1  4.119670  1.219170  1.219170  132.476393  0.000002  0.000004  4.250009  0.014496  0.032574  339.720001  0.530000
1  4.250009  1.218263  1.218060  136.384346  0.000001  0.000002  4.376248  0.017959  0.033316  339.720001  0.530000
1  4.376248  1.215198  1.215198  139.909877  0.000001  -0.000000  4.466280  0.021170  0.030056  339.720001  0.530000
1  4.466280  1.217828  1.217828  143.110413  0.000001  -0.000001  4.589633  0.023907  0.031592  339.720001  0.530000
1  4.589633  1.218985  1.218985  146.162733  0.000001  -0.000002  4.723247  0.027487  0.033572  339.720001  0.530000
1  4.723247  1.217490  1.217490  149.057606  0.000001  -0.000001  4.837818  0.030932  0.033058  339.720001  0.530000
1  4.837818  1.218930  1.218285  151.750969  0.000001  0.000001  4.979634  0.034643  0.034811  22.580000  0.640000
1  4.979634  1.219214  1.219214  154.276051  0.000001  -0.000002  5.095009  0.038157  0.033814  22.580000  0.640000
1  5.095009  1.218951  1.218951  156.496867  0.000002  0.000000  5.251336  0.041944  0.036623  22.580000  0.640000
1  5.251336  1.218764  1.218764  158.535179  0.000002  0.000003  5.424603  0.046515  0.039653  22.580000  0.640000
1  5.424603  1.217530  1.217530  160.495237  0.000001  0.000001  5.580032  0.050693  0.040730  22.580000  0.640000
1  5.580032  1.216536  1.216492  162.279410  0.000001  -0.000001  5.789113  0.055890  0.044831  22.580000  0.640000
1  5.789113  1.218200  1.218200  163.825018  0.000001  -0.000001  5.921724  0.060181  0.041955  22.580000  0.640000
1  5.921724  1.217396  1.217396  165.320639  0.000002  0.000003  6.082343  0.064319  0.042047  22.580000  0.640000
1  6.082343  1.217874  1.217874  166.680437  -0.000000  -0.000006  6.254329  0.068863  0.043263  22.580000  0.640000
1  6.254329  1.217521  1.217521  167.824007  0.000002  0.000001  6.430139  0.073223  0.044816  22.580000  0.640000
1  6.430139  1.217268  1.216781  168.877495  0.000002  -0.000001  6.600265  0.078076  0.045091  22.580000  0.640000
1  6.600265  1.216618  1.216618  169.875196  0.000001  -0.000004  6.806099  0.083211  0.048245  22.580000  0.640000
1  6.806099  1.217741  1.217741  170.741536  0.000002  0.000001  6.984719  0.088237  0.048317  39.939999  0.560000
1  6.984719  1.217789  1.217789  171.577959  0.000001  -0.000001  7.176752  0.093248  0.048890  39.939999  0.560000
1  7.176752  1.217478  1.217478  172.317688  0.000001  -0.000003  7.358312  0.098074  0.048828  39.939999  0.560000
1  7.358312  1.217436  1.217775  173.014913  0.000002  0.000002  7.601263  0.104097  0.052881  39.939999  0.560000
1  7.601263  1.218727  1.218727  173.630898  0.000000  -0.000004  7.807278  0.109867  0.053344  39.939999  0.560000
1  7.807278  1.218243  1.218243  174.193566  0.000001  -0.000001  8.008834  0.115334  0.053128  39.939999  0.560000
1  8.008834  1.216354  1.216354  174.699214  0.000001  0.000001  8.230969  0.121044  0.054390  39.939999  0.560000
1  8.230969  1.217772  1.217772  175.161612  0.000001  -0.000001  8.449039  0.126758  0.054894  39.939999  0.560000
1  8.449039  1.218170  1.218170  175.584344  0.000001  -0.000001  8.675077  0.132346  0.056794  42.500000  0.390000
1  8.675077  1.217635  1.217635  175.990697  0.000001  -0.000001  8.933161  0.138882  0.059754  42.500000  0.390000
1  8.933161  1.218057  1.218057  176.327093  0.000001  -0.000000  9.160817  0.145172  0.059961  42.500000  0.390000
1  9.160817  1.219875  1.219875  176.653987  0.000001  -0.000000  9.413179  0.151733  0.061592  42.500000  0.390000
1  9.413179  1.216812  1.216812  176.948745  0.000002  0.000002  9.693652  0.158712  0.065348  42.500000  0.390000
1  9.693652  1.218114  1.218114  177.217343  0.000000  -0.000004  9.971705  0.165639  0.067994  42.500000  0.390000
1  9.971705  1.217339  1.217339  177.443930  0.000002  -0.000000  10.248504  0.172731  0.070191  42.500000  0.390000
1  10.248504  1.215614  1.215252  177.669162  0.000002  -0.000001  10.557256  0.181083  0.073095  42.500000  0.390000
1  10.557256  1.217827  1.217827  177.860793  0.000002  0.000002  10.859050  0.188811  0.074903  42.500000  0.390000
1  10.859050  1.219168  1.219168  178.045767  0.000000  -0.000004  11.199364  0.197470  0.078437  42.500000  0.390000
1  11.199364  1.218840  1.218840  178.206912  0.000001  -0.000001  11.512479  0.205752  0.079270  14.560000  0.110000
1  11.512479  1.218004  1.218004  178.348099  0.000001  0.000000  11.828951  0.214206  0.079912  14.560000  0.110000
1  11.828951  1.217292  1.217162  178.475223  0.000001  -0.000004  12.122819  0.221883  0.079355  14.560000  0.110000
1  12.122819  1.217821  1.217821  178.601302  0.000001  -0.000001  12.491606  0.230828  0.083461  14.560000  0.110000
1  12.491606  1.216726  1.216726  178.713907  0.000001  -0.000003  12.870194  0.240257  0.088321  14.560000  0.110000
1  12.870194  1.217464  1.217464  178.817392  0.000001  -0.000001  13.236090  0.249902  0.089272  14.560000  0.110000
1  13.236090  1.218656  1.218656  178.905619  0.000001  0.000001  13.597343  0.259096  0.090375  14.560000  0.110000
1  13.597343  1.217485  1.219408  178.988365  0.000001  -0.000001  13.939865  0.268050  0.089642  14.560000  0.110000
1  13.939865  1.218884  1.218884  179.065555  0.000001  0.000001  14.368513  0.278228  0.096265  14.560000  0.110000
1  14.368513  1.217719  1.217719  179.136164  0.000001  -0.000001  14.754663  0.288654  0.096723  14.560000  0.110000
1  14.754663  1.217065  1.217065  179.196532  0.000001  0.000001  15.135365  0.298439  0.097713  298.390015  0.230000
1  15.135365  1.218074  1.218074  179.254466  0.000002  0.000002  15.506990  0.308655  0.095253  298.390015  0.230000
1  15.506990  1.218420  1.218372  179.312277  0.000001  0.000004  15.905433  0.317876  0.098337  298.390015  0.230000
1  15.905433  1.217489  1.217489  179.360866  0.000002  0.000001  16.355029  0.329325  0.102279  298.390015  0.230000
1  16.355029  1.217877  1.217877  179.398240  0.000001  -0.000002  16.828212  0.340883  0.108363  298.390015  0.230000
1  16.828212  1.219264  1.219264  179.423595  0.000001  0.000000  17.305996  0.353307  0.112720  298.390015  0.230000
1  17.305996  1.218266  1.218266  179.455171  0.000002  0.000002  17.782741  0.365343  0.114742  298.390015  0.230000
1  17.782741  1.218031  1.218111  179.490606  0.000001  0.000001  18.261933  0.377540  0.117783  298.390015  0.230000
1  18.261933  1.216902  1.216902  179.516118  0.000001  -0.000001  18.752270  0.389715  0.120998  298.390015  0.230000
1  18.752270  1.217086  1.217086  179.542092  0.000001  -0.000001  19.262438  0.403164  0.122312  298.390015  0.230000
1  19.262438  1.218722  1.218722  179.563922  0.000002  0.000002  19.765105  0.416220  0.123530  261.019989  0.280000
1  19.765105  1.218245  1.218245  179.588923  0.000001  -0.000002  20.292340  0.429156  0.126454  261.019989  0.280000
1  20.292340  1.217521  1.217300  179.611270  0.000001  -0.000000  20.809178  0.442366  0.126893  261.019989  0.280000
1  20.809178  1.218407  1.218407  179.631212  0.000001  0.000001  21.411718  0.456867  0.135258  261.019989  0.280000
1  21.411718  1.217929  1.217929  179.652771  0.000001  0.000001  21.963789  0.471070  0.136630  261.019989  0.280000
1  21.963789  1.217785  1.217785  179.671359  0.000001  0.000003  22.518271  0.485364  0.137721  261.019989  0.280000
1  22.518271  1.217076  1.217076  179.682337  0.000001  -0.000002  23.130889  0.499930  0.143575  261.019989  0.280000
1  23.130889  1.218422  1.218308  179.691212  0.000002  -0.000000  23.757610  0.515837  0.148699  261.019989  0.280000
1  23.757610  1.218211  1.218211  179.699764  0.000001  0.000000  24.332202  0.531179  0.147999  261.019989  0.280000
1  24.332202  1.219540  1.219540  179.707642  0.000001  0.000001  24.988322  0.546704  0.153601  261.019989  0.280000
1  24.988322  1.218900  1.218900  179.713024  0.000001  -0.000000  25.627415  0.563013  0.155818  261.019989  0.280000
1  25.627415  1.216126  1.216126  179.721736  0.000002  -0.000001  26.299700  0.579594  0.159903  261.019989  0.280000
1  26.299700  1.217312  1.217146  179.734320  0.000002  0.000005  26.970947  0.597243  0.163136  251.589996  0.500000
1  26.970947  1.217696  1.217696  179.739465  0.000000  -0.000004  27.604333  0.613421  0.162296  251.589996  0.500000
1  27.604333  1.218296  1.218296  179.742606  0.000002  0.000001  28.310454  0.631299  0.166804  251.589996  0.500000
1  28.310454  1.218237  1.218237  179.750548  0.000002  0.000002  29.034218  0.649720  0.170602  251.589996  0.500000
1  29.034218  1.218864  1.218864  179.763971  0.000001  0.000002  29.783047  0.667912  0.176259  251.589996  0.500000
1  29.783047  1.217811  1.217811  179.769552  0.000002  0.000001  30.523380  0.686498  0.179618  251.589996  0.500000
1  30.523380  1.217025  1.217025  179.769799  0.000001  0.000000  31.298938  0.705344  0.184056  251.589996  0.500000
1  31.298938  1.218100  1.218100  179.770225  0.000001  -0.000000  32.072732  0.724684  0.188359  251.589996  0.500000
1  32.072732  1.216069  1.216069  179.767947  0.000002  -0.000002  32.884395  0.744623  0.192828  240.630005  0.590000
1  32.884395  1.217937  1.217937  179.767907  0.000002  0.000001  33.704349  0.766085  0.196789  240.630005  0.590000
1  33.704349  1.217738  1.217738  179.766823  0.000001  -0.000002  34.488485  0.786560  0.197542  240.630005  0.590000
1  34.488485  1.219022  1.219022  179.765907  0.000001  0.000000  35.350224  0.807546  0.203583  240.630005  0.590000
1  35.350224  1.218998  1.218837  179.760118  0.000001  0.000002  36.229038  0.829679  0.209619  240.630005  0.590000
1  36.229038  1.219375  1.219375  179.753061  0.000001  0.000002  37.150926  0.851919  0.216011  240.630005  0.590000
1  37.150926  1.218106  1.218106  179.749869  0.000001  0.000001  37.968941  0.873962  0.212415  240.630005  0.590000
1  37.968941  1.217220  1.217220  179.757071  0.000001  -0.000002  38.809349  0.893145  0.211829  240.630005  0.590000
1  38.809349  1.217889  1.217889  179.765620  0.000002  0.000001  39.671519  0.915706  0.213086  240.630005  0.590000
1  39.671519  1.218762  1.218799  179.766747  0.000001  -0.000002  40.592291  0.939273  0.217677  240.630005  0.590000
1  40.592291  1.218531  1.218531  179.770440  0.000002  -0.000001  41.549921  0.963145  0.224680  223.529999  1.160000
1  41.549921  1.218867  1.218867  179.769835  0.000001  0.000003  42.502400  0.987061  0.229159  223.529999  1.160000
1  42.502400  1.217612  1.217612  179.767801  0.000001  0.000000  43.436897  1.010997  0.230031  223.529999  1.160000
1  43.436897  1.217367  1.217367  179.770423  0.000002  -0.000000  44.375303  1.034507  0.231453  223.529999  1.160000
1  44.375303  1.218165  1.217707  179.768138  0.000002  0.000001  45.351268  1.058631  0.235936  223.529999  1.160000
1  45.351268  1.217876  1.217876  179.766355  0.000001  0.000000  46.363091  1.083284  0.241578  223.529999  1.160000
1  46.363091  1.217875  1.217875  179.764636  0.000001  0.000000  47.338924  1.109151  0.240456  223.529999  1.160000
1  47.338924  1.218742  1.218742  179.771553  0.000001  -0.000001  48.369226  1.133844  0.245614  223.529999  1.160000
1  48.369226  1.218315  1.218315  179.777062  0.000001  0.000001  49.391128  1.159517  0.248767  223.529999  1.160000
1  49.391128  1.217557  1.217743  179.785694  0.000001  -0.000002  50.412952  1.184742  0.251510  223.529999  1.160000
1  50.412952  1.217529  1.217529  179.787539  0.000001  0.000003  51.442711  1.211723  0.253583  205.800003  0.610000
1  51.442711  1.220156  1.220156  179.789301  0.000001  0.000003  52.501651  1.238861  0.256841  205.800003  0.610000
1  52.501651  1.217684  1.217684  179.789908  0.000001  0.000001  53.577448  1.264917  0.260639  205.800003  0.610000
1  53.577448  1.218115  1.218115  179.793452  0.000001  0.000002  54.664189  1.291934  0.264156  205.800003  0.610000
1  54.664189  1.218181  1.217822  179.795849  0.000002  0.000003  55.790540  1.320459  0.269382  205.800003  0.610000
1  55.790540  1.219014  1.219014  179.793162  0.000002  0.000001  56.809909  1.347201  0.265535  205.800003  0.610000
1  56.809909  1.218479  1.218479  179.790977  0.000001  0.000001  57.902735  1.373753  0.268707  205.800003  0.610000
1  57.902735  1.217333  1.217333  179.785692  0.000002  -0.000001  58.931859  1.400607  0.269717  205.800003  0.610000
1  58.931859  1.217363  1.217363  179.779231  0.000001  -0.000001  60.128786  1.430055  0.273583  205.800003  0.610000
1  60.128786  1.218249  1.218329  179.777793  0.000002  0.000001  61.207286  1.457964  0.273133  205.800003  0.610000
1  61.207286  1.218512  1.218512  179.778689  0.000002  -0.000001  62.362664  1.485248  0.279096  359.040009  0.370000
1  62.362664  1.218368  1.218368  179.781586  0.000002  0.000001  63.526402  1.515527  0.282882  359.040009  0.370000
1  63.526402  1.218068  1.218068  179.781790  0.000002  0.000002  64.680216  1.545278  0.285273  359.040009  0.370000
1  64.680216  1.217971  1.217971  179.778118  0.000001  -0.000001  65.850721  1.573869  0.287766  359.040009  0.370000
1  65.850721  1.219086  1.219204  179.774989  0.000001  -0.000001  67.003583  1.603093  0.287988  359.040009  0.370000
1  67.003583  1.218257  1.218257  179.781900  0.000001  -0.000002  68.190464  1.634173  0.288898  359.040009  0.370000
1  68.190464  1.218073  1.218073  179.784589  0.000001  0.000001  69.340347  1.663501  0.288957  359.040009  0.370000
1  69.340347  1.217816  1.217816  179.785526  0.000001  -0.000002  70.497637  1.693103  0.289990  359.040009  0.370000
1  70.497637  1.216375  1.216375  179.787181  0.000001  0.000000  71.658014  1.721933  0.293139  359.040009  0.370000
1  71.658014  1.218619  1.218132  179.782921  0.000001  0.000000  72.876457  1.753119  0.295296  359.040009  0.370000
1  72.876457  1.218221  1.218221  179.782732  0.000001  -0.000000  74.055725  1.782841  0.296688  359.040009  0.370000
1  74.055725  1.219031  1.219031  179.788887  0.000001  -0.000001  75.259427  1.812906  0.297420  359.040009  0.370000
1  75.259427  1.219332  1.219332  179.791390  0.000002  0.000001  76.433522  1.844119  0.297816  54.259998  0.790000
1  76.433522  1.218425  1.218425  179.796331  0.000001  0.000001  77.627558  1.873262  0.298760  54.259998  0.790000
1  77.627558  1.218043  1.217777  179.796971  0.000002  -0.000002  78.832489  1.905229  0.300583  54.259998  0.790000
1  78.832489  1.217285  1.217285  179.802225  0.000001  0.000001  80.004317  1.935326  0.303002  54.259998  0.790000
1  80.004317  1.217706  1.217706  179.804098  0.000002  0.000002  81.244688  1.966657  0.303380  54.259998  0.790000
1  81.244688  1.218857  1.218857  179.802761  0.000001  -0.000000  82.426877  1.996728  0.302804  54.259998  0.790000
1  82.426877  1.219613  1.219613  179.802946  0.000001  0.000001  83.668474  2.028815  0.305268  54.259998  0.790000
1  83.668474  1.219085  1.219283  179.796838  0.000001  0.000001  84.879697  2.059981  0.306664  54.259998  0.790000
1  84.879697  1.219228  1.219228  179.793549  0.000001  -0.000001  86.096651  2.091276  0.307599  71.730003  0.690000
1  86.096651  1.218687  1.218687  179.797229  0.000001  -0.000000  87.319618  2.122888  0.308470  71.730003  0.690000
1  87.319618  1.217383  1.217383  179.795670  0.000001  -0.000002  88.544285  2.154402  0.309906  71.730003  0.690000
1  88.544285  1.217709  1.217709  179.793702  0.000000  -0.000001  89.748280  2.185362  0.309378  71.730003  0.690000
1  89.748280  1.217513  1.217870  179.792710  0.000001  -0.000002  90.965333  2.216648  0.309704  71.730003  0.690000
1  90.965333  1.218680  1.218680  179.792008  0.000001  0.000000  92.178746  2.247400  0.310397  71.730003  0.690000
1  92.178746  1.218591  1.218591  179.793007  0.000001  -0.000000  93.377462  2.279235  0.310107  71.730003  0.690000
1  93.377462  1.221469  1.221469  179.795380  0.000001  -0.000001  94.606790  2.311176  0.311542  71.730003  0.690000
1  94.606790  1.219125  1.219125  179.794218  0.000001  -0.000001  95.804604  2.342814  0.310932  71.730003  0.690000
1  95.804604  1.217533  1.217792  179.800259  0.000001  0.000001  97.015171  2.374812  0.311552  71.730003  0.690000
1  97.015171  1.218572  1.218572  179.798733  0.000001  -0.000002  98.232262  2.406447  0.312367  301.420013  0.850000
1  98.232262  1.217995  1.217995  179.797920  0.000001  -0.000001  99.438798  2.437955  0.312595  301.420013  0.850000
1  99.438798  1.218433  1.218433  179.796694  0.000001  0.000001  100.653313  2.469465  0.313518  301.420013  0.850000
1  100.653313  1.219370  1.219370  179.796759  0.000002  -0.000001  101.857020  2.500707  0.313557  301.420013  0.850000
1  101.857020  1.218833  1.219170  179.797875  0.000001  -0.000000  103.049193  2.532084  0.312839  301.420013  0.850000
1  103.049193  1.217752  1.217752  179.801360  0.000001  0.000002  104.265962  2.564901  0.313480  301.420013  0.850000
1  104.265962  1.219044  1.219044  179.803180  0.000001  -0.000000  105.458706  2.596978  0.313066  301.420013  0.850000
1  105.458706  1.218266  1.218266  179.800507  0.000001  -0.000001  106.646895  2.628747  0.312981  301.420013  0.850000
1  106.646895  1.215571  1.215571  179.807182  0.000001  -0.000001  107.849775  2.659188  0.314072  301.420013  0.850000
1  107.849775  1.217228  1.217371  179.811049  0.000001  0.000000  109.045912  2.690877  0.313817  301.420013  0.850000
1  109.045912  1.219246  1.219246  179.812134  0.000001  -0.000000  110.240613  2.723535  0.314145  307.119995  0.830000
1  110.240613  1.217775  1.217775  179.808400  0.000001  -0.000001  111.439105  2.754784  0.314544  307.119995  0.830000
1  111.439105  1.219959  1.219959  179.804684  0.000001  -0.000001  112.626830  2.786538  0.314167  307.119995  0.830000
1  112.626830  1.217567  1.217567  179.800645  0.000001  0.000001  113.834397  2.818345  0.314888  307.119995  0.830000
1  113.834397  1.218383  1.218146  179.793644  0.000002  0.000001  115.009664  2.851887  0.314759  307.119995  0.830000
1  115.009664  1.217844  1.217844  179.794230  0.000001  -0.000002  116.201891  2.883296  0.314798  307.119995  0.830000
1  116.201891  1.218255  1.218255  179.793430  0.000001  0.000002  117.397358  2.914983  0.315418  307.119995  0.830000
1  117.397358  1.217275  1.217275  179.793686  0.000001  0.000003  118.581231  2.947704  0.315205  307.119995  0.830000
1  118.581231  1.217325  1.217325  179.795697  0.000002  0.000001  119.759512  2.978816  0.314684  307.119995  0.830000
1  119.759512  1.218016  1.218153  179.800988  0.000001  0.000003  120.945969  3.011391  0.315050  307.119995  0.830000
1  120.945969  1.218205  1.218205  179.803278  0.000001  0.000001  122.125398  3.042355  0.314935  357.160004  0.700000
1  122.125398  1.217829  1.217829  179.801479  0.000001  0.000001  123.295325  3.075026  0.314409  357.160004  0.700000
1  123.295325  1.217960  1.217960  179.803000  0.000001  -0.000002  124.468759  3.105899  0.314046  357.160004  0.700000
1  124.468759  1.217073  1.217073  179.803975  0.000002  -0.000004  125.645042  3.136932  0.314097  357.160004  0.700000
1  125.645042  1.216009  1.216502  179.804627  0.000001  -0.000001  126.823517  3.169053  0.313963  357.160004  0.700000
1  126.823517  1.217926  1.217926  179.799397  0.000001  -0.000001  127.985560  3.202094  0.313612  357.160004  0.700000
1  127.985560  1.218944  1.218944  179.797777  0.000001  0.000001  129.150867  3.233562  0.312831  357.160004  0.700000
1  129.150867  1.217765  1.217765  179.797838  0.000001  0.000001  130.306604  3.263652  0.312055  357.160004  0.700000
1  130.306604  1.219101  1.219101  179.797038  0.000002  -0.000002  131.475035  3.296548  0.312176  357.160004  0.700000
1  131.475035  1.217764  1.217961  179.796640  0.000001  -0.000001  132.632763  3.328042  0.311924  357.160004  0.700000
1  132.632763  1.217173  1.217173  179.796884  0.000002  0.000002  133.800751  3.359676  0.311736  357.160004  0.700000
1  133.800751  1.219098  1.219098  179.793220  0.000001  0.000001  134.961688  3.391015  0.311605  357.160004  0.700000
1  134.961688  1.218339  1.218339  179.791420  0.000001  0.000003  136.107688  3.422339  0.310295  82.919998  0.890000
1  136.107688  1.218557  1.218557  179.793397  0.000001  0.000000  137.259272  3.453137  0.309584  82.919998  0.890000
1  137.259272  1.218856  1.218515  179.796775  0.000001  -0.000001  138.427370  3.483133  0.309374  82.919998  0.890000
1  138.427370  1.218655  1.218655  179.799622  0.000001  0.000001  139.579306  3.514889  0.309233  82.919998  0.890000
1  139.579306  1.219897  1.219897  179.798878  0.000002  0.000001  140.735999  3.546501  0.309130  82.919998  0.890000
1  140.735999  1.218087  1.218087  179.796753  0.000000  -0.000002  141.890804  3.576668  0.308248  82.919998  0.890000
1  141.890804  1.218731  1.218731  179.791182  0.000001  0.000000  143.055970  3.607351  0.308413  82.919998  0.890000
1  143.055970  1.217850  1.217213  179.792071  0.000001  -0.000001  144.206585  3.640316  0.307040  82.919998  0.890000
1  144.206585  1.220675  1.220675  179.796763  0.000001  -0.000001  145.346900  3.670187  0.305346  97.779999  1.680000
1  145.346900  1.218461  1.218461  179.800679  0.000002  0.000004  146.506605  3.700375  0.305137  97.779999  1.680000
1  146.506605  1.218860  1.218860  179.800478  0.000001  -0.000001  147.670520  3.732727  0.305285  97.779999  1.680000
1  147.670520  1.217454  1.217454  179.797590  0.000002  0.000003  148.832249  3.762832  0.305318  97.779999  1.680000
1  148.832249  1.217084  1.217438  179.795570  0.000001  0.000001  150.014108  3.794994  0.303787  97.779999  1.680000
1  150.014108  1.218222  1.218222  179.793510  0.000001  -0.000001  151.182701  3.825584  0.303281  97.779999  1.680000
1  151.182701  1.217545  1.217545  179.794791  0.000001  -0.000002  152.303847  3.855089  0.302120  97.779999  1.680000
1  152.303847  1.217476  1.217476  179.790965  0.000002  0.000003  153.502517  3.886233  0.301976  97.779999  1.680000
1  153.502517  1.218813  1.218813  179.789497  0.000001  0.000001  154.667070  3.916845  0.301156  97.779999  1.680000
1  154.667070  1.218627  1.218589  179.785696  0.000002  -0.000000  155.803044  3.946077  0.300744  97.779999  1.680000
1  155.803044  1.216882  1.216882  179.779863  0.000000  -0.000004  157.004674  3.977446  0.300065  85.629997  1.090000
1  157.004674  1.217394  1.217394  179.779711  0.000001  -0.000002  158.166871  4.007314  0.298843  85.629997  1.090000
1  158.166871  1.217706  1.217706  179.776104  0.000001  -0.000002  159.328029  4.036953  0.296813  85.629997  1.090000
1  159.328029  1.218331  1.218331  179.781654  0.000001  -0.000000  160.501708  4.066585  0.295582  85.629997  1.090000
1  160.501708  1.218397  1.217808  179.784872  0.000002  0.000001  161.625356  4.095656  0.293861  85.629997  1.090000
1  161.625356  1.218336  1.218336  179.786421  0.000001  0.000000  162.839490  4.126140  0.293491  85.629997  1.090000
1  162.839490  1.217362  1.217362  179.787614  0.000001  -0.000001  164.008524  4.155767  0.291886  85.629997  1.090000
1  164.008524  1.216976  1.216976  179.787297  0.000001  -0.000003  165.184962  4.185036  0.291632  85.629997  1.090000
1  165.184962  1.215626  1.215626  179.785994  0.000001  -0.000001  166.364715  4.214089  0.290799  85.629997  1.090000
1  166.364715  1.217205  1.217121  179.787961  0.000001  0.000001  167.525623  4.242955  0.288176  85.629997  1.090000
1  167.525623  1.218327  1.218327  179.787086  0.000001  0.000001  168.732355  4.272570  0.288200  157.820007  0.120000
1  168.732355  1.217907  1.217907  179.784954  0.000001  -0.000000  169.883808  4.299890  0.286570  157.820007  0.120000
1  169.883808  1.219183  1.219183  179.787960  0.000001  -0.000000  171.086107  4.329065  0.284079  157.820007  0.120000
1  171.086107  1.217561  1.217561  179.789497  0.000001  -0.000002  172.282519  4.357103  0.283775  157.820007  0.120000
1  172.282519  1.216715  1.216541  179.793021  0.000001  -0.000001  173.467994  4.386522  0.281246  157.820007  0.120000
1  173.467994  1.218360  1.218360  179.793290  0.000002  0.000002  174.664346  4.413940  0.281101  157.820007  0.120000
1  174.664346  1.218403  1.218403  179.792759  0.000001  0.000001  175.858018  4.442714  0.279168  157.820007  0.120000
1  175.858018  1.217880  1.217880  179.792745  0.000001  -0.000001  177.032658  4.469458  0.274377  157.820007  0.120000
1  177.032658  1.219158  1.219158  179.792160  0.000001  -0.000004  178.190541  4.496789  0.268962  157.820007  0.120000
1  178.190541  1.218623  1.218479  179.791287  0.000001  -0.000000  179.255726  4.521509  0.253016  157.820007  0.120000
1  179.255726  1.218220  1.218220  179.788914  0.000001  -0.000001  179.844283  4.535223  0.183435  233.240005  0.380000
1  179.844283  1.217525  1.217525  179.784354  0.000001  0.000002  180.034918  4.533004  0.090359  233.240005  0.380000
1  180.034918  1.217718  1.217718  179.779024  0.000001  0.000003  180.112958  4.522108  0.015317  233.240005  0.380000
1  180.112958  1.218136  1.218136  179.776953  0.000001  -0.000002  180.156979  4.509097  -0.039125  233.240005  0.380000
1  180.156979  1.217869  1.218759  179.778845  0.000001  -0.000000  180.290139  4.495263  -0.064228  233.240005  0.380000
1  180.290139  1.218110  1.218110  179.784263  0.000001  0.000004  180.398325  4.481915  -0.083348  233.240005  0.380000
1  180.398325  1.219815  1.219815  179.787774  0.000001  0.000000  180.357858  4.468695  -0.114031  233.240005  0.380000
1  180.357858  1.217440  1.217440  179.789695  0.000001  0.000001  180.336275  4.450479  -0.133730  233.240005  0.380000
1  180.336275  1.218346  1.218346  179.791624  0.000001  0.000001  180.333241  4.433192  -0.142416  233.240005  0.380000
1  180.333241  1.217396  1.217715  179.790271  0.000001  0.000002  180.372222  4.417741  -0.143457  233.240005  0.380000
1  180.372222  1.217483  1.217483  179.786738  0.000002  0.000001  180.343091  4.401536  -0.151592  233.240005  0.380000
1  180.343091  1.217861  1.217861  179.786584  0.000002  0.000004  180.314556  4.384634  -0.156248  233.240005  0.380000
1  180.314556  1.219248  1.219248  179.786519  0.000002  0.000002  180.328704  4.368921  -0.154633  206.100006  0.380000
1  180.328704  1.219638  1.219638  179.783320  0.000001  0.000001  180.332764  4.352658  -0.154374  206.100006  0.380000
1  180.332764  1.218710  1.219048  179.778515  0.000001  -0.000002  180.322557  4.336402  -0.155303  206.100006  0.380000
1  180.322557  1.216665  1.216665  179.778931  0.000001  -0.000001  180.258707  4.319985  -0.163016  206.100006  0.380000
1  180.258707  1.217794  1.217794  179.781873  0.000001  -0.000002  180.258260  4.302889  -0.160415  206.100006  0.380000
1  180.258260  1.217326  1.217326  179.786409  0.000001  0.000001  180.324566  4.289059  -0.151431  206.100006  0.380000
1  180.324566  1.218016  1.218016  179.792045  0.000001  -0.000001  180.367401  4.274956  -0.147486  206.100006  0.380000
1  180.367401  1.218381  1.218368  179.801468  0.000001  0.000001  180.367612  4.260349  -0.150453  206.100006  0.380000
1  180.367612  1.218631  1.218631  179.806237  0.000001  -0.000000  180.394882  4.245554  -0.148011  206.789993  0.340000
1  180.394882  1.217665  1.217665  179.805715  0.000002  -0.000001  180.362549  4.229482  -0.153045  206.789993  0.340000
1  180.362549  1.217539  1.217539  179.802270  0.000002  -0.000001  180.312245  4.212091  -0.158448  206.789993  0.340000
1  180.312245  1.217843  1.217843  179.803846  0.000001  0.000002  180.360143  4.197021  -0.150220  206.789993  0.340000
1  180.360143  1.218358  1.218235  179.804923  0.000001  -0.000000  180.319593  4.181130  -0.154741  206.789993  0.340000
1  180.319593  1.218526  1.218526  179.804769  0.000001  -0.000001  180.279993  4.164251  -0.156877  206.789993  0.340000
1  180.279993  1.220019  1.220019  179.807377  0.000000  -0.000001  180.321701  4.149469  -0.148963  206.789993  0.340000
1  180.321701  1.217872  1.217872  179.814308  0.000001  0.000002  180.350554  4.135952  -0.144838  206.789993  0.340000
1  180.350554  1.217821  1.217821  179.816794  0.000002  -0.000002  180.327759  4.120856  -0.149143  206.789993  0.340000
1  180.327759  1.218120  1.217814  179.821385  0.000002  0.000001  180.337738  4.105610  -0.147330  206.789993  0.340000
1  180.337738  1.216660  1.216660  179.819396  0.000001  -0.000000  180.289497  4.089890  -0.153134  227.339996  0.330000
1  180.289497  1.218498  1.218498  179.816257  0.000001  -0.000001  180.294032  4.074212  -0.150082  227.339996  0.330000
1  180.294032  1.218706  1.218706  179.813512  0.000001  -0.000000  180.277181  4.059602  -0.151527  227.339996  0.330000
1  180.277181  1.219236  1.219236  179.809259  0.000001  0.000002  180.237582  4.043168  -0.154122  227.339996  0.330000
1  180.237582  1.219580  1.218830  179.806172  0.000002  0.000001  180.325443  4.029329  -0.140020  227.339996  0.330000
1  180.325443  1.217530  1.217530  179.803216  0.000002  0.000001  180.293700  4.015375  -0.144764  227.339996  0.330000
1  180.293700  1.217497  1.217497  179.804144  0.000002  0.000002  180.280418  4.000079  -0.146564  227.339996  0.330000
1  180.280418  1.217545  1.217545  179.803257  0.000001  0.000000  180.269242  3.986008  -0.147837  227.339996  0.330000
1  180.269242  1.218124  1.218124  179.799243  0.000002  -0.000001  180.253548  3.970578  -0.148056  227.339996  0.330000
1  180.253548  1.218566  1.218994  179.794456  0.000001  -0.000000  180.246584  3.955863  -0.147718  227.339996  0.330000
1  180.246584  1.219943  1.219943  179.792384  0.000001  0.000001  180.268053  3.940899  -0.143084  289.230011  0.220000
1  180.268053  1.218507  1.218507  179.793538  0.000001  0.000000  180.308380  3.927914  -0.137978  289.230011  0.220000
1  180.308380  1.218712  1.218712  179.797046  0.000001  -0.000003  180.293677  3.913193  -0.139654  289.230011  0.220000
1  180.293677  1.217463  1.217463  179.798000  0.000001  -0.000002  180.285014  3.899628  -0.141296  289.230011  0.220000
1  180.285014  1.216435  1.216712  179.795307  0.000001  -0.000001  180.209755  3.883705  -0.149972  289.230011  0.220000
1  180.209755  1.218426  1.218426  179.791347  0.000001  -0.000000  180.228514  3.868775  -0.144187  289.230011  0.220000
1  180.228514  1.218950  1.218950  179.784813  0.000001  0.000001  180.168990  3.853897  -0.150547  289.230011  0.220000
1  180.168990  1.217672  1.217672  179.782253  0.000001  -0.000001  180.122425  3.837776  -0.151184  289.230011  0.220000
1  180.122425  1.218784  1.218784  179.781848  0.000001  0.000003  180.142166  3.822938  -0.143764  289.230011  0.220000
1  180.142166  1.217693  1.217716  179.780351  0.000002  0.000001  180.138163  3.809540  -0.142340  289.230011  0.220000
1  180.138163  1.217232  1.217232  179.787206  0.000000  -0.000000  180.192324  3.796606  -0.134633  276.899994  1.360000
1  180.192324  1.218321  1.218321  179.793255  0.000002  0.000001  180.272903  3.784992  -0.125396  276.899994  1.360000
1  180.272903  1.218060  1.218060  179.791175  0.000001  -0.000002  180.235674  3.771869  -0.133495  276.899994  1.360000
1  180.235674  1.218020  1.218020  179.794559  0.000001  -0.000001  180.195716  3.756180  -0.138112  276.899994  1.360000
1  180.195716  1.218101  1.217992  179.790412  0.000001  -0.000000  180.154906  3.741658  -0.142484  276.899994  1.360000
1  180.154906  1.217374  1.217374  179.790099  -0.000000  -0.000003  180.207696  3.728211  -0.133368  276.899994  1.360000
1  180.207696  1.217133  1.217133  179.796732  0.000001  -0.000000  180.290219  3.716910  -0.123734  276.899994  1.360000
1  180.290219  1.217265  1.217265  179.801300  0.000001  -0.000000  180.274792  3.704710  -0.128686  276.899994  1.360000
1  180.274792  1.216893  1.216893  179.798598  0.000002  0.000004  180.293055  3.691095  -0.127997  276.899994  1.360000
1  180.293055  1.217342  1.217342  179.787545  0.000001  -0.000003  180.199001  3.675828  -0.140558  276.899994  1.360000
1  180.199001  1.219140  1.219140  179.777122  0.000002  -0.000003  180.166670  3.660976  -0.142217  276.899994  1.360000
1  180.166670  1.217816  1.217640  179.772868  0.000001  -0.000002  180.169876  3.647236  -0.139047  267.839996  1.760000
1  180.169876  1.218754  1.218754  179.770375  0.000001  -0.000000  180.166656  3.633976  -0.136890  267.839996  1.760000
1  180.166656  1.217561  1.217561  179.771048  0.000001  0.000002  180.179843  3.620047  -0.132626  267.839996  1.760000
1  180.179843  1.217294  1.217294  179.769066  0.000001  -0.000001  180.152558  3.606186  -0.134652  267.839996  1.760000
1  180.152558  1.217712  1.217712  179.767140  0.000002  0.000002  180.187483  3.593500  -0.128164  267.839996  1.760000
1  180.187483  1.218134  1.217994  179.769670  0.000001  -0.000001  180.219987  3.581587  -0.124249  267.839996  1.760000
1  180.219987  1.218292  1.218292  179.775065  0.000001  -0.000000  180.258674  3.570289  -0.121169  267.839996  1.760000
1  180.258674  1.219178  1.219178  179.778748  0.000001  0.000001  180.234179  3.557961  -0.126630  267.839996  1.760000
1  180.234179  1.218643  1.218643  179.781345  0.000001  0.000002  180.260562  3.543999  -0.123784  267.839996  1.760000
1  180.260562  1.218389  1.218389  179.782923  0.000002  0.000001  180.236305  3.531480  -0.127623  248.089996  0.400000
1  180.236305  1.216227  1.215944  179.785141  0.000001  0.000001  180.214175  3.516892  -0.129228  248.089996  0.400000
1  180.214175  1.216936  1.216936  179.787775  0.000001  0.000001  180.278701  3.505316  -0.120552  248.089996  0.400000
1  180.278701  1.217468  1.217468  179.794228  0.000001  0.000002  180.305379  3.494251  -0.119564  248.089996  0.400000
1  180.305379  1.218584  1.218584  179.796982  0.000001  -0.000001  180.256603  3.480679  -0.126870  248.089996  0.400000
1  180.256603  1.218340  1.218340  179.798929  0.000002  -0.000001  180.205290  3.466432  -0.132251  248.089996  0.400000
1  180.205290  1.220186  1.219921  179.800828  0.000002  0.000003  180.227950  3.453706  -0.127427  248.089996  0.400000
1  180.227950  1.217680  1.217680  179.803807  0.000001  0.000001  180.162658  3.440277  -0.133862  248.089996  0.400000
1  180.162658  1.216074  1.216074  179.802184  0.000001  -0.000002  180.169229  3.427462  -0.130112  248.089996  0.400000
1  180.169229  1.217734  1.217734  179.805067  0.000001  -0.000001  180.189875  3.414052  -0.124877  248.089996  0.400000
1  180.189875  1.217702  1.217702  179.805881  0.000001  0.000002  180.190332  3.402526  -0.124741  90.139999  0.920000
1  180.190332  1.217227  1.217074  179.802401  0.000001  -0.000001  180.141018  3.389091  -0.130339  90.139999  0.920000
1  180.141018  1.219604  1.219604  179.798146  0.000002  0.000001  180.169931  3.376107  -0.123591  90.139999  0.920000
1  180.169931  1.217585  1.217585  179.798226  0.000001  -0.000002  180.149002  3.364120  -0.124826  90.139999  0.920000
1  180.149002  1.217611  1.217611  179.795253  0.000001  0.000002  180.126103  3.351817  -0.126916  90.139999  0.920000
1  180.126103  1.217043  1.217043  179.797184  0.000001  -0.000002  180.143550  3.338971  -0.122963  90.139999  0.920000
1  180.143550  1.217514  1.217324  179.795450  0.000001  0.000003  180.177649  3.326967  -0.117061  90.139999  0.920000
1  180.177649  1.216412  1.216412  179.797634  0.000002  0.000001  180.160801  3.315616  -0.120284  90.139999  0.920000
1  180.160801  1.217752  1.217752  179.798154  0.000001  -0.000002  180.198574  3.303650  -0.114689  90.139999  0.920000
1  180.198574  1.218674  1.218674  179.795537  0.000001  0.000001  180.166966  3.291469  -0.119578  90.139999  0.920000
1  180.166966  1.217628  1.217628  179.794248  0.000001  -0.000002  180.099029  3.278138  -0.128067  73.889999  1.240000
1  180.099029  1.217924  1.218106  179.791138  0.000001  0.000003  180.163363  3.266286  -0.117064  73.889999  1.240000
1  180.163363  1.217895  1.217895  179.791801  0.000002  0.000003  180.174007  3.254757  -0.114740  73.889999  1.240000
1  180.174007  1.217161  1.217161  179.793167  0.000000  -0.000000  180.158314  3.243469  -0.117853  73.889999  1.240000
1  180.158314  1.216933  1.216933  179.790937  0.000001  -0.000002  180.110579  3.230763  -0.123559  73.889999  1.240000
1  180.110579  1.217279  1.217279  179.801719  0.000001  -0.000000  180.240127  3.220941  -0.105913  73.889999  1.240000
1  180.240127  1.218677  1.218483  179.809812  0.000002  -0.000002  180.276699  3.211511  -0.104904  73.889999  1.240000
1  180.276699  1.217998  1.217998  179.811860  0.000001  -0.000001  180.237442  3.199841  -0.113109  73.889999  1.240000
1  180.237442  1.217833  1.217833  179.808792  0.000001  -0.000002  180.174581  3.186065  -0.121088  73.889999  1.240000
1  180.174581  1.217917  1.217917  179.808836  0.000001  0.000002  180.162782  3.173760  -0.119948  73.889999  1.240000
1  180.162782  1.217302  1.217302  179.811285  0.000001  0.000001  180.199103  3.162308  -0.113572  60.720001  0.740000
1  180.199103  1.225170  1.221694  179.816336  0.000001  0.000001  180.177456  3.150632  -0.115792  60.720001  0.740000
1  180.177456  1.217991  1.217991  179.818139  0.000001  0.000003  180.171152  3.139456  -0.116302  60.720001  0.740000
1  180.171152  1.217277  1.217277  179.814902  0.000001  0.000001  180.160099  3.128121  -0.116476  60.720001  0.740000
1  180.160099  1.217004  1.217004  179.813084  0.000002  -0.000001  180.125518  3.115065  -0.119850  60.720001  0.740000
1  180.125518  1.215543  1.215543  179.816055  0.000001  0.000000  180.174438  3.103967  -0.111628  60.720001  0.740000
1  180.174438  1.216809  1.217177  179.811695  0.000001  0.000004  180.134705  3.092809  -0.117066  60.720001  0.740000
1  180.134705  1.219186  1.219186  179.808372  0.000001  0.000000  180.141005  3.080621  -0.114266  60.720001  0.740000
1  180.141005  1.217972  1.217972  179.805659  0.000001  0.000000  180.127180  3.069875  -0.115981  60.720001  0.740000
1  180.127180  1.217793  1.217793  179.808995  0.000002  -0.000002  180.171354  3.058986  -0.108856  60.720001  0.740000
1  180.171354  1.219268  1.219268  179.808070  0.000001  -0.000001  180.181185  3.048677  -0.107720  60.720001  0.740000
1  180.181185  1.219069  1.219107  179.811814  0.000001  0.000001  180.175268  3.036842  -0.108234  60.720001  0.740000
1  180.175268  1.217955  1.217955  179.816508  0.000001  -0.000001  180.226201  3.027549  -0.102780  62.740002  0.310000
1  180.226201  1.217410  1.217410  179.817277  0.000001  0.000000  180.115826  3.015269  -0.118310  62.740002  0.310000
1  180.115826  1.216571  1.216571  179.808171  0.000001  -0.000002  180.073980  3.001066  -0.119631  62.740002  0.310000
1  180.073980  1.217252  1.217252  179.804217  0.000001  0.000002  180.101527  2.990462  -0.112788  62.740002  0.310000
1  180.101527  1.219067  1.218443  179.799583  0.000001  -0.000000  180.140169  2.980529  -0.106532  62.740002  0.310000
1  180.140169  1.217315  1.217315  179.791980  0.000001  0.000001  180.122269  2.969291  -0.108282  62.740002  0.310000
1  180.122269  1.218125  1.218125  179.790202  0.000001  0.000000  180.122757  2.958817  -0.108565  62.740002  0.310000
