mode yawCmd rudderSet rudderIs gpsCourse gpsSpeed cY cW cWd mY mW mWd accGyroCount magCount psid psiTilde rTilde integralPsiTilde rudderMoment tauFF 
1  0.000000  1.207579  1.207579  8717667728998788129235191883590181400924760331175155927213943225397304979106761032929667634342659997325146410723894319004532701862240052684241453794658141321945809470754428568124387013129270786817545351491246787583914745534789533348510070572190149536779264579338240.000000  0.000000 34.955244  0.647217  -0.621934  11.289193  0.926481  0.109750 386 188 0.000000  0.000000  0.000000  0.000000  0.000000  0.000000 
1  11.289193  1.220560  1.220560  8717667728998788129235191883590181400924760331175155927213943225397304979106761032929667634342659997325146410723894319004532701862240052684241453794658141321945809470754428568124387013129270786817545351491246787583914745534789533348510070572190149536779264579338240.000000  0.000000 38.441876  0.323291  -0.930408  13.296811  0.880752  -0.105998 25 12 11.289193  0.000000  0.000000  0.000000  0.000000  0.000000 
1  13.296811  1.219773  1.219980  220.750000  0.460000 41.547256  0.610250  -1.176187  15.256517  0.763142  -0.512754 25 12 13.296811  0.000000  0.000000  0.000000  0.000000  0.000000 
1  15.256517  1.219299  1.219299  220.750000  0.460000 45.545919  0.655083  -0.370812  17.349847  0.969822  0.255920 25 12 15.256517  0.000000  0.000000  0.000000  0.000000  0.000000 
1  17.349847  1.217545  1.217545  220.750000  0.460000 49.156573  0.910107  0.736247  19.521032  0.887201  -0.134854 25 13 17.349847  0.000000  0.000000  0.000000  0.000000  0.000000 
1  19.521032  1.217575  1.217575  220.750000  0.460000 53.298283  0.244394  -0.389535  21.755698  0.961552  0.051497 25 12 19.521032  0.000000  0.000000  0.000000  0.000000  0.000000 
1  21.755698  1.218426  1.218426  220.750000  0.460000 56.660283  0.795406  1.008649  24.007470  1.088293  0.370681 25 12 21.755698  0.000000  0.000000  0.000000  0.000000  0.000000 
1  24.007470  1.217416  1.217416  220.750000  0.460000 60.328108  0.538616  -0.760048  26.248432  0.953088  -0.182147 25 13 24.007470  0.000000  0.000000  0.000000  0.000000  0.000000 
1  26.248432  1.217620  1.217620  220.750000  0.460000 64.701200  0.801315  -1.703276  28.622900  1.047037  0.169675 25 12 26.248432  0.000000  0.000000  0.000000  0.000000  0.000000 
1  28.622900  1.218501  1.218501  220.750000  0.460000 68.651530  0.549362  0.958347  30.960345  1.052157  0.197456 25 12 28.622900  0.000000  0.000000  0.000000  0.000000  0.000000 
1  30.960345  1.218262  1.218262  220.750000  0.460000 73.151028  0.919419  0.941271  33.437295  1.161406  0.555179 25 12 30.960345  0.000000  0.000000  0.000000  0.000000  0.000000 
1  33.437295  1.217911  1.217911  220.750000  0.460000 77.478624  0.942091  0.780749  35.977778  1.242912  0.644101 25 13 33.437295  0.000000  0.000000  0.000000  0.000000  0.000000 
1  35.977778  1.218312  1.218312  266.989990  0.050000 81.269324  1.151316  -1.617005  38.366818  1.175470  0.231223 25 12 35.977778  0.000000  0.000000  0.000000  0.000000  0.000000 
1  38.366818  1.219210  1.219210  266.989990  0.050000 85.737027  0.915569  1.918643  40.908005  1.368353  0.794839 25 12 38.366818  0.000000  0.000000  0.000000  0.000000  0.000000 
1  40.908005  1.219175  1.218970  266.989990  0.050000 89.729142  0.518771  2.432939  43.433457  1.353352  0.488027 25 12 40.908005  0.000000  0.000000  0.000000  0.000000  0.000000 
1  43.433457  1.218394  1.218394  266.989990  0.050000 94.090959  0.824291  0.088631  46.084756  1.419503  0.614276 25 13 43.433457  0.000000  0.000000  0.000000  0.000000  0.000000 
1  46.084756  1.218866  1.218866  266.989990  0.050000 97.635341  -0.155771  -3.537765  48.553764  1.165274  -0.478995 25 12 46.084756  0.000000  0.000000  0.000000  0.000000  0.000000 
1  48.553764  1.216981  1.216981  266.989990  0.050000 101.572212  0.236753  0.851192  51.019809  1.175064  -0.305794 25 12 48.553764  0.000000  0.000000  0.000000  0.000000  0.000000 
1  51.019809  1.217748  1.217748  266.989990  0.050000 104.992065  0.823997  0.512347  53.552190  1.400068  0.479865 25 12 51.019809  0.000000  0.000000  0.000000  0.000000  0.000000 
1  53.552190  1.217419  1.217419  266.989990  0.050000 108.733954  1.267031  2.068108  56.128464  1.545986  0.927500 25 13 53.552190  0.000000  0.000000  0.000000  0.000000  0.000000 
1  56.128464  1.217885  1.217885  266.989990  0.050000 111.616311  0.477509  -0.497663  58.628571  1.329800  -0.061727 25 12 56.128464  0.000000  0.000000  0.000000  0.000000  0.000000 
1  58.628571  1.219081  1.219081  266.989990  0.050000 113.977451  0.182853  0.210953  61.173853  1.361349  -0.015413 25 12 58.628571  0.000000  0.000000  0.000000  0.000000  0.000000 
1  61.173853  1.218891  1.218891  245.699997  0.200000 117.112305  0.864864  0.620844  63.719712  1.466745  0.285627 25 13 61.173853  0.000000  0.000000  0.000000  0.000000  0.000000 
1  63.719712  1.219537  1.219537  245.699997  0.200000 119.994761  1.122433  1.300304  66.175242  1.534841  0.456621 25 12 63.719712  0.000000  0.000000  0.000000  0.000000  0.000000 
1  66.175242  1.220225  1.220618  245.699997  0.200000 122.850464  1.037789  0.072256  68.636352  1.651735  0.719143 25 12 66.175242  0.000000  0.000000  0.000000  0.000000  0.000000 
1  68.636352  1.218862  1.218862  245.699997  0.200000 125.492020  0.508817  -0.994177  71.110918  1.564173  0.243007 25 12 68.636352  0.000000  0.000000  0.000000  0.000000  0.000000 
1  71.110918  1.218733  1.218733  245.699997  0.200000 127.801275  0.384215  -1.458962  73.659123  1.647309  0.401847 25 13 71.110918  0.000000  0.000000  0.000000  0.000000  0.000000 
1  73.659123  1.218809  1.218809  245.699997  0.200000 130.222372  0.770335  0.808924  76.102005  1.678064  0.418268 25 12 73.659123  0.000000  0.000000  0.000000  0.000000  0.000000 
1  76.102005  1.216640  1.216640  245.699997  0.200000 132.341871  -0.160038  -0.943157  78.541156  1.537742  -0.299951 25 12 76.102005  0.000000  0.000000  0.000000  0.000000  0.000000 
1  78.541156  1.216758  1.216758  245.699997  0.200000 134.272004  1.197344  0.983836  80.991943  1.725227  0.387655 25 12 78.541156  0.000000  0.000000  0.000000  0.000000  0.000000 
1  80.991943  1.217705  1.217705  245.699997  0.200000 135.895978  0.497964  -0.870494  83.464379  1.683014  0.120853 25 13 80.991943  0.000000  0.000000  0.000000  0.000000  0.000000 
1  83.464379  1.218863  1.218864  245.699997  0.200000 137.749112  1.273935  0.820910  85.814672  1.785709  0.446802 25 12 83.464379  0.000000  0.000000  0.000000  0.000000  0.000000 
1  85.814672  1.220009  1.220009  245.699997  0.200000 139.266114  0.221425  0.225925  88.168774  1.685342  -0.061642 25 12 85.814672  0.000000  0.000000  0.000000  0.000000  0.000000 
1  88.168774  1.219921  1.219921  245.699997  0.200000 140.813904  1.213073  0.478938  90.505893  1.806440  0.328202 26 12 88.168774  0.000000  0.000000  0.000000  0.000000  0.000000 
1  90.505893  1.218916  1.218916  245.699997  0.200000 141.831743  0.700534  0.300293  92.841998  1.905345  0.543669 24 13 90.505893  0.000000  0.000000  0.000000  0.000000  0.000000 
1  92.841998  1.218255  1.218255  356.130005  0.360000 142.953059  0.838964  0.077526  95.141539  1.858202  0.203267 25 12 92.841998  0.000000  0.000000  0.000000  0.000000  0.000000 
1  95.141539  1.217550  1.217327  356.130005  0.360000 144.305851  0.107721  -2.371810  97.528249  1.774124  -0.263368 25 13 95.141539  0.000000  0.000000  0.000000  0.000000  0.000000 
1  97.528249  1.218455  1.218455  356.130005  0.360000 145.291316  0.473060  -1.200593  99.846878  1.826727  -0.061453 26 12 97.528249  0.000000  0.000000  0.000000  0.000000  0.000000 
1  99.846878  1.218528  1.218528  356.130005  0.360000 146.402748  0.766973  -1.035662  102.099246  1.866305  0.002180 25 12 99.846878  0.000000  0.000000  0.000000  0.000000  0.000000 
1  102.099246  1.218656  1.218656  356.130005  0.360000 147.265468  0.520775  0.517615  104.253788  1.962837  0.308890 25 12 102.099246  0.000000  0.000000  0.000000  0.000000  0.000000 
1  104.253788  1.218995  1.218995  356.130005  0.360000 148.149833  0.877282  1.080766  106.564106  1.983103  0.274045 25 13 104.253788  0.000000  0.000000  0.000000  0.000000  0.000000 
1  106.564106  1.219634  1.220132  356.130005  0.360000 149.005460  0.577588  -1.586257  108.755685  1.891578  -0.139349 25 12 106.564106  0.000000  0.000000  0.000000  0.000000  0.000000 
1  108.755685  1.220071  1.220071  217.440002  1.010000 149.584676  0.289184  -1.467969  110.854884  1.897151  -0.148764 25 12 108.755685  0.000000  0.000000  0.000000  0.000000  0.000000 
1  110.854884  1.218531  1.218531  217.440002  1.010000 150.422308  0.297680  -0.457757  113.168287  2.007008  0.221573 25 13 110.854884  0.000000  0.000000  0.000000  0.000000  0.000000 
1  113.168287  1.217971  1.217824  217.440002  1.010000 151.148807  1.190836  1.752528  115.401492  2.181704  0.715645 25 12 113.168287  0.000000  0.000000  0.000000  0.000000  0.000000 
1  115.401492  1.217648  1.217648  217.440002  1.010000 151.842285  0.424103  0.621207  117.591154  2.257022  0.785205 25 12 115.401492  0.000000  0.000000  0.000000  0.000000  0.000000 
1  117.591154  1.215347  1.215347  217.440002  1.010000 152.410485  1.373449  0.667313  119.662156  2.269748  0.625528 25 12 117.591154  0.000000  0.000000  0.000000  0.000000  0.000000 
1  119.662156  1.218406  1.218406  217.440002  1.010000 153.050056  1.945226  -1.862204  121.919784  2.354120  0.808508 25 13 119.662156  0.000000  0.000000  0.000000  0.000000  0.000000 
1  121.919784  1.218486  1.218486  217.440002  1.010000 153.566809  0.526658  0.619928  124.022334  2.214703  0.134807 25 12 121.919784  0.000000  0.000000  0.000000  0.000000  0.000000 
1  124.022334  1.218315  1.218315  217.440002  1.010000 154.108974  0.769823  0.691826  126.169049  2.233615  0.177223 25 12 124.022334  0.000000  0.000000  0.000000  0.000000  0.000000 
1  126.169049  1.218887  1.218887  217.440002  1.010000 154.498163  1.013510  0.159728  128.241511  2.332922  0.428121 25 12 126.169049  0.000000  0.000000  0.000000  0.000000  0.000000 
1  128.241511  1.217957  1.217957  217.440002  1.010000 154.951089  1.044148  2.757520  130.392679  2.432663  0.538307 25 13 128.241511  0.000000  0.000000  0.000000  0.000000  0.000000 
1  130.392679  1.217963  1.217963  221.389999  0.500000 155.255257  1.121677  -0.719132  132.445630  2.565327  0.822479 25 12 130.392679  0.000000  0.000000  0.000000  0.000000  0.000000 
1  132.445630  1.218695  1.218695  221.389999  0.500000 155.669788  0.972071  0.842567  134.566614  2.447481  0.286450 25 12 132.445630  0.000000  0.000000  0.000000  0.000000  0.000000 
1  134.566614  1.219051  1.219051  221.389999  0.500000 155.983463  0.890845  1.913047  136.649024  2.392601  0.011583 25 12 134.566614  0.000000  0.000000  0.000000  0.000000  0.000000 
1  136.649024  1.216789  1.216789  221.389999  0.500000 156.296277  0.635812  -0.425192  138.681974  2.546179  0.536595 24 13 136.649024  0.000000  0.000000  0.000000  0.000000  0.000000 
1  138.681974  1.218460  1.218460  221.389999  0.500000 156.501107  0.803773  -1.715109  140.710497  2.486749  0.156263 26 12 138.681974  0.000000  0.000000  0.000000  0.000000  0.000000 
1  140.710497  1.218142  1.218142  221.389999  0.500000 156.772336  0.909994  -0.078029  142.811592  2.521664  0.240492 25 12 140.710497  0.000000  0.000000  0.000000  0.000000  0.000000 
1  142.811592  1.218479  1.218254  221.389999  0.500000 157.009895  0.469495  -2.404604  144.879277  2.573681  0.277624 25 13 142.811592  0.000000  0.000000  0.000000  0.000000  0.000000 
1  144.879277  1.218519  1.218519  221.389999  0.500000 157.222432  0.747715  0.297739  146.920057  2.668041  0.525113 25 12 144.879277  0.000000  0.000000  0.000000  0.000000  0.000000 
1  146.920057  1.220715  1.220715  221.389999  0.500000 157.462201  0.990928  -1.507515  148.966811  2.814572  0.766459 25 12 146.920057  0.000000  0.000000  0.000000  0.000000  0.000000 
1  148.966811  1.219475  1.219475  221.389999  0.500000 157.676442  0.734965  -1.284234  151.087941  2.703454  0.084780 25 12 148.966811  0.000000  0.000000  0.000000  0.000000  0.000000 
1  151.087941  1.218385  1.218385  3.000000  0.750000 157.835910  1.062900  0.572987  153.128636  2.687622  0.073662 25 13 151.087941  0.000000  0.000000  0.000000  0.000000  0.000000 
1  153.128636  1.218406  1.218406  3.000000  0.750000 158.025854  0.282537  -0.869339  155.082373  2.671235  -0.000042 25 12 153.128636  0.000000  0.000000  0.000000  0.000000  0.000000 
1  155.082373  1.218927  1.218927  3.000000  0.750000 158.177370  0.927740  1.613328  156.636172  2.794423  0.416522 25 12 155.082373  0.000000  0.000000  0.000000  0.000000  0.000000 
1  156.636172  1.218041  1.218041  3.000000  0.750000 158.295519  0.644454  -0.762070  158.100516  2.683770  -0.133070 25 12 156.636172  0.000000  0.000000  0.000000  0.000000  0.000000 
1  158.100516  1.218290  1.218290  3.000000  0.750000 158.452205  0.618223  -0.403521  159.212474  2.711221  -0.028174 25 13 158.100516  0.000000  0.000000  0.000000  0.000000  0.000000 
1  159.212474  1.218325  1.218325  3.000000  0.750000 158.551823  0.389358  1.845466  159.014908  2.759616  0.129880 25 12 159.212474  0.000000  0.000000  0.000000  0.000000  0.000000 
1  159.014908  1.218969  1.218778  3.000000  0.750000 158.680635  0.755108  -0.258320  159.459010  2.697680  -0.155713 25 12 159.014908  0.000000  0.000000  0.000000  0.000000  0.000000 
1  159.459010  1.218926  1.218926  3.000000  0.750000 158.759802  1.118228  0.774872  159.194717  2.694138  -0.111869 25 12 159.459010  0.000000  0.000000  0.000000  0.000000  0.000000 
1  159.194717  1.218569  1.218569  3.000000  0.750000 158.874938  0.712920  1.949590  159.539320  2.764609  0.154096 25 13 159.194717  0.000000  0.000000  0.000000  0.000000  0.000000 
1  159.539320  1.219643  1.219643  3.000000  0.750000 158.989187  0.938470  1.424149  159.868851  2.832348  0.349825 25 12 159.539320  0.000000  0.000000  0.000000  0.000000  0.000000 
1  159.868851  1.219068  1.219068  21.719999  0.460000 159.101272  1.502671  0.245332  159.733151  2.824886  0.273818 25 12 159.868851  0.000000  0.000000  0.000000  0.000000  0.000000 
1  159.733151  1.218699  1.218699  21.719999  0.460000 159.077766  0.310110  0.966449  158.916374  2.702509  -0.252701 25 12 159.733151  0.000000  0.000000  0.000000  0.000000  0.000000 
1  158.916374  1.218261  1.218261  21.719999  0.460000 159.217297  0.593989  -0.650064  159.640160  2.771012  0.052240 25 13 158.916374  0.000000  0.000000  0.000000  0.000000  0.000000 
1  159.640160  1.217454  1.217589  21.719999  0.460000 159.244403  -0.045713  1.036817  159.328786  2.657576  -0.361557 25 12 159.640160  0.000000  0.000000  0.000000  0.000000  0.000000 
1  159.328786  1.217652  1.217652  21.719999  0.460000 159.288458  0.360821  1.057230  159.252108  2.780422  0.096242 25 12 159.328786  0.000000  0.000000  0.000000  0.000000  0.000000 
1  159.252108  1.219067  1.219067  21.719999  0.460000 159.345766  1.151143  1.853529  159.375003  2.789230  0.117236 25 12 159.252108  0.000000  0.000000  0.000000  0.000000  0.000000 
1  159.375003  1.219018  1.219018  21.719999  0.460000 159.348209  0.686657  0.382181  159.035887  2.765450  0.020859 25 13 159.375003  0.000000  0.000000  0.000000  0.000000  0.000000 
1  159.035887  1.218795  1.218795  21.719999  0.460000 159.423172  0.679045  1.620281  159.575330  2.694444  -0.225106 25 12 159.035887  0.000000  0.000000  0.000000  0.000000  0.000000 
1  159.575330  1.221567  1.221273  21.719999  0.460000 159.480778  1.151836  -0.473029  159.359737  2.823551  0.318335 25 12 159.575330  0.000000  0.000000  0.000000  0.000000  0.000000 
1  159.359737  1.219133  1.219133  21.719999  0.460000 159.548500  0.427261  -0.072657  159.485081  2.700905  -0.129268 25 12 159.359737  0.000000  0.000000  0.000000  0.000000  0.000000 
1  159.485081  1.218704  1.218704  21.719999  0.460000 159.574638  0.974617  -0.924880  159.576297  2.604215  -0.388406 25 12 159.485081  0.000000  0.000000  0.000000  0.000000  0.000000 
1  159.576297  1.217487  1.217487  21.719999  0.460000 159.562924  0.858084  -1.097585  159.207429  2.648397  -0.062849 25 13 159.576297  0.000000  0.000000  0.000000  0.000000  0.000000 
1  159.207429  1.218732  1.218732  21.719999  0.460000 159.592248  1.123836  2.240265  158.931357  2.787089  0.427610 25 12 159.207429  0.000000  0.000000  0.000000  0.000000  0.000000 
1  158.931357  1.217909  1.217909  320.779999  0.540000 159.620213  1.082993  1.394998  159.221936  2.780292  0.295464 25 13 158.931357  0.000000  0.000000  0.000000  0.000000  0.000000 
1  159.221936  1.218128  1.218128  320.779999  0.540000 159.662596  0.450245  -0.897971  159.543982  2.814421  0.248290 25 12 159.221936  0.000000  0.000000  0.000000  0.000000  0.000000 
1  159.543982  1.219533  1.219533  320.779999  0.540000 159.686325  1.136517  0.887076  159.718894  2.726216  -0.021139 25 12 159.543982  0.000000  0.000000  0.000000  0.000000  0.000000 
1  159.718894  1.218979  1.218979  320.779999  0.540000 159.679802  0.760546  0.200344  159.387721  2.559155  -0.498091 25 12 159.718894  0.000000  0.000000  0.000000  0.000000  0.000000 
1  159.387721  1.219664  1.219664  320.779999  0.540000 159.681951  0.775878  0.250459  159.222801  2.688043  0.008277 25 13 159.387721  0.000000  0.000000  0.000000  0.000000  0.000000 
1  159.222801  1.218300  1.218300  320.779999  0.540000 159.743674  0.610500  0.443061  159.533800  2.707667  0.082839 25 12 159.222801  0.000000  0.000000  0.000000  0.000000  0.000000 
1  159.533800  1.219924  1.219924  320.779999  0.540000 159.775738  0.877466  0.722736  159.467926  2.739640  0.188402 25 12 159.533800  0.000000  0.000000  0.000000  0.000000  0.000000 
1  159.467926  1.219102  1.218865  183.160004  0.750000 159.770661  0.869737  -1.667439  159.404496  2.693212  -0.025749 25 12 159.467926  0.000000  0.000000  0.000000  0.000000  0.000000 
1  159.404496  1.222769  1.222769  183.160004  0.750000 159.840646  1.097888  1.112842  159.720050  2.765017  0.227336 25 12 159.404496  0.000000  0.000000  0.000000  0.000000  0.000000 
1  159.720050  1.219195  1.219195  183.160004  0.750000 159.880997  0.406924  -1.458102  159.934652  2.737588  0.030381 25 13 159.720050  0.000000  0.000000  0.000000  0.000000  0.000000 
1  159.934652  1.215467  1.215467  183.160004  0.750000 159.906442  0.635978  -0.446605  159.631237  2.695066  -0.204868 25 12 159.934652  0.000000  0.000000  0.000000  0.000000  0.000000 
1  159.631237  1.217922  1.217922  183.160004  0.750000 159.939467  0.656281  -1.605016  159.533837  2.804726  0.172749 25 12 159.631237  0.000000  0.000000  0.000000  0.000000  0.000000 
1  159.533837  1.219607  1.219826  183.160004  0.750000 159.938680  1.046069  0.637153  159.557034  2.778764  0.087252 25 12 159.533837  0.000000  0.000000  0.000000  0.000000  0.000000 
1  159.557034  1.218660  1.218660  183.160004  0.750000 159.926710  0.709026  -0.328830  159.372663  2.660497  -0.334650 25 13 159.557034  0.000000  0.000000  0.000000  0.000000  0.000000 
1  159.372663  1.219086  1.219086  183.160004  0.750000 159.904469  0.915447  -0.326071  159.384926  2.629988  -0.298222 25 12 159.372663  0.000000  0.000000  0.000000  0.000000  0.000000 
1  159.384926  1.218605  1.218605  183.160004  0.750000 159.947118  0.549284  1.625221  159.787451  2.580153  -0.366812 25 12 159.384926  0.000000  0.000000  0.000000  0.000000  0.000000 
1  159.787451  1.218978  1.218978  183.160004  0.750000 159.977606  1.182480  1.846210  159.914628  2.679370  0.150413 25 12 159.787451  0.000000  0.000000  0.000000  0.000000  0.000000 
1  159.914628  1.219707  1.219707  174.710007  0.740000 159.986433  0.069002  -0.254577  159.700957  2.581771  -0.239601 25 12 159.914628  0.000000  0.000000  0.000000  0.000000  0.000000 
1  159.700957  1.218318  1.218318  174.710007  0.740000 160.029318  0.632002  -0.282043  159.954796  2.582223  -0.185650 25 13 159.700957  0.000000  0.000000  0.000000  0.000000  0.000000 
1  159.954796  1.218042  1.218042  174.710007  0.740000 159.988916  0.935758  0.829293  159.199554  2.684373  0.225203 25 12 159.954796  0.000000  0.000000  0.000000  0.000000  0.000000 
1  159.199554  1.218833  1.218833  174.710007  0.740000 159.981634  1.161154  1.560406  159.021653  2.660840  0.150358 25 12 159.199554  0.000000  0.000000  0.000000  0.000000  0.000000 
1  159.021653  1.218104  1.218104  174.710007  0.740000 159.968422  0.617997  0.165217  159.115060  2.575554  -0.182346 25 12 159.021653  0.000000  0.000000  0.000000  0.000000  0.000000 
1  159.115060  1.219000  1.219000  174.710007  0.740000 160.037279  0.871261  1.755810  159.764247  2.506551  -0.332016 25 12 159.115060  0.000000  0.000000  0.000000  0.000000  0.000000 
1  159.764247  1.217526  1.217526  174.710007  0.740000 160.010251  0.960204  0.911249  159.269462  2.735592  0.577684 25 13 159.764247  0.000000  0.000000  0.000000  0.000000  0.000000 
1  159.269462  1.219603  1.219788  174.710007  0.740000 160.035129  0.448794  -0.610463  159.601683  2.593802  -0.025945 25 12 159.269462  0.000000  0.000000  0.000000  0.000000  0.000000 
1  159.601683  1.219057  1.219057  174.710007  0.740000 160.002256  0.801123  0.586267  159.284201  2.568488  -0.082212 25 12 159.601683  0.000000  0.000000  0.000000  0.000000  0.000000 
1  159.284201  1.220318  1.220318  174.710007  0.740000 160.010824  0.571260  -0.872758  159.401222  2.765084  0.487531 25 13 159.284201  0.000000  0.000000  0.000000  0.000000  0.000000 
1  159.401222  1.219239  1.219239  331.700012  0.250000 160.013578  0.008473  -1.845559  159.103677  2.672579  0.030999 25 12 159.401222  0.000000  0.000000  0.000000  0.000000  0.000000 
1  159.103677  1.218185  1.218185  331.700012  0.250000 160.030679  0.602695  0.648853  159.500577  2.514060  -0.578170 25 12 159.103677  0.000000  0.000000  0.000000  0.000000  0.000000 
1  159.500577  1.217361  1.217409  331.700012  0.250000 160.021859  0.218307  -0.076880  159.413897  2.573227  -0.245172 25 12 159.500577  0.000000  0.000000  0.000000  0.000000  0.000000 
1  159.413897  1.218489  1.218489  331.700012  0.250000 160.062196  1.185715  1.830068  159.840336  2.585342  -0.093137 25 13 159.413897  0.000000  0.000000  0.000000  0.000000  0.000000 
1  159.840336  1.218195  1.218195  331.700012  0.250000 160.117933  0.743691  0.263471  159.957325  2.648473  0.192085 25 12 159.840336  0.000000  0.000000  0.000000  0.000000  0.000000 
1  159.957325  1.218849  1.218849  331.700012  0.250000 160.112895  1.228094  0.949573  159.756935  2.495516  -0.289491 25 12 159.957325  0.000000  0.000000  0.000000  0.000000  0.000000 
1  159.756935  1.218923  1.218923  331.700012  0.250000 160.091966  0.702000  0.502995  159.358687  2.550747  -0.053486 25 12 159.756935  0.000000  0.000000  0.000000  0.000000  0.000000 
1  159.358687  1.219301  1.219301  331.700012  0.250000 160.101796  0.676834  -0.279918  159.545918  2.632712  0.255891 25 13 159.358687  0.000000  0.000000  0.000000  0.000000  0.000000 
1  159.545918  1.219871  1.219871  331.700012  0.250000 160.108536  0.541769  -0.722275  159.689132  2.558641  -0.068352 26 12 159.545918  0.000000  0.000000  0.000000  0.000000  0.000000 
1  159.689132  1.218321  1.219087  331.700012  0.250000 160.094476  1.129135  0.954624  159.553578  2.552631  0.031833 25 12 159.689132  0.000000  0.000000  0.000000  0.000000  0.000000 
1  159.553578  1.220196  1.220196  309.980011  0.100000 160.159863  0.312930  -1.347600  160.109138  2.576722  0.082721 24 12 159.553578  0.000000  0.000000  0.000000  0.000000  0.000000 
1  160.109138  1.218710  1.218710  309.980011  0.100000 160.168514  0.687924  -0.118626  159.714827  2.500225  -0.250831 25 13 160.109138  0.000000  0.000000  0.000000  0.000000  0.000000 
1  159.714827  1.218110  1.218110  309.980011  0.100000 160.178222  0.788638  0.227327  159.552204  2.584906  0.090456 26 12 159.714827  0.000000  0.000000  0.000000  0.000000  0.000000 
1  159.552204  1.217825  1.217825  309.980011  0.100000 160.172155  0.335686  0.205388  159.447866  2.432767  -0.470628 25 12 159.552204  0.000000  0.000000  0.000000  0.000000  0.000000 
1  159.447866  1.218921  1.218921  309.980011  0.100000 160.190829  0.366387  -0.835978  159.601071  2.440238  -0.323921 25 12 159.447866  0.000000  0.000000  0.000000  0.000000  0.000000 
1  159.601071  1.218258  1.218258  309.980011  0.100000 160.240246  0.724783  1.463272  159.910244  2.686916  0.518926 25 12 159.601071  0.000000  0.000000  0.000000  0.000000  0.000000 
1  159.910244  1.219238  1.219238  309.980011  0.100000 160.242182  0.438745  0.413788  159.831358  2.595346  0.041425 25 12 159.910244  0.000000  0.000000  0.000000  0.000000  0.000000 
1  159.831358  1.217949  1.217949  309.980011  0.100000 160.218027  0.402234  -1.339287  159.511635  2.501505  -0.262300 24 13 159.831358  0.000000  0.000000  0.000000  0.000000  0.000000 
1  159.511635  1.218239  1.218239  309.980011  0.100000 160.233464  1.113857  -0.979912  159.660575  2.599234  0.179408 26 12 159.511635  0.000000  0.000000  0.000000  0.000000  0.000000 
1  159.660575  1.219719  1.219719  309.980011  0.100000 160.231572  0.395235  -0.797082  159.721321  2.424593  -0.427555 25 12 159.660575  0.000000  0.000000  0.000000  0.000000  0.000000 
1  159.721321  1.221090  1.221090  309.980011  0.100000 160.242304  0.630996  1.689877  159.451580  2.623002  0.347645 25 12 159.721321  0.000000  0.000000  0.000000  0.000000  0.000000 
1  159.451580  1.218384  1.218384  309.980011  0.100000 160.222199  0.637806  1.299110  159.549207  2.607320  0.195833 25 12 159.451580  0.000000  0.000000  0.000000  0.000000  0.000000 
1  159.549207  1.219188  1.219188  309.980011  0.100000 160.274295  1.156093  0.634848  159.919578  2.611264  0.205197 25 13 159.549207  0.000000  0.000000  0.000000  0.000000  0.000000 
1  159.919578  1.219034  1.219034  346.220001  0.400000 160.342501  0.616937  -0.909064  160.290355  2.560492  -0.020354 25 12 159.919578  0.000000  0.000000  0.000000  0.000000  0.000000 
1  160.290355  1.219508  1.219508  346.220001  0.400000 160.370177  1.371918  2.386573  160.222475  2.631926  0.285717 24 13 160.290355  0.000000  0.000000  0.000000  0.000000  0.000000 
1  160.222475  1.218417  1.218417  346.220001  0.400000 160.373785  0.671511  -1.448003  160.024065  2.597763  0.063089 26 12 160.222475  0.000000  0.000000  0.000000  0.000000  0.000000 
1  160.024065  1.216979  1.217512  346.220001  0.400000 160.342580  0.287525  -0.779771  159.405839  2.517345  -0.197120 25 12 160.024065  0.000000  0.000000  0.000000  0.000000  0.000000 
1  159.405839  1.218464  1.218464  346.220001  0.400000 160.291446  0.459711  0.336489  159.208645  2.373340  -0.582777 25 12 159.405839  0.000000  0.000000  0.000000  0.000000  0.000000 
1  159.208645  1.219145  1.219145  346.220001  0.400000 160.270466  0.577903  -0.144058  159.212236  2.388907  -0.373808 25 13 159.208645  0.000000  0.000000  0.000000  0.000000  0.000000 
1  159.212236  1.220265  1.220440  346.220001  0.400000 160.318856  0.907760  0.748423  159.879249  2.486081  0.092348 25 12 159.212236  0.000000  0.000000  0.000000  0.000000  0.000000 
1  159.879249  1.219096  1.219096  63.290001  0.220000 160.312077  0.700131  1.950251  159.555038  2.481918  0.085231 25 12 159.879249  0.000000  0.000000  0.000000  0.000000  0.000000 
1  159.555038  1.218906  1.218906  63.290001  0.220000 160.343482  0.527924  0.922579  159.861713  2.451560  -0.057391 25 12 159.555038  0.000000  0.000000  0.000000  0.000000  0.000000 
1  159.861713  1.219140  1.219140  63.290001  0.220000 160.314484  0.181227  -0.987392  159.692587  2.353569  -0.375768 25 13 159.861713  0.000000  0.000000  0.000000  0.000000  0.000000 
1  159.692587  1.218621  1.218621  63.290001  0.220000 160.282346  0.404510  0.001254  159.423097  2.446106  0.079179 25 12 159.692587  0.000000  0.000000  0.000000  0.000000  0.000000 
1  159.423097  1.218339  1.218339  63.290001  0.220000 160.273369  0.722952  1.493352  159.584595  2.534630  0.346532 25 12 159.423097  0.000000  0.000000  0.000000  0.000000  0.000000 
1  159.584595  1.218975  1.218975  63.290001  0.220000 160.315276  0.128352  0.342152  159.869617  2.543174  0.220471 25 12 159.584595  0.000000  0.000000  0.000000  0.000000  0.000000 
1  159.869617  1.216934  1.216934  63.290001  0.220000 160.338618  1.000796  -0.360912  160.080532  2.477892  -0.055232 25 12 159.869617  0.000000  0.000000  0.000000  0.000000  0.000000 
1  160.080532  1.218021  1.218021  63.290001  0.220000 160.325351  0.526628  1.366340  159.986390  2.474754  -0.042363 25 13 160.080532  0.000000  0.000000  0.000000  0.000000  0.000000 
1  159.986390  1.218191  1.218191  63.290001  0.220000 160.336114  0.503739  1.349823  159.953554  2.445208  -0.140301 25 12 159.986390  0.000000  0.000000  0.000000  0.000000  0.000000 
1  159.953554  1.218829  1.218829  63.290001  0.220000 160.368008  0.762913  -0.108717  160.070901  2.542781  0.195859 25 12 159.953554  0.000000  0.000000  0.000000  0.000000  0.000000 
1  160.070901  1.219396  1.219396  9.590000  0.540000 160.342152  0.329111  0.710704  159.725225  2.568248  0.213877 25 12 160.070901  0.000000  0.000000  0.000000  0.000000  0.000000 
1  159.725225  1.218714  1.218890  9.590000  0.540000 160.326017  0.949538  0.561679  159.208819  2.554596  0.088574 25 13 159.725225  0.000000  0.000000  0.000000  0.000000  0.000000 
1  159.208819  1.219284  1.219284  9.590000  0.540000 160.288446  0.785992  1.452194  159.346684  2.519655  -0.015479 25 12 159.208819  0.000000  0.000000  0.000000  0.000000  0.000000 
1  159.346684  1.220413  1.220413  9.590000  0.540000 160.320377  0.354635  -0.435595  159.792397  2.451317  -0.215206 25 12 159.346684  0.000000  0.000000  0.000000  0.000000  0.000000 
1  159.792397  1.217887  1.217887  9.590000  0.540000 160.325521  1.166848  -0.084626  160.022023  2.333809  -0.521373 25 12 159.792397  0.000000  0.000000  0.000000  0.000000  0.000000 
1  160.022023  1.218720  1.218720  9.590000  0.540000 160.307879  0.675431  -0.305620  159.883488  2.410838  -0.097248 25 12 160.022023  0.000000  0.000000  0.000000  0.000000  0.000000 
1  159.883488  1.218417  1.218622  9.590000  0.540000 160.299203  0.238436  -1.440321  159.575117  2.514083  0.113203 25 13 159.883488  0.000000  0.000000  0.000000  0.000000  0.000000 
1  159.575117  1.219376  1.219376  9.590000  0.540000 160.297652  1.045242  0.136134  159.545281  2.666980  0.695591 25 12 159.575117  0.000000  0.000000  0.000000  0.000000  0.000000 
1  159.545281  1.218555  1.218555  9.590000  0.540000 160.336248  0.625683  1.087642  159.655366  2.599614  0.350792 25 12 159.545281  0.000000  0.000000  0.000000  0.000000  0.000000 
1  159.655366  1.218707  1.218707  9.590000  0.540000 160.328730  0.167847  0.098876  159.698005  2.368797  -0.554043 25 12 159.655366  0.000000  0.000000  0.000000  0.000000  0.000000 
1  159.698005  1.219424  1.219424  340.649994  0.630000 160.360259  0.874540  -0.744153  159.780719  2.585037  0.329979 25 13 159.698005  0.000000  0.000000  0.000000  0.000000  0.000000 
1  159.780719  1.219839  1.219839  340.649994  0.630000 160.357299  0.808774  -0.697261  159.622972  2.494714  -0.042010 25 12 159.780719  0.000000  0.000000  0.000000  0.000000  0.000000 
1  159.622972  1.219712  1.219712  340.649994  0.630000 160.295140  0.579909  -0.686880  159.122513  2.322977  -0.596218 25 12 159.622972  0.000000  0.000000  0.000000  0.000000  0.000000 
1  159.122513  1.219111  1.219044  340.649994  0.630000 160.239984  0.808117  0.119425  159.204329  2.488505  0.172686 25 12 159.122513  0.000000  0.000000  0.000000  0.000000  0.000000 
1  159.204329  1.218964  1.218964  340.649994  0.630000 160.239330  0.774549  0.030632  159.255954  2.402714  -0.226028 25 13 159.204329  0.000000  0.000000  0.000000  0.000000  0.000000 
1  159.255954  1.219792  1.219792  340.649994  0.630000 160.240708  0.854367  0.174556  159.446937  2.402429  -0.111057 25 12 159.255954  0.000000  0.000000  0.000000  0.000000  0.000000 
1  159.446937  1.215546  1.215546  340.649994  0.630000 160.217632  0.427713  0.142711  159.387178  2.371045  -0.144988 25 12 159.446937  0.000000  0.000000  0.000000  0.000000  0.000000 
1  159.387178  1.218111  1.218111  340.649994  0.630000 160.178486  0.476766  0.128444  159.142240  2.387011  -0.051330 25 13 159.387178  0.000000  0.000000  0.000000  0.000000  0.000000 
1  159.142240  1.219002  1.218854  340.649994  0.630000 160.188704  1.119248  1.784022  159.260970  2.278396  -0.302082 25 12 159.142240  0.000000  0.000000  0.000000  0.000000  0.000000 
1  159.260970  1.219649  1.219649  340.649994  0.630000 160.182769  1.182520  1.815073  159.382416  2.432500  0.295290 25 12 159.260970  0.000000  0.000000  0.000000  0.000000  0.000000 
1  159.382416  1.220011  1.220011  256.779999  0.670000 160.162530  0.915409  -1.654633  159.114914  2.386109  0.055234 25 12 159.382416  0.000000  0.000000  0.000000  0.000000  0.000000 
1  159.114914  1.219298  1.219298  256.779999  0.670000 160.133645  0.654182  -2.023689  159.216795  2.384198  -0.014756 25 12 159.114914  0.000000  0.000000  0.000000  0.000000  0.000000 
1  159.216795  1.219807  1.219807  256.779999  0.670000 160.147651  0.998594  0.888696  159.591695  2.461051  0.201502 25 13 159.216795  0.000000  0.000000  0.000000  0.000000  0.000000 
1  159.591695  1.219209  1.218975  256.779999  0.670000 160.135004  0.722417  -0.082798  159.531503  2.330168  -0.259265 25 12 159.591695  0.000000  0.000000  0.000000  0.000000  0.000000 
1  159.531503  1.218716  1.218716  256.779999  0.670000 160.125615  0.854481  0.813334  159.301825  2.356129  -0.040503 25 12 159.531503  0.000000  0.000000  0.000000  0.000000  0.000000 
1  159.301825  1.217441  1.217441  256.779999  0.670000 160.110253  0.968838  0.687624  159.250668  2.297906  -0.195387 25 12 159.301825  0.000000  0.000000  0.000000  0.000000  0.000000 
1  159.250668  1.218756  1.218756  256.779999  0.670000 160.156433  0.846266  -0.357257  159.668651  2.414693  0.263284 25 12 159.250668  0.000000  0.000000  0.000000  0.000000  0.000000 
1  159.668651  1.218540  1.218540  256.779999  0.670000 160.178931  0.955399  0.895714  159.878666  2.371321  0.035834 25 13 159.668651  0.000000  0.000000  0.000000  0.000000  0.000000 
1  159.878666  1.219577  1.219577  256.779999  0.670000 160.132247  0.602776  0.734765  159.625449  2.304234  -0.182569 25 12 159.878666  0.000000  0.000000  0.000000  0.000000  0.000000 
1  159.625449  1.218930  1.218930  256.779999  0.670000 160.151376  0.465498  1.688583  159.513521  2.384053  0.185296 25 12 159.625449  0.000000  0.000000  0.000000  0.000000  0.000000 
1  159.513521  1.219553  1.220266  256.779999  0.670000 160.159605  0.577592  -0.998019  159.538953  2.253403  -0.336958 25 12 159.513521  0.000000  0.000000  0.000000  0.000000  0.000000 
1  159.538953  1.218647  1.218647  256.779999  0.670000 160.151719  1.463304  2.932996  159.526621  2.407084  0.286773 25 13 159.538953  0.000000  0.000000  0.000000  0.000000  0.000000 
1  159.526621  1.220890  1.220890  256.779999  0.670000 160.074132  0.419700  -2.076494  159.047823  2.282920  -0.279716 25 12 159.526621  0.000000  0.000000  0.000000  0.000000  0.000000 
1  159.047823  1.219335  1.219335  54.090000  0.290000 160.107575  0.877332  -0.923705  159.229809  2.370322  0.119396 25 12 159.047823  0.000000  0.000000  0.000000  0.000000  0.000000 
1  159.229809  1.218386  1.218386  54.090000  0.290000 160.077295  -0.101529  -0.659637  159.187184  2.215945  -0.439871 25 12 159.229809  0.000000  0.000000  0.000000  0.000000  0.000000 
1  159.187184  1.217570  1.217570  54.090000  0.290000 160.074924  0.548715  -0.570404  159.365102  2.245644  -0.173497 25 13 159.187184  0.000000  0.000000  0.000000  0.000000  0.000000 
1  159.365102  1.219154  1.219154  54.090000  0.290000 160.081214  0.068970  -0.576028  159.303283  2.381225  0.285220 25 12 159.365102  0.000000  0.000000  0.000000  0.000000  0.000000 
1  159.303283  1.218717  1.218717  54.090000  0.290000 160.068447  0.656184  -1.823295  159.394615  2.262048  -0.190796 25 12 159.303283  0.000000  0.000000  0.000000  0.000000  0.000000 
1  159.394615  1.218447  1.218447  54.090000  0.290000 160.102238  0.631260  0.958718  159.537928  2.298746  0.005390 25 12 159.394615  0.000000  0.000000  0.000000  0.000000  0.000000 
1  159.537928  1.219125  1.219125  54.090000  0.290000 160.089810  0.457995  -0.850840  159.494992  2.149286  -0.545422 25 13 159.537928  0.000000  0.000000  0.000000  0.000000  0.000000 
1  159.494992  1.219223  1.219223  17.320000  0.640000 160.065793  0.654286  1.289160  159.459067  2.199256  -0.210485 25 12 159.494992  0.000000  0.000000  0.000000  0.000000  0.000000 
1  159.459067  1.219716  1.219716  17.320000  0.640000 160.070607  0.434878  -0.727144  159.595680  2.295039  0.178011 25 12 159.459067  0.000000  0.000000  0.000000  0.000000  0.000000 
1  159.595680  1.219456  1.219456  17.320000  0.640000 160.109730  1.162977  2.351959  159.866013  2.433466  0.594829 25 12 159.595680  0.000000  0.000000  0.000000  0.000000  0.000000 
1  159.866013  1.218421  1.218421  17.320000  0.640000 160.112245  0.299755  -1.792013  159.735143  2.295781  -0.057360 25 13 159.866013  0.000000  0.000000  0.000000  0.000000  0.000000 
1  159.735143  1.218258  1.218335  17.320000  0.640000 160.063479  0.987630  1.115689  159.217514  2.267363  -0.069091 25 12 159.735143  0.000000  0.000000  0.000000  0.000000  0.000000 
1  159.217514  1.219770  1.219770  17.320000  0.640000 160.057364  1.019903  1.276803  159.348271  2.278488  0.018773 25 12 159.217514  0.000000  0.000000  0.000000  0.000000  0.000000 
1  159.348271  1.218130  1.218130  17.320000  0.640000 160.082910  0.968720  0.539706  159.632693  2.340333  0.236901 25 12 159.348271  0.000000  0.000000  0.000000  0.000000  0.000000 
1  159.632693  1.218228  1.218228  17.320000  0.640000 160.062023  0.312802  -1.635115  159.480771  2.134434  -0.539175 25 12 159.632693  0.000000  0.000000  0.000000  0.000000  0.000000 
1  159.480771  1.217821  1.217821  17.320000  0.640000 160.055147  0.214782  -1.884046  159.413093  2.178196  -0.262015 25 13 159.480771  0.000000  0.000000  0.000000  0.000000  0.000000 
1  159.413093  1.219306  1.219541  17.320000  0.640000 160.055308  0.934327  1.064050  159.348405  2.207729  -0.137101 25 12 159.413093  0.000000  0.000000  0.000000  0.000000  0.000000 
1  159.348405  1.219905  1.219905  30.740000  0.690000 160.082410  0.793486  0.111863  159.711927  2.323498  0.269489 25 12 159.348405  0.000000  0.000000  0.000000  0.000000  0.000000 
1  159.711927  1.219019  1.219019  30.740000  0.690000 160.056637  0.633258  0.207847  159.458425  2.141652  -0.325886 25 12 159.711927  0.000000  0.000000  0.000000  0.000000  0.000000 
1  159.458425  1.219638  1.219638  30.740000  0.690000 160.035425  0.574261  -0.406419  159.362743  2.271244  0.252736 25 13 159.458425  0.000000  0.000000  0.000000  0.000000  0.000000 
1  159.362743  1.220551  1.220551  30.740000  0.690000 160.049170  0.781871  0.288217  159.536236  2.301207  0.220664 25 12 159.362743  0.000000  0.000000  0.000000  0.000000  0.000000 
1  159.536236  1.218199  1.218269  30.740000  0.690000 160.014750  0.478175  -0.343844  159.322635  2.221707  -0.080313 25 12 159.536236  0.000000  0.000000  0.000000  0.000000  0.000000 
1  159.322635  1.218660  1.218660  30.740000  0.690000 160.061214  0.801194  -2.204102  159.599564  2.231509  0.002812 25 12 159.322635  0.000000  0.000000  0.000000  0.000000  0.000000 
1  159.599564  1.218394  1.218394  30.740000  0.690000 160.099996  0.839193  0.750691  159.917919  2.280071  0.125737 24 12 159.599564  0.000000  0.000000  0.000000  0.000000  0.000000 
1  159.917919  1.219181  1.219181  30.740000  0.690000 160.060633  0.875133  0.595129  159.207592  2.270363  0.086277 25 13 159.917919  0.000000  0.000000  0.000000  0.000000  0.000000 
1  159.207592  1.218349  1.218349  30.740000  0.690000 160.046739  1.043860  1.291500  159.284662  2.252644  0.014696 25 12 159.207592  0.000000  0.000000  0.000000  0.000000  0.000000 
1  159.284662  1.219172  1.219466  30.740000  0.690000 160.047487  0.694410  -0.579855  159.226025  2.220341  -0.113797 26 12 159.284662  0.000000  0.000000  0.000000  0.000000  0.000000 
1  159.226025  1.219448  1.219448  33.650002  0.400000 160.069157  0.885030  -0.131327  159.294668  2.229035  0.029491 25 12 159.226025  0.000000  0.000000  0.000000  0.000000  0.000000 
1  159.294668  1.219974  1.219974  33.650002  0.400000 160.072022  0.685091  -0.097577  159.372299  2.217117  0.034736 24 13 159.294668  0.000000  0.000000  0.000000  0.000000  0.000000 
1  159.372299  1.219106  1.219106  33.650002  0.400000 160.085961  0.759564  -0.802567  159.226410  2.165737  -0.120816 26 12 159.372299  0.000000  0.000000  0.000000  0.000000  0.000000 
1  159.226410  1.218845  1.218845  33.650002  0.400000 160.124089  0.167097  -0.118963  159.497642  2.295070  0.301364 25 12 159.226410  0.000000  0.000000  0.000000  0.000000  0.000000 
1  159.497642  1.218863  1.218863  33.650002  0.400000 160.109021  0.679567  -0.297444  159.806499  2.257805  0.060618 25 12 159.497642  0.000000  0.000000  0.000000  0.000000  0.000000 
1  159.806499  1.218426  1.218426  33.650002  0.400000 160.083158  0.632483  -0.268422  159.583187  2.138784  -0.316204 24 13 159.806499  0.000000  0.000000  0.000000  0.000000  0.000000 
1  159.583187  1.219125  1.217889  33.650002  0.400000 160.070473  0.457764  0.158779  159.519911  2.027817  -0.559446 26 12 159.583187  0.000000  0.000000  0.000000  0.000000  0.000000 
1  159.519911  1.218965  1.218965  33.650002  0.400000 160.084403  0.981647  0.842481  159.503150  2.336097  0.632628 25 12 159.519911  0.000000  0.000000  0.000000  0.000000  0.000000 
1  159.503150  1.219377  1.219377  33.650002  0.400000 160.088571  0.600782  -0.709489  159.285922  2.128018  -0.341888 25 12 159.503150  0.000000  0.000000  0.000000  0.000000  0.000000 
1  159.285922  1.219044  1.219223  33.650002  0.400000 160.122584  0.111159  -2.358187  159.798089  2.142310  -0.158075 25 13 159.285922  0.000000  0.000000  0.000000  0.000000  0.000000 
1  159.798089  1.219304  1.219304  10.990000  0.180000 160.162274  0.709507  0.302282  159.936617  2.244987  0.254185 25 12 159.798089  0.000000  0.000000  0.000000  0.000000  0.000000 
1  159.936617  1.219741  1.219741  10.990000  0.180000 160.202867  0.217810  -2.964538  159.874755  2.196109  -0.138722 25 12 159.936617  0.000000  0.000000  0.000000  0.000000  0.000000 
1  159.874755  1.219186  1.219186  10.990000  0.180000 160.201376  0.458511  0.429911  159.618732  2.194931  -0.039241 25 12 159.874755  0.000000  0.000000  0.000000  0.000000  0.000000 
1  159.618732  1.218933  1.218933  10.990000  0.180000 160.162450  0.508503  -0.809739  159.348475  2.158498  -0.136570 24 13 159.618732  0.000000  0.000000  0.000000  0.000000  0.000000 
1  159.348475  1.219583  1.219583  10.990000  0.180000 160.160318  1.144336  0.243584  159.404736  2.225127  0.096010 26 12 159.348475  0.000000  0.000000  0.000000  0.000000  0.000000 
1  159.404736  1.220474  1.220474  10.990000  0.180000 160.204595  0.717077  0.571739  159.929681  2.123219  -0.228468 25 12 159.404736  0.000000  0.000000  0.000000  0.000000  0.000000 
1  159.929681  1.218577  1.218577  10.990000  0.180000 160.168059  0.506981  2.141993  159.334753  2.186883  0.059071 25 12 159.929681  0.000000  0.000000  0.000000  0.000000  0.000000 
1  159.334753  1.218553  1.218553  10.990000  0.180000 160.149377  0.591659  -1.812332  159.237494  2.172262  0.013271 25 12 159.334753  0.000000  0.000000  0.000000  0.000000  0.000000 
1  159.237494  1.218723  1.218723  10.990000  0.180000 160.190072  0.794610  0.413612  159.914087  2.129232  -0.158774 25 13 159.237494  0.000000  0.000000  0.000000  0.000000  0.000000 
1  159.914087  1.218617  1.218617  10.990000  0.180000 160.163477  1.129165  -0.265830  159.418228  2.141078  0.006048 25 12 159.914087  0.000000  0.000000  0.000000  0.000000  0.000000 
1  159.418228  1.218029  1.218029  10.990000  0.180000 160.125272  0.628304  -0.209680  159.519209  2.007487  -0.445329 25 12 159.418228  0.000000  0.000000  0.000000  0.000000  0.000000 
1  159.519209  1.219990  1.219809  10.990000  0.180000 160.106475  0.384763  -0.237480  159.286195  2.068658  -0.146842 25 12 159.519209  0.000000  0.000000  0.000000  0.000000  0.000000 
1  159.286195  1.219250  1.219250  10.990000  0.180000 160.090468  0.681423  -0.364825  159.120781  2.126851  0.021421 25 13 159.286195  0.000000  0.000000  0.000000  0.000000  0.000000 
1  159.120781  1.220539  1.220539  13.100000  0.250000 160.054592  0.373839  -0.047759  158.872713  2.159116  0.098995 25 12 159.120781  0.000000  0.000000  0.000000  0.000000  0.000000 
1  158.872713  1.219578  1.219578  13.100000  0.250000 160.050135  0.229037  0.043196  159.290050  2.019972  -0.359926 25 12 158.872713  0.000000  0.000000  0.000000  0.000000  0.000000 
1  159.290050  1.219059  1.219059  13.100000  0.250000 160.049508  1.069763  0.394279  159.023794  2.197282  0.294044 25 12 159.290050  0.000000  0.000000  0.000000  0.000000  0.000000 
1  159.023794  1.218434  1.218607  13.100000  0.250000 160.050787  1.112161  1.570889  159.301037  2.209095  0.256782 25 13 159.023794  0.000000  0.000000  0.000000  0.000000  0.000000 
1  159.301037  1.219080  1.219080  13.100000  0.250000 160.109479  0.923051  -0.556333  159.888310  2.139819  -0.031317 25 12 159.301037  0.000000  0.000000  0.000000  0.000000  0.000000 
1  159.888310  1.217710  1.217710  13.100000  0.250000 160.083058  0.433081  -0.975195  159.580167  2.120280  -0.110435 25 12 159.888310  0.000000  0.000000  0.000000  0.000000  0.000000 
1  159.580167  1.218968  1.218968  13.100000  0.250000 160.081975  0.537351  -2.074942  159.354608  2.026823  -0.413461 25 12 159.580167  0.000000  0.000000  0.000000  0.000000  0.000000 
1  159.354608  1.218079  1.218079  14.470000  0.290000 160.093150  1.022283  0.394033  159.584651  2.072799  -0.147909 25 13 159.354608  0.000000  0.000000  0.000000  0.000000  0.000000 
1  159.584651  1.218545  1.218718  14.470000  0.290000 160.094778  0.473305  -2.223791  159.507118  2.162355  0.158805 25 12 159.584651  0.000000  0.000000  0.000000  0.000000  0.000000 
1  159.507118  1.218679  1.218679  14.470000  0.290000 160.102870  0.457832  -0.092918  159.372296  2.097052  -0.112607 25 12 159.507118  0.000000  0.000000  0.000000  0.000000  0.000000 
1  159.372296  1.220342  1.220342  14.470000  0.290000 160.103550  0.768024  -0.102735  159.430832  2.201302  0.242772 25 12 159.372296  0.000000  0.000000  0.000000  0.000000  0.000000 
1  159.430832  1.218738  1.218738  14.470000  0.290000 160.111776  0.864502  -0.375922  159.432029  2.052786  -0.295666 25 13 159.430832  0.000000  0.000000  0.000000  0.000000  0.000000 
1  159.432029  1.219725  1.219725  14.470000  0.290000 160.178828  0.846884  -1.214951  160.146163  2.119511  0.050343 25 12 159.432029  0.000000  0.000000  0.000000  0.000000  0.000000 
1  160.146163  1.218530  1.218530  14.470000  0.290000 160.186219  0.627258  0.091495  159.796431  2.151547  0.201985 25 12 160.146163  0.000000  0.000000  0.000000  0.000000  0.000000 
1  159.796431  1.218401  1.218401  14.470000  0.290000 160.211177  0.676274  -0.158036  159.816130  2.120828  0.023344 25 13 159.796431  0.000000  0.000000  0.000000  0.000000  0.000000 
1  159.816130  1.219256  1.219256  14.470000  0.290000 160.173217  0.663881  -0.559770  159.304873  2.177416  0.247302 25 12 159.816130  0.000000  0.000000  0.000000  0.000000  0.000000 
1  159.304873  1.218990  1.218990  14.470000  0.290000 160.139567  0.355459  -1.316862  159.007117  2.071473  -0.204084 25 12 159.304873  0.000000  0.000000  0.000000  0.000000  0.000000 
1  159.007117  1.219063  1.219063  12.280000  0.130000 160.084738  0.471979  0.029341  158.878032  1.977299  -0.418742 25 12 159.007117  0.000000  0.000000  0.000000  0.000000  0.000000 
1  158.878032  1.218893  1.218893  12.280000  0.130000 160.095576  0.613358  -0.103654  159.452511  1.946212  -0.409626 25 13 158.878032  0.000000  0.000000  0.000000  0.000000  0.000000 
1  159.452511  1.218745  1.218745  12.280000  0.130000 160.107594  0.480675  0.422959  159.446581  2.084422  0.141015 25 12 159.452511  0.000000  0.000000  0.000000  0.000000  0.000000 
1  159.446581  1.218869  1.218869  12.280000  0.130000 160.166441  0.670525  -1.173166  159.916250  1.959458  -0.250991 25 12 159.446581  0.000000  0.000000  0.000000  0.000000  0.000000 
1  159.916250  1.218747  1.218747  12.280000  0.130000 160.144259  0.366049  -0.247060  159.482454  1.978655  -0.115947 25 13 159.916250  0.000000  0.000000  0.000000  0.000000  0.000000 
1  159.482454  1.219159  1.219159  12.280000  0.130000 160.152602  0.862026  -0.496118  159.643897  1.979176  -0.121769 25 12 159.482454  0.000000  0.000000  0.000000  0.000000  0.000000 
1  159.643897  1.217771  1.217771  12.280000  0.130000 160.152671  1.014608  -1.025571  159.663448  2.118093  0.329941 25 12 159.643897  0.000000  0.000000  0.000000  0.000000  0.000000 
1  159.663448  1.218840  1.218840  12.280000  0.130000 160.165027  0.827714  -0.728050  159.470887  2.073513  0.063572 25 12 159.663448  0.000000  0.000000  0.000000  0.000000  0.000000 
1  159.470887  1.218973  1.218973  12.280000  0.130000 160.163110  0.753690  0.231483  159.460690  2.049806  -0.018574 25 13 159.470887  0.000000  0.000000  0.000000  0.000000  0.000000 
1  159.460690  1.219191  1.219191  12.280000  0.130000 160.139517  0.799755  1.624141  159.410618  2.121649  0.205781 25 12 159.460690  0.000000  0.000000  0.000000  0.000000  0.000000 
1  159.410618  1.218563  1.218731  273.600006  0.060000 160.163882  0.053388  -0.237383  159.476695  2.012960  -0.271125 25 12 159.410618  0.000000  0.000000  0.000000  0.000000  0.000000 
1  159.476695  1.217890  1.217890  273.600006  0.060000 160.101353  0.308468  -0.434015  159.103861  1.945936  -0.401221 25 12 159.476695  0.000000  0.000000  0.000000  0.000000  0.000000 
1  159.103861  1.218670  1.218670  273.600006  0.060000 160.085312  0.573478  -0.501467  158.967128  2.025288  -0.011636 25 13 159.103861  0.000000  0.000000  0.000000  0.000000  0.000000 
1  158.967128  1.219221  1.219221  273.600006  0.060000 160.071159  1.053842  -0.453672  159.551275  1.883074  -0.461962 25 12 158.967128  0.000000  0.000000  0.000000  0.000000  0.000000 
1  159.551275  1.220375  1.220375  273.600006  0.060000 160.140404  0.412140  -1.706312  160.065096  1.898720  -0.284980 25 12 159.551275  0.000000  0.000000  0.000000  0.000000  0.000000 
1  160.065096  1.219846  1.219499  273.600006  0.060000 160.054116  0.253414  -1.715390  159.211835  1.928951  -0.121029 25 12 160.065096  0.000000  0.000000  0.000000  0.000000  0.000000 
1  159.211835  1.219051  1.219051  273.600006  0.060000 160.076335  0.409925  -0.026789  159.276076  1.940979  -0.039471 25 13 159.211835  0.000000  0.000000  0.000000  0.000000  0.000000 
1  159.276076  1.219109  1.219109  273.600006  0.060000 160.101365  0.907921  -1.343305  159.472200  2.060488  0.298400 25 12 159.276076  0.000000  0.000000  0.000000  0.000000  0.000000 
1  159.472200  1.218725  1.218725  273.600006  0.060000 160.170788  0.755894  1.736332  160.161865  2.028397  0.131882 25 12 159.472200  0.000000  0.000000  0.000000  0.000000  0.000000 
1  160.161865  1.217986  1.217986  273.600006  0.060000 160.126049  0.418718  -0.451211  159.419847  1.870652  -0.405124 25 12 160.161865  0.000000  0.000000  0.000000  0.000000  0.000000 
1  159.419847  1.217943  1.218436  211.460007  0.070000 160.065398  0.435307  -0.675529  158.973084  1.861462  -0.384363 25 12 159.419847  0.000000  0.000000  0.000000  0.000000  0.000000 
1  158.973084  1.218540  1.218540  211.460007  0.070000 160.075621  0.984239  0.586235  159.647153  1.933656  0.010272 25 12 158.973084  0.000000  0.000000  0.000000  0.000000  0.000000 
1  159.647153  1.218208  1.218208  211.460007  0.070000 160.106124  0.480755  0.722618  159.613778  2.077003  0.451929 25 12 159.647153  0.000000  0.000000  0.000000  0.000000  0.000000 
1  159.613778  1.218531  1.218531  211.460007  0.070000 160.041295  0.829659  0.784534  159.234166  1.913288  -0.192735 25 12 159.613778  0.000000  0.000000  0.000000  0.000000  0.000000 
1  159.234166  1.219544  1.219544  211.460007  0.070000 160.049102  1.184269  2.242914  159.224054  1.945836  0.011046 25 13 159.234166  0.000000  0.000000  0.000000  0.000000  0.000000 
1  159.224054  1.219060  1.219060  211.460007  0.070000 160.070245  0.648565  -0.887447  159.341997  2.105982  0.462670 25 12 159.224054  0.000000  0.000000  0.000000  0.000000  0.000000 
1  159.341997  1.220153  1.220153  211.460007  0.070000 160.067662  0.650464  0.683954  159.258561  1.970534  -0.122942 25 12 159.341997  0.000000  0.000000  0.000000  0.000000  0.000000 
1  159.258561  1.219438  1.218894  211.460007  0.070000 160.007227  0.785643  0.453982  159.219984  1.989917  0.020096 25 13 159.258561  0.000000  0.000000  0.000000  0.000000  0.000000 
1  159.219984  1.218840  1.218840  211.460007  0.070000 160.022883  1.070066  1.521075  159.401401  2.057693  0.243779 25 12 159.219984  0.000000  0.000000  0.000000  0.000000  0.000000 
1  159.401401  1.217964  1.217964  211.460007  0.070000 160.041727  0.503698  0.283113  159.556456  2.043034  0.075160 25 12 159.401401  0.000000  0.000000  0.000000  0.000000  0.000000 
1  159.556456  1.218102  1.218102  211.460007  0.070000 160.020442  0.389190  0.396056  159.390632  1.834133  -0.642754 25 12 159.556456  0.000000  0.000000  0.000000  0.000000  0.000000 
1  159.390632  1.218343  1.218343  211.460007  0.070000 160.025764  1.071163  1.674053  159.461019  1.951413  -0.043763 25 13 159.390632  0.000000  0.000000  0.000000  0.000000  0.000000 
1  159.461019  1.218985  1.218839  211.460007  0.070000 160.060187  0.454576  0.551314  159.934782  1.922612  -0.117740 25 12 159.461019  0.000000  0.000000  0.000000  0.000000  0.000000 
1  159.934782  1.219671  1.219671  38.730000  0.050000 160.033469  0.259621  -2.382173  159.463723  1.787415  -0.597304 25 12 159.934782  0.000000  0.000000  0.000000  0.000000  0.000000 
1  159.463723  1.218985  1.218985  38.730000  0.050000 160.031727  0.854070  0.105784  159.626078  1.854379  -0.184430 25 12 159.463723  0.000000  0.000000  0.000000  0.000000  0.000000 
1  159.626078  1.219043  1.219043  38.730000  0.050000 160.049355  1.305374  2.828207  159.458311  1.927185  0.112995 25 13 159.626078  0.000000  0.000000  0.000000  0.000000  0.000000 
1  159.458311  1.219323  1.219323  38.730000  0.050000 160.051829  1.045124  1.540479  159.429344  2.030296  0.398079 25 12 159.458311  0.000000  0.000000  0.000000  0.000000  0.000000 
1  159.429344  1.219638  1.219431  38.730000  0.050000 160.054409  0.701900  1.379685  159.527819  1.889383  -0.184004 25 12 159.429344  0.000000  0.000000  0.000000  0.000000  0.000000 
1  159.527819  1.219712  1.219712  38.730000  0.050000 160.047288  0.282305  -1.566766  159.321783  1.888195  -0.181002 25 12 159.527819  0.000000  0.000000  0.000000  0.000000  0.000000 
1  159.321783  1.219205  1.219205  38.730000  0.050000 160.011495  1.587516  1.127333  159.308996  1.845160  -0.165554 25 12 159.321783  0.000000  0.000000  0.000000  0.000000  0.000000 
1  159.308996  1.218003  1.218003  277.959991  0.120000 159.972995  0.816433  0.871605  159.328106  1.847017  -0.085486 25 13 159.308996  0.000000  0.000000  0.000000  0.000000  0.000000 
1  159.328106  1.218234  1.218234  277.959991  0.120000 159.961869  1.033820  1.682966  159.272954  1.924592  0.174429 25 12 159.328106  0.000000  0.000000  0.000000  0.000000  0.000000 
1  159.272954  1.218135  1.218135  277.959991  0.120000 160.014260  0.320565  -2.149723  159.725169  1.818213  -0.285520 26 12 159.272954  0.000000  0.000000  0.000000  0.000000  0.000000 
1  159.725169  1.218549  1.218549  277.959991  0.120000 159.994468  0.651672  -0.757827  159.602262  1.799397  -0.256575 24 12 159.725169  0.000000  0.000000  0.000000  0.000000  0.000000 
1  159.602262  1.218314  1.218035  277.959991  0.120000 160.056385  0.473644  -0.521688  159.982737  1.894527  0.144785 25 13 159.602262  0.000000  0.000000  0.000000  0.000000  0.000000 
1  159.982737  1.217760  1.217760  277.959991  0.120000 160.079753  0.695307  0.307587  160.028845  1.910545  0.193467 26 12 159.982737  0.000000  0.000000  0.000000  0.000000  0.000000 
1  160.028845  1.218832  1.218832  277.959991  0.120000 160.054842  1.037654  2.163698  159.639824  1.955036  0.347020 25 12 160.028845  0.000000  0.000000  0.000000  0.000000  0.000000 
1  159.639824  1.220329  1.220329  277.959991  0.120000 160.070409  0.472918  -1.575189  159.676807  1.831836  -0.239105 25 12 159.639824  0.000000  0.000000  0.000000  0.000000  0.000000 
1  159.676807  1.218693  1.218693  277.959991  0.120000 159.999876  0.776972  0.724535  159.256082  1.836228  -0.097632 24 13 159.676807  0.000000  0.000000  0.000000  0.000000  0.000000 
1  159.256082  1.219032  1.218736  277.959991  0.120000 160.012642  0.538870  -0.119217  159.208819  1.841253  -0.002058 26 12 159.256082  0.000000  0.000000  0.000000  0.000000  0.000000 
1  159.208819  1.219068  1.219068  243.660004  0.090000 160.061616  0.740501  -1.515728  159.877847  1.830809  -0.024171 25 12 159.208819  0.000000  0.000000  0.000000  0.000000  0.000000 
1  159.877847  1.219255  1.219255  243.660004  0.090000 160.099643  1.366358  0.011689  159.978239  1.848423  0.075746 25 12 159.877847  0.000000  0.000000  0.000000  0.000000  0.000000 
1  159.978239  1.218627  1.218627  243.660004  0.090000 160.087503  0.662056  0.139588  159.631722  1.892315  0.140253 24 13 159.978239  0.000000  0.000000  0.000000  0.000000  0.000000 
1  159.631722  1.218754  1.218754  243.660004  0.090000 160.059725  0.766253  -0.715255  159.337626  1.836453  -0.061151 25 12 159.631722  0.000000  0.000000  0.000000  0.000000  0.000000 
1  159.337626  1.218702  1.218702  243.660004  0.090000 160.096942  1.014481  -0.846422  159.312855  1.936039  0.306618 25 12 159.337626  0.000000  0.000000  0.000000  0.000000  0.000000 
1  159.312855  1.218288  1.218288  243.660004  0.090000 160.109818  0.709106  0.862392  159.444646  1.867330  0.007658 25 13 159.312855  0.000000  0.000000  0.000000  0.000000  0.000000 
1  159.444646  1.218549  1.218720  243.660004  0.090000 160.069735  0.545430  -0.619286  159.278665  1.929214  0.189534 25 12 159.444646  0.000000  0.000000  0.000000  0.000000  0.000000 
1  159.278665  1.219275  1.219275  243.660004  0.090000 160.052057  0.680965  -0.773858  159.350966  1.867999  -0.137809 25 12 159.278665  0.000000  0.000000  0.000000  0.000000  0.000000 
1  159.350966  1.218409  1.218409  243.660004  0.090000 160.054380  1.033409  1.565725  159.572116  1.837652  -0.120554 25 13 159.350966  0.000000  0.000000  0.000000  0.000000  0.000000 
1  159.572116  1.218652  1.218652  243.660004  0.090000 160.048263  0.503576  -1.054010  159.231895  1.788672  -0.235117 25 12 159.572116  0.000000  0.000000  0.000000  0.000000  0.000000 
1  159.231895  1.219929  1.219929  36.290001  0.170000 160.086345  1.065788  0.062517  159.830906  1.926290  0.198123 25 12 159.231895  0.000000  0.000000  0.000000  0.000000  0.000000 
1  159.830906  1.221890  1.222606  36.290001  0.170000 160.078048  1.186596  3.334206  159.583366  1.896723  0.182251 25 12 159.830906  0.000000  0.000000  0.000000  0.000000  0.000000 
1  159.583366  1.218782  1.218782  36.290001  0.170000 160.071996  0.550965  -0.342491  159.105553  1.845171  -0.105337 25 12 159.583366  0.000000  0.000000  0.000000  0.000000  0.000000 
1  159.105553  1.216345  1.216345  36.290001  0.170000 160.008153  0.810578  0.750210  158.943765  1.815957  -0.095875 25 13 159.105553  0.000000  0.000000  0.000000  0.000000  0.000000 
1  158.943765  1.218208  1.218208  36.290001  0.170000 160.003435  1.060433  0.445285  159.653987  1.829111  0.047715 25 12 158.943765  0.000000  0.000000  0.000000  0.000000  0.000000 
1  159.653987  1.217814  1.217814  36.290001  0.170000 159.976564  0.726436  0.869819  159.338851  1.809599  -0.074772 25 12 159.653987  0.000000  0.000000  0.000000  0.000000  0.000000 
1  159.338851  1.218620  1.218620  36.290001  0.170000 159.950191  1.040138  0.121992  159.014394  1.882951  0.265575 25 12 159.338851  0.000000  0.000000  0.000000  0.000000  0.000000 
1  159.014394  1.219407  1.219407  36.290001  0.170000 159.934198  0.913037  1.124992  159.054934  1.849866  0.174656 25 13 159.014394  0.000000  0.000000  0.000000  0.000000  0.000000 
1  159.054934  1.219253  1.219030  36.290001  0.170000 159.884477  0.579780  0.022693  158.943097  1.714163  -0.384296 25 12 159.054934  0.000000  0.000000  0.000000  0.000000  0.000000 
1  158.943097  1.219844  1.219844  36.290001  0.170000 159.894658  0.850000  -0.938901  159.467575  1.726291  -0.185910 25 12 158.943097  0.000000  0.000000  0.000000  0.000000  0.000000 
1  159.467575  1.220248  1.220248  73.529999  0.150000 159.903095  0.597035  -0.600058  159.418408  1.741408  -0.102218 25 12 159.467575  0.000000  0.000000  0.000000  0.000000  0.000000 
1  159.418408  1.219102  1.219102  73.529999  0.150000 159.932733  0.523071  -2.462014  159.777902  1.720817  -0.143281 25 13 159.418408  0.000000  0.000000  0.000000  0.000000  0.000000 
1  159.777902  1.219336  1.219336  73.529999  0.150000 159.925104  0.602586  0.316559  159.476679  1.786097  0.131603 25 12 159.777902  0.000000  0.000000  0.000000  0.000000  0.000000 
1  159.476679  1.218172  1.218193  73.529999  0.150000 159.916765  0.773902  2.195833  159.377801  1.791008  0.160443 25 12 159.476679  0.000000  0.000000  0.000000  0.000000  0.000000 
1  159.377801  1.218165  1.218165  73.529999  0.150000 159.875577  0.314305  -1.769965  159.042270  1.763951  -0.001600 25 12 159.377801  0.000000  0.000000  0.000000  0.000000  0.000000 
1  159.042270  1.217511  1.217511  73.529999  0.150000 159.856371  0.392692  -0.468039  159.178942  1.801420  0.121353 25 12 159.042270  0.000000  0.000000  0.000000  0.000000  0.000000 
1  159.178942  1.217568  1.217568  73.529999  0.150000 159.895142  1.159599  -0.798170  159.423818  1.990049  0.719059 25 13 159.178942  0.000000  0.000000  0.000000  0.000000  0.000000 
1  159.423818  1.218770  1.218770  73.529999  0.150000 159.879399  0.496135  -1.301798  159.091551  1.767407  -0.135761 25 12 159.423818  0.000000  0.000000  0.000000  0.000000  0.000000 
1  159.091551  1.219105  1.219105  73.529999  0.150000 159.959153  0.544703  -0.110605  159.875717  1.833143  0.103078 25 12 159.091551  0.000000  0.000000  0.000000  0.000000  0.000000 
1  159.875717  1.219265  1.219265  73.529999  0.150000 159.987373  0.576991  -1.553156  159.791832  1.775101  -0.137448 25 12 159.875717  0.000000  0.000000  0.000000  0.000000  0.000000 
1  159.791832  1.219995  1.219570  73.529999  0.150000 159.970553  0.451386  -1.981588  159.314986  1.738861  -0.134973 25 12 159.791832  0.000000  0.000000  0.000000  0.000000  0.000000 
1  159.314986  1.219537  1.219537  73.529999  0.150000 159.988772  0.129943  -2.037661  159.435246  1.807825  0.189392 25 13 159.314986  0.000000  0.000000  0.000000  0.000000  0.000000 
1  159.435246  1.218945  1.218945  73.529999  0.150000 159.975844  0.923192  -1.229248  159.303624  1.814534  0.216191 25 12 159.435246  0.000000  0.000000  0.000000  0.000000  0.000000 
1  159.303624  1.218388  1.218388  112.720001  0.290000 159.963825  0.236959  -1.264690  159.666648  1.690152  -0.228039 25 12 159.303624  0.000000  0.000000  0.000000  0.000000  0.000000 
1  159.666648  1.217887  1.217887  112.720001  0.290000 159.936099  0.286773  0.460234  159.356556  1.773132  0.133658 25 12 159.666648  0.000000  0.000000  0.000000  0.000000  0.000000 
1  159.356556  1.218620  1.218326  112.720001  0.290000 159.905441  0.503492  -1.051627  159.259061  1.692468  -0.268964 25 13 159.356556  0.000000  0.000000  0.000000  0.000000  0.000000 
1  159.259061  1.218537  1.218537  112.720001  0.290000 159.943427  0.366321  0.585728  159.565623  1.787646  0.074713 25 12 159.259061  0.000000  0.000000  0.000000  0.000000  0.000000 
1  159.565623  1.218823  1.218823  112.720001  0.290000 159.905988  0.555599  1.361627  159.265137  1.637266  -0.437013 25 12 159.565623  0.000000  0.000000  0.000000  0.000000  0.000000 
1  159.265137  1.219033  1.219033  112.720001  0.290000 159.937511  0.996307  -0.096729  159.733637  1.673145  -0.243796 25 12 159.265137  0.000000  0.000000  0.000000  0.000000  0.000000 
1  159.733637  1.218990  1.218990  112.720001  0.290000 159.954173  1.054842  1.814711  159.416503  1.816973  0.329858 25 13 159.733637  0.000000  0.000000  0.000000  0.000000  0.000000 
1  159.416503  1.218868  1.218868  126.410004  0.150000 159.956714  0.495764  -1.257096  159.597005  1.730531  -0.104600 25 12 159.416503  0.000000  0.000000  0.000000  0.000000  0.000000 
1  159.597005  1.218813  1.218813  126.410004  0.150000 160.028692  0.831700  0.339578  160.255715  1.815592  0.230826 25 12 159.597005  0.000000  0.000000  0.000000  0.000000  0.000000 
1  160.255715  1.218541  1.218532  126.410004  0.150000 160.046914  0.410043  1.620543  159.864931  1.700939  -0.138987 25 12 160.255715  0.000000  0.000000  0.000000  0.000000  0.000000 
1  159.864931  1.218654  1.218654  126.410004  0.150000 160.037495  0.525530  0.434346  159.330585  1.755195  0.077845 25 12 159.864931  0.000000  0.000000  0.000000  0.000000  0.000000 
1  159.330585  1.218361  1.218361  126.410004  0.150000 160.044763  0.784253  0.870654  159.587311  1.653793  -0.216663 25 13 159.330585  0.000000  0.000000  0.000000  0.000000  0.000000 
1  159.587311  1.218862  1.218862  126.410004  0.150000 160.054115  1.211098  -0.308736  159.618806  1.615483  -0.197986 25 12 159.587311  0.000000  0.000000  0.000000  0.000000  0.000000 
1  159.618806  1.219408  1.219408  126.410004  0.150000 160.042452  0.465420  -1.455360  159.502115  1.641183  -0.068457 25 12 159.618806  0.000000  0.000000  0.000000  0.000000  0.000000 
1  159.502115  1.217930  1.217930  126.410004  0.150000 160.031355  0.667648  0.352477  159.323687  1.781370  0.400713 25 12 159.502115  0.000000  0.000000  0.000000  0.000000  0.000000 
1  159.323687  1.218973  1.218973  126.410004  0.150000 160.046252  1.023852  1.638782  159.524941  1.805805  0.427357 25 13 159.323687  0.000000  0.000000  0.000000  0.000000  0.000000 
1  159.524941  1.219632  1.219632  126.410004  0.150000 160.072418  0.839104  -0.988948  159.781498  1.669742  -0.161239 25 12 159.524941  0.000000  0.000000  0.000000  0.000000  0.000000 
1  159.781498  1.218625  1.218700  8.840000  0.080000 160.065299  0.671434  0.996939  159.562833  1.702556  0.028474 25 12 159.781498  0.000000  0.000000  0.000000  0.000000  0.000000 
1  159.562833  1.218974  1.218974  8.840000  0.080000 160.045986  0.362323  -1.454903  159.411282  1.565253  -0.470082 25 12 159.562833  0.000000  0.000000  0.000000  0.000000  0.000000 
1  159.411282  1.217978  1.217978  8.840000  0.080000 159.994079  0.049664  -0.712463  159.061264  1.605938  -0.216928 25 12 159.411282  0.000000  0.000000  0.000000  0.000000  0.000000 
1  159.061264  1.218166  1.218166  8.840000  0.080000 159.977228  0.087748  -2.042223  158.967804  1.712489  0.172043 25 13 159.061264  0.000000  0.000000  0.000000  0.000000  0.000000 
1  158.967804  1.218580  1.218580  8.840000  0.080000 159.978540  0.709441  0.785827  158.951996  1.659449  -0.015043 25 12 158.967804  0.000000  0.000000  0.000000  0.000000  0.000000 
1  158.951996  1.217958  1.217958  8.840000  0.080000 159.950396  1.174778  1.553853  159.027144  1.714533  0.175411 25 12 158.951996  0.000000  0.000000  0.000000  0.000000  0.000000 
1  159.027144  1.218431  1.218431  8.840000  0.080000 159.879222  0.469042  1.169631  159.073689  1.616969  -0.198036 25 12 159.027144  0.000000  0.000000  0.000000  0.000000  0.000000 
1  159.073689  1.217363  1.217411  8.840000  0.080000 159.887036  0.687792  0.415787  159.261800  1.694744  0.143188 25 13 159.073689  0.000000  0.000000  0.000000  0.000000  0.000000 
1  159.261800  1.218058  1.218058  8.840000  0.080000 159.944404  1.047783  2.140568  159.520620  1.798753  0.367096 25 12 159.261800  0.000000  0.000000  0.000000  0.000000  0.000000 
1  159.520620  1.219017  1.219017  8.840000  0.080000 159.967646  0.839360  0.341148  159.350229  1.855769  0.482663 25 12 159.520620  0.000000  0.000000  0.000000  0.000000  0.000000 
1  159.350229  1.220590  1.220590  346.260010  0.150000 159.938998  0.750079  -0.108882  159.501881  1.574170  -0.534799 25 12 159.350229  0.000000  0.000000  0.000000  0.000000  0.000000 
1  159.501881  1.218976  1.218976  346.260010  0.150000 159.944474  0.662496  0.354042  159.747706  1.603775  -0.258723 25 13 159.501881  0.000000  0.000000  0.000000  0.000000  0.000000 
1  159.747706  1.220416  1.220416  346.260010  0.150000 159.899958  0.877409  0.376298  159.322229  1.713026  0.199461 25 12 159.747706  0.000000  0.000000  0.000000  0.000000  0.000000 
1  159.322229  1.218435  1.218435  346.260010  0.150000 159.891773  0.594937  0.005359  159.204113  1.628095  -0.193849 25 12 159.322229  0.000000  0.000000  0.000000  0.000000  0.000000 
1  159.204113  1.219750  1.219750  346.260010  0.150000 159.880094  0.732550  0.201847  159.173515  1.712518  0.190584 25 12 159.204113  0.000000  0.000000  0.000000  0.000000  0.000000 
1  159.173515  1.217266  1.217266  346.260010  0.150000 159.902255  0.489773  1.261179  159.353781  1.702486  0.063857 25 12 159.173515  0.000000  0.000000  0.000000  0.000000  0.000000 
1  159.353781  1.218107  1.218107  346.260010  0.150000 159.909277  1.195481  2.359052  159.434347  1.679827  -0.015574 25 12 159.353781  0.000000  0.000000  0.000000  0.000000  0.000000 
1  159.434347  1.218942  1.218942  346.260010  0.150000 159.886780  0.587346  0.476234  159.257471  1.672300  -0.047603 25 12 159.434347  0.000000  0.000000  0.000000  0.000000  0.000000 
1  159.257471  1.219494  1.219494  346.260010  0.150000 159.914518  1.066160  0.324379  159.380478  1.672429  0.014902 25 12 159.257471  0.000000  0.000000  0.000000  0.000000  0.000000 
1  159.380478  1.218370  1.218370  346.260010  0.150000 159.917715  0.817741  0.796310  159.605517  1.704810  0.196186 25 13 159.380478  0.000000  0.000000  0.000000  0.000000  0.000000 
1  159.605517  1.219176  1.219176  98.580002  0.050000 159.883617  0.518053  -1.281816  158.952884  1.624923  -0.114200 25 12 159.605517  0.000000  0.000000  0.000000  0.000000  0.000000 
1  158.952884  1.218229  1.218229  98.580002  0.050000 159.869398  0.236648  1.564339  158.950716  1.680201  0.111202 25 12 158.952884  0.000000  0.000000  0.000000  0.000000  0.000000 
1  158.950716  1.218085  1.218085  98.580002  0.050000 159.861712  0.953439  0.178425  159.233427  1.678377  0.098516 25 12 158.950716  0.000000  0.000000  0.000000  0.000000  0.000000 
1  159.233427  1.218124  1.218124  98.580002  0.050000 159.877633  0.300237  -0.049581  159.449522  1.496845  -0.538888 25 12 159.233427  0.000000  0.000000  0.000000  0.000000  0.000000 
1  159.449522  1.219199  1.219199  98.580002  0.050000 159.859236  0.675000  0.553199  159.423102  1.532205  -0.232546 25 13 159.449522  0.000000  0.000000  0.000000  0.000000  0.000000 
1  159.423102  1.219218  1.219218  98.580002  0.050000 159.859676  0.518652  1.423807  159.137832  1.691372  0.312438 25 12 159.423102  0.000000  0.000000  0.000000  0.000000  0.000000 
1  159.137832  1.216799  1.217247  98.580002  0.050000 159.912264  0.335867  0.095985  159.613160  1.729627  0.300639 25 12 159.137832  0.000000  0.000000  0.000000  0.000000  0.000000 
1  159.613160  1.219089  1.219089  98.580002  0.050000 159.949410  0.401090  -0.940990  159.784131  1.638785  -0.159562 25 13 159.613160  0.000000  0.000000  0.000000  0.000000  0.000000 
1  159.784131  1.219088  1.219088  98.580002  0.050000 159.968487  0.578994  -0.709335  159.772631  1.636433  -0.151308 25 12 159.784131  0.000000  0.000000  0.000000  0.000000  0.000000 
1  159.772631  1.218326  1.218326  98.580002  0.050000 159.994560  0.694216  -0.841812  159.621194  1.710139  0.108955 25 12 159.772631  0.000000  0.000000  0.000000  0.000000  0.000000 
