1  0.000000  0.000000  358.128258  1.414953  2.547379  0.000000  0.000000  0.000000  0.000000  0.000000
1  358.128258  358.128258  358.144018  1.370932  1.592655  0.000000  0.000000  0.000000  0.000000  0.000000
1  358.144018  358.144018  358.255314  1.693015  2.101271  0.000000  0.000000  0.000000  0.000000  0.000000
1  358.255314  358.255314  358.320747  1.932839  2.182240  0.000000  0.000000  0.000000  0.000000  0.000000
1  358.320747  358.320747  358.539672  1.917268  1.349416  0.000000  0.000000  0.000000  0.000000  0.000000
1  358.539672  358.539672  358.730206  2.247108  1.976912  0.000000  0.000000  0.000000  0.000000  0.000000
1  358.730206  358.730206  358.823641  2.268345  1.318382  0.000000  0.000000  0.000000  0.000000  0.000000
1  358.823641  358.823641  358.927718  2.341903  1.028004  0.000000  0.000000  0.000000  0.000000  0.000000
1  358.927718  358.927718  359.035854  2.320544  0.645741  0.000000  0.000000  0.000000  0.000000  0.000000
1  359.035854  359.035854  359.113548  2.379131  0.573385  0.000000  0.000000  0.000000  0.000000  0.000000
1  359.113548  359.113548  359.279996  2.341020  0.276202  0.000000  0.000000  0.000000  0.000000  0.000000
1  359.279996  359.279996  359.395353  2.474703  0.632976  0.000000  0.000000  0.000000  0.000000  0.000000
1  359.395353  359.395353  359.583808  2.651925  1.017152  0.000000  0.000000  0.000000  0.000000  0.000000
1  359.583808  359.583808  359.705400  2.652660  0.674806  0.000000  0.000000  0.000000  0.000000  0.000000
1  359.705400  359.705400  359.877016  2.659404  0.465355  0.000000  0.000000  0.000000  0.000000  0.000000
1  359.877016  359.877016  0.109831  2.596192  0.113379  0.000000  0.000000  0.000000  0.000000  0.000000
1  0.109831  0.109831  0.268776  2.539187  -0.131315  0.000000  0.000000  0.000000  0.000000  0.000000
1  0.268776  0.268776  0.430081  2.678213  0.369502  0.000000  0.000000  0.000000  0.000000  0.000000
1  0.430081  0.430081  0.417729  2.649637  0.234023  0.000000  0.000000  0.000000  0.000000  0.000000
1  0.417729  0.417729  0.594379  2.584530  -0.075209  0.000000  0.000000  0.000000  0.000000  0.000000
1  0.594379  0.594379  0.766910  2.644992  0.169779  0.000000  0.000000  0.000000  0.000000  0.000000
1  0.766910  0.766910  0.834547  2.625756  0.116471  0.000000  0.000000  0.000000  0.000000  0.000000
1  0.834547  0.834547  0.951262  2.487649  -0.387712  0.000000  0.000000  0.000000  0.000000  0.000000
1  0.951262  0.951262  1.054810  2.794564  0.647542  0.000000  0.000000  0.000000  0.000000  0.000000
1  1.054810  1.054810  1.236143  2.749002  0.229916  0.000000  0.000000  0.000000  0.000000  0.000000
1  1.236143  1.236143  1.371398  2.651835  -0.148653  0.000000  0.000000  0.000000  0.000000  0.000000
1  1.371398  1.371398  1.536228  2.642820  -0.118212  0.000000  0.000000  0.000000  0.000000  0.000000
1  1.536228  1.536228  1.667757  2.725801  0.195163  0.000000  0.000000  0.000000  0.000000  0.000000
1  1.667757  1.667757  1.762831  2.897231  0.706455  0.000000  0.000000  0.000000  0.000000  0.000000
1  1.762831  1.762831  1.968419  2.725084  -0.133691  0.000000  0.000000  0.000000  0.000000  0.000000
1  1.968419  1.968419  2.008772  2.610005  -0.410921  0.000000  0.000000  0.000000  0.000000  0.000000
1  2.008772  2.008772  2.003153  2.342227  -1.227790  0.000000  0.000000  0.000000  0.000000  0.000000
1  2.003153  2.003153  2.158901  2.605990  0.082377  0.000000  0.000000  0.000000  0.000000  0.000000
1  2.158901  2.158901  2.299771  2.360847  -0.684126  0.000000  0.000000  0.000000  0.000000  0.000000
1  2.299771  2.299771  2.319158  2.505408  0.056794  0.000000  0.000000  0.000000  0.000000  0.000000
1  2.319158  2.319158  2.352479  2.243824  -0.820704  0.000000  0.000000  0.000000  0.000000  0.000000
1  2.352479  2.352479  2.414370  2.084990  -1.043197  0.000000  0.000000  0.000000  0.000000  0.000000
1  2.414370  2.414370  2.484950  2.008597  -0.968271  0.000000  0.000000  0.000000  0.000000  0.000000
1  2.484950  2.484950  2.524167  2.057845  -0.447449  0.000000  0.000000  0.000000  0.000000  0.000000
1  2.524167  2.524167  2.516360  1.742087  -1.327024  0.000000  0.000000  0.000000  0.000000  0.000000
1  2.516360  2.516360  2.345079  1.841213  -0.572893  0.000000  0.000000  0.000000  0.000000  0.000000
1  2.345079  2.345079  2.352681  2.022433  0.194434  0.000000  0.000000  0.000000  0.000000  0.000000
1  2.352681  2.352681  2.264015  1.826395  -0.490909  0.000000  0.000000  0.000000  0.000000  0.000000
1  2.264015  2.264015  2.272960  1.908293  -0.010720  0.000000  0.000000  0.000000  0.000000  0.000000
1  2.272960  2.272960  2.185546  1.691343  -0.724379  0.000000  0.000000  0.000000  0.000000  0.000000
1  2.185546  2.185546  1.986874  1.547534  -0.967865  0.000000  0.000000  0.000000  0.000000  0.000000
1  1.986874  1.986874  1.990602  1.616940  -0.492731  0.000000  0.000000  0.000000  0.000000  0.000000
1  1.990602  1.990602  1.890015  1.529602  -0.566579  0.000000  0.000000  0.000000  0.000000  0.000000
1  1.890015  1.890015  1.911752  1.521620  -0.426011  0.000000  0.000000  0.000000  0.000000  0.000000
1  1.911752  1.911752  1.810834  1.588728  -0.084476  0.000000  0.000000  0.000000  0.000000  0.000000
1  1.810834  1.810834  1.666056  1.580486  -0.147453  0.000000  0.000000  0.000000  0.000000  0.000000
1  1.666056  1.666056  1.560165  1.602061  -0.019525  0.000000  0.000000  0.000000  0.000000  0.000000
1  1.560165  1.560165  1.560207  1.575548  -0.176079  0.000000  0.000000  0.000000  0.000000  0.000000
1  1.560207  1.560207  1.462497  1.549971  -0.195043  0.000000  0.000000  0.000000  0.000000  0.000000
1  1.462497  1.462497  1.227148  1.371672  -0.753846  0.000000  0.000000  0.000000  0.000000  0.000000
1  1.227148  1.227148  1.065121  1.453296  -0.348967  0.000000  0.000000  0.000000  0.000000  0.000000
1  1.065121  1.065121  0.840284  1.338275  -0.634673  0.000000  0.000000  0.000000  0.000000  0.000000
1  0.840284  0.840284  0.865037  1.158766  -1.001448  0.000000  0.000000  0.000000  0.000000  0.000000
1  0.865037  0.865037  0.856344  1.305977  -0.200279  0.000000  0.000000  0.000000  0.000000  0.000000
1  0.856344  0.856344  0.752768  1.197686  -0.486311  0.000000  0.000000  0.000000  0.000000  0.000000
1  0.752768  0.752768  0.715563  1.147649  -0.407443  0.000000  0.000000  0.000000  0.000000  0.000000
1  0.715563  0.715563  0.663515  1.344874  0.482974  0.000000  0.000000  0.000000  0.000000  0.000000
1  0.663515  0.663515  0.596986  1.231687  -0.017155  0.000000  0.000000  0.000000  0.000000  0.000000
1  0.596986  0.596986  0.490363  1.245513  0.016853  0.000000  0.000000  0.000000  0.000000  0.000000
1  0.490363  0.490363  0.453401  1.280140  0.118072  0.000000  0.000000  0.000000  0.000000  0.000000
1  0.453401  0.453401  0.436316  1.219248  -0.130164  0.000000  0.000000  0.000000  0.000000  0.000000
1  0.436316  0.436316  0.449469  1.453103  0.655399  0.000000  0.000000  0.000000  0.000000  0.000000
1  0.449469  0.449469  0.520853  1.551252  0.796286  0.000000  0.000000  0.000000  0.000000  0.000000
1  0.520853  0.520853  0.533171  1.526245  0.459922  0.000000  0.000000  0.000000  0.000000  0.000000
1  0.533171  0.533171  0.492877  1.420334  -0.037986  0.000000  0.000000  0.000000  0.000000  0.000000
1  0.492877  0.492877  0.497706  1.521523  0.306268  0.000000  0.000000  0.000000  0.000000  0.000000
1  0.497706  0.497706  0.284128  1.475481  0.042436  0.000000  0.000000  0.000000  0.000000  0.000000
1  0.284128  0.284128  0.161713  1.593272  0.358853  0.000000  0.000000  0.000000  0.000000  0.000000
1  0.161713  0.161713  0.042126  1.397454  -0.448358  0.000000  0.000000  0.000000  0.000000  0.000000
1  0.042126  0.042126  359.984720  1.592155  0.252287  0.000000  0.000000  0.000000  0.000000  0.000000
1  359.984720  359.984720  359.937455  1.391532  -0.487656  0.000000  0.000000  0.000000  0.000000  0.000000
1  359.937455  359.937455  359.927255  1.474109  -0.057104  0.000000  0.000000  0.000000  0.000000  0.000000
1  359.927255  359.927255  359.793790  1.145196  -1.117098  0.000000  0.000000  0.000000  0.000000  0.000000
1  359.793790  359.793790  359.651329  1.115863  -0.853541  0.000000  0.000000  0.000000  0.000000  0.000000
1  359.651329  359.651329  359.499914  1.256114  -0.052580  0.000000  0.000000  0.000000  0.000000  0.000000
1  359.499914  359.499914  359.360749  1.230842  -0.151599  0.000000  0.000000  0.000000  0.000000  0.000000
1  359.360749  359.360749  359.272211  1.250897  0.000013  0.000000  0.000000  0.000000  0.000000  0.000000
1  359.272211  359.272211  359.171197  1.185051  -0.205474  0.000000  0.000000  0.000000  0.000000  0.000000
1  359.171197  359.171197  359.108546  0.944042  -0.912380  0.000000  0.000000  0.000000  0.000000  0.000000
1  359.108546  359.108546  358.896673  0.798059  -1.094179  0.000000  0.000000  0.000000  0.000000  0.000000
1  358.896673  358.896673  358.777803  0.782666  -0.759124  0.000000  0.000000  0.000000  0.000000  0.000000
1  358.777803  358.777803  358.679495  0.696732  -0.792815  0.000000  0.000000  0.000000  0.000000  0.000000
1  358.679495  358.679495  358.478708  0.669430  -0.572834  0.000000  0.000000  0.000000  0.000000  0.000000
1  358.478708  358.478708  358.251965  0.723630  -0.211832  0.000000  0.000000  0.000000  0.000000  0.000000
1  358.251965  358.251965  358.239129  0.731350  -0.156062  0.000000  0.000000  0.000000  0.000000  0.000000
1  358.239129  358.239129  357.971130  0.770151  0.090676  0.000000  0.000000  0.000000  0.000000  0.000000
1  357.971130  357.971130  357.737790  0.611687  -0.474956  0.000000  0.000000  0.000000  0.000000  0.000000
1  357.737790  357.737790  357.436770  0.766463  0.252493  0.000000  0.000000  0.000000  0.000000  0.000000
1  357.436770  357.436770  357.264340  0.668995  -0.213629  0.000000  0.000000  0.000000  0.000000  0.000000
1  357.264340  357.264340  357.074232  0.759945  0.098740  0.000000  0.000000  0.000000  0.000000  0.000000
1  357.074232  357.074232  357.053591  0.854998  0.437508  0.000000  0.000000  0.000000  0.000000  0.000000
1  357.053591  357.053591  356.953216  0.878080  0.395981  0.000000  0.000000  0.000000  0.000000  0.000000
1  356.953216  356.953216  356.896123  0.928894  0.479332  0.000000  0.000000  0.000000  0.000000  0.000000
1  356.896123  356.896123  356.864887  1.099105  0.895761  0.000000  0.000000  0.000000  0.000000  0.000000
1  356.864887  356.864887  356.703771  0.853743  -0.129725  0.000000  0.000000  0.000000  0.000000  0.000000
1  356.703771  356.703771  356.487145  0.934774  0.092368  0.000000  0.000000  0.000000  0.000000  0.000000
1  356.487145  356.487145  356.308263  0.828071  -0.258003  0.000000  0.000000  0.000000  0.000000  0.000000
1  356.308263  356.308263  356.204939  0.691397  -0.590886  0.000000  0.000000  0.000000  0.000000  0.000000
2  356.204939  356.204939  356.095613  0.637033  -0.612095  0.000000  0.000000  0.000000  0.000000  0.000000
2  356.204939  356.274079  355.980294  0.516900  -0.803345  -0.178465  -0.054364  -0.017847  0.332229  0.064530
2  356.204939  356.343218  355.864707  0.573123  -0.400460  -0.362925  -0.153064  -0.054139  -0.021730  -0.566116
2  356.204939  356.410215  355.800495  0.681951  0.086054  -0.545507  -0.060356  -0.108690  -0.200967  -1.019228
2  356.204939  356.473563  355.582381  0.430068  -0.882522  -0.673067  0.095069  -0.175996  -0.324304  -1.333905
2  356.204939  356.532251  355.550796  0.428691  -0.595983  -0.949870  -0.103904  -0.270983  -0.116415  -1.541219
2  356.204939  356.585648  355.286711  0.216643  -1.171984  -1.034852  -0.048951  -0.374469  -0.113548  -1.665825
2  356.204939  356.633412  355.163937  0.290308  -0.514631  -1.346701  -0.203433  -0.509139  0.292795  -1.727257
2  356.204939  356.675420  354.945191  0.330356  -0.195899  -1.511483  -0.072584  -0.660287  0.526267  -1.740957
2  356.204939  356.711709  354.631086  0.372775  0.093895  -1.766518  0.023085  -0.836939  0.930669  -1.719107
2  356.204939  356.742436  354.534227  0.250493  -0.352053  -2.111350  0.118724  -1.048074  1.495738  -1.671287
2  356.204939  356.767841  354.483665  0.209344  -0.433577  -2.233615  0.046692  -1.271435  1.745419  -1.605003
2  356.204939  356.788221  354.205325  0.166300  -0.503337  -2.304556  0.052462  -1.501891  1.930723  -1.526111
2  356.204939  356.803910  353.943767  0.271624  0.044383  -2.598585  0.052800  -1.761749  2.458721  -1.439156
2  356.204939  356.815260  353.896159  0.320693  0.163297  -2.871493  0.197886  -2.048899  2.959600  -1.347639
2  356.204939  356.822633  353.708908  0.501697  0.763137  -2.926475  0.283104  -2.341546  3.135477  -1.254235
2  356.204939  356.826392  353.512478  0.424582  0.212472  -3.117485  0.496717  -2.653295  3.515262  -1.160965
2  356.204939  356.826890  353.395287  0.724778  1.115281  -3.314412  0.448792  -2.984736  3.902286  -1.069332
2  356.204939  356.824469  353.345871  1.078723  1.981774  -3.429182  0.774915  -3.327654  4.163339  -0.980433
2  356.204939  356.819456  353.166920  1.065492  1.373821  -3.473585  1.151699  -3.675012  4.315331  -0.895046
2  356.204939  356.812158  353.110507  1.181931  1.331378  -3.645238  1.158412  -4.039536  4.654159  -0.813698
2  356.204939  356.802866  353.078092  1.245951  1.109089  -3.692359  1.292096  -4.408772  4.801815  -0.736723
2  356.204939  356.791850  352.920519  1.517273  1.562910  -3.713758  1.370862  -4.780148  4.906331  -0.664305
2  356.204939  356.779359  353.028391  1.775018  1.776570  -3.858840  1.654628  -5.166032  5.191748  -0.596512
2  356.204939  356.765623  352.976508  1.836296  1.369088  -3.737232  1.922707  -5.539755  5.072523  -0.533326
2  356.204939  356.750854  352.983852  1.954147  1.297165  -3.774346  1.992395  -5.917190  5.186854  -0.474665
2  356.204939  356.735244  352.881586  2.048126  1.167174  -3.751392  2.116910  -6.292329  5.206692  -0.420397
2  356.204939  356.718968  352.799858  2.226559  1.338497  -3.837382  2.215973  -6.676067  5.385716  -0.370357
2  356.204939  356.702183  352.879778  2.343788  1.271729  -3.902325  2.398070  -7.066300  5.529129  -0.324359
2  356.204939  356.685032  352.784766  2.294089  0.717736  -3.805255  2.517691  -7.446825  5.425683  -0.282199
2  356.204939  356.667642  352.845973  2.241600  0.286781  -3.882876  2.469250  -7.835113  5.580649  -0.243666
2  356.204939  356.650126  352.822145  2.427600  0.729634  -3.804153  2.417014  -8.215528  5.497684  -0.208546
2  356.204939  356.632584  352.863973  2.581554  0.959174  -3.810440  2.602380  -8.596572  5.539035  -0.176624
2  356.204939  356.615106  352.906653  2.737352  1.140063  -3.751134  2.754924  -8.971685  5.479009  -0.147692
2  356.204939  356.597769  352.785139  2.804009  1.029548  -3.691116  2.908635  -9.340797  5.415132  -0.121542
2  356.204939  356.580641  352.770248  2.865564  0.842537  -3.795502  2.972622  -9.720347  5.595276  -0.097977
2  356.204939  356.563780  352.904022  2.948218  0.888900  -3.793532  3.031006  -10.099700  5.613490  -0.076808
2  356.204939  356.547236  353.004776  3.177459  1.318711  -3.643214  3.110065  -10.464022  5.406970  -0.057851
2  356.204939  356.531051  352.945124  3.296884  1.340020  -3.526275  3.335357  -10.816649  5.248475  -0.040937
2  356.204939  356.515261  353.045366  3.490628  1.502617  -3.570137  3.450543  -11.173663  5.329306  -0.025901
2  356.204939  356.499895  353.194799  3.471989  0.864822  -3.454529  3.639813  -11.519116  5.169204  -0.012589
2  356.204939  356.484977  353.466445  3.776536  1.604174  -3.290177  3.616515  -11.848134  4.934406  -0.000859
2  356.204939  356.470524  353.594162  3.667811  0.695913  -3.004079  3.916266  -12.148541  4.515543  0.009425
2  356.204939  356.456551  353.756528  3.895316  1.197452  -2.862389  3.802647  -12.434780  4.311973  0.018389
2  356.204939  356.443067  353.785023  3.846075  0.658969  -2.686540  4.025199  -12.703434  4.055960  0.026151
2  356.204939  356.430079  353.912176  3.887761  0.576268  -2.645056  3.970975  -12.967940  4.000404  0.032820
2  356.204939  356.417589  354.129981  4.006760  0.662529  -2.505413  4.007676  -13.218481  3.796617  0.038498
2  356.204939  356.405598  354.117241  3.956346  0.274191  -2.275617  4.121715  -13.446043  3.456703  0.043278
2  356.204939  356.394102  354.252199  4.054630  0.494639  -2.276861  4.066388  -13.673729  3.462541  0.047249
2  356.204939  356.383098  354.601894  4.194817  0.812740  -2.130899  4.159823  -13.886819  3.246840  0.050491
2  356.204939  356.372579  354.706741  4.118074  0.269104  -1.770685  4.295241  -14.063887  2.709105  0.053078
2  356.204939  356.362536  354.861526  4.094096  0.135589  -1.655795  4.213824  -14.229467  2.538771  0.055078
2  356.204939  356.352961  354.937345  4.227614  0.509389  -1.491435  4.185277  -14.378610  2.293707  0.056554
2  356.204939  356.343843  355.017246  4.206377  0.248897  -1.406499  4.314342  -14.519260  2.167313  0.057565
2  356.204939  356.335170  355.205494  4.238467  0.285097  -1.317924  4.288775  -14.651053  2.035049  0.058162
2  356.204939  356.326931  355.213186  4.063687  -0.417173  -1.121437  4.316664  -14.763196  1.740550  0.058395
2  356.204939  356.319111  355.435502  4.238920  0.226513  -1.105925  4.137818  -14.873789  1.717195  0.058308
2  356.204939  356.311698  355.412172  4.251803  0.180312  -0.876196  4.309122  -14.961409  1.372234  0.057940
2  356.204939  356.304678  355.552614  4.105543  -0.411034  -0.892506  4.318216  -15.050659  1.396088  0.057329
2  356.204939  356.298036  355.665762  4.053596  -0.377041  -0.745423  4.168309  -15.125201  1.174642  0.056508
2  356.204939  356.291760  355.707139  3.982653  -0.508580  -0.625998  4.112857  -15.187801  0.994504  0.055508
2  356.204939  356.285834  355.814325  3.919861  -0.528950  -0.578695  4.038551  -15.245671  0.922397  0.054355
2  356.204939  356.280244  355.580080  3.741832  -0.957383  -0.465919  3.972537  -15.292263  0.751954  0.053075
2  356.204939  356.274976  355.403869  3.294308  -2.142991  -0.694897  3.791425  -15.361752  1.094034  0.051690
2  356.204939  356.270017  355.397028  3.220049  -1.691835  -0.866148  3.340956  -15.448367  1.349441  0.050219
2  356.204939  356.265352  355.450584  3.097352  -1.519070  -0.868324  3.263886  -15.535199  1.351167  0.048681
2  356.204939  356.260968  355.572256  2.971512  -1.466221  -0.810385  3.138511  -15.616238  1.262669  0.047092
2  356.204939  356.256852  355.475489  3.022209  -0.801819  -0.684596  3.010122  -15.684697  1.072361  0.045467
2  356.204939  356.252991  355.474501  2.602918  -1.926029  -0.777502  3.058395  -15.762448  1.210070  0.043817
2  356.204939  356.249373  355.430162  2.775437  -0.847323  -0.774872  2.636803  -15.839935  1.204463  0.042154
2  356.204939  356.245984  355.479032  2.455175  -1.539363  -0.815822  2.807138  -15.921517  1.264222  0.040489
2  356.204939  356.242814  355.396661  2.377461  -1.333102  -0.763782  2.484808  -15.997895  1.184502  0.038829
2  356.204939  356.239851  355.328219  2.373169  -0.859521  -0.843189  2.405135  -16.082214  1.301967  0.037183
2  356.204939  356.237083  355.292100  2.168030  -1.269425  -0.908865  2.398991  -16.173101  1.398853  0.035556
2  356.204939  356.234501  355.075474  2.142304  -0.909867  -0.942401  2.192102  -16.267341  1.447557  0.033955
2  356.204939  356.232094  355.041346  1.785799  -1.878822  -1.156620  2.164725  -16.383003  1.767314  0.032385
2  356.204939  356.229852  354.864513  1.773063  -1.388380  -1.188506  1.806663  -16.501853  1.813608  0.030849
2  356.204939  356.227765  354.731564  1.712218  -1.171413  -1.363253  1.792460  -16.638179  2.074229  0.029350
2  356.204939  356.225826  354.603810  1.604953  -1.070828  -1.494262  1.730235  -16.787605  2.269285  0.027892
2  356.204939  356.224024  354.554337  1.373869  -1.440882  -1.620214  1.621672  -16.949626  2.456798  0.026477
2  356.204939  356.222352  354.534821  1.255348  -1.353933  -1.668015  1.389369  -17.116428  2.527129  0.025107
2  356.204939  356.220802  354.436363  1.027270  -1.643078  -1.685981  1.269703  -17.285026  2.552753  0.023782
2  356.204939  356.219367  354.040429  1.157087  -0.734119  -1.783003  1.040553  -17.463326  2.697009  0.022504
2  356.204939  356.218038  353.849692  1.026646  -0.910462  -2.177609  1.169364  -17.681087  3.287686  0.021273
2  356.204939  356.216811  353.635743  0.930820  -0.916697  -2.367119  1.037982  -17.917799  3.570768  0.020090
2  356.204939  356.215677  353.510809  0.772072  -1.154284  -2.579934  0.941276  -18.175792  3.888854  0.018954
2  356.204939  356.214631  353.327674  0.592796  -1.392476  -2.703822  0.781706  -18.446174  4.073598  0.017865
2  356.204939  356.213668  353.178424  0.764573  -0.429850  -2.885994  0.601662  -18.734774  4.345814  0.016823
2  356.204939  356.212781  353.120939  0.624654  -0.764258  -3.034358  0.772722  -19.038210  4.567364  0.015827
2  356.204939  356.211966  352.888695  0.875753  0.242762  -3.091027  0.632136  -19.347312  4.651418  0.014877
2  356.204939  356.211218  352.708373  0.832941  -0.007767  -3.322523  0.882614  -19.679565  4.997755  0.013971
2  356.204939  356.210532  352.559177  0.913303  0.185989  -3.502159  0.839224  -20.029781  5.266347  0.013108
2  356.204939  356.209904  352.532650  0.984520  0.323248  -3.650726  0.919049  -20.394853  5.488378  0.012288
2  356.204939  356.209329  352.468650  0.954785  0.085860  -3.676679  0.989767  -20.762521  5.526527  0.011509
2  356.204939  356.208804  352.149041  0.771141  -0.565854  -3.740154  0.959569  -21.136537  5.621001  0.010769
2  356.204939  356.208326  351.960948  0.844440  -0.113211  -4.059285  0.775497  -21.542465  6.098996  0.010069
2  356.204939  356.207890  351.573391  0.970427  0.391760  -4.246942  0.848399  -21.967159  6.379818  0.009405
2  356.204939  356.207494  351.423486  1.027051  0.414426  -4.634103  0.974019  -22.430570  6.959932  0.008777
2  356.204939  356.207135  351.349448  1.318270  1.199964  -4.783650  1.030304  -22.908934  7.183659  0.008184
2  356.204939  356.206810  351.371344  1.476667  1.345514  -4.857362  1.321210  -23.394671  7.293668  0.007624
2  356.204939  356.206516  351.203787  1.869399  2.236860  -4.835172  1.479318  -23.878188  7.259855  0.007097
2  356.204939  356.206251  351.180319  2.095881  2.310354  -5.002464  1.871784  -24.378434  7.510295  0.006599
2  356.204939  356.206012  351.319275  2.246668  1.970275  -5.025694  2.098022  -24.881004  7.544671  0.006131
2  356.204939  356.205798  351.110313  2.488832  2.137913  -4.886523  2.248585  -25.369656  7.335475  0.005690
2  356.204939  356.205607  351.256456  2.603000  1.818465  -5.095294  2.490542  -25.879185  7.648217  0.005277
2  356.204939  356.205436  351.265549  2.915657  2.171055  -4.948980  2.604521  -26.374083  7.428358  0.004888
2  356.204939  356.205284  351.360600  3.245462  2.515572  -4.939735  2.917005  -26.868057  7.414126  0.004524
2  356.204939  356.205149  351.656378  3.472519  2.457606  -4.844549  3.246652  -27.352512  7.271006  0.004182
2  356.204939  356.205030  351.880219  3.657541  2.299193  -4.548652  3.473565  -27.807377  6.826840  0.003863
2  356.204939  356.204925  352.156283  4.089941  2.910768  -4.324706  3.658455  -28.239848  6.490623  0.003564
2  356.204939  356.204834  352.318677  4.222552  2.358255  -4.048550  4.090736  -28.644703  6.076110  0.003284
1  352.318677  356.204754  352.721278  4.434467  2.392843  -3.886077  4.223238  -29.033310  5.832139  0.003023
1  352.721278  352.721278  352.800935  4.582772  2.097496  0.000000  0.000000  0.000000  0.000000  0.003023
1  352.800935  352.800935  353.035681  4.787526  2.061792  0.000000  0.000000  0.000000  0.000000  0.003023
1  353.035681  353.035681  353.340650  4.932304  1.864651  0.000000  0.000000  0.000000  0.000000  0.003023
1  353.340650  353.340650  353.634786  5.043492  1.646093  0.000000  0.000000  0.000000  0.000000  0.003023
1  353.634786  353.634786  353.808448  5.314073  1.994216  0.000000  0.000000  0.000000  0.000000  0.003023
1  353.808448  353.808448  353.904462  5.391373  1.562267  0.000000  0.000000  0.000000  0.000000  0.003023
1  353.904462  353.904462  354.144532  5.561872  1.605650  0.000000  0.000000  0.000000  0.000000  0.003023
1  354.144532  354.144532  354.512412  5.555988  1.108143  0.000000  0.000000  0.000000  0.000000  0.003023
1  354.512412  354.512412  354.876217  5.545985  0.579859  0.000000  0.000000  0.000000  0.000000  0.003023
1  354.876217  354.876217  355.111114  5.487054  0.136668  0.000000  0.000000  0.000000  0.000000  0.003023
1  355.111114  355.111114  355.563308  5.461784  0.032532  0.000000  0.000000  0.000000  0.000000  0.003023
1  355.563308  355.563308  355.636527  5.426193  -0.077792  0.000000  0.000000  0.000000  0.000000  0.003023
1  355.636527  355.636527  356.135265  5.061148  -1.271935  0.000000  0.000000  0.000000  0.000000  0.003023
1  356.135265  356.135265  356.559705  4.637397  -2.218890  0.000000  0.000000  0.000000  0.000000  0.003023
1  356.559705  356.559705  356.616274  4.331436  -2.563992  0.000000  0.000000  0.000000  0.000000  0.003023
1  356.616274  356.616274  356.751218  3.717666  -3.788204  0.000000  0.000000  0.000000  0.000000  0.003023
1  356.751218  356.751218  356.883831  3.433943  -3.501543  0.000000  0.000000  0.000000  0.000000  0.003023
1  356.883831  356.883831  356.742858  3.067869  -3.520528  0.000000  0.000000  0.000000  0.000000  0.003023
1  356.742858  356.742858  356.807875  2.837715  -3.216914  0.000000  0.000000  0.000000  0.000000  0.003023
1  356.807875  356.807875  356.641718  2.600252  -2.921885  0.000000  0.000000  0.000000  0.000000  0.003023
1  356.641718  356.641718  356.755118  2.136574  -3.488847  0.000000  0.000000  0.000000  0.000000  0.003023
1  356.755118  356.755118  356.934806  1.695906  -3.817821  0.000000  0.000000  0.000000  0.000000  0.003023
1  356.934806  356.934806  356.644947  1.222410  -4.101672  0.000000  0.000000  0.000000  0.000000  0.003023
1  356.644947  356.644947  356.612157  0.768968  -4.211612  0.000000  0.000000  0.000000  0.000000  0.003023
1  356.612157  356.612157  356.323575  0.520379  -3.566881  0.000000  0.000000  0.000000  0.000000  0.003023
1  356.323575  356.323575  356.303046  0.071688  -3.706140  0.000000  0.000000  0.000000  0.000000  0.003023
1  356.303046  356.303046  356.076732  -0.237525  -3.497921  0.000000  0.000000  0.000000  0.000000  0.003023
1  356.076732  356.076732  355.834640  -0.873550  -4.318185  0.000000  0.000000  0.000000  0.000000  0.003023
1  355.834640  355.834640  355.626413  -1.284025  -4.218834  0.000000  0.000000  0.000000  0.000000  0.003023
1  355.626413  355.626413  355.149941  -1.683264  -4.146089  0.000000  0.000000  0.000000  0.000000  0.003023
1  355.149941  355.149941  354.928028  -1.903309  -3.542190  0.000000  0.000000  0.000000  0.000000  0.003023
1  354.928028  354.928028  354.581260  -2.289516  -3.636704  0.000000  0.000000  0.000000  0.000000  0.003023
1  354.581260  354.581260  354.282079  -2.618527  -3.499129  0.000000  0.000000  0.000000  0.000000  0.003023
1  354.282079  354.282079  354.040629  -2.926859  -3.264566  0.000000  0.000000  0.000000  0.000000  0.003023
1  354.040629  354.040629  353.625835  -3.225794  -3.132231  0.000000  0.000000  0.000000  0.000000  0.003023
1  353.625835  353.625835  353.269861  -3.306058  -2.391703  0.000000  0.000000  0.000000  0.000000  0.003023
1  353.269861  353.269861  352.747661  -3.458436  -1.955282  0.000000  0.000000  0.000000  0.000000  0.003023
1  352.747661  352.747661  352.516619  -3.560804  -1.693511  0.000000  0.000000  0.000000  0.000000  0.003023
1  352.516619  352.516619  352.122102  -3.729265  -1.593207  0.000000  0.000000  0.000000  0.000000  0.003023
1  352.122102  352.122102  351.699112  -3.935036  -1.749250  0.000000  0.000000  0.000000  0.000000  0.003023
1  351.699112  351.699112  351.162160  -4.105573  -1.632494  0.000000  0.000000  0.000000  0.000000  0.003023
1  351.162160  351.162160  350.863598  -4.255579  -1.538161  0.000000  0.000000  0.000000  0.000000  0.003023
1  350.863598  350.863598  350.666036  -4.401556  -1.500336  0.000000  0.000000  0.000000  0.000000  0.003023
1  350.666036  350.666036  350.204315  -4.335948  -0.741887  0.000000  0.000000  0.000000  0.000000  0.003023
1  350.204315  350.204315  349.743706  -4.643771  -1.492314  0.000000  0.000000  0.000000  0.000000  0.003023
1  349.743706  349.743706  349.255194  -4.623753  -0.944481  0.000000  0.000000  0.000000  0.000000  0.003023
1  349.255194  349.255194  348.951473  -4.500220  -0.155893  0.000000  0.000000  0.000000  0.000000  0.003023
1  348.951473  348.951473  348.464939  -4.553117  -0.332868  0.000000  0.000000  0.000000  0.000000  0.003023
1  348.464939  348.464939  348.167518  -4.625491  -0.518543  0.000000  0.000000  0.000000  0.000000  0.003023
1  348.167518  348.167518  347.670133  -4.745857  -0.769336  0.000000  0.000000  0.000000  0.000000  0.003023
1  347.670133  347.670133  347.241514  -4.569771  -0.020697  0.000000  0.000000  0.000000  0.000000  0.003023
1  347.241514  347.241514  347.012110  -4.669499  -0.275535  0.000000  0.000000  0.000000  0.000000  0.003023
1  347.012110  347.012110  346.630198  -4.693933  -0.313110  0.000000  0.000000  0.000000  0.000000  0.003023
1  346.630198  346.630198  346.335311  -4.590527  0.204489  0.000000  0.000000  0.000000  0.000000  0.003023
1  346.335311  346.335311  345.945835  -4.774249  -0.440974  0.000000  0.000000  0.000000  0.000000  0.003023
1  345.945835  345.945835  345.535625  -4.767220  -0.303655  0.000000  0.000000  0.000000  0.000000  0.003023
1  345.535625  345.535625  345.326494  -4.625908  0.183159  0.000000  0.000000  0.000000  0.000000  0.003023
1  345.326494  345.326494  344.911265  -4.632118  0.001839  0.000000  0.000000  0.000000  0.000000  0.003023
1  344.911265  344.911265  344.552759  -4.745080  -0.352822  0.000000  0.000000  0.000000  0.000000  0.003023
1  344.552759  344.552759  344.176829  -4.811405  -0.411586  0.000000  0.000000  0.000000  0.000000  0.003023
1  344.176829  344.176829  343.820199  -4.831730  -0.291588  0.000000  0.000000  0.000000  0.000000  0.003023
1  343.820199  343.820199  343.502437  -4.903700  -0.387120  0.000000  0.000000  0.000000  0.000000  0.003023
1  343.502437  343.502437  343.220957  -4.795970  0.063706  0.000000  0.000000  0.000000  0.000000  0.003023
1  343.220957  343.220957  342.759174  -4.750060  0.149763  0.000000  0.000000  0.000000  0.000000  0.003023
1  342.759174  342.759174  342.590575  -4.812259  -0.127013  0.000000  0.000000  0.000000  0.000000  0.003023
1  342.590575  342.590575  342.117490  -5.042260  -0.848526  0.000000  0.000000  0.000000  0.000000  0.003023
1  342.117490  342.117490  341.709435  -4.748953  0.326196  0.000000  0.000000  0.000000  0.000000  0.003023
1  341.709435  341.709435  341.397843  -4.863756  -0.118432  0.000000  0.000000  0.000000  0.000000  0.003023
1  341.397843  341.397843  340.852250  -4.969310  -0.438137  0.000000  0.000000  0.000000  0.000000  0.003023
1  340.852250  340.852250  340.644601  -4.929277  -0.140488  0.000000  0.000000  0.000000  0.000000  0.003023
1  340.644601  340.644601  340.219753  -4.949282  -0.192966  0.000000  0.000000  0.000000  0.000000  0.003023
1  340.219753  340.219753  339.922359  -4.843535  0.253570  0.000000  0.000000  0.000000  0.000000  0.003023
1  339.922359  339.922359  339.700033  -4.985723  -0.353193  0.000000  0.000000  0.000000  0.000000  0.003023
1  339.700033  339.700033  339.388050  -4.782157  0.458182  0.000000  0.000000  0.000000  0.000000  0.003023
1  339.388050  339.388050  339.188544  -4.701787  0.592305  0.000000  0.000000  0.000000  0.000000  0.003023
1  339.188544  339.188544  338.740553  -4.630868  0.700670  0.000000  0.000000  0.000000  0.000000  0.003023
1  338.740553  338.740553  338.208507  -4.724305  0.170612  0.000000  0.000000  0.000000  0.000000  0.003023
1  338.208507  338.208507  337.909502  -4.828133  -0.143106  0.000000  0.000000  0.000000  0.000000  0.003023
1  337.909502  337.909502  337.573789  -4.796215  0.036787  0.000000  0.000000  0.000000  0.000000  0.003023
1  337.573789  337.573789  337.183619  -4.638515  0.546920  0.000000  0.000000  0.000000  0.000000  0.003023
1  337.183619  337.183619  336.858743  -4.578787  0.547255  0.000000  0.000000  0.000000  0.000000  0.003023
1  336.858743  336.858743  336.467720  -4.686031  -0.040754  0.000000  0.000000  0.000000  0.000000  0.003023
1  336.467720  336.467720  336.229926  -4.412513  0.909627  0.000000  0.000000  0.000000  0.000000  0.003023
1  336.229926  336.229926  335.859891  -4.342173  0.892257  0.000000  0.000000  0.000000  0.000000  0.003023
1  335.859891  335.859891  335.561409  -4.122104  1.393065  0.000000  0.000000  0.000000  0.000000  0.003023
1  335.561409  335.561409  335.109274  -4.025231  1.325416  0.000000  0.000000  0.000000  0.000000  0.003023
1  335.109274  335.109274  334.817144  -3.799527  1.579500  0.000000  0.000000  0.000000  0.000000  0.003023
1  334.817144  334.817144  334.464394  -3.560603  1.873853  0.000000  0.000000  0.000000  0.000000  0.003023
1  334.464394  334.464394  334.095079  -3.476487  1.583115  0.000000  0.000000  0.000000  0.000000  0.003023
1  334.095079  334.095079  333.818905  -3.263635  1.803519  0.000000  0.000000  0.000000  0.000000  0.003023
1  333.818905  333.818905  333.501501  -3.289664  1.125458  0.000000  0.000000  0.000000  0.000000  0.003023
1  333.501501  333.501501  333.321321  -3.174627  1.186838  0.000000  0.000000  0.000000  0.000000  0.003023
1  333.321321  333.321321  333.106363  -3.097680  1.132840  0.000000  0.000000  0.000000  0.000000  0.003023
1  333.106363  333.106363  332.921387  -3.061780  0.881411  0.000000  0.000000  0.000000  0.000000  0.003023
1  332.921387  332.921387  332.634229  -2.989003  0.858347  0.000000  0.000000  0.000000  0.000000  0.003023
1  332.634229  332.634229  332.440690  -2.826106  1.029123  0.000000  0.000000  0.000000  0.000000  0.003023
1  332.440690  332.440690  332.196582  -2.731545  0.972420  0.000000  0.000000  0.000000  0.000000  0.003023
1  332.196582  332.196582  332.067147  -2.505037  1.392679  0.000000  0.000000  0.000000  0.000000  0.003023
1  332.067147  332.067147  331.807095  -2.526383  0.842962  0.000000  0.000000  0.000000  0.000000  0.003023
1  331.807095  331.807095  331.642072  -2.489088  0.639771  0.000000  0.000000  0.000000  0.000000  0.003023
1  331.642072  331.642072  331.548456  -2.343233  0.906487  0.000000  0.000000  0.000000  0.000000  0.003023
1  331.548456  331.548456  331.344024  -2.259724  0.866541  0.000000  0.000000  0.000000  0.000000  0.003023
1  331.344024  331.344024  331.259313  -2.038310  1.273279  0.000000  0.000000  0.000000  0.000000  0.003023
1  331.259313  331.259313  331.010251  -2.105087  0.632309  0.000000  0.000000  0.000000  0.000000  0.003023
1  331.010251  331.010251  330.886764  -2.002802  0.735594  0.000000  0.000000  0.000000  0.000000  0.003023
1  330.886764  330.886764  330.750609  -2.004646  0.526775  0.000000  0.000000  0.000000  0.000000  0.003023
1  330.750609  330.750609  330.595114  -1.961918  0.422941  0.000000  0.000000  0.000000  0.000000  0.003023
1  330.595114  330.595114  330.291908  -1.670485  1.269413  0.000000  0.000000  0.000000  0.000000  0.003023
1  330.291908  330.291908  330.227421  -1.638002  0.934682  0.000000  0.000000  0.000000  0.000000  0.003023
1  330.227421  330.227421  330.076397  -1.634799  0.627801  0.000000  0.000000  0.000000  0.000000  0.003023
1  330.076397  330.076397  329.921123  -1.452959  0.918879  0.000000  0.000000  0.000000  0.000000  0.003023
1  329.921123  329.921123  329.819077  -1.118530  1.752777  0.000000  0.000000  0.000000  0.000000  0.003023
1  329.819077  329.819077  329.740116  -1.093552  1.194438  0.000000  0.000000  0.000000  0.000000  0.003023
1  329.740116  329.740116  329.638321  -1.120402  0.802585  0.000000  0.000000  0.000000  0.000000  0.003023
1  329.638321  329.638321  329.530200  -0.978786  1.043415  0.000000  0.000000  0.000000  0.000000  0.003023
1  329.530200  329.530200  329.485799  -0.827717  1.153792  0.000000  0.000000  0.000000  0.000000  0.003023
1  329.485799  329.485799  329.371518  -0.770749  0.977200  0.000000  0.000000  0.000000  0.000000  0.003023
1  329.371518  329.371518  329.466786  -0.559216  1.407752  0.000000  0.000000  0.000000  0.000000  0.003023
1  329.466786  329.466786  329.584902  -0.691767  0.475273  0.000000  0.000000  0.000000  0.000000  0.003023
1  329.584902  329.584902  329.500754  -0.650702  0.399834  0.000000  0.000000  0.000000  0.000000  0.003023
1  329.500754  329.500754  329.469629  -0.441053  0.951631  0.000000  0.000000  0.000000  0.000000  0.003023
1  329.469629  329.469629  329.428774  -0.529612  0.356658  0.000000  0.000000  0.000000  0.000000  0.003023
1  329.428774  329.428774  329.360681  -0.284153  1.108763  0.000000  0.000000  0.000000  0.000000  0.003023
1  329.360681  329.360681  329.333392  -0.345657  0.569789  0.000000  0.000000  0.000000  0.000000  0.003023
1  329.333392  329.333392  329.295959  -0.193077  0.778236  0.000000  0.000000  0.000000  0.000000  0.003023
1  329.295959  329.295959  329.224152  -0.286049  0.261200  0.000000  0.000000  0.000000  0.000000  0.003023
1  329.224152  329.224152  329.173767  -0.123972  0.711343  0.000000  0.000000  0.000000  0.000000  0.003023
1  329.173767  329.173767  329.231570  0.008283  0.854654  0.000000  0.000000  0.000000  0.000000  0.003023
1  329.231570  329.231570  329.309656  -0.020223  0.532769  0.000000  0.000000  0.000000  0.000000  0.003023
1  329.309656  329.309656  329.281508  -0.028359  0.370274  0.000000  0.000000  0.000000  0.000000  0.003023
1  329.281508  329.281508  329.334802  0.129963  0.716754  0.000000  0.000000  0.000000  0.000000  0.003023
1  329.334802  329.334802  329.427026  0.064958  0.317979  0.000000  0.000000  0.000000  0.000000  0.003023
1  329.427026  329.427026  329.557446  0.031418  0.013368  0.000000  0.000000  0.000000  0.000000  0.003023
1  329.557446  329.557446  329.551930  0.146857  0.411044  0.000000  0.000000  0.000000  0.000000  0.003023
1  329.551930  329.551930  329.552667  -0.035909  -0.335482  0.000000  0.000000  0.000000  0.000000  0.003023
1  329.552667  329.552667  329.419275  -0.020152  -0.137437  0.000000  0.000000  0.000000  0.000000  0.003023
1  329.419275  329.419275  329.384455  -0.175660  -0.583210  0.000000  0.000000  0.000000  0.000000  0.003023
1  329.384455  329.384455  329.405671  -0.204336  -0.501230  0.000000  0.000000  0.000000  0.000000  0.003023
1  329.405671  329.405671  329.419112  -0.329821  -0.831216  0.000000  0.000000  0.000000  0.000000  0.003023
1  329.419112  329.419112  329.464749  -0.240900  -0.359495  0.000000  0.000000  0.000000  0.000000  0.003023
1  329.464749  329.464749  329.405624  -0.163636  0.071752  0.000000  0.000000  0.000000  0.000000  0.003023
1  329.405624  329.405624  329.324205  -0.513268  -1.023480  0.000000  0.000000  0.000000  0.000000  0.003023
1  329.324205  329.324205  329.324288  -0.392468  -0.349896  0.000000  0.000000  0.000000  0.000000  0.003023
1  329.324288  329.324288  329.255819  -0.378272  -0.169680  0.000000  0.000000  0.000000  0.000000  0.003023
1  329.255819  329.255819  329.290576  -0.332822  0.025438  0.000000  0.000000  0.000000  0.000000  0.003023
1  329.290576  329.290576  329.413063  -0.436573  -0.366979  0.000000  0.000000  0.000000  0.000000  0.003023
1  329.413063  329.413063  329.260883  -0.381860  0.046035  0.000000  0.000000  0.000000  0.000000  0.003023
1  329.260883  329.260883  329.207934  -0.337347  0.120567  0.000000  0.000000  0.000000  0.000000  0.003023
1  329.207934  329.207934  329.224541  -0.273954  0.350208  0.000000  0.000000  0.000000  0.000000  0.003023
1  329.224541  329.224541  329.227815  -0.202918  0.532315  0.000000  0.000000  0.000000  0.000000  0.003023
1  329.227815  329.227815  329.231221  -0.300630  0.024790  0.000000  0.000000  0.000000  0.000000  0.003023
1  329.231221  329.231221  329.164108  -0.158943  0.448827  0.000000  0.000000  0.000000  0.000000  0.003023
1  329.164108  329.164108  329.100343  -0.417816  -0.530195  0.000000  0.000000  0.000000  0.000000  0.003023
1  329.100343  329.100343  329.057984  -0.130985  0.532159  0.000000  0.000000  0.000000  0.000000  0.003023
1  329.057984  329.057984  329.181572  -0.281396  -0.145534  0.000000  0.000000  0.000000  0.000000  0.003023
1  329.181572  329.181572  329.088429  -0.131612  0.372759  0.000000  0.000000  0.000000  0.000000  0.003023
1  329.088429  329.088429  329.071779  -0.148523  0.251419  0.000000  0.000000  0.000000  0.000000  0.003023
1  329.071779  329.071779  329.045085  -0.152347  0.158524  0.000000  0.000000  0.000000  0.000000  0.003023
1  329.045085  329.045085  328.980506  -0.061560  0.454153  0.000000  0.000000  0.000000  0.000000  0.003023
1  328.980506  328.980506  329.066230  -0.042077  0.431226  0.000000  0.000000  0.000000  0.000000  0.003023
1  329.066230  329.066230  329.025653  -0.034991  0.269839  0.000000  0.000000  0.000000  0.000000  0.003023
1  329.025653  329.025653  329.029780  -0.060459  0.074024  0.000000  0.000000  0.000000  0.000000  0.003023
1  329.029780  329.029780  328.972313  0.055101  0.392390  0.000000  0.000000  0.000000  0.000000  0.003023
1  328.972313  328.972313  328.928524  0.176178  0.683197  0.000000  0.000000  0.000000  0.000000  0.003023
1  328.928524  328.928524  328.945356  0.334902  1.046092  0.000000  0.000000  0.000000  0.000000  0.003023
1  328.945356  328.945356  328.956274  0.134470  0.049739  0.000000  0.000000  0.000000  0.000000  0.003023
1  328.956274  328.956274  329.015610  0.160787  0.010978  0.000000  0.000000  0.000000  0.000000  0.003023
1  329.015610  329.015610  329.068811  0.185319  0.084149  0.000000  0.000000  0.000000  0.000000  0.003023
1  329.068811  329.068811  329.140711  0.248728  0.136406  0.000000  0.000000  0.000000  0.000000  0.003023
1  329.140711  329.140711  329.114181  0.422723  0.647500  0.000000  0.000000  0.000000  0.000000  0.003023
1  329.114181  329.114181  329.232525  0.568960  0.958936  0.000000  0.000000  0.000000  0.000000  0.003023
1  329.232525  329.232525  329.352482  0.666168  0.993660  0.000000  0.000000  0.000000  0.000000  0.003023
1  329.352482  329.352482  329.549395  0.689856  0.727939  0.000000  0.000000  0.000000  0.000000  0.003023
1  329.549395  329.549395  329.616702  0.757246  0.720375  0.000000  0.000000  0.000000  0.000000  0.003023
1  329.616702  329.616702  329.658564  0.874614  0.859261  0.000000  0.000000  0.000000  0.000000  0.003023
1  329.658564  329.658564  329.759407  0.739032  0.111868  0.000000  0.000000  0.000000  0.000000  0.003023
1  329.759407  329.759407  329.824883  0.503063  -0.793740  0.000000  0.000000  0.000000  0.000000  0.003023
1  329.824883  329.824883  329.889100  0.830389  0.538545  0.000000  0.000000  0.000000  0.000000  0.003023
1  329.889100  329.889100  329.924131  0.698506  -0.020920  0.000000  0.000000  0.000000  0.000000  0.003023
2  329.924131  329.924131  330.073413  0.698463  0.003651  0.000000  0.000000  0.000000  0.000000  0.003023
2  329.924131  329.993982  330.199406  0.699940  0.010087  0.079431  -0.000043  0.007943  -0.053952  0.065194
2  329.924131  330.063833  330.197830  0.603122  -0.308601  0.135574  0.023088  0.021500  -0.775297  -0.571936
2  329.924131  330.131518  330.237618  0.705746  0.108148  0.066313  -0.036869  0.028132  -1.129175  -1.029706
2  329.924131  330.195517  330.363120  0.609921  -0.256252  0.042101  0.112830  0.032342  -1.410770  -1.347619
2  329.924131  330.254809  330.516133  0.485595  -0.592123  0.108311  0.070459  0.043173  -1.719531  -1.557064
2  329.924131  330.308755  330.579836  0.297065  -0.978252  0.207379  0.003042  0.063911  -1.994019  -1.682951
2  329.924131  330.357010  330.621262  0.466536  -0.130564  0.222826  -0.127329  0.086193  -2.079253  -1.745014
2  329.924131  330.399449  330.660786  0.224472  -0.837331  0.221813  0.099913  0.108375  -2.091574  -1.758855
2  329.924131  330.436112  330.683249  -0.131408  -1.708506  0.224674  -0.085958  0.130842  -2.073793  -1.736781
2  329.924131  330.467155  330.678300  -0.079158  -0.990367  0.216094  -0.388071  0.152451  -2.012610  -1.688469
2  329.924131  330.492821  330.661819  -0.285082  -1.185991  0.185479  -0.285054  0.170999  -1.899721  -1.621504
2  329.924131  330.513411  330.737302  -0.437332  -1.264045  0.148408  -0.443577  0.185840  -1.764413  -1.541801
2  329.924131  330.529260  330.685195  -0.594661  -1.394734  0.208041  -0.551999  0.206644  -1.766014  -1.453952
2  329.924131  330.540727  330.660655  -0.612892  -1.054103  0.144468  -0.669157  0.221091  -1.578196  -1.361494
2  329.924131  330.548176  330.600769  -0.911299  -1.770738  0.112479  -0.650867  0.232339  -1.435848  -1.267130
2  329.924131  330.551974  330.618383  -0.851405  -0.975500  0.048795  -0.916330  0.237218  -1.246093  -1.172901
2  329.924131  330.552477  330.626179  -0.924754  -0.879070  0.065906  -0.826946  0.243809  -1.179185  -1.080326
2  329.924131  330.550031  330.566394  -1.078639  -1.191143  0.076148  -0.874102  0.251424  -1.104735  -0.990513
2  329.924131  330.544966  330.622868  -1.074618  -0.663683  0.021428  -1.004913  0.253567  -0.936390  -0.904248
2  329.924131  330.537593  330.498119  -1.209365  -0.865288  0.085275  -0.980743  0.262094  -0.949977  -0.822064
2  329.924131  330.528206  330.462786  -1.270448  -0.759111  -0.030087  -1.098068  0.259086  -0.699167  -0.744297
2  329.924131  330.517076  330.292512  -1.431622  -1.017121  -0.054290  -1.144253  0.253656  -0.589699  -0.671134
2  329.924131  330.504457  330.108402  -1.381633  -0.359781  -0.211944  -1.292855  0.232462  -0.284728  -0.602644
2  329.924131  330.490580  329.989020  -1.407976  -0.311656  -0.382178  -1.232426  0.194244  0.034458  -0.538809
2  329.924131  330.475659  329.847300  -1.416341  -0.223256  -0.486639  -1.250272  0.145580  0.250414  -0.479545
2  329.924131  330.459889  329.757351  -1.420332  -0.100622  -0.612589  -1.251906  0.084322  0.494164  -0.424718
2  329.924131  330.443445  329.565469  -1.663502  -0.841260  -0.686094  -1.250760  0.015712  0.654977  -0.374165
2  329.924131  330.426488  329.431727  -1.601210  -0.407473  -0.861019  -1.490227  -0.070390  0.963836  -0.327693
2  329.924131  330.409160  329.306674  -1.349670  0.558378  -0.977434  -1.425519  -0.168133  1.181051  -0.285100
2  329.924131  330.391591  329.265823  -1.423933  0.207528  -1.084917  -1.172708  -0.276625  1.381205  -0.246171
2  329.924131  330.373895  329.158245  -1.295179  0.622792  -1.108072  -1.246715  -0.387432  1.451419  -0.210690
2  329.924131  330.356173  329.052312  -1.117994  1.005805  -1.197929  -1.118601  -0.507225  1.618453  -0.178440
2  329.924131  330.338516  328.879904  -1.261008  0.148892  -1.286204  -0.942841  -0.635845  1.780096  -0.149210
2  329.924131  330.321000  328.842614  -0.930870  1.063044  -1.441097  -1.087964  -0.779955  2.038854  -0.122791
2  329.924131  330.303696  328.824905  -0.848867  0.928044  -1.461083  -0.760524  -0.926063  2.092639  -0.098985
2  329.924131  330.286661  328.699598  -0.699469  1.169625  -1.461757  -0.681725  -1.072239  2.115038  -0.077597
2  329.924131  330.269947  328.585698  -0.631973  1.049745  -1.570349  -0.535958  -1.229274  2.297077  -0.058446
2  329.924131  330.253596  328.455319  -0.621841  0.669652  -1.667898  -0.472451  -1.396064  2.460489  -0.041358
2  329.924131  330.237644  328.450046  -0.472111  1.010324  -1.782325  -0.466602  -1.574296  2.647321  -0.026167
2  329.924131  330.222120  328.412714  -0.394686  0.928267  -1.772074  -0.321393  -1.751504  2.645392  -0.012719
2  329.924131  330.207048  328.486680  -0.179681  1.331172  -1.794334  -0.248674  -1.930937  2.690633  -0.000868
2  329.924131  330.192447  328.334992  -0.005864  1.425561  -1.705767  -0.038515  -2.101514  2.568172  0.009522
2  329.924131  330.178330  328.341332  0.086314  1.163756  -1.843338  0.130359  -2.285847  2.783585  0.018578
2  329.924131  330.164708  328.352983  0.327531  1.618618  -1.823376  0.217532  -2.468185  2.761484  0.026419
2  329.924131  330.151586  328.403007  0.317392  1.053430  -1.798603  0.453715  -2.648045  2.731062  0.033157
2  329.924131  330.138968  328.431089  0.433853  0.949435  -1.735961  0.438540  -2.821642  2.642835  0.038893
2  329.924131  330.126853  328.444723  0.529419  0.938284  -1.695764  0.549991  -2.991218  2.587370  0.043723
2  329.924131  330.115239  328.452400  0.634329  1.000532  -1.670516  0.640592  -3.158270  2.553510  0.047735
2  329.924131  330.104122  328.516290  0.746532  1.108386  -1.651723  0.740603  -3.323442  2.528594  0.051010
2  329.924131  330.093495  328.481402  0.769009  0.876028  -1.577205  0.847988  -3.481162  2.419431  0.053624
2  329.924131  330.083349  328.571803  0.921571  0.978862  -1.601947  0.865743  -3.641357  2.458565  0.055644
2  329.924131  330.073676  328.688088  1.067611  1.181453  -1.501873  1.013689  -3.791544  2.309945  0.057136
2  329.924131  330.064464  328.853085  1.028365  0.653494  -1.376376  1.155230  -3.929182  2.122721  0.058157
2  329.924131  330.055702  328.959427  1.294238  1.301596  -1.202617  1.111610  -4.049444  1.862686  0.058760
2  329.924131  330.047377  328.971219  1.333207  1.078522  -1.087950  1.373239  -4.158239  1.690921  0.058996
2  329.924131  330.039477  329.134537  1.239489  0.282402  -1.068259  1.408100  -4.265065  1.661295  0.058907
2  329.924131  330.031988  329.336741  1.464988  0.941268  -0.897451  1.310413  -4.354810  1.404713  0.058536
2  329.924131  330.024896  329.536737  1.301667  0.124775  -0.688154  1.532084  -4.423625  1.090150  0.057919
2  329.924131  330.018186  329.635671  1.467091  0.590116  -0.481449  1.365078  -4.471770  0.779263  0.057089
2  329.924131  330.011845  329.679667  1.281749  -0.172061  -0.376174  1.526962  -4.509388  0.620339  0.056079
2  329.924131  330.005858  329.746539  1.188723  -0.419141  -0.326191  1.338222  -4.542007  0.544201  0.054914
2  329.924131  330.000211  329.899356  1.331374  0.187061  -0.253672  1.241940  -4.567374  0.434129  0.053621
2  329.924131  329.994889  330.101459  1.442838  0.566309  -0.095533  1.381477  -4.576927  0.195520  0.052221
2  329.924131  329.989878  330.298520  1.207866  -0.422060  0.111581  1.489966  -4.565769  -0.116636  0.050735
2  329.924131  329.985166  330.365826  1.491907  0.671640  0.313354  1.252155  -4.534434  -0.420849  0.049182
2  329.924131  329.980737  330.556967  1.140214  -0.650624  0.385089  1.533489  -4.495925  -0.530058  0.047576
2  329.924131  329.976579  330.590254  0.925589  -1.144483  0.580388  1.179221  -4.437886  -0.824648  0.045934
2  329.924131  329.972678  330.647208  0.762887  -1.264163  0.617576  0.962148  -4.376128  -0.882097  0.044267
2  329.924131  329.969022  330.692213  0.687983  -1.127234  0.678186  0.797120  -4.308310  -0.974691  0.042588
2  329.924131  329.965599  330.749332  0.724251  -0.663232  0.726614  0.720010  -4.235648  -1.049016  0.040905
2  329.924131  329.962396  330.884382  0.436280  -1.433507  0.786936  0.754188  -4.156955  -1.141175  0.039228
2  329.924131  329.959402  330.982991  0.335257  -1.255891  0.924979  0.464238  -4.064457  -1.349904  0.037565
2  329.924131  329.956606  331.101572  0.155762  -1.393391  1.026384  0.361345  -3.961818  -1.503655  0.035922
2  329.924131  329.953998  331.068421  0.085258  -1.124165  1.147574  0.180082  -3.847061  -1.687057  0.034304
2  329.924131  329.951566  331.102214  -0.216758  -1.780009  1.116856  0.107910  -3.735375  -1.642566  0.032718
2  329.924131  329.949301  331.084493  -0.266310  -1.375374  1.152914  -0.195680  -3.620084  -1.698205  0.031166
2  329.924131  329.947193  330.930672  -0.501104  -1.636213  1.137301  -0.246713  -3.506354  -1.676299  0.029652
2  329.924131  329.945233  330.980233  -0.536662  -1.198227  0.985439  -0.482902  -3.407810  -1.449979  0.028179
2  329.924131  329.943413  330.882412  -0.700682  -1.356731  1.036821  -0.519771  -3.304128  -1.528481  0.026749
2  329.924131  329.941724  330.855383  -0.940595  -1.686125  0.940689  -0.685023  -3.210059  -1.385668  0.025365
2  329.924131  329.940158  330.811490  -1.009086  -1.410279  0.915225  -0.926092  -3.118537  -1.348811  0.024026
2  329.924131  329.938707  330.745530  -1.196510  -1.522204  0.872782  -0.995667  -3.031258  -1.286438  0.022735
2  329.924131  329.937366  330.562462  -1.267972  -1.260993  0.808165  -1.184107  -2.950442  -1.190756  0.021492
2  329.924131  329.936125  330.439755  -1.596040  -2.019185  0.626337  -1.256519  -2.887808  -0.919210  0.020296
2  329.924131  329.934980  330.315269  -1.609013  -1.475169  0.504776  -1.585477  -2.837331  -0.738015  0.019149
2  329.924131  329.933924  330.080501  -1.708609  -1.369769  0.381346  -1.599280  -2.799196  -0.553970  0.018049
2  329.924131  329.932950  329.971172  -1.604111  -0.641984  0.147551  -1.699652  -2.784441  -0.204330  0.016996
2  329.924131  329.932055  329.831555  -1.734612  -0.801519  0.039117  -1.595878  -2.780529  -0.042685  0.015990
2  329.924131  329.931231  329.698768  -1.877555  -0.998294  -0.099676  -1.727052  -2.790497  0.164545  0.015030
2  329.924131  329.930475  329.473182  -1.799514  -0.425864  -0.231708  -1.870623  -2.813668  0.361676  0.014115
2  329.924131  329.929782  329.275770  -2.174467  -1.496567  -0.456600  -1.793166  -2.859328  0.698143  0.013243
2  329.924131  329.929147  329.007728  -2.163584  -1.030912  -0.653377  -2.168662  -2.924665  0.992481  0.012414
2  329.924131  329.928567  328.844699  -2.246331  -0.889664  -0.920839  -2.158283  -3.016749  1.392885  0.011627
2  329.924131  329.928037  328.631604  -2.143560  -0.195138  -1.083338  -2.241497  -3.125083  1.635887  0.010880
2  329.924131  329.927553  328.470582  -1.942734  0.552624  -1.295950  -2.139159  -3.254678  1.954096  0.010172
2  329.924131  329.927113  328.191528  -1.934845  0.426303  -1.456531  -1.938734  -3.400331  2.194298  0.009502
2  329.924131  329.926713  328.012072  -1.907606  0.349396  -1.735186  -1.931216  -3.573850  2.611646  0.008868
2  329.924131  329.926350  327.945052  -1.902706  0.195862  -1.914278  -1.904320  -3.765278  2.879686  0.008268
2  329.924131  329.926022  327.725160  -1.476946  1.526007  -1.980970  -1.899736  -3.963375  2.979158  0.007703
2  329.924131  329.925725  327.607430  -1.573662  0.715686  -2.200565  -1.474268  -4.183431  3.308016  0.007169
2  329.924131  329.925457  327.475929  -1.263912  1.481637  -2.318027  -1.571252  -4.415234  3.483707  0.006667
2  329.924131  329.925216  327.373462  -1.022623  1.834826  -2.449287  -1.261749  -4.660162  3.680125  0.006194
2  329.924131  329.925000  327.256167  -0.784935  2.058913  -2.551538  -1.020687  -4.915316  3.833056  0.005749
2  329.924131  329.924806  327.153189  -0.624474  1.999494  -2.668639  -0.783207  -5.182180  4.008290  0.005331
2  329.924131  329.924633  327.140739  -0.518127  1.568880  -2.771444  -0.622937  -5.459325  4.162104  0.004938
2  329.924131  329.924480  327.110369  -0.215079  2.026430  -2.783741  -0.516765  -5.737699  4.180182  0.004570
2  329.924131  329.924344  327.079985  -0.133401  1.611739  -2.813974  -0.213877  -6.019096  4.225186  0.004225
2  329.924131  329.924223  327.024977  0.076981  1.770351  -2.844238  -0.132344  -6.303520  4.270260  0.003902
2  329.924131  329.924118  326.969264  -0.040902  0.725317  -2.899140  0.077904  -6.593434  4.352311  0.003600
2  329.924131  329.924025  326.952613  0.310436  1.697707  -2.954761  -0.040099  -6.888910  4.435460  0.003318
2  329.924131  329.923945  326.924106  0.510736  1.762960  -2.971332  0.311130  -7.186043  4.460053  0.003054
2  329.924131  329.923876  326.977449  0.556403  1.295571  -2.999770  0.511330  -7.486020  4.502463  0.002808
2  329.924131  329.923816  327.025716  0.755858  1.528074  -2.946367  0.556907  -7.780657  4.422130  0.002579
2  329.924131  329.923766  327.071444  0.948235  1.638943  -2.898049  0.756281  -8.070462  4.349440  0.002366
2  329.924131  329.923723  327.225059  1.099577  1.564136  -2.852279  0.948584  -8.355690  4.280586  0.002167
2  329.924131  329.923689  327.362699  1.300443  1.800969  -2.698630  1.099861  -8.625553  4.049927  0.001982
2  329.924131  329.923660  327.340187  1.258922  1.056448  -2.560961  1.300667  -8.881649  3.843252  0.001811
2  329.924131  329.923638  327.428340  1.336321  0.920597  -2.583451  1.259094  -9.139994  3.876828  0.001652
2  329.924131  329.923621  327.626412  1.552971  1.376638  -2.495281  1.336446  -9.389522  3.744426  0.001504
2  329.924131  329.923608  327.775247  1.517340  0.819986  -2.297196  1.553054  -9.619242  3.447161  0.001368
2  329.924131  329.923600  327.940838  1.757296  1.313832  -2.148353  1.517386  -9.834077  3.223771  0.001242
2  329.924131  329.923595  328.069523  1.744865  0.958440  -1.982757  1.757310  -10.032353  2.975261  0.001125
2  329.924131  329.923594  328.246398  1.891381  1.043146  -1.854071  1.744850  -10.217760  2.782124  0.001017
2  329.924131  329.923595  328.458598  1.913994  0.766084  -1.677198  1.891341  -10.385480  2.516714  0.000918
2  329.924131  329.923599  328.591567  1.912760  0.530150  -1.465001  1.913932  -10.531980  2.198328  0.000826
2  329.924131  329.923605  328.723261  2.079264  0.977180  -1.332038  1.912680  -10.665184  1.998799  0.000742
2  329.924131  329.923613  328.891413  2.028006  0.445018  -1.200353  2.079168  -10.785219  1.801194  0.000664
2  329.924131  329.923623  329.183051  2.059366  0.314716  -1.032210  2.027896  -10.888440  1.548908  0.000593
2  329.924131  329.923634  329.374517  2.215574  0.709940  -0.740583  2.059245  -10.962498  1.111403  0.000528
2  329.924131  329.923646  329.513753  2.187886  0.316581  -0.549129  2.215444  -11.017411  0.824163  0.000469
2  329.924131  329.923659  329.702869  2.208714  0.253993  -0.409906  2.187749  -11.058402  0.615274  0.000414
2  329.924131  329.923673  329.919761  2.374274  0.852275  -0.220804  2.208571  -11.080482  0.331570  0.000364
2  329.924131  329.923687  330.144650  2.168179  -0.135678  -0.003926  2.374127  -11.080875  0.006208  0.000319
2  329.924131  329.923702  330.155569  2.098084  -0.372984  0.220948  2.168029  -11.058780  -0.331144  0.000278
2  329.924131  329.923717  330.412116  1.912690  -0.963674  0.231852  2.097932  -11.035595  -0.347538  0.000240
2  329.924131  329.923732  330.565270  2.019445  -0.352365  0.488384  1.912537  -10.986756  -0.732370  0.000206
2  329.924131  329.923747  330.721012  1.924976  -0.551486  0.641522  2.019292  -10.922604  -0.962108  0.000175
2  329.924131  329.923763  330.911760  1.780355  -0.833517  0.797249  1.924824  -10.842879  -1.195727  0.000147
2  329.924131  329.923778  331.099214  1.638528  -1.053500  0.987982  1.780204  -10.744081  -1.481851  0.000122
2  329.924131  329.923793  331.156108  1.225047  -2.070722  1.175421  1.638378  -10.626539  -1.763031  0.000100
2  329.924131  329.923808  331.359748  1.100055  -1.886233  1.232300  1.224900  -10.503309  -1.848371  0.000079
2  329.924131  329.923823  331.595606  0.987749  -1.606754  1.435925  1.099911  -10.359716  -2.153826  0.000061
2  329.924131  329.923837  331.685733  0.784109  -1.715512  1.671768  0.987608  -10.192540  -2.507608  0.000045
2  329.924131  329.923851  331.713465  0.658929  -1.566377  1.761882  0.783972  -10.016351  -2.642792  0.000031
2  329.924131  329.923865  331.722467  0.457306  -1.732649  1.789600  0.658796  -9.837391  -2.684383  0.000018
2  329.924131  329.923878  331.837573  0.123036  -2.265818  1.798589  0.457177  -9.657532  -2.697876  0.000007
2  329.924131  329.923891  331.817398  0.170631  -1.411707  1.913682  0.122911  -9.466164  -2.870526  -0.000003
2  329.924131  329.923904  331.742944  -0.307616  -2.645025  1.893494  0.170511  -9.276815  -2.840253  -0.000012
2  329.924131  329.923916  331.730800  -0.407850  -2.181478  1.819028  -0.307733  -9.094912  -2.728561  -0.000019
2  329.924131  329.923927  331.752855  -0.476391  -1.721483  1.806872  -0.407962  -8.914225  -2.710334  -0.000025
2  329.924131  329.923939  331.721830  -0.794475  -2.251903  1.828917  -0.476498  -8.731333  -2.743406  -0.000031
2  329.924131  329.923949  331.656198  -0.924098  -1.944414  1.797881  -0.794578  -8.551545  -2.696857  -0.000036
2  329.924131  329.923960  331.517710  -1.066080  -1.701486  1.732238  -0.924197  -8.378321  -2.598397  -0.000040
2  329.924131  329.923970  331.331674  -1.225472  -1.628745  1.593740  -1.066175  -8.218947  -2.390653  -0.000043
2  329.924131  329.923979  331.235630  -1.056524  -0.442633  1.407695  -1.225562  -8.078178  -2.111588  -0.000045
2  329.924131  329.923988  331.155591  -1.429171  -1.574979  1.311641  -1.056611  -7.947014  -1.967510  -0.000047
2  329.924131  329.923997  330.938886  -1.170790  -0.127269  1.231595  -1.429253  -7.823854  -1.847441  -0.000049
2  329.924131  329.924005  330.845649  -1.294989  -0.405995  1.014881  -1.170868  -7.722366  -1.522372  -0.000050
2  329.924131  329.924013  330.740049  -1.290328  -0.240301  0.921636  -1.295064  -7.630202  -1.382505  -0.000051
2  329.924131  329.924020  330.530186  -1.413571  -0.452352  0.816028  -1.290399  -7.548600  -1.224094  -0.000051
2  329.924131  329.924027  330.487281  -1.528216  -0.698187  0.606158  -1.413638  -7.487984  -0.909289  -0.000051
2  329.924131  329.924034  330.286914  -1.543559  -0.478029  0.563247  -1.528279  -7.431659  -0.844921  -0.000051
2  329.924131  329.924040  330.059760  -1.777470  -1.095048  0.362874  -1.543620  -7.395372  -0.544361  -0.000051
2  329.924131  329.924046  329.921077  -1.715935  -0.540209  0.135714  -1.777527  -7.381800  -0.203621  -0.000050
2  329.924131  329.924052  329.753920  -1.727097  -0.402491  -0.002975  -1.715989  -7.382098  0.004414  -0.000049
2  329.924131  329.924058  329.613707  -1.870704  -0.731372  -0.170138  -1.727147  -7.399112  0.255158  -0.000048
2  329.924131  329.924063  329.470476  -2.033027  -1.136694  -0.310355  -1.870752  -7.430147  0.465486  -0.000047
2  329.924131  329.924067  329.259602  -1.867914  -0.302618  -0.453591  -2.033072  -7.475506  0.680340  -0.000046
2  329.924131  329.924072  329.077033  -1.853807  -0.149634  -0.664470  -1.867956  -7.541953  0.996659  -0.000045
2  329.924131  329.924076  329.017164  -1.809931  0.031588  -0.847043  -1.853847  -7.626658  1.270521  -0.000044
2  329.924131  329.924080  328.858386  -1.820699  0.033168  -0.906916  -1.809968  -7.717349  1.360332  -0.000042
2  329.924131  329.924084  328.760545  -1.617061  0.716134  -1.065698  -1.820735  -7.823919  1.598506  -0.000041
2  329.924131  329.924087  328.461071  -1.713031  0.231682  -1.163543  -1.617094  -7.940273  1.745275  -0.000039
2  329.924131  329.924091  328.297282  -1.576928  0.560177  -1.463020  -1.713062  -8.086575  2.194492  -0.000038
2  329.924131  329.924094  328.221530  -1.407879  0.924462  -1.626811  -1.576957  -8.249256  2.440181  -0.000036
2  329.924131  329.924097  328.110616  -1.247148  1.094606  -1.702567  -1.407906  -8.419513  2.553815  -0.000035
2  329.924131  329.924099  327.960134  -1.094979  1.242046  -1.813483  -1.247174  -8.600861  2.720191  -0.000033
2  329.924131  329.924102  327.858787  -0.917357  1.449599  -1.963968  -1.095002  -8.797258  2.945919  -0.000032
2  329.924131  329.924104  327.724787  -0.872311  1.138684  -2.065317  -0.917379  -9.003790  3.097945  -0.000031
2  329.924131  329.924106  327.555302  -0.656253  1.415284  -2.199320  -0.872331  -9.223722  3.298950  -0.000029
2  329.924131  329.924108  327.536395  -0.309193  2.096572  -2.368807  -0.656272  -9.460602  3.553182  -0.000028
2  329.924131  329.924110  327.578720  -0.141749  1.992600  -2.387716  -0.309210  -9.699374  3.581547  -0.000027
2  329.924131  329.924112  327.516834  0.249826  2.557390  -2.345392  -0.141766  -9.933913  3.518063  -0.000025
2  329.924131  329.924114  327.513858  0.547755  2.741978  -2.407280  0.249811  -10.174641  3.610896  -0.000024
2  329.924131  329.924115  327.521007  0.563095  1.879724  -2.410257  0.547741  -10.415667  3.615363  -0.000023
2  329.924131  329.924117  327.448894  0.904163  2.377668  -2.403110  0.563082  -10.655978  3.604644  -0.000022
2  329.924131  329.924118  327.593690  0.948872  1.762604  -2.475224  0.904151  -10.903500  3.712816  -0.000020
2  329.924131  329.924119  327.649830  1.123151  1.740664  -2.330430  0.948861  -11.136543  3.495625  -0.000019
2  329.924131  329.924120  327.748223  1.457002  2.317040  -2.274291  1.123140  -11.363972  3.411418  -0.000018
2  329.924131  329.924121  327.884238  1.656992  2.242041  -2.175899  1.456992  -11.581562  3.263831  -0.000017
2  329.924131  329.924122  327.951095  1.731497  1.716264  -2.039884  1.656983  -11.785551  3.059810  -0.000016
2  329.924131  329.924123  328.112193  1.770900  1.331089  -1.973028  1.731489  -11.982853  2.959527  -0.000015
2  329.924131  329.924124  328.181450  1.696613  0.591774  -1.811931  1.770892  -12.164047  2.717882  -0.000014
2  329.924131  329.924125  328.344258  1.866154  1.000602  -1.742675  1.696606  -12.338314  2.613999  -0.000014
2  329.924131  329.924126  328.515230  1.853264  0.589918  -1.579867  1.866147  -12.496301  2.369788  -0.000013
2  329.924131  329.924126  328.659308  2.054242  1.129298  -1.408896  1.853258  -12.637190  2.113333  -0.000012
2  329.924131  329.924127  328.964865  2.040653  0.728060  -1.264819  2.054236  -12.763672  1.897217  -0.000011
2  329.924131  329.924127  329.201329  2.125312  0.839829  -0.959262  2.040648  -12.859598  1.438883  -0.000010
2  329.924131  329.924128  329.480358  2.123917  0.604598  -0.722799  2.125308  -12.931878  1.084188  -0.000010
2  329.924131  329.924128  329.609145  1.864318  -0.500663  -0.443770  2.123913  -12.976255  0.665646  -0.000009
2  329.924131  329.924129  329.713870  1.853577  -0.434912  -0.314983  1.864314  -13.007754  0.472467  -0.000009
2  329.924131  329.924129  329.811037  1.720984  -0.712588  -0.210259  1.853573  -13.028780  0.315381  -0.000008
2  329.924131  329.924129  330.053051  1.713792  -0.595943  -0.113092  1.720981  -13.040089  0.169631  -0.000007
2  329.924131  329.924130  330.179015  1.811187  -0.039745  0.128921  1.713789  -13.027197  -0.193388  -0.000007
2  329.924131  329.924130  330.345798  1.597370  -0.775153  0.254885  1.811184  -13.001708  -0.382334  -0.000006
2  329.924131  329.924130  330.604082  1.683930  -0.158230  0.421668  1.597368  -12.959541  -0.632507  -0.000006
2  329.924131  329.924130  330.628077  1.704447  0.024801  0.679952  1.683928  -12.891546  -1.019933  -0.000006
2  329.924131  329.924131  330.792434  1.545672  -0.394297  0.703946  1.704445  -12.821152  -1.055924  -0.000005
2  329.924131  329.924131  330.929273  1.364070  -0.874500  0.868303  1.545671  -12.734321  -1.302460  -0.000005
2  329.924131  329.924131  331.070846  1.017358  -1.813930  1.005142  1.364069  -12.633807  -1.507717  -0.000004
2  329.924131  329.924131  331.134330  0.677551  -2.412500  1.146715  1.017356  -12.519136  -1.720077  -0.000004
2  329.924131  329.924131  331.158553  0.661328  -1.599860  1.210198  0.677550  -12.398116  -1.815302  -0.000004
2  329.924131  329.924131  331.214075  0.338643  -2.153343  1.234421  0.661327  -12.274674  -1.851636  -0.000004
2  329.924131  329.924131  331.316978  0.139451  -2.123972  1.289944  0.338642  -12.145679  -1.934919  -0.000003
2  329.924131  329.924132  331.292041  -0.050107  -2.043773  1.392847  0.139451  -12.006395  -2.089273  -0.000003
2  329.924131  329.924132  331.363425  -0.034356  -1.275856  1.367909  -0.050108  -11.869604  -2.051867  -0.000003
2  329.924131  329.924132  331.333098  -0.188431  -1.315557  1.439293  -0.034357  -11.725674  -2.158942  -0.000003
2  329.924131  329.924132  331.328861  -0.689286  -2.435884  1.408966  -0.188431  -11.584778  -2.113452  -0.000002
2  329.924131  329.924132  331.194057  -0.607411  -1.313460  1.404729  -0.689286  -11.444305  -2.107095  -0.000002
2  329.924131  329.924132  331.061859  -0.762925  -1.361267  1.269925  -0.607411  -11.317312  -1.904889  -0.000002
2  329.924131  329.924132  330.956584  -0.873809  -1.265041  1.137727  -0.762925  -11.203540  -1.706593  -0.000002
2  329.924131  329.924132  331.071536  -0.854415  -0.796294  1.032452  -0.873809  -11.100294  -1.548680  -0.000002
2  329.924131  329.924132  331.020449  -1.079359  -1.392735  1.147404  -0.854415  -10.985554  -1.721107  -0.000002
2  329.924131  329.924132  330.933026  -1.176918  -1.312144  1.096317  -1.079360  -10.875922  -1.644477  -0.000001
2  329.924131  329.924132  330.855498  -1.248152  -1.205551  1.008894  -1.176918  -10.775033  -1.513342  -0.000001
2  329.924131  329.924132  330.745083  -1.212505  -0.713553  0.931366  -1.248153  -10.681896  -1.397050  -0.000001
2  329.924131  329.924132  330.661717  -1.254019  -0.560604  0.820952  -1.212505  -10.599801  -1.231428  -0.000001
2  329.924131  329.924132  330.498743  -1.377357  -0.766127  0.737585  -1.254019  -10.526043  -1.106378  -0.000001
2  329.924131  329.924132  330.369929  -1.510873  -0.962107  0.574611  -1.377357  -10.468582  -0.861917  -0.000001
2  329.924131  329.924132  330.223793  -1.494102  -0.546083  0.445797  -1.510873  -10.424002  -0.668696  -0.000001
2  329.924131  329.924132  329.990035  -1.468551  -0.232213  0.299661  -1.494102  -10.394036  -0.449492  -0.000001
2  329.924131  329.924132  329.883535  -1.458700  -0.129158  0.065903  -1.468551  -10.387446  -0.098855  -0.000001
2  329.924131  329.924132  329.719665  -1.398565  0.230990  -0.040596  -1.458699  -10.391505  0.060894  -0.000001
2  329.924131  329.924132  329.598344  -1.467280  -0.095086  -0.204467  -1.398565  -10.411952  0.306700  -0.000000
2  329.924131  329.924132  329.492465  -1.328056  0.355813  -0.325788  -1.467280  -10.444531  0.488682  -0.000000
2  329.924131  329.924132  329.333526  -1.224558  0.605668  -0.431667  -1.328056  -10.487698  0.647500  -0.000000
2  329.924131  329.924132  329.183524  -1.398289  -0.169231  -0.590606  -1.224558  -10.546758  0.885908  -0.000000
2  329.924131  329.924132  329.112411  -1.345906  0.072352  -0.740608  -1.398289  -10.620819  1.110911  -0.000000
2  329.924131  329.924132  329.059157  -1.307961  0.204379  -0.811721  -1.345906  -10.701991  1.217581  -0.000000
2  329.924131  329.924132  328.934455  -1.271169  0.255270  -0.864974  -1.307961  -10.788488  1.297462  -0.000000
2  329.924131  329.924132  328.769525  -1.309634  0.031536  -0.989677  -1.271169  -10.887456  1.484515  -0.000000
2  329.924131  329.924132  328.680258  -1.227037  0.274355  -1.154607  -1.309634  -11.002917  1.731910  -0.000000
2  329.924131  329.924132  328.539445  -1.132290  0.569761  -1.243874  -1.227037  -11.127304  1.865810  -0.000000
2  329.924131  329.924132  328.394968  -1.133070  0.352622  -1.384687  -1.132290  -11.265773  2.077030  -0.000000
2  329.924131  329.924132  328.294367  -1.034013  0.557205  -1.529164  -1.133070  -11.418689  2.293745  -0.000000
2  329.924131  329.924132  328.119486  -0.990826  0.559068  -1.629764  -1.034012  -11.581666  2.444647  -0.000000
2  329.924131  329.924132  327.980431  -0.871594  0.788314  -1.804646  -0.990826  -11.762130  2.706969  -0.000000
2  329.924131  329.924132  327.954783  -0.560908  1.600647  -1.943700  -0.871594  -11.956500  2.915550  -0.000000
2  329.924131  329.924132  327.947581  -0.425745  1.569346  -1.969349  -0.560908  -12.153435  2.954023  -0.000000
2  329.924131  329.924132  327.852831  -0.129268  2.025938  -1.976551  -0.425745  -12.351090  2.964826  -0.000000
2  329.924131  329.924132  327.847589  -0.025185  1.714148  -2.071301  -0.129268  -12.558220  3.106951  -0.000000
2  329.924131  329.924132  327.877598  -0.169321  0.765958  -2.076543  -0.025185  -12.765875  3.114814  -0.000000
2  329.924131  329.924132  327.873984  -0.031261  0.905416  -2.046534  -0.169321  -12.970528  3.069801  0.000000
2  329.924131  329.924132  327.752055  0.035703  0.879634  -2.050148  -0.031260  -13.175543  3.075222  0.000000
2  329.924131  329.924132  327.776173  0.253667  1.258123  -2.172077  0.035703  -13.392750  3.258115  0.000000
2  329.924131  329.924132  327.789287  0.310900  1.025920  -2.147959  0.253667  -13.607546  3.221939  0.000000
2  329.924131  329.924132  327.781459  0.660808  1.835115  -2.134845  0.310900  -13.821031  3.202268  0.000000
2  329.924131  329.924132  327.899282  0.787118  1.674020  -2.142673  0.660808  -14.035298  3.214010  0.000000
2  329.924131  329.924132  327.987891  1.018290  1.824922  -2.024850  0.787118  -14.237783  3.037275  0.000000
2  329.924131  329.924132  328.130235  1.293918  2.034643  -1.936241  1.018290  -14.431407  2.904362  0.000000
2  329.924131  329.924132  328.244755  1.275930  1.332433  -1.793897  1.293918  -14.610797  2.690845  0.000000
2  329.924131  329.924132  328.316904  1.225942  0.684979  -1.679377  1.275930  -14.778735  2.519065  0.000000
2  329.924131  329.924132  328.523806  1.465790  1.188658  -1.607228  1.225942  -14.939457  2.410842  0.000000
2  329.924131  329.924132  328.614410  1.391310  0.547506  -1.400326  1.465790  -15.079490  2.100488  0.000000
2  329.924131  329.924132  328.806997  1.481359  0.584949  -1.309721  1.391310  -15.210462  1.964582  0.000000
2  329.924131  329.924132  329.025508  1.695813  0.978830  -1.117135  1.481359  -15.322176  1.675702  0.000000
2  329.924131  329.924132  329.130501  1.680897  0.695296  -0.898623  1.695813  -15.412038  1.347935  0.000000
2  329.924131  329.924132  329.232575  1.553821  0.047813  -0.793631  1.680897  -15.491401  1.190446  0.000000
2  329.924131  329.924132  329.351541  1.575981  0.029137  -0.691557  1.553821  -15.560557  1.037335  0.000000
2  329.924131  329.924132  329.495274  1.482585  -0.265686  -0.572591  1.575982  -15.617816  0.858887  0.000000
2  329.924131  329.924132  329.591409  1.551111  0.081217  -0.428857  1.482585  -15.660701  0.643286  0.000000
2  329.924131  329.924132  329.693746  1.393973  -0.497477  -0.332723  1.551111  -15.693974  0.499084  0.000000
2  329.924131  329.924132  329.772917  1.337869  -0.503946  -0.230386  1.393973  -15.717012  0.345579  0.000000
2  329.924131  329.924132  329.874419  1.374912  -0.294350  -0.151215  1.337869  -15.732134  0.226822  0.000000
2  329.924131  329.924132  329.989188  1.221961  -0.703377  -0.049712  1.374912  -15.737105  0.074569  0.000000
2  329.924131  329.924132  330.155686  1.161999  -0.708293  0.065056  1.221961  -15.730599  -0.097584  0.000000
2  329.924131  329.924131  330.186995  1.127555  -0.595631  0.231555  1.161999  -15.707444  -0.347332  0.000000
2  329.924131  329.924131  330.326968  0.975597  -0.926488  0.262863  1.127556  -15.681158  -0.394295  0.000000
2  329.924131  329.924131  330.366345  0.838112  -1.054763  0.402836  0.975597  -15.640874  -0.604254  0.000000
2  329.924131  329.924131  330.404103  0.592179  -1.578956  0.442214  0.838112  -15.596653  -0.663321  0.000000
2  329.924131  329.924131  330.402283  0.543772  -1.294019  0.479972  0.592179  -15.548656  -0.719957  0.000000
2  329.924131  329.924131  330.455024  0.480661  -1.051160  0.478152  0.543772  -15.500840  -0.717228  0.000000
2  329.924131  329.924131  330.459243  0.298535  -1.279257  0.530892  0.480661  -15.447751  -0.796338  0.000000
2  329.924131  329.924131  330.456300  0.126910  -1.419924  0.535112  0.298535  -15.394240  -0.802668  0.000000
2  329.924131  329.924131  330.519224  -0.330007  -2.494454  0.532169  0.126910  -15.341023  -0.798253  0.000000
2  329.924131  329.924131  330.585393  -0.280838  -1.559147  0.595092  -0.330007  -15.281514  -0.892639  0.000000
2  329.924131  329.924131  330.468780  -0.547201  -1.978393  0.661262  -0.280838  -15.215388  -0.991893  0.000000
2  329.924131  329.924131  330.540325  -0.565263  -1.357162  0.544649  -0.547201  -15.160923  -0.816973  0.000000
2  329.924131  329.924131  330.482196  -0.690058  -1.279527  0.616194  -0.565263  -15.099303  -0.924291  0.000000
2  329.924131  329.924131  330.377196  -0.918665  -1.701575  0.558064  -0.690058  -15.043497  -0.837097  0.000000
2  329.924131  329.924131  330.373991  -1.073567  -1.650851  0.453065  -0.918665  -14.998190  -0.679597  0.000000
2  329.924131  329.924131  330.313761  -0.999536  -0.830828  0.449860  -1.073567  -14.953204  -0.674789  0.000000
2  329.924131  329.924131  330.144898  -1.110794  -0.815054  0.389629  -0.999536  -14.914242  -0.584444  0.000000
2  329.924131  329.924131  330.058155  -1.380948  -1.534488  0.220766  -1.110794  -14.892165  -0.331149  0.000000
2  329.924131  329.924131  329.927850  -1.536477  -1.587874  0.134023  -1.380948  -14.878763  -0.201035  0.000000
2  329.924131  329.924131  329.623561  -1.510451  -0.986458  0.003719  -1.536477  -14.878391  -0.005578  0.000000
2  329.924131  329.924131  329.538075  -1.527317  -0.750494  -0.300571  -1.510451  -14.908448  0.450856  0.000000
2  329.924131  329.924131  329.447689  -1.477439  -0.341895  -0.386056  -1.527317  -14.947053  0.579085  0.000000
2  329.924131  329.924131  329.338005  -1.355722  0.194348  -0.476443  -1.477439  -14.994698  0.714664  0.000000
2  329.924131  329.924131  329.104004  -1.621428  -0.704699  -0.586127  -1.355722  -15.053310  0.879190  0.000000
2  329.924131  329.924131  329.026909  -1.576580  -0.294072  -0.820127  -1.621428  -15.135323  1.230191  0.000000
2  329.924131  329.924131  328.865221  -1.567810  -0.167826  -0.897222  -1.576580  -15.225045  1.345834  0.000000
2  329.924131  329.924131  328.596018  -1.471737  0.171912  -1.058910  -1.567810  -15.330936  1.588366  0.000000
2  329.924131  329.924131  328.435325  -1.480342  0.075117  -1.328113  -1.471737  -15.463748  1.992170  0.000000
2  329.924131  329.924131  328.265739  -1.487005  0.066727  -1.488807  -1.480342  -15.612628  2.233210  0.000000
2  329.924131  329.924131  328.158123  -1.449678  0.133573  -1.658392  -1.487005  -15.778468  2.487588  0.000000
2  329.924131  329.924131  327.943402  -1.323695  0.458481  -1.766008  -1.449678  -15.955068  2.649013  0.000000
2  329.924131  329.924131  327.893348  -1.022172  1.302411  -1.980730  -1.323695  -16.153141  2.971095  0.000000
2  329.924131  329.924131  327.781022  -0.877823  1.438990  -2.030784  -1.022172  -16.356220  3.046176  0.000000
2  329.924131  329.924131  327.639506  -0.626941  1.808212  -2.143109  -0.877823  -16.570531  3.214664  0.000000
2  329.924131  329.924131  327.619477  -0.627963  1.338168  -2.284626  -0.626941  -16.798993  3.426938  0.000000
2  329.924131  329.924131  327.611858  -0.405091  1.564010  -2.304654  -0.627963  -17.029459  3.456981  0.000000
2  329.924131  329.924131  327.590263  -0.071391  2.159981  -2.312273  -0.405091  -17.260686  3.468410  0.000000
2  329.924131  329.924131  327.508151  -0.069776  1.538818  -2.333868  -0.071391  -17.494073  3.500802  0.000000
2  329.924131  329.924131  327.424757  0.360361  2.450294  -2.415981  -0.069776  -17.735671  3.623971  0.000000
2  329.924131  329.924131  327.331958  0.336407  1.551957  -2.499375  0.360361  -17.985608  3.749062  0.000000
2  329.924131  329.924131  327.348205  0.589854  1.812474  -2.592174  0.336407  -18.244826  3.888261  0.000000
2  329.924131  329.924131  327.448179  0.686248  1.583319  -2.575927  0.589854  -18.502418  3.863890  0.000000
2  329.924131  329.924131  327.529131  0.872138  1.679711  -2.475953  0.686248  -18.750014  3.713929  0.000000
2  329.924131  329.924131  327.583904  1.097466  1.914280  -2.395000  0.872138  -18.989514  3.592500  0.000000
2  329.924131  329.924131  327.715394  1.307188  1.931671  -2.340228  1.097466  -19.223536  3.510342  0.000000
2  329.924131  329.924131  327.868556  1.486779  1.950033  -2.208737  1.307188  -19.444410  3.313106  0.000000
2  329.924131  329.924131  328.046088  1.636320  1.790144  -2.055575  1.486779  -19.649968  3.083363  0.000000
2  329.924131  329.924131  328.095322  1.797194  1.756780  -1.878043  1.636320  -19.837772  2.817065  0.000000
2  329.924131  329.924131  328.275880  1.867075  1.432193  -1.828810  1.797194  -20.020653  2.743215  0.000000
2  329.924131  329.924131  328.531230  1.900215  0.992755  -1.648252  1.867075  -20.185478  2.472378  0.000000
2  329.924131  329.924131  328.834710  1.986344  0.958671  -1.392901  1.900215  -20.324768  2.089352  0.000000
2  329.924131  329.924131  328.998400  2.072588  0.919881  -1.089422  1.986344  -20.433711  1.634133  0.000000
2  329.924131  329.924131  329.205653  2.040058  0.449148  -0.925731  2.072588  -20.526284  1.388597  0.000000
2  329.924131  329.924131  329.324445  2.007435  0.148796  -0.718479  2.040058  -20.598132  1.077718  0.000000
2  329.924131  329.924131  329.508767  1.924603  -0.189602  -0.599687  2.007435  -20.658100  0.899530  0.000000
2  329.924131  329.924131  329.645914  1.806442  -0.557827  -0.415365  1.924603  -20.699637  0.623047  0.000000
2  329.924131  329.924131  329.752535  1.911997  -0.095355  -0.278217  1.806442  -20.727458  0.417326  0.000000
1  329.752535  329.924131  329.807887  1.726561  -0.645358  -0.171596  1.911997  -20.744618  0.257395  0.000000
1  329.807887  329.807887  330.016447  1.742203  -0.411871  0.000000  0.000000  0.000000  0.000000  0.000000
1  330.016447  330.016447  330.209077  1.680199  -0.448588  0.000000  0.000000  0.000000  0.000000  0.000000
1  330.209077  330.209077  330.349631  1.729658  -0.116300  0.000000  0.000000  0.000000  0.000000  0.000000
1  330.349631  330.349631  330.550697  1.432505  -1.102035  0.000000  0.000000  0.000000  0.000000  0.000000
1  330.550697  330.550697  330.683873  1.560966  -0.346136  0.000000  0.000000  0.000000  0.000000  0.000000
