-0.774524  -0.774524  0
-0.774524  -0.774661  0
-0.774524  -0.774566  0
-0.774524  -0.774299  0
-0.774524  -0.774492  0
-0.774524  -0.774407  0
-0.774524  -0.775425  0
-0.774524  -0.774601  0
-0.774524  -0.774978  0
-0.774524  -0.774421  0
-0.774524  -0.775668  0
-0.774524  -0.775656  0
-0.774524  -0.775653  0
-0.774524  -0.775424  0
-0.774524  -0.774811  0
-0.774524  -0.775031  0
-0.774524  -0.775760  0
-0.774524  -0.775068  0
-0.774524  -0.775330  0
-0.774524  -0.775040  0
-0.774524  -0.775828  0
-0.774524  -0.775693  0
-0.774524  -0.774725  0
-0.774524  -0.774486  0
-0.774524  -0.775001  0
-0.774524  -0.774781  0
-0.774524  -0.775564  0
-0.774524  -0.774708  0
-0.774524  -0.774942  0
-0.774524  -0.774422  0
-0.774524  -0.775018  0
-0.774524  -0.774884  0
-0.774524  -0.775175  0
-0.774524  -0.774954  0
-0.774524  -0.775755  0
-0.774524  -0.775789  0
-0.774524  -0.776215  0
-0.774524  -0.775578  0
-0.774524  -0.775934  0
-0.774524  -0.775116  0
-0.774524  -0.774893  0
-0.774524  -0.774994  0
-0.774524  -0.775236  0
-0.774524  -0.774310  0
-0.774524  -0.776012  0
-0.774524  -0.774993  0
-0.774524  -0.774841  0
-0.774524  -0.774524  0
-0.774524  -0.775178  0
-0.774524  -0.775935  0
-0.774524  -0.775285  0
-0.774524  -0.774640  0
-0.774524  -0.774956  0
-0.774524  -0.774745  0
-0.774524  -0.774863  0
-0.774524  -0.775353  0
-0.774524  -0.775335  0
-0.774524  -0.774329  0
-0.774524  -0.774340  0
-0.774524  -0.775100  0
-0.774524  -0.773501  0
-0.774524  -0.774154  0
-0.774524  -0.774595  0
-0.774524  -0.774096  0
-0.774524  -0.775520  0
-0.774524  -0.774275  0
-0.774524  -0.775409  0
-0.774524  -0.775924  0
-0.774524  -0.775233  0
-0.774524  -0.776271  0
-0.774524  -0.774576  0
-0.774524  -0.774770  0
-0.774524  -0.773016  0
-0.774524  -0.774836  0
-0.774524  -0.775189  0
-0.774524  -0.774724  0
-0.774524  -0.774957  0
-0.774524  -0.775465  0
-0.774524  -0.775361  0
-0.774524  -0.776142  0
-0.774524  -0.776004  0
-0.774524  -0.775713  0
-0.774524  -0.775275  0
-0.774524  -0.776045  0
-0.774524  -0.775280  0
-0.774524  -0.775378  0
-0.774524  -0.774621  0
-0.774524  -0.776793  0
-0.774524  -0.776892  0
-0.774524  -0.775803  0
-0.774524  -0.775883  0
-0.774524  -0.775469  0
-0.774524  -0.775083  0
-0.774524  -0.775599  0
-0.774524  -0.775236  0
-0.774524  -0.773729  0
-0.774524  -0.774655  0
-0.774524  -0.774576  0
-0.774524  -0.774481  0
-0.774524  -0.776110  0
-0.774524  -0.774587  0
-0.774524  -0.774654  0
-0.774524  -0.774944  0
-0.774524  -0.775098  0
-0.774524  -0.774750  0
-0.774524  -0.774799  0
-0.774524  -0.774408  0
-0.774524  -0.774974  0
-0.774524  -0.774971  0
-0.774524  -0.775088  0
-0.774524  -0.773855  0
-0.774524  -0.775389  0
-0.774524  -0.774501  0
-0.774524  -0.773831  0
-0.774524  -0.774359  0
-0.774524  -0.774194  0
-0.774524  -0.774765  0
-0.774524  -0.774778  0
-0.774524  -0.774813  0
-0.774524  -0.774186  0
-0.774524  -0.774539  0
-0.774524  -0.775085  0
-0.774524  -0.773735  0
-0.774524  -0.774516  0
-0.774524  -0.773816  0
-0.774524  -0.775209  0
-0.774524  -0.775228  0
-0.774524  -0.775327  0
-0.774524  -0.774574  0
-0.774524  -0.775478  0
-0.774524  -0.775338  0
-0.774524  -0.775551  0
-0.774524  -0.775840  0
-0.774524  -0.775439  0
-0.774524  -0.774909  0
-0.774524  -0.775166  0
-0.774524  -0.774923  0
-0.774524  -0.774741  0
-0.774524  -0.774477  0
-0.774524  -0.775258  0
-0.774524  -0.775035  0
-0.774524  -0.774957  0
-0.774524  -0.775038  0
-0.774524  -0.775796  0
-0.774524  -0.775652  0
-0.774524  -0.775329  0
-0.774524  -0.775640  0
-0.774524  -0.775693  0
-0.774524  -0.774835  0
-0.774524  -0.776639  0
-0.774524  -0.775817  0
-0.774524  -0.777324  0
-0.774524  -0.774872  0
-0.774524  -0.775555  0
-0.774524  -0.775275  0
-0.774524  -0.775342  0
-0.774524  -0.774567  0
-0.774524  -0.775263  0
-0.774524  -0.774545  0
-0.774524  -0.775093  0
-0.774524  -0.773783  0
-0.774524  -0.775119  0
-0.774524  -0.774433  0
-0.774524  -0.775999  0
-0.774524  -0.775222  0
-0.774524  -0.774003  0
-0.774524  -0.774155  0
-0.774524  -0.776180  0
-0.774524  -0.774865  0
-0.774524  -0.775048  0
-0.774524  -0.774954  0
-0.774524  -0.774960  0
-0.774524  -0.774927  0
-0.774524  -0.775122  0
-0.774524  -0.774452  0
-0.774524  -0.775251  0
-0.774524  -0.775003  0
-0.774524  -0.775132  0
-0.774524  -0.775740  0
-0.774524  -0.775360  0
-0.774524  -0.775195  0
-0.774524  -0.775567  0
-0.774524  -0.775272  0
-0.774524  -0.774744  0
-0.774524  -0.774575  0
-0.774524  -0.774147  0
-0.774524  -0.775172  0
-0.774524  -0.775237  0
-0.774524  -0.774768  0
-0.774524  -0.774097  0
-0.774524  -0.774542  0
-0.774524  -0.775580  0
-0.774524  -0.774186  0
-0.774524  -0.774827  0
-0.774524  -0.774085  0
-0.774524  -0.775243  0
-0.774524  -0.776388  0
-0.774524  -0.774920  0
-0.774524  -0.774882  0
-0.774524  -0.775964  0
-0.774524  -0.775575  0
-0.774524  -0.775599  0
-0.774524  -0.774230  0
-0.774524  -0.774182  0
-0.774524  -0.774802  0
-0.774524  -0.775738  0
-0.774524  -0.774339  0
-0.774524  -0.774770  0
-0.774524  -0.774057  0
-0.774524  -0.775916  0
-0.774524  -0.774965  0
-0.774524  -0.775630  0
-0.774524  -0.774754  0
-0.774524  -0.775525  0
-0.774524  -0.775086  0
-0.774524  -0.774740  0
-0.774524  -0.774170  0
-0.774524  -0.774485  0
-0.774524  -0.774355  0
-0.774524  -0.774563  0
-0.774524  -0.774518  0
-0.774524  -0.775046  0
-0.774524  -0.774642  0
-0.774524  -0.774426  0
-0.774524  -0.774898  0
-0.774524  -0.774827  0
-0.774524  -0.775367  0
-0.774524  -0.774612  0
-0.774524  -0.774233  0
-0.774524  -0.775263  0
-0.774524  -0.775334  0
-0.774524  -0.774755  0
-0.774524  -0.774428  0
-0.774524  -0.775469  0
-0.774524  -0.775214  0
-0.774524  -0.775485  0
-0.774524  -0.775355  0
-0.774524  -0.775572  0
-0.774524  -0.774833  0
-0.774524  -0.775811  0
-0.774524  -0.775704  0
-0.774524  -0.775864  0
-0.774524  -0.775486  0
-0.774524  -0.775410  0
-0.774524  -0.776483  0
-0.774524  -0.775378  0
-0.774524  -0.776150  0
-0.774524  -0.776063  0
-0.774524  -0.776392  0
-0.774524  -0.776132  0
-0.774524  -0.775045  0
-0.774524  -0.774577  0
-0.774524  -0.774019  0
-0.774524  -0.774491  0
-0.774524  -0.775323  0
-0.774524  -0.773957  0
-0.774524  -0.774701  0
-0.774524  -0.774171  0
-0.774524  -0.775870  0
-0.774524  -0.774884  0
-0.774524  -0.774276  0
-0.774524  -0.774758  0
-0.774524  -0.775643  0
-0.774524  -0.774655  0
-0.774524  -0.774307  0
-0.774524  -0.775293  0
-0.774524  -0.774358  0
-0.774524  -0.773542  0
-0.774524  -0.775685  0
-0.774524  -0.774597  0
-0.774524  -0.774841  0
-0.774524  -0.774263  0
-0.774524  -0.775373  0
-0.774524  -0.775130  0
-0.774524  -0.774968  0
-0.774524  -0.774318  0
-0.774524  -0.775360  0
-0.774524  -0.774564  0
-0.774524  -0.775105  0
-0.774524  -0.774499  0
-0.774524  -0.774886  0
-0.774524  -0.774632  0
-0.774524  -0.774586  0
-0.774524  -0.774109  0
-0.774524  -0.774410  0
-0.774524  -0.773092  0
-0.774524  -0.775056  0
-0.774524  -0.773821  0
-0.774524  -0.775286  0
-0.774524  -0.774957  0
-0.774524  -0.774720  0
-0.774524  -0.775547  0
-0.774524  -0.776597  0
-0.774524  -0.775581  0
-0.774524  -0.775582  0
-0.774524  -0.775024  0
-0.774524  -0.775774  0
-0.774524  -0.774423  0
-0.774524  -0.775089  0
-0.774524  -0.775063  0
-0.774524  -0.776001  0
-0.774524  -0.775119  0
-0.774524  -0.775635  0
-0.774524  -0.775519  0
-0.774524  -0.774478  0
0.000000  -0.775016  200
0.000000  -0.775673  200
0.000000  -0.775659  200
0.000000  -0.775265  200
0.000000  -0.775104  200
0.000000  -0.774034  200
0.000000  -0.773791  200
0.000000  -0.775383  200
0.000000  -0.773238  200
0.000000  -0.774067  200
0.000000  -0.775010  200
0.000000  -0.775246  200
0.000000  -0.773820  200
0.000000  -0.774495  200
0.000000  -0.774228  200
0.000000  -0.774451  200
0.000000  -0.774231  200
0.000000  -0.774115  200
0.000000  -0.774624  200
0.000000  -0.774752  200
0.000000  -0.775022  200
0.000000  -0.776056  200
0.000000  -0.775574  200
0.000000  -0.775575  200
0.000000  -0.773619  200
0.000000  -0.774794  200
0.000000  -0.774640  200
0.000000  -0.774575  200
0.000000  -0.774211  200
0.000000  -0.774871  200
0.000000  -0.775404  200
0.000000  -0.776092  200
0.000000  -0.774875  200
0.000000  -0.775456  200
0.000000  -0.774688  200
0.000000  -0.775022  200
0.000000  -0.775006  200
0.000000  -0.774808  200
0.000000  -0.773967  200
0.000000  -0.774998  200
0.000000  -0.774911  200
0.000000  -0.775538  200
0.000000  -0.774843  200
0.000000  -0.774773  200
0.000000  -0.775713  200
0.000000  -0.775658  200
0.000000  -0.775431  200
0.000000  -0.774772  200
0.000000  -0.775348  200
0.000000  -0.775104  200
0.000000  -0.774922  200
0.000000  -0.775848  200
0.000000  -0.774887  200
0.000000  -0.774531  200
0.000000  -0.774457  200
0.000000  -0.774080  200
0.000000  -0.773961  200
0.000000  -0.773810  200
0.000000  -0.774349  200
0.000000  -0.775052  200
0.000000  -0.773955  200
0.000000  -0.775823  200
0.000000  -0.774237  200
0.000000  -0.774962  200
0.000000  -0.775312  200
0.000000  -0.774726  200
0.000000  -0.775330  200
0.000000  -0.774556  200
0.000000  -0.774691  200
0.000000  -0.773902  200
0.000000  -0.775012  200
0.000000  -0.776213  200
0.000000  -0.775247  200
0.000000  -0.775242  200
0.000000  -0.776002  200
0.000000  -0.775505  200
0.000000  -0.775959  200
0.000000  -0.775159  200
0.000000  -0.775592  200
0.000000  -0.774780  200
0.000000  -0.775773  200
0.000000  -0.775355  200
0.000000  -0.775701  200
0.000000  -0.775976  200
0.000000  -0.776503  200
0.000000  -0.777094  200
0.000000  -0.775727  200
0.000000  -0.776060  200
0.000000  -0.775042  200
0.000000  -0.774550  200
0.000000  -0.773693  200
0.000000  -0.775083  200
0.000000  -0.775330  200
0.000000  -0.774937  200
0.000000  -0.774178  200
0.000000  -0.774882  200
0.000000  -0.775389  200
0.000000  -0.775296  200
0.000000  -0.775678  200
0.000000  -0.775185  200
0.000000  -0.774834  200
0.000000  -0.774301  200
0.000000  -0.775123  200
0.000000  -0.774980  200
0.000000  -0.774648  200
0.000000  -0.774203  200
0.000000  -0.775138  200
0.000000  -0.774694  200
0.000000  -0.775371  200
0.000000  -0.775197  200
0.000000  -0.774145  200
0.000000  -0.774650  200
0.000000  -0.775099  200
0.000000  -0.775020  200
0.000000  -0.775150  200
0.000000  -0.775259  200
0.000000  -0.775549  200
0.000000  -0.774829  200
0.000000  -0.775736  200
0.000000  -0.775986  200
0.000000  -0.776077  200
0.000000  -0.775336  200
0.000000  -0.775188  200
0.000000  -0.775349  200
0.000000  -0.775163  200
0.000000  -0.774936  200
0.000000  -0.775096  200
0.000000  -0.774720  200
0.000000  -0.775228  200
0.000000  -0.774742  200
0.000000  -0.775310  200
0.000000  -0.775165  200
0.000000  -0.775091  200
0.000000  -0.775838  200
0.000000  -0.776050  200
0.000000  -0.775278  200
0.000000  -0.775996  200
0.000000  -0.774289  200
0.000000  -0.775536  200
0.000000  -0.775173  200
0.000000  -0.774261  200
0.000000  -0.774728  200
0.000000  -0.775994  200
0.000000  -0.775576  200
0.000000  -0.775051  200
0.000000  -0.774372  200
0.000000  -0.775178  200
0.000000  -0.776182  200
0.000000  -0.775594  200
0.000000  -0.773878  200
0.000000  -0.775227  200
0.000000  -0.774828  200
0.000000  -0.774637  200
0.000000  -0.773713  200
0.000000  -0.774358  200
0.000000  -0.774421  200
0.000000  -0.775022  200
0.000000  -0.774658  200
0.000000  -0.774739  200
0.000000  -0.774587  200
0.000000  -0.775404  200
0.000000  -0.774778  200
0.000000  -0.773977  200
0.000000  -0.774671  200
0.000000  -0.774808  200
0.000000  -0.774187  200
0.000000  -0.774235  200
0.000000  -0.774998  200
0.000000  -0.775136  200
0.000000  -0.774767  200
0.000000  -0.774916  200
0.000000  -0.775664  200
0.000000  -0.775874  200
0.000000  -0.775656  200
0.000000  -0.776388  200
0.000000  -0.775839  200
0.000000  -0.776441  200
0.000000  -0.775322  200
0.000000  -0.777025  200
0.000000  -0.775968  200
0.000000  -0.776610  200
0.000000  -0.775712  200
0.000000  -0.775187  200
0.000000  -0.775594  200
0.000000  -0.775813  200
0.000000  -0.775195  200
0.000000  -0.774944  200
0.000000  -0.773854  200
0.000000  -0.775406  200
0.000000  -0.774975  200
0.000000  -0.774091  200
0.000000  -0.775046  200
0.000000  -0.775381  200
0.000000  -0.775079  200
0.000000  -0.774001  200
0.000000  -0.774722  200
0.000000  -0.774241  200
0.000000  -0.774078  200
0.000000  -0.774597  200
0.000000  -0.775269  200
0.000000  -0.775222  200
0.000000  -0.774344  200
0.000000  -0.775986  200
nan  -0.774292  0
0.000000  -0.774496  200
0.000000  -0.774747  200
0.000000  -0.775611  200
0.000000  -0.774611  200
0.000000  -0.775153  200
0.000000  -0.775083  200
0.000000  -0.774541  200
0.000000  -0.775206  200
0.000000  -0.775185  200
0.000000  -0.773708  200
0.000000  -0.773445  200
0.000000  -0.774371  200
0.000000  -0.774061  200
0.000000  -0.774289  200
0.000000  -0.774858  200
0.000000  -0.774093  200
0.000000  -0.774840  200
0.000000  -0.775026  200
0.000000  -0.774206  200
0.000000  -0.775637  200
0.000000  -0.775320  200
0.000000  -0.774989  200
0.000000  -0.775955  200
0.000000  -0.776195  200
0.000000  -0.775155  200
0.000000  -0.775092  200
0.000000  -0.775514  200
0.000000  -0.776090  200
0.000000  -0.774735  200
0.000000  -0.774830  200
0.000000  -0.774804  200
0.000000  -0.775599  200
0.000000  -0.775268  200
0.000000  -0.774778  200
0.000000  -0.774418  200
0.000000  -0.775172  200
0.000000  -0.773839  200
0.000000  -0.775414  200
0.000000  -0.773619  200
0.000000  -0.775208  200
0.000000  -0.775487  200
0.000000  -0.775770  200
0.000000  -0.774705  200
0.000000  -0.775633  200
0.000000  -0.774260  200
0.000000  -0.773426  200
0.000000  -0.774294  200
0.000000  -0.773852  200
0.000000  -0.773281  200
0.000000  -0.773713  200
0.000000  -0.774364  200
0.000000  -0.774317  200
0.000000  -0.773804  200
0.000000  -0.774708  200
0.000000  -0.774605  200
0.000000  -0.775556  200
0.000000  -0.774507  200
0.000000  -0.775661  200
0.000000  -0.774135  200
0.000000  -0.774238  200
0.000000  -0.773879  200
0.000000  -0.775123  200
0.000000  -0.774308  200
0.000000  -0.775139  200
0.000000  -0.774565  200
0.000000  -0.775928  200
0.000000  -0.775598  200
0.000000  -0.775943  200
0.000000  -0.775310  200
0.000000  -0.775678  200
0.000000  -0.774941  200
0.000000  -0.776004  200
0.000000  -0.776816  200
0.000000  -0.775848  200
0.000000  -0.776360  200
0.000000  -0.774706  200
0.000000  -0.775989  200
0.000000  -0.776599  200
0.000000  -0.775648  200
0.000000  -0.775459  200
0.000000  -0.774712  200
0.000000  -0.774439  200
0.000000  -0.775402  200
0.000000  -0.774984  200
0.000000  -0.774907  200
0.000000  -0.775106  200
0.000000  -0.774762  200
0.000000  -0.775048  200
0.000000  -0.774103  200
0.000000  -0.774921  200
0.000000  -0.773641  200
0.000000  -0.774865  200
0.000000  -0.774645  200
0.000000  -0.774336  200
0.000000  -0.773953  200
0.000000  -0.775078  200
0.000000  -0.774900  200
0.000000  -0.773995  200
0.000000  -0.773383  200
0.000000  -0.774842  200
0.000000  -0.775508  200
0.000000  -0.774812  200
0.000000  -0.775480  200
0.000000  -0.775581  200
0.000000  -0.774830  200
0.000000  -0.775843  200
0.000000  -0.775218  200
0.000000  -0.774991  200
0.000000  -0.774204  200
0.000000  -0.774785  200
0.000000  -0.774732  200
0.000000  -0.774949  200
0.000000  -0.774725  200
0.000000  -0.774900  200
0.000000  -0.775019  200
0.000000  -0.774235  200
0.000000  -0.774762  200
0.000000  -0.774824  200
0.000000  -0.774570  200
0.000000  -0.774757  200
0.000000  -0.775992  200
0.000000  -0.775719  200
0.000000  -0.774044  200
0.000000  -0.774729  200
0.000000  -0.776507  200
0.000000  -0.776061  200
0.000000  -0.774349  200
0.000000  -0.775406  200
0.000000  -0.775234  200
0.000000  -0.775261  200
0.000000  -0.775876  200
0.000000  -0.773937  200
0.000000  -0.775515  200
0.000000  -0.775519  200
0.000000  -0.776279  200
0.000000  -0.775207  200
0.000000  -0.775028  200
0.000000  -0.774865  200
0.000000  -0.774857  200
0.000000  -0.775207  200
0.000000  -0.774121  200
0.000000  -0.774943  200
0.000000  -0.775212  200
0.000000  -0.774883  200
0.000000  -0.775075  200
0.000000  -0.774893  200
0.000000  -0.774921  200
0.000000  -0.773403  200
nan  -0.775062  0
0.000000  -0.774277  200
0.000000  -0.774798  200
0.000000  -0.774794  200
0.000000  -0.773589  200
0.000000  -0.774419  200
0.000000  -0.774394  200
0.000000  -0.775230  200
0.000000  -0.774443  200
0.000000  -0.774803  200
0.000000  -0.774290  200
0.000000  -0.774655  200
0.000000  -0.774219  200
0.000000  -0.774038  200
0.000000  -0.774662  200
0.000000  -0.774550  200
0.000000  -0.775121  200
0.000000  -0.775252  200
0.000000  -0.776241  200
0.000000  -0.774897  200
0.000000  -0.775524  200
