mode yawCmd rudderSet rudderIs gpsCourse gpsSpeed cY cW cWd mY mW mWd accGyroCount magCount psid psiTilde rTilde integralPsiTilde rudderMoment tauFF 
1  0.000000  1.207822  1.207822  10071686467514328567484628960625349472355029369222332277942994953871147007815465268772130541907222850500144301106567643491491453537093682384691820654018865541823488835201254949387155354232521747961345587941528806223583128629193082220450439917313316583563254390849536.000000  0.000000 0.000000  0.000000  0.000000  4.072005  0.796955  -0.086557 412 200 0.000000  0.000000  0.000000  0.000000  0.000000  0.000000 
1  4.072005  1.216433  1.216433  10071686467514328567484628960625349472355029369222332277942994953871147007815465268772130541907222850500144301106567643491491453537093682384691820654018865541823488835201254949387155354232521747961345587941528806223583128629193082220450439917313316583563254390849536.000000  0.000000 0.000000  0.000000  0.000000  4.301662  0.677877  -0.414395 25 13 4.072005  0.000000  0.000000  0.000000  0.000000  0.000000 
1  4.301662  1.216329  1.216329  10071686467514328567484628960625349472355029369222332277942994953871147007815465268772130541907222850500144301106567643491491453537093682384691820654018865541823488835201254949387155354232521747961345587941528806223583128629193082220450439917313316583563254390849536.000000  0.000000 0.000000  0.000000  0.000000  4.557990  0.887631  0.396967 25 12 4.301662  0.000000  0.000000  0.000000  0.000000  0.000000 
1  4.557990  1.215934  1.216131  10071686467514328567484628960625349472355029369222332277942994953871147007815465268772130541907222850500144301106567643491491453537093682384691820654018865541823488835201254949387155354232521747961345587941528806223583128629193082220450439917313316583563254390849536.000000  0.000000 0.000000  0.000000  0.000000  4.813326  0.893670  0.381329 25 13 4.557990  0.000000  0.000000  0.000000  0.000000  0.000000 
1  4.813326  1.215569  1.215569  171.889999  0.160000 0.000000  0.000000  0.000000  5.098180  1.035683  0.820955 25 12 4.813326  0.000000  0.000000  0.000000  0.000000  0.000000 
1  5.098180  1.217456  1.217456  171.889999  0.160000 0.000000  0.000000  0.000000  5.398957  1.065444  0.637400 25 12 5.098180  0.000000  0.000000  0.000000  0.000000  0.000000 
1  5.398957  1.216599  1.216599  171.889999  0.160000 0.000000  0.000000  0.000000  5.704422  1.060076  0.396552 25 13 5.398957  0.000000  0.000000  0.000000  0.000000  0.000000 
1  5.704422  1.216323  1.216323  171.889999  0.160000 0.000000  0.000000  0.000000  6.025652  0.980421  -0.001221 25 12 5.704422  0.000000  0.000000  0.000000  0.000000  0.000000 
1  6.025652  1.217952  1.217952  171.889999  0.160000 0.000000  0.000000  0.000000  6.382006  0.912129  -0.191805 25 12 6.025652  0.000000  0.000000  0.000000  0.000000  0.000000 
1  6.382006  1.216411  1.216411  171.889999  0.160000 0.000000  0.000000  0.000000  6.903681  1.057724  0.420893 25 13 6.382006  0.000000  0.000000  0.000000  0.000000  0.000000 
1  6.903681  1.217348  1.217521  171.889999  0.160000 0.000000  0.000000  0.000000  7.551826  0.959719  -0.007078 25 12 6.903681  0.000000  0.000000  0.000000  0.000000  0.000000 
1  7.551826  1.218023  1.218023  163.580002  0.290000 0.000000  0.000000  0.000000  8.266997  0.993501  0.024433 25 13 7.551826  0.000000  0.000000  0.000000  0.000000  0.000000 
1  8.266997  1.217638  1.217638  163.580002  0.290000 0.000000  0.000000  0.000000  9.168897  1.029160  0.125604 25 12 8.266997  0.000000  0.000000  0.000000  0.000000  0.000000 
1  9.168897  1.219056  1.219056  163.580002  0.290000 0.000000  0.000000  0.000000  9.872662  0.981079  -0.117934 25 12 9.168897  0.000000  0.000000  0.000000  0.000000  0.000000 
1  9.872662  1.217454  1.217454  163.580002  0.290000 0.000000  0.000000  0.000000  10.719594  0.950629  -0.202103 25 13 9.872662  0.000000  0.000000  0.000000  0.000000  0.000000 
1  10.719594  1.218030  1.218068  163.580002  0.290000 0.000000  0.000000  0.000000  11.586000  1.102023  0.330784 25 12 10.719594  0.000000  0.000000  0.000000  0.000000  0.000000 
1  11.586000  1.216355  1.216355  163.580002  0.290000 0.000000  0.000000  0.000000  12.549633  1.161731  0.426620 25 13 11.586000  0.000000  0.000000  0.000000  0.000000  0.000000 
1  12.549633  1.217040  1.217040  163.580002  0.290000 0.000000  0.000000  0.000000  13.339424  1.008630  -0.105782 25 12 12.549633  0.000000  0.000000  0.000000  0.000000  0.000000 
1  13.339424  1.217641  1.217641  163.580002  0.290000 0.000000  0.000000  0.000000  14.280820  1.099522  0.221411 25 12 13.339424  0.000000  0.000000  0.000000  0.000000  0.000000 
1  14.280820  1.218158  1.218158  163.580002  0.290000 0.000000  0.000000  0.000000  15.325431  1.111571  0.202865 25 13 14.280820  0.000000  0.000000  0.000000  0.000000  0.000000 
1  15.325431  1.217312  1.217312  163.580002  0.290000 0.000000  0.000000  0.000000  16.331850  1.076973  -0.087881 25 12 15.325431  0.000000  0.000000  0.000000  0.000000  0.000000 
1  16.331850  1.217201  1.217201  176.850006  0.670000 0.000000  0.000000  0.000000  17.363722  1.094431  -0.082620 25 13 16.331850  0.000000  0.000000  0.000000  0.000000  0.000000 
1  17.363722  1.217058  1.217058  176.850006  0.670000 0.000000  0.000000  0.000000  18.297690  1.309680  0.752655 25 12 17.363722  0.000000  0.000000  0.000000  0.000000  0.000000 
1  18.297690  1.216247  1.216247  176.850006  0.670000 0.000000  0.000000  0.000000  19.384253  1.228581  0.220607 25 12 18.297690  0.000000  0.000000  0.000000  0.000000  0.000000 
1  19.384253  1.216842  1.216842  176.850006  0.670000 0.000000  0.000000  0.000000  20.421748  1.160229  -0.047907 25 13 19.384253  0.000000  0.000000  0.000000  0.000000  0.000000 
1  20.421748  1.216527  1.216527  176.850006  0.670000 0.000000  0.000000  0.000000  21.504250  1.257527  0.291244 25 12 20.421748  0.000000  0.000000  0.000000  0.000000  0.000000 
1  21.504250  1.216103  1.216103  176.850006  0.670000 0.000000  0.000000  0.000000  22.623952  1.241322  0.065393 25 12 21.504250  0.000000  0.000000  0.000000  0.000000  0.000000 
1  22.623952  1.216445  1.216293  176.850006  0.670000 0.000000  0.000000  0.000000  23.706949  1.188341  -0.225678 25 13 22.623952  0.000000  0.000000  0.000000  0.000000  0.000000 
1  23.706949  1.216462  1.216462  176.850006  0.670000 0.000000  0.000000  0.000000  24.977773  1.382314  0.424462 25 12 23.706949  0.000000  0.000000  0.000000  0.000000  0.000000 
1  24.977773  1.216548  1.216548  176.850006  0.670000 0.000000  0.000000  0.000000  26.114729  1.340985  0.143448 25 13 24.977773  0.000000  0.000000  0.000000  0.000000  0.000000 
1  26.114729  1.216161  1.216161  176.850006  0.670000 0.000000  0.000000  0.000000  27.331078  1.345833  -0.007181 25 12 26.114729  0.000000  0.000000  0.000000  0.000000  0.000000 
1  27.331078  1.216808  1.216808  173.490005  2.870000 0.000000  0.000000  0.000000  28.544650  1.414327  0.203161 25 12 27.331078  0.000000  0.000000  0.000000  0.000000  0.000000 
1  28.544650  1.215998  1.216109  173.490005  2.870000 0.000000  0.000000  0.000000  29.742477  1.497769  0.464561 25 13 28.544650  0.000000  0.000000  0.000000  0.000000  0.000000 
1  29.742477  1.218135  1.218135  173.490005  2.870000 0.000000  0.000000  0.000000  30.880180  1.483967  0.227648 25 12 29.742477  0.000000  0.000000  0.000000  0.000000  0.000000 
1  30.880180  1.217828  1.217828  173.490005  2.870000 0.000000  0.000000  0.000000  32.078376  1.471217  0.098983 25 13 30.880180  0.000000  0.000000  0.000000  0.000000  0.000000 
1  32.078376  1.215580  1.215580  173.490005  2.870000 0.000000  0.000000  0.000000  33.267103  1.449740  -0.041306 25 12 32.078376  0.000000  0.000000  0.000000  0.000000  0.000000 
1  33.267103  1.216957  1.216957  173.490005  2.870000 0.000000  0.000000  0.000000  34.517310  1.458172  -0.074618 25 12 33.267103  0.000000  0.000000  0.000000  0.000000  0.000000 
1  34.517310  1.215145  1.215837  173.490005  2.870000 0.000000  0.000000  0.000000  35.856908  1.519189  0.149663 25 13 34.517310  0.000000  0.000000  0.000000  0.000000  0.000000 
1  35.856908  1.217257  1.217257  173.490005  2.870000 0.000000  0.000000  0.000000  37.046559  1.460981  -0.051313 25 12 35.856908  0.000000  0.000000  0.000000  0.000000  0.000000 
1  37.046559  1.215970  1.215970  173.490005  2.870000 0.000000  0.000000  0.000000  38.353465  1.632889  0.507651 25 13 37.046559  0.000000  0.000000  0.000000  0.000000  0.000000 
1  38.353465  1.217283  1.217283  173.490005  2.870000 0.000000  0.000000  0.000000  39.644395  1.607875  0.189626 25 12 38.353465  0.000000  0.000000  0.000000  0.000000  0.000000 
1  39.644395  1.217941  1.217941  173.490005  2.870000 0.000000  0.000000  0.000000  40.978624  1.686784  0.392579 25 12 39.644395  0.000000  0.000000  0.000000  0.000000  0.000000 
1  40.978624  1.217353  1.217652  173.490005  2.870000 0.000000  0.000000  0.000000  42.241478  1.564926  -0.110107 25 13 40.978624  0.000000  0.000000  0.000000  0.000000  0.000000 
1  42.241478  1.216662  1.216662  173.649994  2.860000 0.000000  0.000000  0.000000  43.566327  1.775931  0.567330 25 12 42.241478  0.000000  0.000000  0.000000  0.000000  0.000000 
1  43.566327  1.217690  1.217690  173.649994  2.860000 0.000000  0.000000  0.000000  44.915915  1.721912  0.257292 25 13 43.566327  0.000000  0.000000  0.000000  0.000000  0.000000 
1  44.915915  1.217310  1.217310  173.649994  2.860000 0.000000  0.000000  0.000000  46.257228  1.857585  0.569006 25 12 44.915915  0.000000  0.000000  0.000000  0.000000  0.000000 
1  46.257228  1.217410  1.217410  173.649994  2.860000 0.000000  0.000000  0.000000  47.571617  1.691222  -0.135996 25 12 46.257228  0.000000  0.000000  0.000000  0.000000  0.000000 
1  47.571617  1.216940  1.216940  173.649994  2.860000 0.000000  0.000000  0.000000  48.930846  1.825765  0.369303 25 13 47.571617  0.000000  0.000000  0.000000  0.000000  0.000000 
1  48.930846  1.217430  1.217430  173.649994  2.860000 0.000000  0.000000  0.000000  50.265049  1.791737  0.118831 25 12 48.930846  0.000000  0.000000  0.000000  0.000000  0.000000 
1  50.265049  1.218663  1.218570  173.649994  2.860000 0.000000  0.000000  0.000000  51.632641  1.897297  0.377739 25 12 50.265049  0.000000  0.000000  0.000000  0.000000  0.000000 
1  51.632641  1.216897  1.216897  173.649994  2.860000 0.000000  0.000000  0.000000  52.994145  1.868974  0.208847 25 13 51.632641  0.000000  0.000000  0.000000  0.000000  0.000000 
1  52.994145  1.218150  1.218150  179.619995  1.770000 0.000000  0.000000  0.000000  54.375447  1.992815  0.567543 25 12 52.994145  0.000000  0.000000  0.000000  0.000000  0.000000 
1  54.375447  1.215594  1.215594  179.619995  1.770000 0.000000  0.000000  0.000000  55.771171  2.018161  0.445143 25 13 54.375447  0.000000  0.000000  0.000000  0.000000  0.000000 
1  55.771171  1.216475  1.216475  179.619995  1.770000 0.000000  0.000000  0.000000  57.126071  2.022471  0.262692 25 12 55.771171  0.000000  0.000000  0.000000  0.000000  0.000000 
1  57.126071  1.218196  1.218135  179.619995  1.770000 0.000000  0.000000  0.000000  58.484774  2.119663  0.498935 25 12 57.126071  0.000000  0.000000  0.000000  0.000000  0.000000 
1  58.484774  1.216400  1.216400  179.619995  1.770000 0.000000  0.000000  0.000000  59.901900  2.112049  0.260490 25 13 58.484774  0.000000  0.000000  0.000000  0.000000  0.000000 
1  59.901900  1.216081  1.216081  179.619995  1.770000 0.000000  0.000000  0.000000  61.310382  2.058947  -0.040662 25 12 59.901900  0.000000  0.000000  0.000000  0.000000  0.000000 
1  61.310382  1.215557  1.215557  179.619995  1.770000 0.000000  0.000000  0.000000  62.690791  2.143947  0.290531 25 13 61.310382  0.000000  0.000000  0.000000  0.000000  0.000000 
1  62.690791  1.214794  1.214794  179.619995  1.770000 0.000000  0.000000  0.000000  64.086748  2.064977  -0.071715 25 12 62.690791  0.000000  0.000000  0.000000  0.000000  0.000000 
1  64.086748  1.215920  1.215920  179.619995  1.770000 0.000000  0.000000  0.000000  65.432367  2.160726  0.302466 25 12 64.086748  0.000000  0.000000  0.000000  0.000000  0.000000 
1  65.432367  1.215184  1.215184  179.619995  1.770000 0.000000  0.000000  0.000000  66.861254  2.203189  0.303040 25 13 65.432367  0.000000  0.000000  0.000000  0.000000  0.000000 
1  66.861254  1.216685  1.216685  198.410004  0.960000 0.000000  0.000000  0.000000  68.190874  2.187401  0.171446 25 12 66.861254  0.000000  0.000000  0.000000  0.000000  0.000000 
1  68.190874  1.216981  1.216981  198.410004  0.960000 0.000000  0.000000  0.000000  69.595179  2.142150  -0.041905 25 13 68.190874  0.000000  0.000000  0.000000  0.000000  0.000000 
1  69.595179  1.216704  1.216704  198.410004  0.960000 0.000000  0.000000  0.000000  70.974169  2.192561  0.100738 25 12 69.595179  0.000000  0.000000  0.000000  0.000000  0.000000 
1  70.974169  1.217099  1.217099  198.410004  0.960000 0.000000  0.000000  0.000000  72.350574  2.325588  0.567995 25 12 70.974169  0.000000  0.000000  0.000000  0.000000  0.000000 
1  72.350574  1.217935  1.217935  198.410004  0.960000 0.000000  0.000000  0.000000  73.759190  2.174195  -0.222065 25 13 72.350574  0.000000  0.000000  0.000000  0.000000  0.000000 
1  73.759190  1.216330  1.216105  198.410004  0.960000 0.000000  0.000000  0.000000  75.121825  2.347721  0.307372 25 12 73.759190  0.000000  0.000000  0.000000  0.000000  0.000000 
1  75.121825  1.216744  1.216744  198.410004  0.960000 0.000000  0.000000  0.000000  76.579751  2.499579  0.752785 25 13 75.121825  0.000000  0.000000  0.000000  0.000000  0.000000 
1  76.579751  1.216609  1.216609  198.410004  0.960000 0.000000  0.000000  0.000000  77.954486  2.524566  0.580237 25 12 76.579751  0.000000  0.000000  0.000000  0.000000  0.000000 
1  77.954486  1.219693  1.219693  198.410004  0.960000 0.000000  0.000000  0.000000  79.344963  2.457203  0.204704 25 12 77.954486  0.000000  0.000000  0.000000  0.000000  0.000000 
1  79.344963  1.216604  1.216604  198.410004  0.960000 0.000000  0.000000  0.000000  80.757883  2.558961  0.559652 25 13 79.344963  0.000000  0.000000  0.000000  0.000000  0.000000 
1  80.757883  1.217255  1.217258  196.020004  0.210000 0.000000  0.000000  0.000000  82.124210  2.575887  0.479433 25 12 80.757883  0.000000  0.000000  0.000000  0.000000  0.000000 
1  82.124210  1.219238  1.219238  196.020004  0.210000 0.000000  0.000000  0.000000  83.483819  2.625192  0.430521 26 12 82.124210  0.000000  0.000000  0.000000  0.000000  0.000000 
1  83.483819  1.217099  1.217099  196.020004  0.210000 0.000000  0.000000  0.000000  84.874109  2.599826  0.206481 24 13 83.483819  0.000000  0.000000  0.000000  0.000000  0.000000 
1  84.874109  1.216553  1.216553  196.020004  0.210000 0.000000  0.000000  0.000000  86.234174  2.578550  0.106574 24 12 84.874109  0.000000  0.000000  0.000000  0.000000  0.000000 
1  86.234174  1.216846  1.216846  196.020004  0.210000 0.000000  0.000000  0.000000  87.688945  2.726370  0.683525 25 13 86.234174  0.000000  0.000000  0.000000  0.000000  0.000000 
1  87.688945  1.216853  1.218084  196.020004  0.210000 0.000000  0.000000  0.000000  89.066132  2.687030  0.368254 26 12 87.688945  0.000000  0.000000  0.000000  0.000000  0.000000 
1  89.066132  1.217279  1.217279  196.020004  0.210000 0.000000  0.000000  0.000000  90.445439  2.591945  -0.092067 25 12 89.066132  0.000000  0.000000  0.000000  0.000000  0.000000 
1  90.445439  1.216961  1.216961  196.020004  0.210000 0.000000  0.000000  0.000000  91.832864  2.646356  0.130699 25 13 90.445439  0.000000  0.000000  0.000000  0.000000  0.000000 
1  91.832864  1.216888  1.216888  196.020004  0.210000 0.000000  0.000000  0.000000  93.169896  2.721227  0.371515 25 12 91.832864  0.000000  0.000000  0.000000  0.000000  0.000000 
1  93.169896  1.217546  1.217546  196.020004  0.210000 0.000000  0.000000  0.000000  94.465583  2.764305  0.431357 25 12 93.169896  0.000000  0.000000  0.000000  0.000000  0.000000 
1  94.465583  1.216616  1.216616  9.510000  0.730000 0.000000  0.000000  0.000000  95.874433  2.799088  0.366395 25 13 94.465583  0.000000  0.000000  0.000000  0.000000  0.000000 
1  95.874433  1.216060  1.216060  9.510000  0.730000 0.000000  0.000000  0.000000  97.230774  2.859983  0.449109 25 12 95.874433  0.000000  0.000000  0.000000  0.000000  0.000000 
1  97.230774  1.216705  1.216705  9.510000  0.730000 0.000000  0.000000  0.000000  98.568386  2.804966  0.090063 25 13 97.230774  0.000000  0.000000  0.000000  0.000000  0.000000 
1  98.568386  1.216918  1.216918  9.510000  0.730000 0.000000  0.000000  0.000000  99.935507  2.959376  0.550894 25 12 98.568386  0.000000  0.000000  0.000000  0.000000  0.000000 
1  99.935507  1.217753  1.217753  9.510000  0.730000 0.000000  0.000000  0.000000  101.261382  2.951325  0.354018 25 12 99.935507  0.000000  0.000000  0.000000  0.000000  0.000000 
1  101.261382  1.216512  1.216512  9.510000  0.730000 0.000000  0.000000  0.000000  102.590545  2.913421  0.091984 25 13 101.261382  0.000000  0.000000  0.000000  0.000000  0.000000 
1  102.590545  1.215904  1.215904  9.510000  0.730000 0.000000  0.000000  0.000000  103.905466  2.945201  0.170963 25 12 102.590545  0.000000  0.000000  0.000000  0.000000  0.000000 
1  103.905466  1.215724  1.215910  9.510000  0.730000 0.000000  0.000000  0.000000  105.233095  2.964280  0.101273 24 13 103.905466  0.000000  0.000000  0.000000  0.000000  0.000000 
1  105.233095  1.216762  1.216762  9.510000  0.730000 0.000000  0.000000  0.000000  106.589631  3.066466  0.389962 26 12 105.233095  0.000000  0.000000  0.000000  0.000000  0.000000 
1  106.589631  1.216641  1.216641  9.510000  0.730000 0.000000  0.000000  0.000000  107.912094  3.132482  0.524832 25 12 106.589631  0.000000  0.000000  0.000000  0.000000  0.000000 
1  107.912094  1.216303  1.216303  9.510000  0.730000 0.000000  0.000000  0.000000  109.233505  3.055726  0.057489 25 13 107.912094  0.000000  0.000000  0.000000  0.000000  0.000000 
1  109.233505  1.219116  1.219116  9.510000  0.730000 0.000000  0.000000  0.000000  110.524654  3.071833  0.068799 25 12 109.233505  0.000000  0.000000  0.000000  0.000000  0.000000 
1  110.524654  1.216978  1.216978  355.869995  0.890000 0.000000  0.000000  0.000000  111.828750  3.100436  0.176327 25 12 110.524654  0.000000  0.000000  0.000000  0.000000  0.000000 
1  111.828750  1.217449  1.217449  355.869995  0.890000 0.000000  0.000000  0.000000  113.155836  3.242586  0.540441 25 13 111.828750  0.000000  0.000000  0.000000  0.000000  0.000000 
1  113.155836  1.216964  1.216964  355.869995  0.890000 0.000000  0.000000  0.000000  114.470362  3.295334  0.593805 25 12 113.155836  0.000000  0.000000  0.000000  0.000000  0.000000 
1  114.470362  1.217334  1.217334  355.869995  0.890000 0.000000  0.000000  0.000000  115.728304  3.199541  0.041677 25 13 114.470362  0.000000  0.000000  0.000000  0.000000  0.000000 
1  115.728304  1.217233  1.217233  355.869995  0.890000 0.000000  0.000000  0.000000  117.022555  3.230889  0.104725 25 12 115.728304  0.000000  0.000000  0.000000  0.000000  0.000000 
1  117.022555  1.217241  1.217241  355.869995  0.890000 0.000000  0.000000  0.000000  118.331851  3.331072  0.345805 25 12 117.022555  0.000000  0.000000  0.000000  0.000000  0.000000 
1  118.331851  1.217144  1.217144  355.869995  0.890000 0.000000  0.000000  0.000000  119.632039  3.350537  0.333620 25 13 118.331851  0.000000  0.000000  0.000000  0.000000  0.000000 
1  119.632039  1.216824  1.216950  355.869995  0.890000 0.000000  0.000000  0.000000  120.929514  3.451544  0.497269 25 12 119.632039  0.000000  0.000000  0.000000  0.000000  0.000000 
1  120.929514  1.215380  1.215380  11.820000  0.410000 0.000000  0.000000  0.000000  122.217520  3.393066  0.109217 25 13 120.929514  0.000000  0.000000  0.000000  0.000000  0.000000 
1  122.217520  1.216438  1.216438  11.820000  0.410000 0.000000  0.000000  0.000000  123.504261  3.569203  0.652072 25 12 122.217520  0.000000  0.000000  0.000000  0.000000  0.000000 
1  123.504261  1.216192  1.216192  11.820000  0.410000 0.000000  0.000000  0.000000  124.804524  3.418428  -0.072767 25 12 123.504261  0.000000  0.000000  0.000000  0.000000  0.000000 
1  124.804524  1.216036  1.216036  11.820000  0.410000 0.000000  0.000000  0.000000  126.115651  3.582119  0.495191 25 13 124.804524  0.000000  0.000000  0.000000  0.000000  0.000000 
1  126.115651  1.215448  1.215599  11.820000  0.410000 0.000000  0.000000  0.000000  127.363231  3.616609  0.444178 25 12 126.115651  0.000000  0.000000  0.000000  0.000000  0.000000 
1  127.363231  1.216482  1.216482  11.820000  0.410000 0.000000  0.000000  0.000000  128.592125  3.459367  -0.196737 25 13 127.363231  0.000000  0.000000  0.000000  0.000000  0.000000 
1  128.592125  1.217116  1.217116  11.820000  0.410000 0.000000  0.000000  0.000000  129.862234  3.685055  0.597125 25 12 128.592125  0.000000  0.000000  0.000000  0.000000  0.000000 
1  129.862234  1.218113  1.218113  11.820000  0.410000 0.000000  0.000000  0.000000  131.162367  3.732657  0.560949 25 12 129.862234  0.000000  0.000000  0.000000  0.000000  0.000000 
1  131.162367  1.216735  1.216735  11.820000  0.410000 0.000000  0.000000  0.000000  132.425997  3.725487  0.410821 25 13 131.162367  0.000000  0.000000  0.000000  0.000000  0.000000 
1  132.425997  1.215156  1.215156  11.820000  0.410000 0.000000  0.000000  0.000000  133.702461  3.535797  -0.362261 25 12 132.425997  0.000000  0.000000  0.000000  0.000000  0.000000 
1  133.702461  1.216898  1.216898  46.689999  0.510000 0.000000  0.000000  0.000000  134.944906  3.678048  0.165811 25 12 133.702461  0.000000  0.000000  0.000000  0.000000  0.000000 
1  134.944906  1.216852  1.216852  46.689999  0.510000 0.000000  0.000000  0.000000  136.198758  3.771421  0.457346 25 13 134.944906  0.000000  0.000000  0.000000  0.000000  0.000000 
1  136.198758  1.216695  1.216695  46.689999  0.510000 0.000000  0.000000  0.000000  137.456018  3.759455  0.298054 25 12 136.198758  0.000000  0.000000  0.000000  0.000000  0.000000 
1  137.456018  1.215813  1.215813  46.689999  0.510000 0.000000  0.000000  0.000000  138.707529  3.683749  -0.013259 25 13 137.456018  0.000000  0.000000  0.000000  0.000000  0.000000 
1  138.707529  1.217334  1.217334  46.689999  0.510000 0.000000  0.000000  0.000000  139.977546  3.744949  0.203192 25 12 138.707529  0.000000  0.000000  0.000000  0.000000  0.000000 
1  139.977546  1.217319  1.217319  46.689999  0.510000 0.000000  0.000000  0.000000  141.234281  3.936864  0.739023 25 12 139.977546  0.000000  0.000000  0.000000  0.000000  0.000000 
1  141.234281  1.216136  1.215956  46.689999  0.510000 0.000000  0.000000  0.000000  142.547641  4.006632  0.702524 25 13 141.234281  0.000000  0.000000  0.000000  0.000000  0.000000 
1  142.547641  1.216375  1.216375  46.689999  0.510000 0.000000  0.000000  0.000000  143.766387  3.934982  0.235160 25 12 142.547641  0.000000  0.000000  0.000000  0.000000  0.000000 
1  143.766387  1.217820  1.217820  46.689999  0.510000 0.000000  0.000000  0.000000  145.026210  3.948789  0.265229 25 13 143.766387  0.000000  0.000000  0.000000  0.000000  0.000000 
1  145.026210  1.217683  1.217683  46.689999  0.510000 0.000000  0.000000  0.000000  146.261269  3.832526  -0.175273 25 12 145.026210  0.000000  0.000000  0.000000  0.000000  0.000000 
1  146.261269  1.218142  1.218142  7.790000  1.200000 0.000000  0.000000  0.000000  147.505349  3.907066  0.220756 25 12 146.261269  0.000000  0.000000  0.000000  0.000000  0.000000 
1  147.505349  1.217199  1.217199  7.790000  1.200000 0.000000  0.000000  0.000000  148.794632  3.977773  0.343129 25 13 147.505349  0.000000  0.000000  0.000000  0.000000  0.000000 
1  148.794632  1.217965  1.217965  7.790000  1.200000 0.000000  0.000000  0.000000  150.011471  4.044897  0.477675 25 12 148.794632  0.000000  0.000000  0.000000  0.000000  0.000000 
1  150.011471  1.216928  1.216689  7.790000  1.200000 0.000000  0.000000  0.000000  151.308439  4.238396  1.010017 25 13 150.011471  0.000000  0.000000  0.000000  0.000000  0.000000 
1  151.308439  1.217257  1.217257  7.790000  1.200000 0.000000  0.000000  0.000000  152.540562  4.020965  -0.061946 25 12 151.308439  0.000000  0.000000  0.000000  0.000000  0.000000 
1  152.540562  1.217207  1.217207  7.790000  1.200000 0.000000  0.000000  0.000000  153.737014  4.079983  0.111903 25 12 152.540562  0.000000  0.000000  0.000000  0.000000  0.000000 
1  153.737014  1.215652  1.215652  7.790000  1.200000 0.000000  0.000000  0.000000  154.992196  4.061047  -0.001490 25 13 153.737014  0.000000  0.000000  0.000000  0.000000  0.000000 
1  154.992196  1.217339  1.217339  7.790000  1.200000 0.000000  0.000000  0.000000  156.297102  4.212569  0.474969 25 12 154.992196  0.000000  0.000000  0.000000  0.000000  0.000000 
1  156.297102  1.216869  1.216602  7.790000  1.200000 0.000000  0.000000  0.000000  157.483703  4.179391  0.135023 25 12 156.297102  0.000000  0.000000  0.000000  0.000000  0.000000 
1  157.483703  1.215022  1.215022  7.790000  1.200000 0.000000  0.000000  0.000000  158.657617  4.183583  0.192475 25 13 157.483703  0.000000  0.000000  0.000000  0.000000  0.000000 
1  158.657617  1.217014  1.217014  342.260010  0.730000 0.000000  0.000000  0.000000  159.886664  4.191639  0.146166 25 12 158.657617  0.000000  0.000000  0.000000  0.000000  0.000000 
1  159.886664  1.217346  1.217346  342.260010  0.730000 0.000000  0.000000  0.000000  160.956707  4.178658  -0.073641 25 13 159.886664  0.000000  0.000000  0.000000  0.000000  0.000000 
1  160.956707  1.217326  1.217326  342.260010  0.730000 0.000000  0.000000  0.000000  161.840313  4.254975  0.161625 25 12 160.956707  0.000000  0.000000  0.000000  0.000000  0.000000 
1  161.840313  1.217707  1.217986  342.260010  0.730000 0.000000  0.000000  0.000000  162.563213  4.369412  0.411875 25 12 161.840313  0.000000  0.000000  0.000000  0.000000  0.000000 
1  162.563213  1.216957  1.216957  342.260010  0.730000 0.000000  0.000000  0.000000  162.888238  4.280582  -0.075936 25 13 162.563213  0.000000  0.000000  0.000000  0.000000  0.000000 
1  162.888238  1.217255  1.217255  342.260010  0.730000 0.000000  0.000000  0.000000  163.470276  4.404671  0.399756 25 12 162.888238  0.000000  0.000000  0.000000  0.000000  0.000000 
1  163.470276  1.218662  1.218662  342.260010  0.730000 0.000000  0.000000  0.000000  163.387265  4.398355  0.262336 25 13 163.470276  0.000000  0.000000  0.000000  0.000000  0.000000 
1  163.387265  1.217498  1.217498  342.260010  0.730000 0.000000  0.000000  0.000000  163.693992  4.267254  -0.289255 25 12 163.387265  0.000000  0.000000  0.000000  0.000000  0.000000 
1  163.693992  1.216907  1.216924  342.260010  0.730000 0.000000  0.000000  0.000000  163.825349  4.242641  -0.279306 25 12 163.693992  0.000000  0.000000  0.000000  0.000000  0.000000 
1  163.825349  1.215857  1.215857  342.260010  0.730000 0.000000  0.000000  0.000000  164.282908  4.394145  0.312393 25 13 163.825349  0.000000  0.000000  0.000000  0.000000  0.000000 
1  164.282908  1.218704  1.218704  342.260010  0.730000 0.000000  0.000000  0.000000  164.327619  4.124839  -0.734086 25 12 164.282908  0.000000  0.000000  0.000000  0.000000  0.000000 
1  164.327619  1.217479  1.217479  342.260010  0.730000 0.000000  0.000000  0.000000  164.601943  4.293078  0.122836 25 13 164.327619  0.000000  0.000000  0.000000  0.000000  0.000000 
1  164.601943  1.218327  1.218327  313.619995  0.600000 0.000000  0.000000  0.000000  164.634155  4.357632  0.339062 25 12 164.601943  0.000000  0.000000  0.000000  0.000000  0.000000 
1  164.634155  1.216865  1.216426  313.619995  0.600000 0.000000  0.000000  0.000000  164.636031  4.316311  0.087963 25 12 164.634155  0.000000  0.000000  0.000000  0.000000  0.000000 
1  164.636031  1.216500  1.216500  313.619995  0.600000 0.000000  0.000000  0.000000  164.296710  4.159460  -0.433573 25 13 164.636031  0.000000  0.000000  0.000000  0.000000  0.000000 
1  164.296710  1.217681  1.217681  313.619995  0.600000 0.000000  0.000000  0.000000  164.591830  4.100658  -0.481326 25 12 164.296710  0.000000  0.000000  0.000000  0.000000  0.000000 
1  164.591830  1.217400  1.217400  313.619995  0.600000 0.000000  0.000000  0.000000  164.321002  4.108402  -0.395968 25 12 164.591830  0.000000  0.000000  0.000000  0.000000  0.000000 
1  164.321002  1.217254  1.217254  313.619995  0.600000 0.000000  0.000000  0.000000  164.187901  4.071675  -0.457877 25 12 164.321002  0.000000  0.000000  0.000000  0.000000  0.000000 
1  164.187901  1.217061  1.217061  313.619995  0.600000 0.000000  0.000000  0.000000  164.030505  4.064243  -0.357315 25 12 164.187901  0.000000  0.000000  0.000000  0.000000  0.000000 
1  164.030505  1.216034  1.216034  313.619995  0.600000 0.000000  0.000000  0.000000  163.858257  4.008161  -0.420977 25 13 164.030505  0.000000  0.000000  0.000000  0.000000  0.000000 
1  163.858257  1.217434  1.217434  332.529999  0.610000 0.000000  0.000000  0.000000  164.141183  4.119586  0.100669 25 12 163.858257  0.000000  0.000000  0.000000  0.000000  0.000000 
1  164.141183  1.217301  1.217301  332.529999  0.610000 0.000000  0.000000  0.000000  164.143722  4.230703  0.415727 25 12 164.141183  0.000000  0.000000  0.000000  0.000000  0.000000 
1  164.143722  1.216637  1.216637  332.529999  0.610000 0.000000  0.000000  0.000000  164.116028  4.088167  -0.149989 25 13 164.143722  0.000000  0.000000  0.000000  0.000000  0.000000 
1  164.116028  1.217763  1.217763  332.529999  0.610000 0.000000  0.000000  0.000000  164.120499  4.024498  -0.347759 25 12 164.116028  0.000000  0.000000  0.000000  0.000000  0.000000 
1  164.120499  1.217560  1.217560  332.529999  0.610000 0.000000  0.000000  0.000000  164.099768  4.097616  -0.032952 25 13 164.120499  0.000000  0.000000  0.000000  0.000000  0.000000 
1  164.099768  1.216903  1.217079  332.529999  0.610000 0.000000  0.000000  0.000000  164.117532  4.134728  0.108816 25 12 164.099768  0.000000  0.000000  0.000000  0.000000  0.000000 
1  164.117532  1.217927  1.217927  332.529999  0.610000 0.000000  0.000000  0.000000  164.488460  4.039709  -0.180757 25 12 164.117532  0.000000  0.000000  0.000000  0.000000  0.000000 
1  164.488460  1.216455  1.216455  332.529999  0.610000 0.000000  0.000000  0.000000  164.393335  4.027355  -0.150900 25 13 164.488460  0.000000  0.000000  0.000000  0.000000  0.000000 
1  164.393335  1.215741  1.215741  332.529999  0.610000 0.000000  0.000000  0.000000  164.452878  3.966542  -0.344302 25 12 164.393335  0.000000  0.000000  0.000000  0.000000  0.000000 
1  164.452878  1.217132  1.217132  332.529999  0.610000 0.000000  0.000000  0.000000  164.398409  4.028594  -0.040700 25 12 164.452878  0.000000  0.000000  0.000000  0.000000  0.000000 
1  164.398409  1.217380  1.216960  2.420000  0.300000 0.000000  0.000000  0.000000  164.502425  3.932187  -0.371311 26 13 164.398409  0.000000  0.000000  0.000000  0.000000  0.000000 
1  164.502425  1.217000  1.217000  2.420000  0.300000 0.000000  0.000000  0.000000  164.374881  4.081187  0.212837 24 12 164.502425  0.000000  0.000000  0.000000  0.000000  0.000000 
1  164.374881  1.217254  1.217254  2.420000  0.300000 0.000000  0.000000  0.000000  164.164026  4.075200  0.151842 25 13 164.374881  0.000000  0.000000  0.000000  0.000000  0.000000 
1  164.164026  1.217948  1.217948  2.420000  0.300000 0.000000  0.000000  0.000000  164.209428  3.993310  -0.070055 26 12 164.164026  0.000000  0.000000  0.000000  0.000000  0.000000 
1  164.209428  1.218115  1.218115  2.420000  0.300000 0.000000  0.000000  0.000000  164.487393  4.016091  0.021851 25 12 164.209428  0.000000  0.000000  0.000000  0.000000  0.000000 
1  164.487393  1.218518  1.218518  2.420000  0.300000 0.000000  0.000000  0.000000  164.219566  3.883281  -0.428143 24 13 164.487393  0.000000  0.000000  0.000000  0.000000  0.000000 
1  164.219566  1.217261  1.217261  2.420000  0.300000 0.000000  0.000000  0.000000  164.203516  3.935174  -0.104533 26 12 164.219566  0.000000  0.000000  0.000000  0.000000  0.000000 
1  164.203516  1.217181  1.217181  2.420000  0.300000 0.000000  0.000000  0.000000  163.983630  3.957479  0.009582 24 13 164.203516  0.000000  0.000000  0.000000  0.000000  0.000000 
1  163.983630  1.217801  1.217801  2.420000  0.300000 0.000000  0.000000  0.000000  164.196639  3.952331  0.005445 26 12 163.983630  0.000000  0.000000  0.000000  0.000000  0.000000 
1  164.196639  1.218978  1.218978  2.420000  0.300000 0.000000  0.000000  0.000000  164.020983  3.776722  -0.521841 25 12 164.196639  0.000000  0.000000  0.000000  0.000000  0.000000 
1  164.020983  1.218431  1.218431  319.609985  0.420000 0.000000  0.000000  0.000000  164.125120  3.797753  -0.328036 25 13 164.020983  0.000000  0.000000  0.000000  0.000000  0.000000 
1  164.125120  1.216856  1.216856  319.609985  0.420000 0.000000  0.000000  0.000000  164.076297  3.991274  0.407996 25 12 164.125120  0.000000  0.000000  0.000000  0.000000  0.000000 
1  164.076297  1.217500  1.217444  319.609985  0.420000 0.000000  0.000000  0.000000  164.193705  3.837662  -0.267334 25 12 164.076297  0.000000  0.000000  0.000000  0.000000  0.000000 
1  164.193705  1.217174  1.217174  319.609985  0.420000 0.000000  0.000000  0.000000  164.154861  3.961271  0.263988 25 13 164.193705  0.000000  0.000000  0.000000  0.000000  0.000000 
1  164.154861  1.217056  1.217056  319.609985  0.420000 0.000000  0.000000  0.000000  164.105139  3.941373  0.099591 25 12 164.154861  0.000000  0.000000  0.000000  0.000000  0.000000 
1  164.105139  1.216742  1.216742  319.609985  0.420000 0.000000  0.000000  0.000000  164.032355  3.824859  -0.299041 24 13 164.105139  0.000000  0.000000  0.000000  0.000000  0.000000 
1  164.032355  1.217189  1.217189  319.609985  0.420000 0.000000  0.000000  0.000000  164.332811  3.750077  -0.384833 25 12 164.032355  0.000000  0.000000  0.000000  0.000000  0.000000 
1  164.332811  1.216283  1.216283  319.609985  0.420000 0.000000  0.000000  0.000000  164.140213  3.744998  -0.305880 25 12 164.332811  0.000000  0.000000  0.000000  0.000000  0.000000 
1  164.140213  1.217233  1.217233  319.609985  0.420000 0.000000  0.000000  0.000000  164.297483  3.822372  0.026491 25 13 164.140213  0.000000  0.000000  0.000000  0.000000  0.000000 
1  164.297483  1.215911  1.215911  319.609985  0.420000 0.000000  0.000000  0.000000  164.284922  3.761228  -0.159449 25 12 164.297483  0.000000  0.000000  0.000000  0.000000  0.000000 
1  164.284922  1.217673  1.217673  346.670013  0.190000 0.000000  0.000000  0.000000  164.179052  3.732066  -0.211677 24 13 164.284922  0.000000  0.000000  0.000000  0.000000  0.000000 
1  164.179052  1.217252  1.217252  346.670013  0.190000 0.000000  0.000000  0.000000  164.301980  3.832893  0.191243 26 12 164.179052  0.000000  0.000000  0.000000  0.000000  0.000000 
1  164.301980  1.217785  1.217785  346.670013  0.190000 0.000000  0.000000  0.000000  164.104577  3.854096  0.205455 25 12 164.301980  0.000000  0.000000  0.000000  0.000000  0.000000 
1  164.104577  1.217275  1.217275  346.670013  0.190000 0.000000  0.000000  0.000000  164.163671  3.787576  -0.072883 25 13 164.104577  0.000000  0.000000  0.000000  0.000000  0.000000 
1  164.163671  1.218241  1.217737  346.670013  0.190000 0.000000  0.000000  0.000000  163.913225  3.664724  -0.465627 25 12 164.163671  0.000000  0.000000  0.000000  0.000000  0.000000 
1  163.913225  1.218369  1.218369  346.670013  0.190000 0.000000  0.000000  0.000000  164.078141  3.715270  -0.143823 25 12 163.913225  0.000000  0.000000  0.000000  0.000000  0.000000 
1  164.078141  1.217145  1.217145  346.670013  0.190000 0.000000  0.000000  0.000000  163.847658  3.731099  -0.077343 25 13 164.078141  0.000000  0.000000  0.000000  0.000000  0.000000 
1  163.847658  1.218147  1.218147  346.670013  0.190000 0.000000  0.000000  0.000000  163.751785  3.679721  -0.234703 25 12 163.847658  0.000000  0.000000  0.000000  0.000000  0.000000 
1  163.751785  1.217075  1.217075  346.670013  0.190000 0.000000  0.000000  0.000000  164.026294  3.762366  0.117046 25 13 163.751785  0.000000  0.000000  0.000000  0.000000  0.000000 
1  164.026294  1.217235  1.217235  346.670013  0.190000 0.000000  0.000000  0.000000  164.149946  3.674785  -0.251961 25 12 164.026294  0.000000  0.000000  0.000000  0.000000  0.000000 
1  164.149946  1.216974  1.216974  346.670013  0.190000 0.000000  0.000000  0.000000  164.134515  3.703329  -0.068154 25 12 164.149946  0.000000  0.000000  0.000000  0.000000  0.000000 
1  164.134515  1.216625  1.216625  346.670013  0.190000 0.000000  0.000000  0.000000  164.145451  3.782322  0.183847 25 13 164.134515  0.000000  0.000000  0.000000  0.000000  0.000000 
1  164.145451  1.218740  1.218740  349.540009  0.320000 0.000000  0.000000  0.000000  164.181973  3.649157  -0.320657 25 12 164.145451  0.000000  0.000000  0.000000  0.000000  0.000000 
1  164.181973  1.216555  1.216555  349.540009  0.320000 0.000000  0.000000  0.000000  164.228745  3.690149  -0.073083 25 13 164.181973  0.000000  0.000000  0.000000  0.000000  0.000000 
1  164.228745  1.217861  1.217861  349.540009  0.320000 0.000000  0.000000  0.000000  164.229371  3.743915  0.129436 25 12 164.228745  0.000000  0.000000  0.000000  0.000000  0.000000 
1  164.229371  1.217546  1.217546  349.540009  0.320000 0.000000  0.000000  0.000000  164.101542  3.727682  -0.046098 25 12 164.229371  0.000000  0.000000  0.000000  0.000000  0.000000 
1  164.101542  1.217500  1.217212  349.540009  0.320000 0.000000  0.000000  0.000000  164.362257  3.569097  -0.561351 25 13 164.101542  0.000000  0.000000  0.000000  0.000000  0.000000 
1  164.362257  1.217076  1.217076  349.540009  0.320000 0.000000  0.000000  0.000000  164.083847  3.634755  -0.191795 25 12 164.362257  0.000000  0.000000  0.000000  0.000000  0.000000 
1  164.083847  1.216896  1.216896  349.540009  0.320000 0.000000  0.000000  0.000000  164.309665  3.484320  -0.553308 25 12 164.083847  0.000000  0.000000  0.000000  0.000000  0.000000 
1  164.309665  1.217063  1.217063  349.540009  0.320000 0.000000  0.000000  0.000000  164.277221  3.584665  -0.087018 25 13 164.309665  0.000000  0.000000  0.000000  0.000000  0.000000 
1  164.277221  1.217783  1.217783  3.230000  0.450000 0.000000  0.000000  0.000000  164.022291  3.595087  -0.048607 25 12 164.277221  0.000000  0.000000  0.000000  0.000000  0.000000 
1  164.022291  1.216754  1.217008  3.230000  0.450000 0.000000  0.000000  0.000000  164.362426  3.543354  -0.160003 25 13 164.022291  0.000000  0.000000  0.000000  0.000000  0.000000 
1  164.362426  1.216947  1.216947  3.230000  0.450000 0.000000  0.000000  0.000000  164.344759  3.441378  -0.453526 25 12 164.362426  0.000000  0.000000  0.000000  0.000000  0.000000 
1  164.344759  1.217104  1.217104  3.230000  0.450000 0.000000  0.000000  0.000000  164.307750  3.436375  -0.429055 25 12 164.344759  0.000000  0.000000  0.000000  0.000000  0.000000 
1  164.307750  1.216938  1.216938  3.230000  0.450000 0.000000  0.000000  0.000000  164.479117  3.613915  0.254558 25 13 164.307750  0.000000  0.000000  0.000000  0.000000  0.000000 
1  164.479117  1.217701  1.217701  3.230000  0.450000 0.000000  0.000000  0.000000  164.523601  3.507576  -0.202147 25 12 164.479117  0.000000  0.000000  0.000000  0.000000  0.000000 
1  164.523601  1.217765  1.216459  3.230000  0.450000 0.000000  0.000000  0.000000  164.329019  3.386831  -0.542782 25 13 164.523601  0.000000  0.000000  0.000000  0.000000  0.000000 
1  164.329019  1.218437  1.218437  3.230000  0.450000 0.000000  0.000000  0.000000  164.457027  3.472869  -0.083239 25 12 164.329019  0.000000  0.000000  0.000000  0.000000  0.000000 
1  164.457027  1.217248  1.217248  3.230000  0.450000 0.000000  0.000000  0.000000  164.231931  3.456960  -0.073040 25 12 164.457027  0.000000  0.000000  0.000000  0.000000  0.000000 
1  164.231931  1.217452  1.217452  3.230000  0.450000 0.000000  0.000000  0.000000  164.092246  3.504015  0.089637 25 13 164.231931  0.000000  0.000000  0.000000  0.000000  0.000000 
1  164.092246  1.216729  1.216729  176.410004  0.410000 0.000000  0.000000  0.000000  163.795362  3.505584  0.053467 25 12 164.092246  0.000000  0.000000  0.000000  0.000000  0.000000 
1  163.795362  1.217597  1.217302  176.410004  0.410000 0.000000  0.000000  0.000000  163.875185  3.477776  -0.125760 25 13 163.795362  0.000000  0.000000  0.000000  0.000000  0.000000 
1  163.875185  1.217863  1.217863  176.410004  0.410000 0.000000  0.000000  0.000000  163.950548  3.468239  -0.148568 25 12 163.875185  0.000000  0.000000  0.000000  0.000000  0.000000 
1  163.950548  1.218049  1.218049  176.410004  0.410000 0.000000  0.000000  0.000000  164.184254  3.309084  -0.553860 25 12 163.950548  0.000000  0.000000  0.000000  0.000000  0.000000 
1  164.184254  1.216795  1.216795  176.410004  0.410000 0.000000  0.000000  0.000000  164.128797  3.334293  -0.316903 25 13 164.184254  0.000000  0.000000  0.000000  0.000000  0.000000 
1  164.128797  1.218571  1.218571  176.410004  0.410000 0.000000  0.000000  0.000000  164.267376  3.380131  -0.207216 25 12 164.128797  0.000000  0.000000  0.000000  0.000000  0.000000 
1  164.267376  1.217920  1.217920  176.410004  0.410000 0.000000  0.000000  0.000000  164.400041  3.357153  -0.213480 25 13 164.267376  0.000000  0.000000  0.000000  0.000000  0.000000 
1  164.400041  1.218360  1.218360  176.410004  0.410000 0.000000  0.000000  0.000000  164.504456  3.303650  -0.318660 25 12 164.400041  0.000000  0.000000  0.000000  0.000000  0.000000 
1  164.504456  1.217412  1.217412  176.410004  0.410000 0.000000  0.000000  0.000000  164.462220  3.374393  -0.011759 25 12 164.504456  0.000000  0.000000  0.000000  0.000000  0.000000 
1  164.462220  1.217302  1.217302  176.410004  0.410000 0.000000  0.000000  0.000000  164.500481  3.290782  -0.222276 25 13 164.462220  0.000000  0.000000  0.000000  0.000000  0.000000 
1  164.500481  1.217320  1.217320  190.309998  0.160000 0.000000  0.000000  0.000000  164.400205  3.313991  -0.055017 25 12 164.500481  0.000000  0.000000  0.000000  0.000000  0.000000 
1  164.400205  1.217606  1.217606  190.309998  0.160000 0.000000  0.000000  0.000000  164.321923  3.208805  -0.426050 25 12 164.400205  0.000000  0.000000  0.000000  0.000000  0.000000 
1  164.321923  1.217992  1.217992  190.309998  0.160000 0.000000  0.000000  0.000000  164.230948  3.230548  -0.231784 25 13 164.321923  0.000000  0.000000  0.000000  0.000000  0.000000 
1  164.230948  1.217657  1.217537  190.309998  0.160000 0.000000  0.000000  0.000000  164.479028  3.249541  -0.096893 25 12 164.230948  0.000000  0.000000  0.000000  0.000000  0.000000 
1  164.479028  1.216786  1.216786  190.309998  0.160000 0.000000  0.000000  0.000000  164.561337  3.162650  -0.410192 25 13 164.479028  0.000000  0.000000  0.000000  0.000000  0.000000 
1  164.561337  1.217581  1.217581  190.309998  0.160000 0.000000  0.000000  0.000000  164.409851  3.217522  -0.181008 25 12 164.561337  0.000000  0.000000  0.000000  0.000000  0.000000 
1  164.409851  1.216304  1.216304  190.309998  0.160000 0.000000  0.000000  0.000000  164.186705  3.225673  -0.093642 25 12 164.409851  0.000000  0.000000  0.000000  0.000000  0.000000 
1  164.186705  1.216191  1.216191  190.309998  0.160000 0.000000  0.000000  0.000000  164.134345  3.123541  -0.428717 25 13 164.186705  0.000000  0.000000  0.000000  0.000000  0.000000 
1  164.134345  1.217053  1.216513  190.309998  0.160000 0.000000  0.000000  0.000000  163.944346  3.142864  -0.237507 25 12 164.134345  0.000000  0.000000  0.000000  0.000000  0.000000 
1  163.944346  1.216263  1.216263  190.309998  0.160000 0.000000  0.000000  0.000000  163.899996  3.298517  0.330322 25 13 163.944346  0.000000  0.000000  0.000000  0.000000  0.000000 
1  163.899996  1.217203  1.217203  73.430000  0.430000 0.000000  0.000000  0.000000  163.796897  3.147477  -0.312409 25 12 163.899996  0.000000  0.000000  0.000000  0.000000  0.000000 
1  163.796897  1.217331  1.217331  73.430000  0.430000 0.000000  0.000000  0.000000  163.749067  3.212849  -0.059316 25 12 163.796897  0.000000  0.000000  0.000000  0.000000  0.000000 
1  163.749067  1.215827  1.215827  73.430000  0.430000 0.000000  0.000000  0.000000  163.856527  3.184319  -0.177900 25 13 163.749067  0.000000  0.000000  0.000000  0.000000  0.000000 
1  163.856527  1.215979  1.215721  73.430000  0.430000 0.000000  0.000000  0.000000  163.965789  3.314613  0.400282 25 12 163.856527  0.000000  0.000000  0.000000  0.000000  0.000000 
1  163.965789  1.216586  1.216586  73.430000  0.430000 0.000000  0.000000  0.000000  164.073975  3.116838  -0.426579 25 13 163.965789  0.000000  0.000000  0.000000  0.000000  0.000000 
1  164.073975  1.215682  1.215682  73.430000  0.430000 0.000000  0.000000  0.000000  163.860602  3.110909  -0.366939 25 12 164.073975  0.000000  0.000000  0.000000  0.000000  0.000000 
1  163.860602  1.217710  1.217710  73.430000  0.430000 0.000000  0.000000  0.000000  163.798369  3.232210  0.102697 25 12 163.860602  0.000000  0.000000  0.000000  0.000000  0.000000 
1  163.798369  1.216896  1.216896  73.430000  0.430000 0.000000  0.000000  0.000000  163.699764  3.146374  -0.154097 25 13 163.798369  0.000000  0.000000  0.000000  0.000000  0.000000 
1  163.699764  1.215247  1.215386  73.430000  0.430000 0.000000  0.000000  0.000000  163.870851  3.032377  -0.435565 25 12 163.699764  0.000000  0.000000  0.000000  0.000000  0.000000 
1  163.870851  1.217539  1.217539  73.430000  0.430000 0.000000  0.000000  0.000000  163.819723  3.137122  0.007067 25 13 163.870851  0.000000  0.000000  0.000000  0.000000  0.000000 
1  163.819723  1.218616  1.218616  73.430000  0.430000 0.000000  0.000000  0.000000  163.836455  3.051585  -0.343988 25 12 163.819723  0.000000  0.000000  0.000000  0.000000  0.000000 
1  163.836455  1.217366  1.217366  73.430000  0.430000 0.000000  0.000000  0.000000  163.742635  3.059379  -0.202329 25 12 163.836455  0.000000  0.000000  0.000000  0.000000  0.000000 
1  163.742635  1.218546  1.218546  57.410000  0.490000 0.000000  0.000000  0.000000  164.002724  3.014911  -0.299387 25 13 163.742635  0.000000  0.000000  0.000000  0.000000  0.000000 
1  164.002724  1.217208  1.217380  57.410000  0.490000 0.000000  0.000000  0.000000  163.982754  3.010917  -0.194831 25 12 164.002724  0.000000  0.000000  0.000000  0.000000  0.000000 
1  163.982754  1.216910  1.216910  57.410000  0.490000 0.000000  0.000000  0.000000  163.921658  3.072768  0.054140 25 13 163.982754  0.000000  0.000000  0.000000  0.000000  0.000000 
1  163.921658  1.217363  1.217363  57.410000  0.490000 0.000000  0.000000  0.000000  163.789565  3.108710  0.112311 25 12 163.921658  0.000000  0.000000  0.000000  0.000000  0.000000 
1  163.789565  1.219321  1.219321  57.410000  0.490000 0.000000  0.000000  0.000000  163.900518  3.146240  0.245341 26 12 163.789565  0.000000  0.000000  0.000000  0.000000  0.000000 
1  163.900518  1.218118  1.218118  57.410000  0.490000 0.000000  0.000000  0.000000  164.317506  3.022243  -0.223475 24 13 163.900518  0.000000  0.000000  0.000000  0.000000  0.000000 
1  164.317506  1.220181  1.219737  57.410000  0.490000 0.000000  0.000000  0.000000  164.200835  3.130709  0.193784 26 12 164.317506  0.000000  0.000000  0.000000  0.000000  0.000000 
1  164.200835  1.218304  1.218304  57.410000  0.490000 0.000000  0.000000  0.000000  164.105482  3.137891  0.112703 25 12 164.200835  0.000000  0.000000  0.000000  0.000000  0.000000 
1  164.105482  1.217796  1.217796  120.540001  0.450000 0.000000  0.000000  0.000000  164.284190  3.066996  -0.083279 25 13 164.105482  0.000000  0.000000  0.000000  0.000000  0.000000 
1  164.284190  1.217962  1.217962  120.540001  0.450000 0.000000  0.000000  0.000000  164.379407  3.045340  -0.158089 25 12 164.284190  0.000000  0.000000  0.000000  0.000000  0.000000 
1  164.379407  1.217140  1.217140  120.540001  0.450000 0.000000  0.000000  0.000000  164.062092  2.955024  -0.384761 24 13 164.379407  0.000000  0.000000  0.000000  0.000000  0.000000 
1  164.062092  1.217444  1.217444  120.540001  0.450000 0.000000  0.000000  0.000000  164.198506  2.954655  -0.193769 26 12 164.062092  0.000000  0.000000  0.000000  0.000000  0.000000 
1  164.198506  1.216841  1.216841  120.540001  0.450000 0.000000  0.000000  0.000000  164.139821  2.949292  -0.074092 25 12 164.198506  0.000000  0.000000  0.000000  0.000000  0.000000 
1  164.139821  1.217683  1.217683  120.540001  0.450000 0.000000  0.000000  0.000000  164.092112  3.050479  0.330172 25 13 164.139821  0.000000  0.000000  0.000000  0.000000  0.000000 
1  164.092112  1.217436  1.217436  120.540001  0.450000 0.000000  0.000000  0.000000  163.852496  2.970992  -0.074836 25 12 164.092112  0.000000  0.000000  0.000000  0.000000  0.000000 
1  163.852496  1.216651  1.216651  120.540001  0.450000 0.000000  0.000000  0.000000  163.919853  3.063868  0.198767 24 13 163.852496  0.000000  0.000000  0.000000  0.000000  0.000000 
1  163.919853  1.216544  1.216544  120.540001  0.450000 0.000000  0.000000  0.000000  163.893603  2.976288  -0.163260 26 12 163.919853  0.000000  0.000000  0.000000  0.000000  0.000000 
1  163.893603  1.217895  1.217895  120.540001  0.450000 0.000000  0.000000  0.000000  163.960873  2.979647  -0.045689 25 12 163.893603  0.000000  0.000000  0.000000  0.000000  0.000000 
1  163.960873  1.217000  1.216899  332.959991  0.430000 0.000000  0.000000  0.000000  164.008956  2.748067  -0.863430 25 13 163.960873  0.000000  0.000000  0.000000  0.000000  0.000000 
1  164.008956  1.216336  1.216336  332.959991  0.430000 0.000000  0.000000  0.000000  164.130134  2.852586  -0.271747 25 12 164.008956  0.000000  0.000000  0.000000  0.000000  0.000000 
1  164.130134  1.218673  1.218673  332.959991  0.430000 0.000000  0.000000  0.000000  163.956797  2.901497  -0.055085 25 12 164.130134  0.000000  0.000000  0.000000  0.000000  0.000000 
1  163.956797  1.217418  1.217418  332.959991  0.430000 0.000000  0.000000  0.000000  163.761321  2.859059  -0.175846 25 13 163.956797  0.000000  0.000000  0.000000  0.000000  0.000000 
1  163.761321  1.215789  1.215789  332.959991  0.430000 0.000000  0.000000  0.000000  163.660285  2.988752  0.276370 25 12 163.761321  0.000000  0.000000  0.000000  0.000000  0.000000 
1  163.660285  1.217711  1.217388  332.959991  0.430000 0.000000  0.000000  0.000000  164.136313  2.989390  0.238024 25 13 163.660285  0.000000  0.000000  0.000000  0.000000  0.000000 
1  164.136313  1.216841  1.216841  332.959991  0.430000 0.000000  0.000000  0.000000  164.112802  2.830371  -0.378162 25 12 164.136313  0.000000  0.000000  0.000000  0.000000  0.000000 
1  164.112802  1.217563  1.217563  332.959991  0.430000 0.000000  0.000000  0.000000  164.261789  2.910137  -0.005400 25 12 164.112802  0.000000  0.000000  0.000000  0.000000  0.000000 
1  164.261789  1.217450  1.217450  332.959991  0.430000 0.000000  0.000000  0.000000  164.362310  2.924169  0.116267 25 13 164.261789  0.000000  0.000000  0.000000  0.000000  0.000000 
1  164.362310  1.217691  1.217691  332.959991  0.430000 0.000000  0.000000  0.000000  164.254290  2.860742  -0.165915 25 12 164.362310  0.000000  0.000000  0.000000  0.000000  0.000000 
1  164.254290  1.216696  1.216362  149.899994  0.130000 0.000000  0.000000  0.000000  164.115779  2.915656  0.082195 25 13 164.254290  0.000000  0.000000  0.000000  0.000000  0.000000 
1  164.115779  1.216256  1.216256  149.899994  0.130000 0.000000  0.000000  0.000000  164.147018  2.883332  -0.036656 25 12 164.115779  0.000000  0.000000  0.000000  0.000000  0.000000 
1  164.147018  1.217573  1.217573  149.899994  0.130000 0.000000  0.000000  0.000000  164.010903  2.896401  0.061102 25 12 164.147018  0.000000  0.000000  0.000000  0.000000  0.000000 
1  164.010903  1.216156  1.216156  149.899994  0.130000 0.000000  0.000000  0.000000  163.822499  2.808956  -0.257605 25 13 164.010903  0.000000  0.000000  0.000000  0.000000  0.000000 
1  163.822499  1.216742  1.216742  149.899994  0.130000 0.000000  0.000000  0.000000  163.930080  2.803714  -0.250288 25 12 163.822499  0.000000  0.000000  0.000000  0.000000  0.000000 
1  163.930080  1.216604  1.216183  149.899994  0.130000 0.000000  0.000000  0.000000  163.870752  2.789045  -0.171918 25 12 163.930080  0.000000  0.000000  0.000000  0.000000  0.000000 
1  163.870752  1.219638  1.219638  149.899994  0.130000 0.000000  0.000000  0.000000  163.833469  2.834013  0.006470 25 13 163.870752  0.000000  0.000000  0.000000  0.000000  0.000000 
1  163.833469  1.217263  1.217263  149.899994  0.130000 0.000000  0.000000  0.000000  164.061830  2.828299  0.027629 25 12 163.833469  0.000000  0.000000  0.000000  0.000000  0.000000 
1  164.061830  1.218420  1.218420  149.899994  0.130000 0.000000  0.000000  0.000000  164.041587  2.894668  0.267399 25 13 164.061830  0.000000  0.000000  0.000000  0.000000  0.000000 
1  164.041587  1.218167  1.218167  149.899994  0.130000 0.000000  0.000000  0.000000  163.893671  2.670724  -0.563659 25 12 164.041587  0.000000  0.000000  0.000000  0.000000  0.000000 
1  163.893671  1.217795  1.217795  9.430000  0.700000 0.000000  0.000000  0.000000  164.056895  2.681847  -0.434243 25 12 163.893671  0.000000  0.000000  0.000000  0.000000  0.000000 
1  164.056895  1.217814  1.217814  9.430000  0.700000 0.000000  0.000000  0.000000  163.867211  2.777584  0.010250 25 13 164.056895  0.000000  0.000000  0.000000  0.000000  0.000000 
1  163.867211  1.218552  1.218552  9.430000  0.700000 0.000000  0.000000  0.000000  163.999302  2.728375  -0.181199 25 12 163.867211  0.000000  0.000000  0.000000  0.000000  0.000000 
1  163.999302  1.216658  1.216658  9.430000  0.700000 0.000000  0.000000  0.000000  163.842674  2.670659  -0.368115 25 13 163.999302  0.000000  0.000000  0.000000  0.000000  0.000000 
1  163.842674  1.216878  1.216878  9.430000  0.700000 0.000000  0.000000  0.000000  163.889429  2.675674  -0.134975 25 12 163.842674  0.000000  0.000000  0.000000  0.000000  0.000000 
1  163.889429  1.216143  1.216143  9.430000  0.700000 0.000000  0.000000  0.000000  163.979339  2.778122  0.232488 25 12 163.889429  0.000000  0.000000  0.000000  0.000000  0.000000 
1  163.979339  1.215984  1.215984  9.430000  0.700000 0.000000  0.000000  0.000000  163.846365  2.691757  -0.078415 25 13 163.979339  0.000000  0.000000  0.000000  0.000000  0.000000 
1  163.846365  1.218432  1.218228  9.430000  0.700000 0.000000  0.000000  0.000000  163.769770  2.708605  -0.076141 25 12 163.846365  0.000000  0.000000  0.000000  0.000000  0.000000 
1  163.769770  1.216763  1.216763  9.430000  0.700000 0.000000  0.000000  0.000000  163.625619  2.753948  0.036407 25 13 163.769770  0.000000  0.000000  0.000000  0.000000  0.000000 
1  163.625619  1.216522  1.216522  9.430000  0.700000 0.000000  0.000000  0.000000  163.888004  2.594104  -0.437526 25 12 163.625619  0.000000  0.000000  0.000000  0.000000  0.000000 
1  163.888004  1.217211  1.217211  9.430000  0.700000 0.000000  0.000000  0.000000  163.970855  2.525657  -0.530053 25 12 163.888004  0.000000  0.000000  0.000000  0.000000  0.000000 
1  163.970855  1.215828  1.215828  9.430000  0.700000 0.000000  0.000000  0.000000  163.589186  2.611395  -0.074832 25 13 163.970855  0.000000  0.000000  0.000000  0.000000  0.000000 
1  163.589186  1.217043  1.217061  344.440002  0.810000 0.000000  0.000000  0.000000  163.695072  2.604577  -0.111015 25 12 163.589186  0.000000  0.000000  0.000000  0.000000  0.000000 
1  163.695072  1.218149  1.218149  344.440002  0.810000 0.000000  0.000000  0.000000  163.597371  2.639399  0.072045 25 12 163.695072  0.000000  0.000000  0.000000  0.000000  0.000000 
1  163.597371  1.214516  1.214516  344.440002  0.810000 0.000000  0.000000  0.000000  163.658121  2.720013  0.326238 25 13 163.597371  0.000000  0.000000  0.000000  0.000000  0.000000 
1  163.658121  1.217915  1.217915  344.440002  0.810000 0.000000  0.000000  0.000000  163.638670  2.705986  0.167174 25 12 163.658121  0.000000  0.000000  0.000000  0.000000  0.000000 
1  163.638670  1.216460  1.216460  344.440002  0.810000 0.000000  0.000000  0.000000  163.903601  2.568258  -0.287622 25 13 163.638670  0.000000  0.000000  0.000000  0.000000  0.000000 
1  163.903601  1.216968  1.216094  344.440002  0.810000 0.000000  0.000000  0.000000  163.721549  2.521637  -0.491167 25 12 163.903601  0.000000  0.000000  0.000000  0.000000  0.000000 
1  163.721549  1.216803  1.216803  344.440002  0.810000 0.000000  0.000000  0.000000  163.967063  2.533097  -0.305742 25 12 163.721549  0.000000  0.000000  0.000000  0.000000  0.000000 
1  163.967063  1.217590  1.217590  344.440002  0.810000 0.000000  0.000000  0.000000  164.007292  2.678848  0.186420 25 13 163.967063  0.000000  0.000000  0.000000  0.000000  0.000000 
1  164.007292  1.217828  1.217828  343.250000  0.710000 0.000000  0.000000  0.000000  164.156641  2.552416  -0.260876 25 12 164.007292  0.000000  0.000000  0.000000  0.000000  0.000000 
1  164.156641  1.217134  1.217134  343.250000  0.710000 0.000000  0.000000  0.000000  163.962401  2.533449  -0.270233 25 13 164.156641  0.000000  0.000000  0.000000  0.000000  0.000000 
1  163.962401  1.217326  1.217167  343.250000  0.710000 0.000000  0.000000  0.000000  163.762006  2.608979  0.001214 25 12 163.962401  0.000000  0.000000  0.000000  0.000000  0.000000 
1  163.762006  1.219818  1.219818  343.250000  0.710000 0.000000  0.000000  0.000000  163.703565  2.495464  -0.455413 25 12 163.762006  0.000000  0.000000  0.000000  0.000000  0.000000 
1  163.703565  1.217482  1.217482  343.250000  0.710000 0.000000  0.000000  0.000000  163.751506  2.599495  0.015425 25 13 163.703565  0.000000  0.000000  0.000000  0.000000  0.000000 
1  163.751506  1.217719  1.217719  343.250000  0.710000 0.000000  0.000000  0.000000  163.743272  2.648908  0.264804 25 12 163.751506  0.000000  0.000000  0.000000  0.000000  0.000000 
1  163.743272  1.218035  1.218035  343.250000  0.710000 0.000000  0.000000  0.000000  163.969908  2.627173  0.100435 25 13 163.743272  0.000000  0.000000  0.000000  0.000000  0.000000 
1  163.969908  1.217102  1.217102  343.250000  0.710000 0.000000  0.000000  0.000000  164.072281  2.519115  -0.247680 25 12 163.969908  0.000000  0.000000  0.000000  0.000000  0.000000 
1  164.072281  1.217631  1.217631  343.250000  0.710000 0.000000  0.000000  0.000000  163.942565  2.432167  -0.468601 25 12 164.072281  0.000000  0.000000  0.000000  0.000000  0.000000 
1  163.942565  1.217064  1.217064  343.250000  0.710000 0.000000  0.000000  0.000000  163.834614  2.509635  0.018974 25 13 163.942565  0.000000  0.000000  0.000000  0.000000  0.000000 
1  163.834614  1.216159  1.216159  359.630005  0.630000 0.000000  0.000000  0.000000  163.543628  2.546238  0.248016 25 12 163.834614  0.000000  0.000000  0.000000  0.000000  0.000000 
1  163.543628  1.216945  1.216945  359.630005  0.630000 0.000000  0.000000  0.000000  163.762470  2.469495  -0.106422 25 13 163.543628  0.000000  0.000000  0.000000  0.000000  0.000000 
1  163.762470  1.218542  1.218542  359.630005  0.630000 0.000000  0.000000  0.000000  163.913423  2.513563  0.053068 25 12 163.762470  0.000000  0.000000  0.000000  0.000000  0.000000 
1  163.913423  1.217806  1.217806  359.630005  0.630000 0.000000  0.000000  0.000000  164.134754  2.559564  0.118725 25 12 163.913423  0.000000  0.000000  0.000000  0.000000  0.000000 
1  164.134754  1.217268  1.217263  359.630005  0.630000 0.000000  0.000000  0.000000  164.151758  2.570026  0.117221 25 13 164.134754  0.000000  0.000000  0.000000  0.000000  0.000000 
1  164.151758  1.215480  1.215480  359.630005  0.630000 0.000000  0.000000  0.000000  164.083419  2.542612  0.046759 25 12 164.151758  0.000000  0.000000  0.000000  0.000000  0.000000 
1  164.083419  1.215849  1.215849  359.630005  0.630000 0.000000  0.000000  0.000000  164.066897  2.515732  -0.089580 25 13 164.083419  0.000000  0.000000  0.000000  0.000000  0.000000 
1  164.066897  1.217879  1.217879  359.630005  0.630000 0.000000  0.000000  0.000000  163.889544  2.376272  -0.583524 25 12 164.066897  0.000000  0.000000  0.000000  0.000000  0.000000 
1  163.889544  1.215682  1.215682  359.630005  0.630000 0.000000  0.000000  0.000000  163.578021  2.388673  -0.358167 25 12 163.889544  0.000000  0.000000  0.000000  0.000000  0.000000 
1  163.578021  1.216387  1.216387  359.630005  0.630000 0.000000  0.000000  0.000000  163.725190  2.431573  -0.057041 25 13 163.578021  0.000000  0.000000  0.000000  0.000000  0.000000 
1  163.725190  1.216228  1.216228  221.679993  0.200000 0.000000  0.000000  0.000000  163.560134  2.406105  -0.163247 25 12 163.725190  0.000000  0.000000  0.000000  0.000000  0.000000 
1  163.560134  1.215404  1.215404  221.679993  0.200000 0.000000  0.000000  0.000000  163.866907  2.380120  -0.170909 25 13 163.560134  0.000000  0.000000  0.000000  0.000000  0.000000 
1  163.866907  1.217147  1.217147  221.679993  0.200000 0.000000  0.000000  0.000000  163.993149  2.290288  -0.404549 25 12 163.866907  0.000000  0.000000  0.000000  0.000000  0.000000 
1  163.993149  1.217054  1.217054  221.679993  0.200000 0.000000  0.000000  0.000000  163.861728  2.491929  0.361971 25 12 163.993149  0.000000  0.000000  0.000000  0.000000  0.000000 
1  163.861728  1.216408  1.216408  221.679993  0.200000 0.000000  0.000000  0.000000  163.783893  2.292948  -0.353641 25 13 163.861728  0.000000  0.000000  0.000000  0.000000  0.000000 
1  163.783893  1.217356  1.217356  221.679993  0.200000 0.000000  0.000000  0.000000  163.746855  2.445577  0.336701 25 12 163.783893  0.000000  0.000000  0.000000  0.000000  0.000000 
1  163.746855  1.216517  1.216714  221.679993  0.200000 0.000000  0.000000  0.000000  163.860087  2.422186  0.212754 25 12 163.746855  0.000000  0.000000  0.000000  0.000000  0.000000 
1  163.860087  1.217494  1.217494  221.679993  0.200000 0.000000  0.000000  0.000000  163.607432  2.381594  0.016971 25 13 163.860087  0.000000  0.000000  0.000000  0.000000  0.000000 
1  163.607432  1.218731  1.218731  221.679993  0.200000 0.000000  0.000000  0.000000  163.452330  2.175876  -0.616362 25 12 163.607432  0.000000  0.000000  0.000000  0.000000  0.000000 
1  163.452330  1.217482  1.217482  221.679993  0.200000 0.000000  0.000000  0.000000  163.453425  2.249376  -0.240213 25 13 163.452330  0.000000  0.000000  0.000000  0.000000  0.000000 
1  163.453425  1.215972  1.215972  249.839996  0.110000 0.000000  0.000000  0.000000  163.554316  2.222934  -0.275260 25 12 163.453425  0.000000  0.000000  0.000000  0.000000  0.000000 
1  163.554316  1.217651  1.217273  249.839996  0.110000 0.000000  0.000000  0.000000  163.493312  2.297304  0.056089 25 12 163.554316  0.000000  0.000000  0.000000  0.000000  0.000000 
1  163.493312  1.219184  1.219184  249.839996  0.110000 0.000000  0.000000  0.000000  163.338642  2.305172  0.062888 25 13 163.493312  0.000000  0.000000  0.000000  0.000000  0.000000 
1  163.338642  1.217015  1.217015  249.839996  0.110000 0.000000  0.000000  0.000000  163.574233  2.224095  -0.192325 26 12 163.338642  0.000000  0.000000  0.000000  0.000000  0.000000 
1  163.574233  1.217719  1.217719  249.839996  0.110000 0.000000  0.000000  0.000000  163.571331  2.337133  0.206960 25 12 163.574233  0.000000  0.000000  0.000000  0.000000  0.000000 
1  163.571331  1.217629  1.217629  249.839996  0.110000 0.000000  0.000000  0.000000  163.681241  2.374835  0.303147 25 13 163.571331  0.000000  0.000000  0.000000  0.000000  0.000000 
1  163.681241  1.217713  1.217713  249.839996  0.110000 0.000000  0.000000  0.000000  163.720687  2.254543  -0.139292 25 12 163.681241  0.000000  0.000000  0.000000  0.000000  0.000000 
1  163.720687  1.214848  1.214848  249.839996  0.110000 0.000000  0.000000  0.000000  163.487501  2.290352  0.079636 24 13 163.720687  0.000000  0.000000  0.000000  0.000000  0.000000 
1  163.487501  1.217221  1.217221  249.839996  0.110000 0.000000  0.000000  0.000000  163.440229  2.217336  -0.204209 26 12 163.487501  0.000000  0.000000  0.000000  0.000000  0.000000 
1  163.440229  1.217402  1.217402  249.839996  0.110000 0.000000  0.000000  0.000000  163.681112  2.345972  0.215243 25 12 163.440229  0.000000  0.000000  0.000000  0.000000  0.000000 
1  163.681112  1.217611  1.217611  249.839996  0.110000 0.000000  0.000000  0.000000  163.824394  2.376857  0.336977 25 13 163.681112  0.000000  0.000000  0.000000  0.000000  0.000000 
1  163.824394  1.216955  1.216955  249.839996  0.110000 0.000000  0.000000  0.000000  163.878136  2.312446  0.072881 25 12 163.824394  0.000000  0.000000  0.000000  0.000000  0.000000 
1  163.878136  1.216976  1.216976  309.279999  0.070000 0.000000  0.000000  0.000000  163.794052  2.238619  -0.156054 24 13 163.878136  0.000000  0.000000  0.000000  0.000000  0.000000 
1  163.794052  1.216020  1.216135  309.279999  0.070000 0.000000  0.000000  0.000000  163.973649  2.286260  0.062333 26 12 163.794052  0.000000  0.000000  0.000000  0.000000  0.000000 
1  163.973649  1.216652  1.216652  309.279999  0.070000 0.000000  0.000000  0.000000  163.578311  2.124568  -0.495961 25 12 163.973649  0.000000  0.000000  0.000000  0.000000  0.000000 
1  163.578311  1.217261  1.217261  309.279999  0.070000 0.000000  0.000000  0.000000  163.651244  2.262521  0.057309 25 13 163.578311  0.000000  0.000000  0.000000  0.000000  0.000000 
1  163.651244  1.218386  1.218386  309.279999  0.070000 0.000000  0.000000  0.000000  163.512311  2.252328  0.025767 25 12 163.651244  0.000000  0.000000  0.000000  0.000000  0.000000 
1  163.512311  1.216222  1.216222  309.279999  0.070000 0.000000  0.000000  0.000000  163.616632  2.153862  -0.353971 25 12 163.512311  0.000000  0.000000  0.000000  0.000000  0.000000 
1  163.616632  1.218220  1.218381  309.279999  0.070000 0.000000  0.000000  0.000000  163.742282  2.123026  -0.361215 25 13 163.616632  0.000000  0.000000  0.000000  0.000000  0.000000 
1  163.742282  1.216914  1.216914  309.279999  0.070000 0.000000  0.000000  0.000000  163.617393  2.117034  -0.256844 25 12 163.742282  0.000000  0.000000  0.000000  0.000000  0.000000 
1  163.617393  1.215034  1.215034  340.869995  1.720000 0.000000  0.000000  0.000000  163.615156  2.227038  0.163729 25 13 163.617393  0.000000  0.000000  0.000000  0.000000  0.000000 
1  163.615156  1.216654  1.216654  340.869995  1.720000 0.000000  0.000000  0.000000  163.636093  2.164472  -0.101527 25 12 163.615156  0.000000  0.000000  0.000000  0.000000  0.000000 
1  163.636093  1.216059  1.216059  340.869995  1.720000 0.000000  0.000000  0.000000  163.596197  2.155088  -0.119301 25 12 163.636093  0.000000  0.000000  0.000000  0.000000  0.000000 
1  163.596197  1.216817  1.216817  340.869995  1.720000 0.000000  0.000000  0.000000  163.604625  2.288166  0.362380 25 13 163.596197  0.000000  0.000000  0.000000  0.000000  0.000000 
1  163.604625  1.216436  1.216436  340.869995  1.720000 0.000000  0.000000  0.000000  164.000529  2.292760  0.268604 25 12 163.604625  0.000000  0.000000  0.000000  0.000000  0.000000 
1  164.000529  1.216500  1.216500  340.869995  1.720000 0.000000  0.000000  0.000000  163.882340  2.160717  -0.281137 24 13 164.000529  0.000000  0.000000  0.000000  0.000000  0.000000 
1  163.882340  1.214464  1.214464  340.869995  1.720000 0.000000  0.000000  0.000000  163.988594  2.140570  -0.240586 26 12 163.882340  0.000000  0.000000  0.000000  0.000000  0.000000 
1  163.988594  1.217788  1.217788  340.869995  1.720000 0.000000  0.000000  0.000000  163.949756  2.226518  0.180724 25 12 163.988594  0.000000  0.000000  0.000000  0.000000  0.000000 
1  163.949756  1.217427  1.217427  340.869995  1.720000 0.000000  0.000000  0.000000  163.806103  2.064528  -0.375855 25 13 163.949756  0.000000  0.000000  0.000000  0.000000  0.000000 
1  163.806103  1.217418  1.217418  340.869995  1.720000 0.000000  0.000000  0.000000  163.816217  2.158172  0.043662 25 12 163.806103  0.000000  0.000000  0.000000  0.000000  0.000000 
1  163.816217  1.216787  1.216612  0.480000  1.020000 0.000000  0.000000  0.000000  163.855275  2.106272  -0.114675 25 13 163.816217  0.000000  0.000000  0.000000  0.000000  0.000000 
1  163.855275  1.218580  1.218580  0.480000  1.020000 0.000000  0.000000  0.000000  163.669440  2.008521  -0.419189 25 12 163.855275  0.000000  0.000000  0.000000  0.000000  0.000000 
1  163.669440  1.216743  1.216743  0.480000  1.020000 0.000000  0.000000  0.000000  163.748405  2.075569  -0.062506 25 12 163.669440  0.000000  0.000000  0.000000  0.000000  0.000000 
1  163.748405  1.217074  1.217074  0.480000  1.020000 0.000000  0.000000  0.000000  163.659610  2.002997  -0.389918 25 13 163.748405  0.000000  0.000000  0.000000  0.000000  0.000000 
1  163.659610  1.218080  1.218080  0.480000  1.020000 0.000000  0.000000  0.000000  163.814465  2.090680  0.047964 25 12 163.659610  0.000000  0.000000  0.000000  0.000000  0.000000 
1  163.814465  1.217814  1.217291  0.480000  1.020000 0.000000  0.000000  0.000000  163.865905  2.048241  -0.084607 25 12 163.814465  0.000000  0.000000  0.000000  0.000000  0.000000 
1  163.865905  1.218210  1.218210  0.480000  1.020000 0.000000  0.000000  0.000000  163.818083  1.898063  -0.603658 25 13 163.865905  0.000000  0.000000  0.000000  0.000000  0.000000 
1  163.818083  1.217353  1.217353  0.480000  1.020000 0.000000  0.000000  0.000000  163.729627  2.186188  0.518229 25 12 163.818083  0.000000  0.000000  0.000000  0.000000  0.000000 
1  163.729627  1.217671  1.217671  0.480000  1.020000 0.000000  0.000000  0.000000  163.653145  2.064749  0.037861 25 13 163.729627  0.000000  0.000000  0.000000  0.000000  0.000000 
1  163.653145  1.217098  1.217098  0.480000  1.020000 0.000000  0.000000  0.000000  163.850175  2.077307  -0.005145 25 12 163.653145  0.000000  0.000000  0.000000  0.000000  0.000000 
1  163.850175  1.217138  1.217138  173.169998  0.420000 0.000000  0.000000  0.000000  163.828490  2.174939  0.345305 25 12 163.850175  0.000000  0.000000  0.000000  0.000000  0.000000 
1  163.828490  1.217031  1.217031  173.169998  0.420000 0.000000  0.000000  0.000000  163.617655  1.936129  -0.505707 25 13 163.828490  0.000000  0.000000  0.000000  0.000000  0.000000 
1  163.617655  1.216956  1.216728  173.169998  0.420000 0.000000  0.000000  0.000000  163.760036  2.004052  -0.097661 25 12 163.617655  0.000000  0.000000  0.000000  0.000000  0.000000 
1  163.760036  1.215772  1.215772  173.169998  0.420000 0.000000  0.000000  0.000000  163.854160  1.909047  -0.424745 25 13 163.760036  0.000000  0.000000  0.000000  0.000000  0.000000 
1  163.854160  1.217374  1.217374  173.169998  0.420000 0.000000  0.000000  0.000000  163.544610  2.031428  0.135534 25 12 163.854160  0.000000  0.000000  0.000000  0.000000  0.000000 
1  163.544610  1.215191  1.215191  173.169998  0.420000 0.000000  0.000000  0.000000  163.518461  2.004558  -0.006894 25 12 163.544610  0.000000  0.000000  0.000000  0.000000  0.000000 
1  163.518461  1.216850  1.216850  173.169998  0.420000 0.000000  0.000000  0.000000  163.620617  1.956751  -0.197360 25 13 163.518461  0.000000  0.000000  0.000000  0.000000  0.000000 
1  163.620617  1.218221  1.218221  173.169998  0.420000 0.000000  0.000000  0.000000  163.769810  2.038374  0.085363 25 12 163.620617  0.000000  0.000000  0.000000  0.000000  0.000000 
1  163.769810  1.216580  1.216580  173.169998  0.420000 0.000000  0.000000  0.000000  163.680219  2.037288  0.004516 25 12 163.769810  0.000000  0.000000  0.000000  0.000000  0.000000 
1  163.680219  1.216325  1.216329  173.169998  0.420000 0.000000  0.000000  0.000000  163.746759  2.082474  0.222085 25 13 163.680219  0.000000  0.000000  0.000000  0.000000  0.000000 
1  163.746759  1.217716  1.217716  188.750000  0.290000 0.000000  0.000000  0.000000  163.905809  2.044170  0.056417 25 12 163.746759  0.000000  0.000000  0.000000  0.000000  0.000000 
1  163.905809  1.216031  1.216031  188.750000  0.290000 0.000000  0.000000  0.000000  163.809509  1.816317  -0.768495 25 13 163.905809  0.000000  0.000000  0.000000  0.000000  0.000000 
1  163.809509  1.218004  1.218004  188.750000  0.290000 0.000000  0.000000  0.000000  163.862077  1.937844  -0.085647 25 12 163.809509  0.000000  0.000000  0.000000  0.000000  0.000000 
1  163.862077  1.216915  1.216915  188.750000  0.290000 0.000000  0.000000  0.000000  163.855088  1.920326  -0.139614 25 12 163.862077  0.000000  0.000000  0.000000  0.000000  0.000000 
1  163.855088  1.214127  1.214382  188.750000  0.290000 0.000000  0.000000  0.000000  163.549759  1.967496  0.080640 25 13 163.855088  0.000000  0.000000  0.000000  0.000000  0.000000 
1  163.549759  1.216730  1.216730  188.750000  0.290000 0.000000  0.000000  0.000000  163.794302  1.903425  -0.180975 25 12 163.549759  0.000000  0.000000  0.000000  0.000000  0.000000 
1  163.794302  1.216960  1.216960  188.750000  0.290000 0.000000  0.000000  0.000000  163.762159  1.917291  -0.056973 25 13 163.794302  0.000000  0.000000  0.000000  0.000000  0.000000 
1  163.762159  1.216977  1.216977  188.750000  0.290000 0.000000  0.000000  0.000000  163.821789  2.003841  0.205602 25 12 163.762159  0.000000  0.000000  0.000000  0.000000  0.000000 
1  163.821789  1.216114  1.216114  188.750000  0.290000 0.000000  0.000000  0.000000  164.006982  2.031380  0.342357 25 12 163.821789  0.000000  0.000000  0.000000  0.000000  0.000000 
1  164.006982  1.217146  1.217146  188.750000  0.290000 0.000000  0.000000  0.000000  163.957676  2.056595  0.389015 25 13 164.006982  0.000000  0.000000  0.000000  0.000000  0.000000 
1  163.957676  1.216328  1.216328  188.750000  0.290000 0.000000  0.000000  0.000000  163.743026  1.901457  -0.267665 25 12 163.957676  0.000000  0.000000  0.000000  0.000000  0.000000 
1  163.743026  1.215569  1.215569  188.750000  0.290000 0.000000  0.000000  0.000000  163.818737  2.010280  0.120747 25 13 163.743026  0.000000  0.000000  0.000000  0.000000  0.000000 
1  163.818737  1.217883  1.217883  335.579987  0.780000 0.000000  0.000000  0.000000  163.780863  1.978968  0.006998 25 12 163.818737  0.000000  0.000000  0.000000  0.000000  0.000000 
1  163.780863  1.216361  1.216361  335.579987  0.780000 0.000000  0.000000  0.000000  163.905348  2.013767  0.157241 25 12 163.780863  0.000000  0.000000  0.000000  0.000000  0.000000 
1  163.905348  1.216185  1.216185  335.579987  0.780000 0.000000  0.000000  0.000000  164.014722  1.845918  -0.441729 25 13 163.905348  0.000000  0.000000  0.000000  0.000000  0.000000 
1  164.014722  1.217425  1.217425  335.579987  0.780000 0.000000  0.000000  0.000000  163.851639  1.942237  0.042457 25 12 164.014722  0.000000  0.000000  0.000000  0.000000  0.000000 
1  163.851639  1.217168  1.216767  335.579987  0.780000 0.000000  0.000000  0.000000  163.883861  1.888516  -0.119656 25 12 163.851639  0.000000  0.000000  0.000000  0.000000  0.000000 
1  163.883861  1.216883  1.216883  335.579987  0.780000 0.000000  0.000000  0.000000  163.683268  1.960581  0.190590 25 13 163.883861  0.000000  0.000000  0.000000  0.000000  0.000000 
1  163.683268  1.217475  1.217475  335.579987  0.780000 0.000000  0.000000  0.000000  163.633799  1.954348  0.108468 25 12 163.683268  0.000000  0.000000  0.000000  0.000000  0.000000 
1  163.633799  1.217311  1.217311  335.579987  0.780000 0.000000  0.000000  0.000000  163.341664  1.886598  -0.218084 25 13 163.633799  0.000000  0.000000  0.000000  0.000000  0.000000 
1  163.341664  1.218393  1.218393  357.220001  0.310000 0.000000  0.000000  0.000000  163.564321  1.860048  -0.213753 25 12 163.341664  0.000000  0.000000  0.000000  0.000000  0.000000 
1  163.564321  1.217292  1.217470  357.220001  0.310000 0.000000  0.000000  0.000000  163.534856  1.734846  -0.479496 25 12 163.564321  0.000000  0.000000  0.000000  0.000000  0.000000 
1  163.534856  1.217762  1.217762  357.220001  0.310000 0.000000  0.000000  0.000000  163.489270  1.879428  0.152595 25 13 163.534856  0.000000  0.000000  0.000000  0.000000  0.000000 
1  163.489270  1.215989  1.215989  357.220001  0.310000 0.000000  0.000000  0.000000  163.530022  1.612175  -0.840527 25 12 163.489270  0.000000  0.000000  0.000000  0.000000  0.000000 
1  163.530022  1.218029  1.218029  357.220001  0.310000 0.000000  0.000000  0.000000  163.555295  1.775672  -0.111343 25 13 163.530022  0.000000  0.000000  0.000000  0.000000  0.000000 
1  163.555295  1.217710  1.217710  357.220001  0.310000 0.000000  0.000000  0.000000  163.658740  1.858287  0.224734 25 12 163.555295  0.000000  0.000000  0.000000  0.000000  0.000000 
1  163.658740  1.216473  1.216473  357.220001  0.310000 0.000000  0.000000  0.000000  163.390809  1.965039  0.516446 25 12 163.658740  0.000000  0.000000  0.000000  0.000000  0.000000 
1  163.390809  1.217561  1.217561  357.220001  0.310000 0.000000  0.000000  0.000000  163.586587  1.934783  0.235093 25 13 163.390809  0.000000  0.000000  0.000000  0.000000  0.000000 
1  163.586587  1.218160  1.218160  357.220001  0.310000 0.000000  0.000000  0.000000  163.505939  1.733729  -0.475972 25 12 163.586587  0.000000  0.000000  0.000000  0.000000  0.000000 
1  163.505939  1.218175  1.218175  357.220001  0.310000 0.000000  0.000000  0.000000  163.635891  1.943376  0.457908 25 12 163.505939  0.000000  0.000000  0.000000  0.000000  0.000000 
1  163.635891  1.216434  1.216434  4.220000  0.470000 0.000000  0.000000  0.000000  163.299032  1.883995  0.155667 25 13 163.635891  0.000000  0.000000  0.000000  0.000000  0.000000 
1  163.299032  1.217457  1.217457  4.220000  0.470000 0.000000  0.000000  0.000000  163.422215  1.752422  -0.301810 25 12 163.299032  0.000000  0.000000  0.000000  0.000000  0.000000 
1  163.422215  1.216937  1.216937  4.220000  0.470000 0.000000  0.000000  0.000000  163.686344  1.681872  -0.432404 25 13 163.422215  0.000000  0.000000  0.000000  0.000000  0.000000 
1  163.686344  1.216407  1.216454  4.220000  0.470000 0.000000  0.000000  0.000000  163.902571  1.758664  -0.131513 25 12 163.686344  0.000000  0.000000  0.000000  0.000000  0.000000 
1  163.902571  1.217041  1.217041  4.220000  0.470000 0.000000  0.000000  0.000000  163.947385  1.868091  0.263677 25 12 163.902571  0.000000  0.000000  0.000000  0.000000  0.000000 
1  163.947385  1.216338  1.216338  4.220000  0.470000 0.000000  0.000000  0.000000  163.773406  1.830488  0.014532 25 13 163.947385  0.000000  0.000000  0.000000  0.000000  0.000000 
1  163.773406  1.216866  1.216866  4.220000  0.470000 0.000000  0.000000  0.000000  163.819706  1.959962  0.548975 25 12 163.773406  0.000000  0.000000  0.000000  0.000000  0.000000 
1  163.819706  1.217577  1.217577  4.220000  0.470000 0.000000  0.000000  0.000000  164.038262  1.735895  -0.318387 25 13 163.819706  0.000000  0.000000  0.000000  0.000000  0.000000 
1  164.038262  1.215294  1.215294  4.220000  0.470000 0.000000  0.000000  0.000000  164.228010  1.615574  -0.633475 25 12 164.038262  0.000000  0.000000  0.000000  0.000000  0.000000 
1  164.228010  1.215320  1.215320  4.220000  0.470000 0.000000  0.000000  0.000000  164.471955  1.750270  0.029417 25 12 164.228010  0.000000  0.000000  0.000000  0.000000  0.000000 
1  164.471955  1.215490  1.215490  0.610000  0.770000 0.000000  0.000000  0.000000  164.270071  1.547036  -0.630083 25 13 164.471955  0.000000  0.000000  0.000000  0.000000  0.000000 
1  164.270071  1.216306  1.216306  0.610000  0.770000 0.000000  0.000000  0.000000  164.074411  1.692577  0.052526 25 12 164.270071  0.000000  0.000000  0.000000  0.000000  0.000000 
1  164.074411  1.217130  1.217130  0.610000  0.770000 0.000000  0.000000  0.000000  163.826093  1.781528  0.289436 25 13 164.074411  0.000000  0.000000  0.000000  0.000000  0.000000 
1  163.826093  1.216973  1.216973  0.610000  0.770000 0.000000  0.000000  0.000000  163.786700  1.656132  -0.212360 25 12 163.826093  0.000000  0.000000  0.000000  0.000000  0.000000 
1  163.786700  1.217112  1.217112  0.610000  0.770000 0.000000  0.000000  0.000000  163.871549  1.617643  -0.232699 25 12 163.786700  0.000000  0.000000  0.000000  0.000000  0.000000 
1  163.871549  1.217137  1.218143  0.610000  0.770000 0.000000  0.000000  0.000000  163.729259  1.606970  -0.129439 25 13 163.871549  0.000000  0.000000  0.000000  0.000000  0.000000 
1  163.729259  1.216367  1.216367  0.610000  0.770000 0.000000  0.000000  0.000000  163.711318  1.641688  0.014048 25 12 163.729259  0.000000  0.000000  0.000000  0.000000  0.000000 
1  163.711318  1.217554  1.217554  0.610000  0.770000 0.000000  0.000000  0.000000  163.592623  1.766629  0.430814 25 12 163.711318  0.000000  0.000000  0.000000  0.000000  0.000000 
1  163.592623  1.217037  1.217037  0.610000  0.770000 0.000000  0.000000  0.000000  163.536077  1.757026  0.283745 25 13 163.592623  0.000000  0.000000  0.000000  0.000000  0.000000 
1  163.536077  1.216197  1.216197  0.610000  0.770000 0.000000  0.000000  0.000000  163.652796  1.625014  -0.199660 26 12 163.536077  0.000000  0.000000  0.000000  0.000000  0.000000 
1  163.652796  1.216003  1.216055  347.899994  0.280000 0.000000  0.000000  0.000000  163.609732  1.743339  0.261901 24 13 163.652796  0.000000  0.000000  0.000000  0.000000  0.000000 
1  163.609732  1.217408  1.217408  347.899994  0.280000 0.000000  0.000000  0.000000  163.838601  1.709908  0.052060 26 12 163.609732  0.000000  0.000000  0.000000  0.000000  0.000000 
1  163.838601  1.216054  1.216054  347.899994  0.280000 0.000000  0.000000  0.000000  163.861644  1.641992  -0.168964 25 12 163.838601  0.000000  0.000000  0.000000  0.000000  0.000000 
1  163.861644  1.217807  1.217807  347.899994  0.280000 0.000000  0.000000  0.000000  163.717266  1.661569  -0.107503 25 13 163.861644  0.000000  0.000000  0.000000  0.000000  0.000000 
1  163.717266  1.216407  1.216407  347.899994  0.280000 0.000000  0.000000  0.000000  163.743952  1.646162  -0.197687 25 12 163.717266  0.000000  0.000000  0.000000  0.000000  0.000000 
1  163.743952  1.216218  1.216218  347.899994  0.280000 0.000000  0.000000  0.000000  163.567109  1.641188  -0.142395 25 12 163.743952  0.000000  0.000000  0.000000  0.000000  0.000000 
