1  -0.013974  -0.013974  39.593208  0.016245  -0.018431  46.336762  0.023209  -0.013315  3811599676457497943828081271114770582702367976253528457897446882324408174870149003690220066597099115312015274037507695822440489254546931807484230743990778200738157919064202204616955997134885475099224291993781620593744958288559343634500389673854033570201546027696128.000000  10668617210068357482027964451080562921266295807454730887200592112977534439718875178155452823449858083261790758125172096164552721753643285187579894677618013865631181943070075119108158121794929996019585600396907730176946418350017706779129555406074394767657361003773952.000000
1  -0.008946  -0.008946  43.435387  0.023702  0.011916  49.812648  0.031184  0.017031  3811599676457497943828081271114770582702367976253528457897446882324408174870149003690220066597099115312015274037507695822440489254546931807484230743990778200738157919064202204616955997134885475099224291993781620593744958288559343634500389673854033570201546027696128.000000  10668617210068357482027964451080562921266295807454730887200592112977534439718875178155452823449858083261790758125172096164552721753643285187579894677618013865631181943070075119108158121794929996019585600396907730176946418350017706779129555406074394767657361003773952.000000
1  -0.009550  -0.009550  47.377524  0.021039  0.002735  53.195528  0.029027  0.007811  255.750000  0.720000
1  -0.008843  -0.008688  51.431787  0.014248  -0.024205  56.558116  0.022739  -0.019169  255.750000  0.720000
1  -0.007620  -0.007620  55.629642  0.023968  0.014573  59.821022  0.032948  0.019539  255.750000  0.720000
1  -0.007981  -0.007981  59.916179  0.019042  -0.004777  63.020310  0.028504  0.000121  255.750000  0.720000
1  -0.008940  -0.008940  64.130268  0.024102  0.012452  66.210078  0.034043  0.017300  255.750000  0.720000
1  -0.008078  -0.008078  68.777943  0.024102  0.008800  69.358696  0.034516  0.013592  255.750000  0.720000
1  -0.009045  -0.008573  73.412074  0.019841  -0.006816  72.475862  0.030727  -0.002066  255.750000  0.720000
1  -0.009630  -0.009630  77.917100  0.015579  -0.023447  75.556139  0.026932  -0.018748  255.750000  0.720000
1  -0.008946  -0.008946  82.859685  0.017710  -0.015997  78.616986  0.029526  -0.011381  255.750000  0.720000
1  -0.010522  -0.010522  87.312962  0.032890  0.044259  81.526216  0.045148  0.048794  255.750000  0.720000
1  -0.005737  -0.005737  91.804011  0.027830  0.024889  84.405161  0.040526  0.029355  346.000000  0.330000
1  -0.008586  -0.008904  96.095595  0.026632  0.019636  87.135401  0.039742  0.024020  346.000000  0.330000
1  -0.008747  -0.008747  100.103735  0.023303  0.005797  89.863217  0.036829  0.010086  346.000000  0.330000
1  -0.009118  -0.009118  104.399664  0.023968  0.010907  92.525208  0.037904  0.015118  346.000000  0.330000
1  -0.007918  -0.007918  108.436530  0.030626  0.036083  95.185448  0.044969  0.040229  346.000000  0.330000
1  -0.008479  -0.008479  112.225136  0.020373  -0.004803  97.725482  0.035105  -0.000758  346.000000  0.330000
1  -0.007942  -0.007953  115.777292  0.020639  -0.003917  100.311063  0.035768  0.000048  346.000000  0.330000
1  -0.009780  -0.009780  119.192956  0.020240  0.001008  102.723283  0.035743  0.004879  346.000000  0.330000
1  -0.009002  -0.009002  122.398868  0.021039  0.005169  105.052001  0.036900  0.008966  346.000000  0.330000
1  -0.009135  -0.009135  125.414709  0.021838  0.004648  107.476454  0.038069  0.008350  346.000000  0.330000
1  -0.010256  -0.010256  128.273135  0.012517  -0.031717  109.669059  0.029085  -0.028091  346.000000  0.330000
1  -0.006854  -0.006862  130.873348  0.011585  -0.037597  111.910479  0.028495  -0.034057  276.809998  0.390000
1  -0.008583  -0.008583  133.455398  0.023303  0.009256  114.078188  0.040544  0.012710  276.809998  0.390000
1  -0.008326  -0.008326  135.714006  0.019841  -0.002546  116.165262  0.037400  0.000801  276.809998  0.390000
1  -0.008766  -0.008766  137.862901  0.020506  -0.000812  118.254752  0.038385  0.002425  276.809998  0.390000
1  -0.009251  -0.009251  139.837203  0.018908  -0.005547  120.232139  0.037087  -0.002402  276.809998  0.390000
1  -0.008616  -0.009135  141.749308  0.010653  -0.037314  122.123055  0.029118  -0.034273  276.809998  0.390000
1  -0.008039  -0.008039  143.457284  0.025566  0.022425  123.903243  0.044301  0.025377  276.809998  0.390000
1  -0.010889  -0.010889  144.998882  0.023569  0.013634  125.688289  0.042571  0.016483  276.809998  0.390000
1  -0.008934  -0.008934  146.511566  0.031159  0.042327  127.477758  0.050426  0.045071  276.809998  0.390000
1  -0.008356  -0.008356  147.820391  0.019441  -0.005007  129.220757  0.038966  -0.002344  276.809998  0.390000
1  -0.008683  -0.008962  149.308785  0.010253  -0.042948  130.884286  0.030022  -0.040369  239.250000  0.430000
1  -0.007096  -0.007096  150.416511  0.017044  -0.015326  132.498931  0.037051  -0.012827  239.250000  0.430000
1  -0.008304  -0.008304  151.567305  0.027164  0.025003  133.970457  0.047384  0.027403  239.250000  0.430000
1  -0.009312  -0.009312  152.518785  0.029162  0.031238  135.522222  0.049604  0.033538  239.250000  0.430000
1  -0.008633  -0.008633  153.588865  0.011585  -0.038360  136.963485  0.032234  -0.036149  239.250000  0.430000
1  -0.008947  -0.008739  154.499784  0.012650  -0.026507  138.323557  0.033496  -0.024384  239.250000  0.430000
1  -0.008230  -0.008230  155.301517  0.020773  0.007020  139.633441  0.041805  0.009049  239.250000  0.430000
1  -0.008733  -0.008733  156.070550  0.017976  -0.007224  140.902122  0.039185  -0.005291  239.250000  0.430000
1  -0.010393  -0.010393  156.787930  0.017444  -0.011705  142.139230  0.038821  -0.009862  239.250000  0.430000
1  -0.008444  -0.008444  157.507860  0.030227  0.037563  143.341618  0.051768  0.039328  239.250000  0.430000
2  0.000000  -0.007812  158.172258  0.023170  0.009990  144.494037  0.044867  0.011678  239.250000  0.430000
2  -3.491214  -0.008572  158.736611  0.017976  -0.008737  145.581920  0.039819  -0.007133  239.250000  0.430000
2  -6.774740  -0.008619  159.287248  0.024501  0.017631  146.637425  0.046484  0.019160  170.740005  0.190000
2  -9.977546  -0.007541  159.736300  0.014514  -0.020690  147.627887  0.036626  -0.019248  170.740005  0.190000
2  -12.986866  -0.009820  160.163439  0.019042  0.000559  148.561955  0.041274  0.001919  170.740005  0.190000
2  -15.843597  -0.007369  160.567005  0.009587  -0.036809  149.466466  0.031935  -0.035526  170.740005  0.190000
2  -18.613710  -0.007826  160.952997  0.016645  -0.005878  150.333467  0.039102  -0.004663  170.740005  0.190000
2  -21.288216  -0.009010  161.305325  0.017710  -0.002885  151.160950  0.040268  -0.001740  170.740005  0.190000
2  -23.849440  -0.008253  161.653793  0.017177  -0.004775  151.985864  0.039836  -0.003681  170.740005  0.190000
2  -26.410408  -0.008790  161.963263  0.021438  0.012061  152.750397  0.044188  0.013089  170.740005  0.190000
2  -28.800272  -0.007608  162.263337  0.011452  -0.026641  153.491739  0.034288  -0.025671  106.629997  0.750000
2  -31.120850  -0.007536  162.544005  0.017044  -0.005867  154.206584  0.039961  -0.004958  106.629997  0.750000
2  -33.376869  -0.010126  162.763717  0.025566  0.027322  154.863053  0.048553  0.028160  106.629997  0.750000
2  -35.465788  -0.007985  162.990761  0.024368  0.021426  155.519811  0.047425  0.022214  106.629997  0.750000
2  -37.557279  -0.007264  163.208860  0.016112  -0.013183  156.141766  0.039233  -0.012446  106.629997  0.750000
2  -39.547048  -0.008619  163.336829  0.010386  -0.034001  156.679622  0.033559  -0.033339  106.629997  0.750000
2  -41.291161  -0.007488  163.518689  0.013316  -0.022699  157.239199  0.036542  -0.022079  106.629997  0.750000
2  -43.110360  -0.008355  163.674107  0.018775  -0.001352  157.764201  0.042050  -0.000781  106.629997  0.750000
2  -44.832344  -0.008443  163.829622  0.031425  0.048554  158.270474  0.054744  0.049077  106.629997  0.750000
2  -46.506798  -0.007713  164.001939  0.020773  0.008328  158.783999  0.044138  0.008824  155.110001  0.710000
2  -48.196495  -0.008055  164.114543  0.011052  -0.028490  159.232367  0.034454  -0.028036  155.110001  0.710000
2  -49.695665  -0.010020  164.219376  0.022903  0.018357  159.660057  0.046337  0.018765  155.110001  0.710000
2  -51.147861  -0.007910  164.331680  0.016378  -0.008617  160.077432  0.039842  -0.008246  155.110001  0.710000
2  -52.564096  -0.009252  164.423198  0.020107  0.004444  160.485401  0.043598  0.004781  155.110001  0.710000
2  -53.961319  -0.008713  164.555553  0.014647  -0.017867  160.907234  0.038168  -0.017544  155.110001  0.710000
2  -55.399758  -0.006700  164.629811  0.009587  -0.038669  161.262942  0.033127  -0.038395  155.110001  0.710000
2  -56.643575  -0.008650  164.719783  0.016245  -0.010208  161.626101  0.039806  -0.009955  155.110001  0.710000
2  -57.919236  -0.009259  164.780546  0.021172  0.009716  161.948076  0.044747  0.009929  155.110001  0.710000
2  -59.073696  -0.008239  164.840762  0.019707  0.002035  162.266092  0.043294  0.002215  155.110001  0.710000
2  -60.216262  -0.009003  164.859868  0.017976  -0.001310  162.534181  0.041569  -0.001169  237.809998  1.350000
2  -61.211593  -0.010116  164.906602  0.024901  0.028088  162.802100  0.048500  0.028202  237.809998  1.350000
2  -62.213420  -0.007583  164.943015  0.023835  0.021913  163.058403  0.047436  0.021997  237.809998  1.350000
2  -63.178965  -0.012095  165.001904  0.028096  0.036068  163.324126  0.051700  0.036131  237.809998  1.350000
2  -64.178093  -0.008035  165.066984  0.010653  -0.031603  163.573002  0.034258  -0.031553  237.809998  1.350000
2  -65.118312  -0.003206  165.105301  0.026099  0.029738  163.811065  0.049703  0.029767  237.809998  1.350000
2  -66.044920  -0.008070  165.169288  0.020506  0.006370  164.063709  0.044112  0.006392  237.809998  1.350000
2  -67.007277  -0.007745  165.169717  0.022770  0.017970  164.239542  0.046366  0.017957  237.809998  1.350000
2  -67.744881  -0.008454  165.210595  0.019175  0.000901  164.446397  0.042764  0.000869  237.809998  1.350000
2  -68.574692  -0.008496  165.211394  0.024368  0.020711  164.608458  0.047943  0.020644  237.809998  1.350000
2  -69.276134  -0.008776  165.286049  0.026898  0.027785  164.833421  0.050467  0.027722  237.330002  0.770000
2  -70.167204  -0.009247  165.301200  0.013449  -0.026030  164.998697  0.037004  -0.026118  237.330002  0.770000
2  -70.872871  -0.007721  165.312152  0.011585  -0.032627  165.155005  0.035125  -0.032736  237.330002  0.770000
2  -71.558990  -0.008124  165.305660  0.017577  -0.006657  165.295175  0.041100  -0.006787  237.330002  0.770000
2  -72.202022  -0.009917  165.342785  0.025833  0.025868  165.457917  0.049342  0.025736  237.330002  0.770000
2  -72.915532  -0.007987  165.325894  0.018243  -0.005709  165.581992  0.041730  -0.005870  237.330002  0.770000
2  -73.506355  -0.006713  165.298353  0.023036  0.013203  165.688240  0.046500  0.013016  237.330002  0.770000
2  -74.050951  -0.007344  165.308058  0.018642  -0.005064  165.823396  0.042086  -0.005253  237.330002  0.770000
2  -74.679028  -0.007942  165.266268  0.020639  0.004009  165.906583  0.044056  0.003792  237.330002  0.770000
2  -75.155224  -0.007646  165.295727  0.018642  -0.004468  166.040945  0.042039  -0.004677  237.330002  0.770000
2  -75.784295  -0.010208  165.275569  0.015713  -0.013555  166.127777  0.039084  -0.013779  237.330002  0.770000
2  -76.271176  -0.006597  165.252219  0.021305  0.009850  166.209305  0.044649  0.009610  237.330002  0.770000
2  -76.747219  -0.008719  165.242981  0.019574  0.000722  166.296707  0.042890  0.000470  237.330002  0.770000
2  -77.238095  -0.007955  165.259903  0.016512  -0.011994  166.393341  0.039804  -0.012245  215.059998  0.560000
2  -77.756973  -0.007760  165.306860  0.019707  0.000318  166.505604  0.042976  0.000074  215.059998  0.560000
2  -78.326986  -0.009378  165.298932  0.017577  -0.004221  166.560405  0.040816  -0.004482  215.059998  0.560000
2  -78.722497  -0.006882  165.278605  0.019574  0.005921  166.613949  0.042783  0.005650  215.059998  0.560000
2  -79.116836  -0.008001  165.296836  0.018376  0.002317  166.686602  0.041558  0.002047  215.059998  0.560000
2  -79.567633  -0.010066  165.291376  0.021971  0.016242  166.751867  0.045124  0.015966  215.059998  0.560000
2  -79.999315  -0.007836  165.287173  0.019308  0.003645  166.813056  0.042431  0.003360  215.059998  0.560000
2  -80.416249  -0.007142  165.276083  0.022504  0.017210  166.865556  0.045596  0.016918  225.419998  0.250000
2  -80.810571  -0.008882  165.255865  0.021305  0.011930  166.899937  0.044363  0.011623  225.419998  0.250000
2  -81.148681  -0.007886  165.317268  0.014781  -0.014113  166.995041  0.037814  -0.014399  225.419998  0.250000
2  -81.667251  -0.008218  165.353345  0.017577  -0.002646  167.077718  0.040585  -0.002920  225.419998  0.250000
2  -82.154028  -0.007027  165.372367  0.020906  0.010306  167.141519  0.043884  0.010025  225.419998  0.250000
2  -82.585082  -0.008354  165.403168  0.023036  0.017004  167.213959  0.045986  0.016721  225.419998  0.250000
2  -83.042174  -0.008352  165.408186  0.023702  0.017153  167.258078  0.046617  0.016853  225.419998  0.250000
2  -83.414011  -0.009269  165.406219  0.026232  0.025767  167.298610  0.049112  0.025451  225.419998  0.250000
2  -83.776426  -0.008246  165.355818  0.024901  0.020469  167.305182  0.047740  0.020127  225.419998  0.250000
2  -84.035092  -0.008954  165.374468  0.022104  0.010182  167.357115  0.044912  0.009851  225.419998  0.250000
2  -84.429633  -0.007350  165.442416  0.020107  0.000371  167.435714  0.042886  0.000052  327.339996  0.110000
1  -0.008068  -0.008299  165.464011  0.025034  0.021729  167.474563  0.047779  0.021404  327.339996  0.110000
1  -0.009461  -0.009461  165.457046  0.014115  -0.018560  167.505165  0.036827  -0.018889  327.339996  0.110000
1  -0.008569  -0.008569  165.455770  0.015313  -0.014619  167.542108  0.037991  -0.014953  327.339996  0.110000
1  -0.008975  -0.008975  165.437691  0.017976  -0.006420  167.563410  0.040616  -0.006768  327.339996  0.110000
1  -0.009906  -0.009906  165.446130  0.021305  0.008792  167.595787  0.043911  0.008447  327.339996  0.110000
1  -0.007376  -0.007993  165.423366  0.017044  -0.008407  167.606765  0.039611  -0.008763  327.339996  0.110000
1  -0.008817  -0.008817  165.410643  0.010786  -0.032273  167.618328  0.033315  -0.032636  327.339996  0.110000
1  -0.009697  -0.009697  165.420101  0.021971  0.010683  167.661070  0.044466  0.010332  327.339996  0.110000
1  -0.008397  -0.008397  165.446560  0.015180  -0.017710  167.693957  0.037639  -0.018059  327.339996  0.110000
1  -0.008816  -0.008816  165.401500  0.017976  -0.005145  167.690845  0.040395  -0.005512  75.889999  0.280000
1  -0.007958  -0.007993  165.384008  0.010786  -0.030939  167.692304  0.033166  -0.031305  75.889999  0.280000
1  -0.007432  -0.007432  165.357501  0.022104  0.014794  167.696798  0.044447  0.014423  75.889999  0.280000
1  -0.008473  -0.008473  165.324125  0.023569  0.021979  167.685059  0.045871  0.021600  75.889999  0.280000
1  -0.008396  -0.008396  165.335725  0.022371  0.014868  167.695419  0.044634  0.014490  75.889999  0.280000
1  -0.008634  -0.008634  165.349033  0.023569  0.018180  167.723770  0.045797  0.017812  75.889999  0.280000
1  -0.009646  -0.009491  165.365075  0.013582  -0.023840  167.757175  0.035774  -0.024205  75.889999  0.280000
1  -0.006506  -0.006506  165.390953  0.016512  -0.013411  167.784796  0.038667  -0.013774  75.889999  0.280000
1  -0.008453  -0.008453  165.454699  0.020906  0.008338  167.839549  0.043033  0.008003  75.889999  0.280000
1  -0.008224  -0.008224  165.488081  0.024901  0.027003  167.873201  0.046996  0.026676  75.889999  0.280000
1  -0.007528  -0.007528  165.508083  0.022504  0.019872  167.881340  0.044563  0.019535  236.740005  0.120000
1  -0.008587  -0.008444  165.474501  0.024901  0.027534  167.865870  0.046918  0.027170  236.740005  0.120000
1  -0.007714  -0.007714  165.466474  0.011318  -0.024995  167.871060  0.033299  -0.025359  236.740005  0.120000
1  -0.008272  -0.008272  165.466417  0.021572  0.011019  167.892272  0.043514  0.010651  236.740005  0.120000
1  -0.009214  -0.009214  165.479066  0.025167  0.026899  167.913846  0.047075  0.026539  236.740005  0.120000
1  -0.008762  -0.008762  165.504530  0.019308  0.001565  167.947613  0.041180  0.001209  236.740005  0.120000
1  -0.008701  -0.008981  165.495661  0.019308  0.003337  167.957171  0.041144  0.002979  236.740005  0.120000
1  -0.008359  -0.008359  165.499346  0.023036  0.014270  167.972724  0.044834  0.013903  236.740005  0.120000
1  -0.007816  -0.007816  165.454870  0.016378  -0.009877  167.950276  0.038134  -0.010259  236.740005  0.120000
1  -0.008805  -0.008805  165.463843  0.010786  -0.032253  167.968039  0.032505  -0.032628  236.740005  0.120000
1  -0.007224  -0.007224  165.473948  0.021438  0.009891  167.988642  0.043121  0.009522  236.740005  0.120000
1  -0.009667  -0.009828  165.432874  0.012251  -0.029469  167.959647  0.033887  -0.029866  236.740005  0.120000
1  -0.008519  -0.008519  165.439186  0.019042  -0.001810  167.977592  0.040642  -0.002197  253.940002  0.410000
1  -0.006365  -0.006365  165.449879  0.007057  -0.049140  167.989396  0.028620  -0.049523  253.940002  0.410000
1  -0.008472  -0.008472  165.457902  0.018109  -0.006588  167.993688  0.039633  -0.006973  253.940002  0.410000
1  -0.008207  -0.008207  165.483129  0.011052  -0.034162  168.013765  0.032539  -0.034539  253.940002  0.410000
1  -0.007762  -0.007923  165.489373  0.021838  0.009587  168.029123  0.043288  0.009216  253.940002  0.410000
1  -0.009838  -0.009838  165.499987  0.022504  0.012842  168.036502  0.043916  0.012470  253.940002  0.410000
1  -0.007846  -0.007846  165.503415  0.017577  -0.005392  168.043009  0.038952  -0.005760  253.940002  0.410000
1  -0.008432  -0.008432  165.536750  0.019441  0.004498  168.053904  0.040781  0.004138  253.940002  0.410000
1  -0.008813  -0.008813  165.566906  0.021705  0.012189  168.075433  0.043009  0.011831  294.980011  0.250000
1  -0.008161  -0.008035  165.542225  0.018775  0.002407  168.063211  0.040040  0.002038  294.980011  0.250000
1  -0.010491  -0.010491  165.545702  0.015579  -0.010043  168.063863  0.036807  -0.010414  294.980011  0.250000
1  -0.008879  -0.008879  165.545253  0.020773  0.010920  168.064306  0.041962  0.010550  294.980011  0.250000
1  -0.007935  -0.007935  165.466935  0.012783  -0.020191  168.012101  0.033926  -0.020589  294.980011  0.250000
1  -0.008305  -0.008305  165.450193  0.017177  -0.002372  167.989771  0.038279  -0.002773  294.980011  0.250000
1  -0.007317  -0.007422  165.426536  0.018109  0.000675  167.971084  0.039170  0.000271  294.980011  0.250000
1  -0.009424  -0.009424  165.446003  0.028496  0.038347  167.999701  0.049521  0.037962  294.980011  0.250000
1  -0.009224  -0.009224  165.428744  0.023702  0.021587  167.994917  0.044690  0.021205  294.980011  0.250000
1  -0.006807  -0.006807  165.434842  0.020373  0.009843  167.989002  0.041323  0.009463  294.980011  0.250000
1  -0.009559  -0.009559  165.437963  0.025034  0.024488  167.990935  0.045944  0.024103  325.380005  0.450000
1  -0.006731  -0.006735  165.425385  0.019574  0.003549  167.986926  0.040446  0.003167  325.380005  0.450000
1  -0.007872  -0.007872  165.446949  0.026232  0.029309  168.016708  0.047070  0.028943  325.380005  0.450000
1  -0.008177  -0.008177  165.422720  0.018775  0.001175  167.992217  0.039571  0.000793  325.380005  0.450000
1  -0.007613  -0.007613  165.442769  0.016645  -0.007434  168.003619  0.037405  -0.007808  325.380005  0.450000
1  -0.008218  -0.008218  165.418887  0.029428  0.041515  167.995601  0.050148  0.041131  325.380005  0.450000
1  -0.009466  -0.007861  165.408650  0.026898  0.030791  167.986937  0.047577  0.030401  325.380005  0.450000
1  -0.007210  -0.007210  165.403914  0.005992  -0.051991  167.970819  0.026629  -0.052385  325.380005  0.450000
