1  0.000000  1.211879  1.211879  29.896214  1.594315  -0.100194  7.967030  1.285166  -0.222996  15045561503320436327706248029440393795835698640381295793785006270529518777012068248265773783040790757512378036971837769799835614384391634000507195488810323792991344026926044232187090940983958456186657918846008891429002536164347991475859761950987333257097197907869696.000000  0.000000
1  7.967030  1.213352  1.213352  33.370083  1.493795  -0.286150  9.058667  1.278397  -0.105600  15045561503320436327706248029440393795835698640381295793785006270529518777012068248265773783040790757512378036971837769799835614384391634000507195488810323792991344026926044232187090940983958456186657918846008891429002536164347991475859761950987333257097197907869696.000000  0.000000
1  9.058667  1.213719  1.213719  37.105828  1.111048  -1.035887  10.061924  1.172676  -0.491233  15045561503320436327706248029440393795835698640381295793785006270529518777012068248265773783040790757512378036971837769799835614384391634000507195488810323792991344026926044232187090940983958456186657918846008891429002536164347991475859761950987333257097197907869696.000000  0.000000
1  10.061924  1.214821  1.214821  41.017386  0.855986  -3.060231  11.245387  1.174771  -0.379898  141.160004  0.650000
1  11.245387  1.213422  1.213113  45.183193  0.851196  0.721186  12.371090  1.028212  -0.775607  141.160004  0.650000
1  12.371090  1.214448  1.214448  49.378178  0.835345  0.983495  13.641634  1.253869  0.154917  141.160004  0.650000
1  13.641634  1.213359  1.213359  54.063248  0.844110  -1.033086  15.024485  1.197847  -0.174865  141.160004  0.650000
1  15.024485  1.213096  1.213096  58.880229  0.909508  -1.127258  16.385524  1.054921  -0.559733  141.160004  0.650000
1  16.385524  1.215330  1.215330  63.933689  1.159597  0.551643  17.784982  1.198861  0.089253  141.160004  0.650000
1  17.784982  1.213921  1.213747  68.546649  0.907973  0.225691  19.226053  1.132889  -0.141244  141.160004  0.650000
1  19.226053  1.214965  1.214965  74.090189  0.900243  -1.063263  20.796422  1.107292  -0.145378  141.160004  0.650000
1  20.796422  1.214240  1.214240  79.695517  0.991751  -0.437888  22.266102  1.026754  -0.394908  141.160004  0.650000
1  22.266102  1.212646  1.212646  85.357727  0.702084  -1.268696  23.949539  1.132301  0.056196  141.160004  0.650000
1  23.949539  1.213937  1.213937  90.872836  0.701918  -1.975832  25.627148  1.101419  -0.099029  144.820007  0.670000
1  25.627148  1.214504  1.213840  96.350815  0.961151  1.214566  27.413115  1.244838  0.372215  144.820007  0.670000
1  27.413115  1.214334  1.214334  101.670115  0.760948  0.430202  29.238860  1.112658  -0.215312  144.820007  0.670000
1  29.238860  1.215153  1.215153  106.898023  0.851970  -1.126656  31.270101  1.227234  0.220816  144.820007  0.670000
1  31.270101  1.213109  1.213109  112.201361  1.005828  0.428399  33.337459  1.185354  -0.040484  144.820007  0.670000
1  33.337459  1.212798  1.212798  117.226092  0.684832  -0.780910  35.418340  1.164570  -0.108901  144.820007  0.670000
1  35.418340  1.213001  1.213356  121.990544  0.952322  0.803987  37.517592  1.113774  -0.312717  144.820007  0.670000
1  37.517592  1.212951  1.212951  126.418010  0.222625  -2.696772  39.716793  1.323653  0.412840  144.820007  0.670000
1  39.716793  1.216116  1.216116  130.484188  1.413805  2.287957  41.908089  1.247255  0.086899  144.820007  0.670000
1  41.908089  1.214594  1.214594  134.280703  0.501040  0.040614  44.159349  1.300041  0.260752  144.820007  0.670000
1  44.159349  1.215171  1.215171  137.797435  1.041512  -0.751208  46.488576  1.287749  0.190805  146.880005  0.670000
1  46.488576  1.213413  1.213441  141.045729  0.844727  0.583369  48.816089  1.356121  0.318085  146.880005  0.670000
1  48.816089  1.212795  1.212795  144.216587  0.984128  -1.326636  51.195134  1.320231  0.106696  146.880005  0.670000
1  51.195134  1.214999  1.214999  146.947508  1.083377  1.157634  53.614060  1.402394  0.308475  146.880005  0.670000
1  53.614060  1.214615  1.214615  149.406238  0.847537  -1.059218  56.130505  1.490231  0.468091  146.880005  0.670000
1  56.130505  1.213118  1.213118  151.577666  0.182832  -1.060461  58.543844  1.301073  -0.301900  146.880005  0.670000
1  58.543844  1.213794  1.213865  153.603387  0.428401  1.717544  60.957228  1.283444  -0.244517  146.880005  0.670000
1  60.957228  1.214859  1.214859  155.559220  1.053132  -1.147350  63.478737  1.412230  0.210411  146.880005  0.670000
1  63.478737  1.214550  1.214550  157.266470  0.265495  -1.921489  65.986199  1.377029  -0.007647  146.880005  0.670000
1  65.986199  1.214996  1.214996  158.761445  0.696534  -0.130655  68.531911  1.401724  0.068898  146.880005  0.670000
1  68.531911  1.214443  1.214443  160.156270  0.785752  -0.114135  71.039373  1.595333  0.673714  152.740005  0.670000
1  71.039373  1.214151  1.214192  161.411510  0.270662  -1.998753  73.586599  1.607800  0.540182  152.740005  0.670000
1  73.586599  1.213648  1.213648  162.524240  0.818150  0.254987  76.066208  1.546179  0.212415  152.740005  0.670000
1  76.066208  1.214427  1.214427  163.504499  0.475202  -1.142157  78.586182  1.577864  0.212631  152.740005  0.670000
1  78.586182  1.214612  1.214612  164.445880  1.384530  2.491793  81.127594  1.715396  0.711511  152.740005  0.670000
1  81.127594  1.214338  1.214338  165.329480  1.481310  -0.499347  83.692159  1.731786  0.604506  152.740005  0.670000
1  83.692159  1.214296  1.214333  166.149317  0.709613  -1.018181  86.199559  1.597117  -0.021341  152.740005  0.670000
1  86.199559  1.214354  1.214354  166.820164  0.511530  -2.628293  88.692410  1.692780  0.219554  152.740005  0.670000
1  88.692410  1.213169  1.213169  167.488829  0.595170  1.301438  91.140645  1.690321  0.164530  152.740005  0.670000
1  91.140645  1.214099  1.214099  168.046546  0.854346  -1.210769  93.604578  1.692633  0.166063  152.740005  0.670000
1  93.604578  1.215131  1.215131  168.596960  0.846650  2.301879  96.064258  1.711454  0.196894  152.740005  0.670000
1  96.064258  1.215427  1.215506  169.109237  0.793403  1.296831  98.493193  1.832550  0.539465  152.740005  0.670000
1  98.493193  1.213968  1.213968  169.545915  0.808742  0.824395  100.878402  2.018296  0.996286  152.740005  0.670000
1  100.878402  1.213393  1.213393  169.924980  0.595935  -0.724697  103.269463  1.922638  0.392645  155.360001  0.640000
1  103.269463  1.212766  1.212766  170.290382  0.561082  -0.917898  105.682015  1.928939  0.206187  155.360001  0.640000
1  105.682015  1.214687  1.214687  170.591760  1.194028  1.588287  108.022820  2.026787  0.468357  155.360001  0.640000
1  108.022820  1.215737  1.215779  170.816579  0.561437  -0.760066  110.283346  1.850639  -0.343524  155.360001  0.640000
1  110.283346  1.213770  1.213770  171.047316  0.757902  0.397998  112.585240  1.945369  0.092141  155.360001  0.640000
1  112.585240  1.212450  1.212450  171.301569  1.184325  -0.336472  114.871286  2.013987  0.252455  155.360001  0.640000
1  114.871286  1.213608  1.213608  171.498164  0.890261  0.267133  117.124311  1.994227  0.110940  155.360001  0.640000
1  117.124311  1.213955  1.213955  171.684116  0.503701  0.823096  119.353659  1.969948  0.039126  155.360001  0.640000
1  119.353659  1.212862  1.212490  171.889205  0.704357  0.047527  121.561527  2.156337  0.581207  153.169998  0.640000
1  121.561527  1.214920  1.214920  172.106074  0.408852  0.362663  123.788145  2.145352  0.307478  153.169998  0.640000
1  123.788145  1.213940  1.213940  172.245882  0.740211  0.359218  125.964292  2.207079  0.387494  153.169998  0.640000
1  125.964292  1.213166  1.213166  172.319712  0.385806  1.080288  128.167447  2.030192  -0.294991  153.169998  0.640000
1  128.167447  1.214037  1.214037  172.437048  1.056170  1.645058  130.327281  2.276701  0.622978  153.169998  0.640000
1  130.327281  1.214726  1.214906  172.520831  0.560233  0.512912  132.447930  2.160681  0.042836  153.169998  0.640000
1  132.447930  1.214917  1.214917  172.610987  0.876485  1.128647  134.569505  2.240809  0.359081  153.169998  0.640000
1  134.569505  1.214772  1.214772  172.675945  0.730780  0.675393  136.670908  2.242571  0.267652  153.169998  0.640000
1  136.670908  1.212902  1.212902  172.780395  0.837437  -0.368342  138.773015  2.261923  0.136691  153.169998  0.640000
1  138.773015  1.213782  1.213782  172.876649  0.218111  -0.956119  140.885300  2.519658  0.912778  153.169998  0.640000
1  140.885300  1.214955  1.215101  172.939345  1.134834  -1.553479  142.950552  2.401864  0.241545  150.059998  0.620000
1  142.950552  1.215756  1.215756  172.973330  0.424258  -0.851561  145.000200  2.425247  0.254616  150.059998  0.620000
1  145.000200  1.215499  1.215499  172.997788  0.564425  -0.409294  147.006550  2.417966  0.125748  150.059998  0.620000
1  147.006550  1.213881  1.213881  173.052340  0.970577  -1.431610  149.069472  2.480686  0.297401  150.059998  0.620000
1  149.069472  1.214057  1.214057  173.065668  0.847609  0.802453  151.041607  2.539159  0.415562  150.059998  0.620000
1  151.041607  1.214000  1.214659  173.120106  0.769672  2.035252  153.059414  2.400984  -0.166870  150.059998  0.620000
1  153.059414  1.213723  1.213723  173.122730  1.241198  0.016306  155.038259  2.614781  0.617578  150.059998  0.620000
1  155.038259  1.215216  1.215216  173.181735  0.803029  1.333256  157.087669  2.530864  0.175323  150.059998  0.620000
1  157.087669  1.214343  1.214343  173.240784  1.249427  0.924240  159.119193  2.629873  0.452477  150.059998  0.620000
1  159.119193  1.213508  1.213508  173.254441  0.272863  -0.303985  161.088385  2.572196  0.074953  140.929993  0.580000
1  161.088385  1.214672  1.214839  173.183156  0.895929  1.049306  163.009468  2.682464  0.367124  140.929993  0.580000
1  163.009468  1.214188  1.214188  173.226211  0.739454  0.084423  165.070361  2.759582  0.390439  140.929993  0.580000
1  165.070361  1.214768  1.214768  173.176699  0.869150  0.053212  166.907652  2.756298  0.268928  140.929993  0.580000
1  166.907652  1.214711  1.214711  173.190110  0.577622  0.088039  168.928532  2.650934  -0.147703  140.929993  0.580000
1  168.928532  1.214051  1.214051  173.174283  0.953579  0.242223  170.631942  2.697756  0.091202  140.929993  0.580000
1  170.631942  1.214012  1.214091  173.252908  0.930766  -1.800237  172.326862  2.889771  0.711994  140.929993  0.580000
1  172.326862  1.214495  1.214495  173.291091  1.106252  0.087313  172.776185  2.847694  0.408646  140.929993  0.580000
1  172.776185  1.214100  1.214100  173.295245  1.159668  2.129408  172.996461  2.935397  0.620991  140.929993  0.580000
1  172.996461  1.215299  1.215299  173.280132  0.305332  0.792888  172.835459  2.806045  -0.018258  140.929993  0.580000
1  172.835459  1.215314  1.215314  173.340442  0.305251  0.921564  173.253477  2.869087  0.175341  137.320007  0.540000
1  173.253477  1.214542  1.214570  173.279655  0.747636  -0.421587  172.616460  2.724138  -0.339920  137.320007  0.540000
1  172.616460  1.214446  1.214446  173.276472  0.007892  -2.277849  172.691864  2.569389  -0.798801  137.320007  0.540000
1  172.691864  1.213827  1.213827  173.298196  0.933802  2.494926  173.248508  2.753314  0.069490  137.320007  0.540000
1  173.248508  1.215016  1.215016  173.329903  0.808804  -1.144610  173.338326  2.838971  0.252040  137.320007  0.540000
1  173.338326  1.215988  1.215988  173.324918  1.082774  1.806193  173.190248  2.804707  0.078060  137.320007  0.540000
1  173.190248  1.215507  1.215353  173.355717  0.549324  -1.281763  173.053852  2.663093  -0.516348  137.320007  0.540000
1  173.053852  1.214161  1.214161  173.380621  0.288570  -2.876869  173.309610  2.782005  -0.033823  137.320007  0.540000
1  173.309610  1.214052  1.214052  173.396793  0.838783  -0.557182  173.210750  2.796830  0.108391  137.320007  0.540000
1  173.210750  1.213743  1.213743  173.387324  0.977310  1.011497  173.053404  2.725179  -0.155281  137.320007  0.540000
1  173.053404  1.214265  1.214265  173.382200  0.879622  1.215910  172.942801  2.798820  0.108314  137.320007  0.540000
1  172.942801  1.214582  1.214751  173.394668  1.043580  1.585328  173.049137  2.838634  0.242017  137.320007  0.540000
1  173.049137  1.213714  1.213714  173.376430  0.542586  0.401030  173.119976  2.736206  -0.205331  137.320007  0.540000
1  173.119976  1.213625  1.213625  173.389808  0.674380  0.498548  173.209613  2.787890  0.032587  142.619995  0.480000
1  173.209613  1.213520  1.213520  173.352746  0.607809  0.195689  172.859223  2.740206  -0.133569  142.619995  0.480000
1  172.859223  1.215239  1.215239  173.424140  0.595096  -1.345509  173.297648  2.874068  0.324139  142.619995  0.480000
1  173.297648  1.214366  1.214106  173.426525  1.118521  1.051320  173.209922  2.855131  0.198210  142.619995  0.480000
1  173.209922  1.214039  1.214039  173.457022  0.214223  -3.320556  173.179458  2.708002  -0.429191  142.619995  0.480000
1  173.179458  1.214085  1.214085  173.465598  0.617832  1.426220  173.064460  2.792921  -0.003638  142.619995  0.480000
1  173.064460  1.214427  1.214427  173.457677  0.868256  -0.097507  172.868725  2.747846  -0.166106  142.619995  0.480000
1  172.868725  1.214801  1.214801  173.477636  0.447745  -0.707488  173.244900  2.603181  -0.590997  142.619995  0.480000
1  173.244900  1.214077  1.213943  173.462312  1.181879  2.074115  173.010523  2.608322  -0.369142  144.610001  0.520000
1  173.010523  1.214705  1.214705  173.467579  0.442806  0.523513  173.060179  2.629269  -0.289644  144.610001  0.520000
1  173.060179  1.214064  1.214064  173.501062  1.091304  -0.362393  173.096808  2.884418  0.597853  144.610001  0.520000
1  173.096808  1.214603  1.214603  173.448312  0.969930  0.779613  172.789530  2.818594  0.214159  144.610001  0.520000
1  172.789530  1.213124  1.213124  173.456529  0.919508  0.488436  173.107230  2.846378  0.334534  144.610001  0.520000
1  173.107230  1.214104  1.214579  173.495354  0.488492  -0.339455  173.378003  2.844021  0.233272  144.610001  0.520000
1  173.378003  1.214226  1.214226  173.532163  1.013325  1.022749  173.180277  2.701471  -0.272365  144.610001  0.520000
1  173.180277  1.213765  1.213765  173.580988  0.790427  0.114257  173.488637  2.755624  -0.050716  144.610001  0.520000
1  173.488637  1.214921  1.214921  173.595280  0.885204  0.376309  173.356277  2.765874  -0.009288  144.610001  0.520000
1  173.356277  1.214420  1.214420  173.574484  1.350221  1.948362  173.127277  2.744419  -0.053562  146.029999  0.460000
1  173.127277  1.212998  1.213421  173.557242  0.717315  -0.638521  172.886304  2.734466  -0.074126  146.029999  0.460000
1  172.886304  1.214064  1.214064  173.549130  0.930520  -0.260911  172.979007  2.617668  -0.443630  146.029999  0.460000
1  172.979007  1.214777  1.214777  173.505246  0.465493  1.498338  172.716700  2.653837  -0.227560  146.029999  0.460000
1  172.716700  1.215337  1.215337  173.493098  0.290002  0.705309  172.803815  2.648157  -0.276004  146.029999  0.460000
1  172.803815  1.213470  1.213470  173.529505  0.534161  -2.590903  173.191096  2.722925  0.011255  146.029999  0.460000
1  173.191096  1.214137  1.213642  173.564849  0.807816  0.106515  173.513022  2.665227  -0.182354  146.029999  0.460000
1  173.513022  1.213710  1.213710  173.516369  0.345945  -1.625507  173.072388  2.604846  -0.388112  146.029999  0.460000
1  173.072388  1.214524  1.214524  173.568627  1.376347  2.361519  173.465582  2.777876  0.268458  146.029999  0.460000
1  173.465582  1.214303  1.214303  173.590198  0.635375  -0.566802  173.367462  2.643944  -0.352084  146.029999  0.460000
1  173.367462  1.212633  1.212633  173.579610  0.735819  -0.162060  173.264643  2.702834  -0.050033  146.029999  0.460000
1  173.264643  1.213338  1.213485  173.560612  1.046641  1.088079  173.057641  2.713629  0.032368  134.470001  0.420000
1  173.057641  1.213849  1.213849  173.557661  0.722851  -0.207183  173.184226  2.673078  -0.157343  134.470001  0.420000
1  173.184226  1.213815  1.213815  173.539359  0.887450  0.422925  172.989399  2.698895  -0.001142  134.470001  0.420000
1  172.989399  1.214915  1.214915  173.518245  1.191833  0.637209  172.960478  2.698677  0.044709  134.470001  0.420000
1  172.960478  1.214591  1.214591  173.543932  0.973031  0.896863  173.133642  2.655557  -0.071670  134.470001  0.420000
1  173.133642  1.213634  1.213848  173.524523  0.761687  0.022613  173.305852  2.657843  -0.035369  134.470001  0.420000
1  173.305852  1.213030  1.213030  173.524116  1.055960  1.123226  173.162164  2.731955  0.231341  134.470001  0.420000
1  173.162164  1.215066  1.215066  173.571615  1.030030  1.094566  173.707770  2.699388  0.167322  134.470001  0.420000
1  173.707770  1.213308  1.213308  173.516423  0.188186  -2.153638  173.053229  2.538254  -0.460986  134.470001  0.420000
1  173.053229  1.214780  1.214780  173.459972  0.943845  0.948126  172.636596  2.579938  -0.141996  134.470001  0.420000
1  172.636596  1.214643  1.214473  173.445014  0.681207  -0.102088  172.723530  2.548169  -0.230201  136.910004  0.400000
1  172.723530  1.214249  1.214249  173.473385  0.564112  -1.149346  173.390205  2.561744  -0.179823  136.910004  0.400000
1  173.390205  1.213532  1.213532  173.453198  1.001596  2.870825  173.095912  2.648668  0.186847  136.910004  0.400000
1  173.095912  1.213960  1.213960  173.473539  0.797701  -0.615959  173.250865  2.599416  -0.035801  136.910004  0.400000
1  173.250865  1.214799  1.214799  173.495012  0.461803  1.469350  173.506055  2.575682  -0.152704  136.910004  0.400000
1  173.506055  1.214377  1.216338  173.446448  0.211637  -1.260870  172.761144  2.498351  -0.372053  136.910004  0.400000
1  172.761144  1.213439  1.213439  173.438395  0.632189  -1.988395  173.026759  2.562009  -0.114970  136.910004  0.400000
1  173.026759  1.214118  1.214118  173.432099  0.623203  0.722870  173.038377  2.414457  -0.642907  136.910004  0.400000
1  173.038377  1.213924  1.213924  173.410921  0.767828  -1.268111  172.926041  2.496442  -0.218390  136.910004  0.400000
1  172.926041  1.213201  1.213201  173.392711  1.060486  1.085790  172.754213  2.570808  0.099764  136.910004  0.400000
1  172.754213  1.213929  1.213781  173.372339  0.760436  -1.145343  172.844344  2.542358  0.027244  136.910004  0.400000
1  172.844344  1.214427  1.214427  173.410401  0.504489  -0.443194  173.188633  2.454257  -0.312674  136.910004  0.400000
1  173.188633  1.214815  1.214815  173.429329  0.706843  -0.564990  173.130753  2.548498  0.064757  139.740005  0.350000
1  173.130753  1.213390  1.213390  173.431866  0.893525  0.377936  172.994631  2.699837  0.636035  139.740005  0.350000
1  172.994631  1.213978  1.213978  173.460692  0.598833  0.737445  173.310932  2.514300  -0.219969  139.740005  0.350000
1  173.310932  1.213943  1.214221  173.453235  0.848655  0.222137  173.015046  2.602552  0.136626  139.740005  0.350000
1  173.015046  1.215116  1.215116  173.485074  0.678863  0.192613  173.266496  2.617524  0.185038  139.740005  0.350000
1  173.266496  1.214504  1.214504  173.553990  1.034155  0.717242  173.758256  2.534742  -0.124394  139.740005  0.350000
1  173.758256  1.213493  1.213493  173.548349  0.170336  -1.983301  173.242842  2.599860  0.108373  139.740005  0.350000
1  173.242842  1.213473  1.213473  173.539304  1.030334  0.077847  173.022794  2.576248  0.020261  139.740005  0.350000
1  173.022794  1.213492  1.213704  173.549441  0.610378  -0.988625  173.043384  2.601313  0.020911  141.240005  0.350000
1  173.043384  1.214040  1.214040  173.525116  0.579785  -0.672225  173.040292  2.455914  -0.547551  141.240005  0.350000
1  173.040292  1.214126  1.214126  173.499501  0.694295  -0.198189  172.747889  2.512054  -0.203598  141.240005  0.350000
1  172.747889  1.215040  1.215040  173.525246  0.854472  0.748618  173.135623  2.660799  0.392069  141.240005  0.350000
1  173.135623  1.214120  1.214120  173.528300  0.854382  -0.031937  173.302936  2.511025  -0.164517  141.240005  0.350000
1  173.302936  1.212935  1.213285  173.559166  0.434859  0.567179  173.152909  2.580709  0.019472  141.240005  0.350000
1  173.152909  1.214618  1.214618  173.543533  0.732400  -2.217737  173.138907  2.383619  -0.628225  141.240005  0.350000
1  173.138907  1.213523  1.213523  173.533647  0.520370  0.543594  173.357927  2.476378  -0.111093  141.240005  0.350000
1  173.357927  1.213681  1.213681  173.538507  0.552009  -2.032731  173.269764  2.409766  -0.308903  141.240005  0.350000
1  173.269764  1.215374  1.215374  173.562793  0.398225  0.081482  173.304517  2.407535  -0.271364  141.240005  0.350000
1  173.304517  1.213871  1.213708  173.541618  0.485586  -0.954726  173.107482  2.453316  -0.070294  151.979996  0.320000
1  173.107482  1.213282  1.213282  173.512612  1.381215  0.075154  172.964264  2.573504  0.342266  151.979996  0.320000
1  172.964264  1.213815  1.213815  173.511083  0.991823  -0.164494  173.190101  2.514910  0.058997  151.979996  0.320000
1  173.190101  1.213684  1.213684  173.498373  0.752623  0.877790  173.170033  2.312705  -0.653343  151.979996  0.320000
1  173.170033  1.216061  1.216061  173.514017  0.606317  -0.638054  173.342016  2.499040  0.113730  151.979996  0.320000
1  173.342016  1.214745  1.214694  173.472625  0.741176  1.547659  172.861488  2.393816  -0.257803  151.979996  0.320000
1  172.861488  1.213533  1.213533  173.490139  0.617079  0.628034  173.283538  2.450035  -0.020255  151.979996  0.320000
1  173.283538  1.213666  1.213666  173.509294  0.955916  -0.012719  173.339306  2.456271  0.021170  151.979996  0.320000
1  173.339306  1.213414  1.213414  173.507071  -0.029457  -1.210412  173.223769  2.376416  -0.345688  151.979996  0.320000
1  173.223769  1.213472  1.213472  173.487849  0.184459  -0.970142  173.285431  2.290875  -0.569176  163.240005  0.330000
1  173.285431  1.215305  1.214690  173.527255  0.445349  -1.564881  173.399388  2.516153  0.367570  163.240005  0.330000
1  173.399388  1.212622  1.212622  173.527548  0.829127  0.665399  173.156281  2.547089  0.381385  163.240005  0.330000
1  173.156281  1.213834  1.213834  173.469611  0.741248  -3.128355  172.711699  2.405601  -0.288403  163.240005  0.330000
1  172.711699  1.214690  1.214690  173.492090  0.672429  0.826241  173.022930  2.506110  0.127062  163.240005  0.330000
1  173.022930  1.213759  1.213759  173.525724  1.241148  2.052092  173.625220  2.487404  0.137862  163.240005  0.330000
1  173.625220  1.214035  1.213708  173.460009  0.427498  -1.021074  173.027571  2.291935  -0.586004  163.240005  0.330000
1  173.027571  1.214108  1.214108  173.474381  0.240357  -1.739076  173.075218  2.317964  -0.365662  163.240005  0.330000
1  173.075218  1.214391  1.214391  173.497595  1.156857  -2.205378  173.189750  2.276310  -0.406036  163.240005  0.330000
1  173.189750  1.213903  1.213903  173.450563  0.278703  -1.438420  172.888456  2.309331  -0.207194  163.240005  0.330000
1  172.888456  1.213550  1.213550  173.413387  1.043895  1.401571  172.664171  2.499894  0.516228  157.889999  0.290000
1  172.664171  1.213181  1.213181  173.361516  0.879935  0.738601  172.482964  2.436437  0.165429  157.889999  0.290000
1  172.482964  1.214219  1.214219  173.392704  1.238775  1.547638  172.779651  2.547282  0.483927  157.889999  0.290000
1  172.779651  1.214553  1.214553  173.386241  0.884794  0.348026  172.860713  2.330024  -0.377282  157.889999  0.290000
1  172.860713  1.215375  1.215375  173.405989  1.098488  0.190650  173.244854  2.424384  0.038083  157.889999  0.290000
1  173.244854  1.212959  1.212959  173.401512  0.877217  2.716807  173.275499  2.332600  -0.285387  157.889999  0.290000
1  173.275499  1.213033  1.212726  173.456536  0.869744  -0.794804  173.390350  2.541692  0.439048  157.889999  0.290000
1  173.390350  1.213035  1.213035  173.461632  0.229037  0.598935  173.135275  2.381312  -0.236971  157.889999  0.290000
1  173.135275  1.215343  1.215343  173.475132  1.399599  0.432484  173.026410  2.309419  -0.371139  157.889999  0.290000
1  173.026410  1.214410  1.214410  173.517393  1.273556  1.743521  173.284192  2.369532  -0.062839  157.889999  0.290000
1  173.284192  1.214831  1.214831  173.525325  0.763034  1.209833  173.039501  2.450266  0.214053  157.889999  0.290000
1  173.039501  1.213462  1.213504  173.492374  0.732491  1.485117  172.921892  2.425273  0.089476  157.889999  0.290000
1  172.921892  1.214223  1.214223  173.470675  1.075497  -0.920979  172.973476  2.414062  0.084506  157.889999  0.290000
1  172.973476  1.212747  1.212747  173.442029  0.343574  0.356565  172.762091  2.338585  -0.173458  138.529999  0.250000
1  172.762091  1.213639  1.213639  173.441895  0.889565  1.487103  172.930815  2.385715  0.066575  138.529999  0.250000
1  172.930815  1.213465  1.213465  173.439181  0.534113  -0.643941  172.844744  2.282712  -0.271870  138.529999  0.250000
1  172.844744  1.212931  1.213163  173.380688  0.332006  -1.450269  172.643632  2.292987  -0.185605  138.529999  0.250000
1  172.643632  1.213154  1.213154  173.407111  0.692210  0.005527  172.953393  2.313885  -0.088263  138.529999  0.250000
1  172.953393  1.213874  1.213874  173.398786  0.849740  0.543559  172.911876  2.403730  0.214834  138.529999  0.250000
1  172.911876  1.212624  1.212624  173.413181  0.644665  -0.309486  173.213429  2.340220  -0.041730  138.529999  0.250000
1  173.213429  1.213665  1.213665  173.396729  1.090150  1.469358  172.802621  2.367999  0.086105  111.839996  0.260000
1  172.802621  1.214823  1.215179  173.393027  0.701590  -0.073308  172.923661  2.379908  0.135830  111.839996  0.260000
1  172.923661  1.214351  1.214351  173.394763  0.690629  -0.075120  173.049968  2.270286  -0.318023  111.839996  0.260000
1  173.049968  1.213228  1.213228  173.386525  0.810461  0.299752  172.993321  2.352184  0.031983  111.839996  0.260000
1  172.993321  1.213237  1.213237  173.429618  0.921728  0.670441  173.323519  2.419696  0.283015  111.839996  0.260000
1  173.323519  1.213901  1.213901  173.415636  0.991847  -0.836514  173.091718  2.318407  -0.115364  111.839996  0.260000
1  173.091718  1.214719  1.216245  173.435871  0.557122  0.455279  173.046624  2.424476  0.287248  111.839996  0.260000
1  173.046624  1.214669  1.214669  173.424853  0.831517  -1.631481  172.845001  2.349420  -0.034717  111.839996  0.260000
1  172.845001  1.214208  1.214208  173.403765  0.930861  -0.341303  172.823707  2.379677  0.107804  111.839996  0.260000
1  172.823707  1.213862  1.213862  173.426423  0.707967  1.105669  173.005836  2.404274  0.135096  111.839996  0.260000
1  173.005836  1.214042  1.214042  173.442256  0.429504  -0.031239  173.078845  2.266078  -0.357511  84.459999  0.270000
1  173.078845  1.213778  1.213876  173.402281  0.845427  1.403305  172.870803  2.237838  -0.279098  84.459999  0.270000
1  172.870803  1.214905  1.214905  173.467536  0.739601  1.489566  173.432247  2.420122  0.441513  84.459999  0.270000
1  173.432247  1.214715  1.214715  173.448866  0.790168  0.137100  173.096057  2.319841  -0.082799  84.459999  0.270000
1  173.096057  1.214103  1.214103  173.442875  1.088908  -0.589094  173.224555  2.257501  -0.261343  84.459999  0.270000
1  173.224555  1.213873  1.213873  173.434556  0.284232  -1.037612  173.129693  2.153959  -0.534443  84.459999  0.270000
1  173.129693  1.214266  1.214092  173.408934  0.354993  -0.014458  172.985885  2.247740  -0.039673  84.459999  0.270000
1  172.985885  1.214191  1.214191  173.362629  0.407572  -1.032352  172.759370  2.204743  -0.162026  84.459999  0.270000
1  172.759370  1.214605  1.214605  173.386325  0.602658  -1.430854  172.926017  2.183890  -0.205733  84.459999  0.270000
1  172.926017  1.214183  1.214183  173.358960  1.045130  -0.216463  173.011590  2.269536  0.179592  84.459999  0.270000
1  173.011590  1.213427  1.213427  173.394624  0.534235  -1.392350  173.083885  2.285070  0.199259  68.300003  0.280000
1  173.083885  1.213895  1.214033  173.408041  0.351085  0.309144  173.241178  2.275366  0.030245  68.300003  0.280000
1  173.241178  1.213955  1.213955  173.370143  0.694386  0.668061  172.828102  2.238337  -0.070443  68.300003  0.280000
1  172.828102  1.214450  1.214450  173.354642  0.778214  -1.536210  172.780821  2.222125  -0.127730  68.300003  0.280000
1  172.780821  1.214627  1.214627  173.344128  0.778035  1.064826  173.070538  2.177291  -0.146726  68.300003  0.280000
1  173.070538  1.214676  1.214676  173.368083  0.740134  -0.700655  173.125526  2.154786  -0.157736  68.300003  0.280000
1  173.125526  1.213375  1.213332  173.387650  0.915274  1.141503  173.202003  2.197590  0.025510  68.300003  0.280000
1  173.202003  1.213748  1.213748  173.369834  0.875133  -0.878439  172.985425  2.279070  0.341995  68.300003  0.280000
1  172.985425  1.214498  1.214498  173.312399  0.676170  2.635539  172.636896  2.129016  -0.194127  68.300003  0.280000
1  172.636896  1.214986  1.214986  173.300708  0.155435  -0.377555  172.755927  2.214763  0.080419  68.300003  0.280000
1  172.755927  1.215531  1.215531  173.295198  0.931086  -0.394997  172.631314  2.197429  0.028277  68.300003  0.280000
1  172.631314  1.214731  1.214394  173.313183  0.548526  -1.453930  173.042529  2.132297  -0.292400  61.250000  0.220000
1  173.042529  1.213845  1.213845  173.256326  0.451477  -2.138334  172.575029  2.139865  -0.221383  61.250000  0.220000
1  172.575029  1.213183  1.213183  173.292602  0.640007  -2.485996  173.163699  2.157119  -0.137627  61.250000  0.220000
1  173.163699  1.213750  1.213750  173.287351  0.576847  -2.250907  172.899223  2.233388  0.164674  61.250000  0.220000
1  172.899223  1.215961  1.215961  173.314855  0.635385  -0.010176  173.040403  2.304409  0.342721  61.250000  0.220000
1  173.040403  1.213802  1.213404  173.285645  0.840282  1.285297  172.886726  2.299256  0.280623  61.250000  0.220000
1  172.886726  1.213078  1.213078  173.319137  0.577588  -1.733546  173.183677  2.099811  -0.449351  61.250000  0.220000
1  173.183677  1.213056  1.213056  173.335311  0.594794  0.613811  173.185399  2.235231  0.169261  61.250000  0.220000
1  173.185399  1.213000  1.213000  173.324739  0.694536  0.583948  172.872450  2.107041  -0.326838  61.250000  0.220000
1  172.872450  1.214158  1.214158  173.342806  0.640800  1.232849  173.280129  2.090149  -0.216988  61.250000  0.220000
1  173.280129  1.213868  1.213727  173.391156  0.961027  0.022010  173.276165  2.156251  0.009002  61.250000  0.220000
1  173.276165  1.213920  1.213920  173.374284  1.254357  0.932135  173.030605  2.195813  0.175840  61.250000  0.220000
1  173.030605  1.213265  1.213265  173.341302  0.444743  -0.393949  172.822287  2.061452  -0.274827  10.750000  0.180000
1  172.822287  1.214365  1.214365  173.319652  0.961008  -0.990495  172.862099  2.126528  0.030029  10.750000  0.180000
1  172.862099  1.213295  1.213295  173.335891  0.837586  2.008823  173.039908  2.100272  -0.084507  10.750000  0.180000
1  173.039908  1.214968  1.214486  173.339552  0.276157  -1.555073  173.133486  2.101056  -0.111164  10.750000  0.180000
1  173.133486  1.214149  1.214149  173.410128  0.999605  0.937648  173.572995  2.116943  -0.038236  10.750000  0.180000
1  173.572995  1.214181  1.214181  173.402175  0.202110  0.063803  173.069711  2.049215  -0.268306  10.750000  0.180000
1  173.069711  1.213997  1.213997  173.367495  0.934075  0.086504  172.746934  1.971510  -0.419423  10.750000  0.180000
1  172.746934  1.213441  1.213441  173.412479  0.460157  0.387566  173.321953  2.170026  0.385468  336.450012  0.200000
1  173.321953  1.213859  1.213482  173.417170  0.660645  0.580470  173.069517  2.084319  0.028032  336.450012  0.200000
1  173.069517  1.213957  1.213957  173.434603  0.855922  0.743450  173.109189  2.031462  -0.152082  336.450012  0.200000
1  173.109189  1.214283  1.214283  173.419584  1.339270  1.606984  172.677142  2.240500  0.637663  336.450012  0.200000
1  172.677142  1.214372  1.214372  173.450346  0.884562  1.725926  173.054813  2.183156  0.280872  336.450012  0.200000
1  173.054813  1.212956  1.212956  173.498678  0.716827  -1.110492  173.591815  2.149412  0.121199  336.450012  0.200000
1  173.591815  1.213548  1.213839  173.507493  0.686543  0.182179  173.379338  2.062113  -0.193579  336.450012  0.200000
1  173.379338  1.214154  1.214154  173.512926  0.055691  -2.308301  173.179283  2.040752  -0.202759  336.450012  0.200000
1  173.179283  1.214322  1.214322  173.488714  1.055798  1.301793  172.782423  2.280653  0.631618  336.450012  0.200000
1  172.782423  1.214221  1.214221  173.477512  0.705943  0.084159  172.902443  2.107819  -0.097655  336.450012  0.200000
1  172.902443  1.213293  1.213293  173.486689  0.776532  0.242367  173.207974  2.199078  0.259065  336.450012  0.200000
1  173.207974  1.214046  1.214123  173.473110  0.922098  0.356277  173.012719  2.122540  -0.030785  324.429993  0.220000
1  173.012719  1.213999  1.213999  173.451675  0.509281  -1.628483  172.943023  2.077505  -0.232209  324.429993  0.220000
1  172.943023  1.214243  1.214243  173.440437  1.121361  0.844356  173.059298  2.112237  -0.015520  324.429993  0.220000
1  173.059298  1.214554  1.214554  173.469022  0.831643  -0.804408  172.956343  2.146543  0.110935  324.429993  0.220000
1  172.956343  1.215349  1.215349  173.434780  1.128987  -1.022924  172.749555  2.090239  -0.011837  324.429993  0.220000
1  172.749555  1.213721  1.214012  173.419511  0.861963  0.914214  173.126277  2.001603  -0.273412  324.429993  0.220000
1  173.126277  1.212790  1.212790  173.412175  0.724821  0.750381  172.846180  2.137405  0.269346  324.429993  0.220000
1  172.846180  1.213626  1.213626  173.410265  0.788075  -0.336160  172.882131  2.154986  0.245908  324.429993  0.220000
1  172.882131  1.214173  1.214173  173.458940  0.356932  -1.498921  173.267399  2.009043  -0.378925  324.429993  0.220000
1  173.267399  1.214832  1.214832  173.430047  0.423807  0.456993  172.840611  1.994835  -0.317842  324.429993  0.220000
1  172.840611  1.214538  1.214538  173.459932  0.913966  0.264762  173.084032  2.130438  0.218299  319.739990  0.210000
1  173.084032  1.214165  1.214165  173.456401  0.542731  -0.678441  173.039336  2.143408  0.215162  319.739990  0.210000
1  173.039336  1.214440  1.214440  173.470751  0.656278  -0.709519  173.045781  2.033392  -0.257799  319.739990  0.210000
1  173.045781  1.214474  1.214474  173.460651  0.768124  -0.722825  173.063377  2.181921  0.303654  319.739990  0.210000
1  173.063377  1.214115  1.214115  173.461961  0.350204  -1.472621  173.186781  2.076367  -0.106367  319.739990  0.210000
1  173.186781  1.214724  1.216331  173.467229  0.741424  0.110135  172.923184  2.107427  0.047088  319.739990  0.210000
1  172.923184  1.214745  1.214745  173.439874  0.694580  0.068066  172.734382  2.016470  -0.241367  319.739990  0.210000
1  172.734382  1.213548  1.213548  173.399093  0.931962  1.058358  172.742698  1.984938  -0.257716  319.739990  0.210000
1  172.742698  1.213697  1.213697  173.390360  0.795132  0.464494  172.856112  2.056190  0.068768  319.739990  0.210000
1  172.856112  1.213349  1.213349  173.395251  0.018100  -1.728582  173.152360  1.883619  -0.559457  313.859985  0.150000
1  173.152360  1.213530  1.213703  173.328265  1.279016  2.592850  172.946031  2.054700  0.291390  313.859985  0.150000
1  172.946031  1.215074  1.215074  173.362733  0.910488  -0.968585  173.231854  1.991876  -0.028041  313.859985  0.150000
1  173.231854  1.214150  1.214150  173.352360  0.544154  -0.235108  173.078867  1.886550  -0.379248  313.859985  0.150000
1  173.078867  1.212881  1.212881  173.321380  0.633906  0.187462  172.770431  1.962284  0.012242  313.859985  0.150000
1  172.770431  1.214436  1.214436  173.344251  0.900269  0.397130  173.022835  2.012870  0.233497  313.859985  0.150000
1  173.022835  1.214082  1.213771  173.351525  0.869769  0.977913  172.913504  2.052500  0.270730  313.859985  0.150000
1  172.913504  1.214972  1.214972  173.393139  0.709581  -0.962201  173.284272  1.996689  -0.001876  313.859985  0.150000
1  173.284272  1.214480  1.214480  173.415001  0.267217  -1.019310  173.263672  1.897097  -0.372081  313.859985  0.150000
1  173.263672  1.213726  1.213726  173.426232  -0.114122  -1.155690  173.139374  1.826205  -0.498825  313.859985  0.150000
1  173.139374  1.213780  1.213780  173.366933  0.332808  -1.168657  172.639136  1.917031  0.021761  313.859985  0.150000
1  172.639136  1.214189  1.214206  173.387255  0.788071  0.123708  172.961433  1.989827  0.234124  313.859985  0.150000
1  172.961433  1.214183  1.214183  173.445507  0.292613  0.729812  173.438623  1.911422  -0.134870  313.859985  0.150000
1  173.438623  1.215225  1.215225  173.419230  0.782090  2.351877  173.084843  1.958712  0.056561  308.640015  0.120000
1  173.084843  1.215595  1.215595  173.417323  1.054796  0.231200  173.084445  1.918960  -0.095853  308.640015  0.120000
1  173.084445  1.213954  1.213954  173.385432  0.827717  1.907324  172.853310  2.083129  0.498441  308.640015  0.120000
1  172.853310  1.213452  1.213523  173.441194  0.349308  0.011282  173.346623  1.958769  -0.043618  308.640015  0.120000
1  173.346623  1.215033  1.215033  173.398011  0.576842  -0.927187  172.987933  1.936534  -0.070026  308.640015  0.120000
1  172.987933  1.213493  1.213493  173.425218  0.730023  0.652028  173.261531  1.922820  -0.109861  308.640015  0.120000
1  173.261531  1.215265  1.215265  173.461737  0.003589  -1.354978  173.413134  1.859314  -0.325404  308.640015  0.120000
1  173.413134  1.215749  1.215749  173.444255  0.444796  -0.777314  173.131135  1.910889  -0.125124  308.640015  0.120000
1  173.131135  1.214632  1.214708  173.436641  0.671293  -1.039711  173.054118  1.847353  -0.283026  303.630005  0.150000
1  173.054118  1.213864  1.213864  173.430620  0.923100  -0.398525  173.068252  1.967117  0.215092  303.630005  0.150000
1  173.068252  1.213421  1.213421  173.384793  0.151896  -1.226557  172.622850  1.863717  -0.205123  303.630005  0.150000
1  172.622850  1.214783  1.214783  173.324021  0.221447  -1.378218  172.261970  1.853546  -0.219586  303.630005  0.150000
1  172.261970  1.216169  1.216169  173.334870  0.785772  0.450406  172.727636  1.912737  0.037984  303.630005  0.150000
1  172.727636  1.214191  1.214112  173.366914  0.221308  -0.447839  172.808082  1.822118  -0.358545  303.630005  0.150000
1  172.808082  1.214722  1.214722  173.350869  0.319164  -0.639750  172.788519  1.919184  0.011598  303.630005  0.150000
1  172.788519  1.214305  1.214305  173.337508  0.550965  0.924746  172.821055  1.884994  -0.057266  303.630005  0.150000
1  172.821055  1.213969  1.213969  173.379157  0.971020  -0.972570  173.250646  1.956029  0.204732  303.630005  0.150000
1  173.250646  1.214748  1.214748  173.329201  0.484013  -0.298140  172.674845  1.823673  -0.288423  303.630005  0.150000
1  172.674845  1.213755  1.214218  173.377964  0.894645  -0.164126  173.084861  1.891048  -0.013081  310.720001  0.150000
1  173.084861  1.212599  1.212599  173.349134  0.700032  1.144131  172.739437  1.843651  -0.129558  310.720001  0.150000
1  172.739437  1.213993  1.213993  173.322783  0.615586  -2.953571  172.756898  1.814351  -0.200413  310.720001  0.150000
1  172.756898  1.215347  1.215347  173.316361  0.684135  0.755218  172.875606  1.778171  -0.152367  310.720001  0.150000
1  172.875606  1.215988  1.215988  173.336932  0.488188  0.341100  173.157548  1.860056  0.144201  310.720001  0.150000
1  173.157548  1.215142  1.215028  173.343509  0.708504  0.193408  172.962608  1.930846  0.345514  310.720001  0.150000
1  172.962608  1.214655  1.214655  173.342714  0.694186  1.059325  172.947314  1.848806  -0.068607  310.720001  0.150000
1  172.947314  1.213438  1.213438  173.310202  0.462032  -0.354981  172.852081  1.763301  -0.274608  310.720001  0.150000
1  172.852081  1.213438  1.213438  173.275121  0.259416  -0.426736  172.568096  1.811416  -0.117831  310.720001  0.150000
1  172.568096  1.214638  1.214638  173.300187  -0.053102  -2.357907  172.956703  1.721723  -0.421421  309.579987  0.130000
1  172.956703  1.216738  1.216773  173.260398  0.404382  -1.155493  172.719147  1.819594  0.005195  309.579987  0.130000
1  172.719147  1.215406  1.215406  173.284348  0.596542  0.334158  173.130655  1.760457  -0.185068  309.579987  0.130000
1  173.130655  1.214943  1.214943  173.297513  0.833097  0.273121  173.340168  1.776825  -0.098935  309.579987  0.130000
1  173.340168  1.213820  1.213820  173.336255  1.205004  2.489922  173.346439  1.893330  0.335265  309.579987  0.130000
1  173.346439  1.213304  1.213304  173.340414  0.621442  0.286619  173.255291  1.744255  -0.249571  309.579987  0.130000
1  173.255291  1.214388  1.214255  173.323928  0.863315  0.997488  172.848207  1.915611  0.334508  309.579987  0.130000
1  172.848207  1.214448  1.214448  173.314451  0.887292  1.008628  172.939075  1.924714  0.313479  309.579987  0.130000
1  172.939075  1.213636  1.213636  173.334437  1.032702  1.750808  173.226486  1.796538  -0.176386  309.579987  0.130000
1  173.226486  1.213946  1.213946  173.327702  0.734607  0.526143  172.823829  1.816594  -0.058503  309.579987  0.130000
1  172.823829  1.214294  1.214294  173.321065  0.792038  0.591222  172.938519  1.933658  0.277969  309.579987  0.130000
1  172.938519  1.214953  1.214889  173.315778  0.816118  2.308847  173.009901  1.855565  0.018618  306.649994  0.060000
1  173.009901  1.214197  1.214197  173.360434  0.993690  0.459050  173.076715  1.939423  0.250236  306.649994  0.060000
1  173.076715  1.214605  1.214605  173.384703  0.694171  0.135908  173.201559  1.779752  -0.305042  306.649994  0.060000
1  173.201559  1.214316  1.214316  173.378363  0.061136  -0.267695  173.139416  1.781875  -0.237322  306.649994  0.060000
1  173.139416  1.214970  1.214970  173.388611  0.907751  1.169886  173.117226  1.889113  0.208700  306.649994  0.060000
1  173.117226  1.214440  1.213920  173.372309  0.267227  -0.826306  172.717714  1.892856  0.111669  306.649994  0.060000
1  172.717714  1.213731  1.213731  173.353982  0.786423  0.525002  172.892993  1.877233  0.073071  306.649994  0.060000
1  172.892993  1.214323  1.214323  173.378221  0.369344  -1.228992  173.095702  1.877381  0.029511  306.649994  0.060000
1  173.095702  1.215963  1.215963  173.405494  0.709460  0.269897  173.290866  1.850020  0.020641  306.649994  0.060000
1  173.290866  1.214326  1.214326  173.414665  0.609973  -0.070117  173.197976  1.773370  -0.257132  306.649994  0.060000
1  173.197976  1.212238  1.212399  173.430736  0.663633  0.442530  173.087186  1.733645  -0.296244  306.649994  0.060000
1  173.087186  1.215041  1.215041  173.503087  0.444104  -1.637474  173.364821  1.871598  0.209733  306.649994  0.060000
1  173.364821  1.214328  1.214328  173.520802  1.351965  -0.864718  173.478510  1.838109  0.035177  241.660004  0.060000
1  173.478510  1.215268  1.215268  173.482100  0.646402  1.862545  172.933541  1.794710  -0.061579  241.660004  0.060000
1  172.933541  1.214807  1.214807  173.502631  0.753340  0.422443  173.370613  1.891701  0.289613  241.660004  0.060000
1  173.370613  1.214443  1.214226  173.485250  0.042634  -0.862221  173.155839  1.697571  -0.399442  241.660004  0.060000
1  173.155839  1.213144  1.213144  173.464250  0.581929  -0.143930  172.854776  1.838695  0.163194  241.660004  0.060000
1  172.854776  1.214490  1.214490  173.491949  0.567488  -0.354063  173.303484  1.745557  -0.212874  241.660004  0.060000
1  173.303484  1.214442  1.214442  173.479335  0.379817  0.209459  173.170425  1.832855  0.110754  241.660004  0.060000
1  173.170425  1.216096  1.216096  173.490710  0.809341  0.799428  173.287065  1.750978  -0.205143  241.660004  0.060000
1  173.287065  1.213056  1.213316  173.480414  0.603978  -0.066255  173.151954  1.813032  0.109784  213.970001  0.040000
1  173.151954  1.214118  1.214118  173.475561  0.547654  -1.847476  173.234469  1.642079  -0.478316  213.970001  0.040000
1  173.234469  1.213777  1.213777  173.460897  0.284725  -1.138497  173.222378  1.710785  -0.120229  213.970001  0.040000
1  173.222378  1.213595  1.213595  173.423775  0.322071  -0.965819  172.889847  1.699025  -0.184948  213.970001  0.040000
1  172.889847  1.215200  1.215200  173.437835  0.106929  0.285086  173.243494  1.665472  -0.364902  213.970001  0.040000
1  173.243494  1.214872  1.214797  173.441631  0.572305  0.220830  173.088997  1.769631  0.071182  213.970001  0.040000
1  173.088997  1.212395  1.212395  173.415445  0.671426  1.514861  172.795165  1.735638  -0.058643  213.970001  0.040000
1  172.795165  1.214129  1.214129  173.437777  0.480921  -0.025153  173.276210  1.797570  0.133720  213.970001  0.040000
1  173.276210  1.214153  1.214153  173.440263  0.493063  0.435841  173.160062  1.777089  0.071437  213.970001  0.040000
1  173.160062  1.214537  1.214537  173.419566  0.174016  0.557560  172.917682  1.755758  -0.001577  213.970001  0.040000
1  172.917682  1.214764  1.214662  173.376710  0.623364  0.309517  172.796480  1.782645  0.112610  135.580002  0.030000
1  172.796480  1.213657  1.213657  173.334533  0.492317  1.762051  172.811787  1.642855  -0.339275  135.580002  0.030000
1  172.811787  1.214140  1.214140  173.361646  0.931533  1.506655  173.130061  1.742857  0.127835  135.580002  0.030000
1  173.130061  1.215132  1.215132  173.348445  0.512368  0.674305  173.101314  1.661845  -0.097740  135.580002  0.030000
1  173.101314  1.214025  1.214025  173.342568  0.744090  1.935371  172.988597  1.752396  0.263402  135.580002  0.030000
1  172.988597  1.214466  1.214689  173.330099  0.283339  -0.388301  172.907662  1.753882  0.139486  135.580002  0.030000
1  172.907662  1.213979  1.213979  173.308292  1.273958  1.151028  172.913657  1.817832  0.332668  135.580002  0.030000
1  172.913657  1.214158  1.214158  173.342673  0.645805  1.209313  173.083287  1.716282  -0.065640  135.580002  0.030000
1  173.083287  1.215099  1.215099  173.347923  0.437117  1.614049  172.914407  1.729822  0.019688  135.580002  0.030000
1  172.914407  1.213427  1.213427  173.341564  0.527179  1.295504  172.716190  1.794340  0.177609  135.580002  0.030000
1  172.716190  1.215019  1.215158  173.404012  1.016953  -1.814570  173.312191  1.852606  0.298687  113.220001  0.050000
1  173.312191  1.214196  1.214196  173.392451  0.697271  0.947355  172.867155  1.831240  0.106000  113.220001  0.050000
1  172.867155  1.212949  1.212949  173.439278  0.356142  0.839331  173.271672  1.780410  -0.090043  113.220001  0.050000
1  173.271672  1.213956  1.213956  173.426953  0.620679  -1.823599  172.851305  1.811071  0.023145  113.220001  0.050000
1  172.851305  1.213706  1.213706  173.429689  1.069312  1.375716  173.138424  1.763535  -0.093729  113.220001  0.050000
1  173.138424  1.215105  1.214981  173.414057  0.646698  -0.056129  173.041497  1.583256  -0.630484  113.220001  0.050000
1  173.041497  1.215694  1.215694  173.359037  1.009770  -0.187072  172.806498  1.589721  -0.345581  113.220001  0.050000
1  172.806498  1.214095  1.214095  173.342391  0.572803  -0.249314  172.856012  1.682587  0.027558  113.220001  0.050000
1  172.856012  1.212875  1.212875  173.301013  0.740793  -0.881430  172.828340  1.576241  -0.311190  113.220001  0.050000
1  172.828340  1.214587  1.214587  173.311890  0.510272  -0.819110  173.012683  1.781490  0.399714  123.220001  0.030000
1  173.012683  1.213649  1.213833  173.309791  0.411989  0.411201  172.929220  1.759504  0.176942  123.220001  0.030000
1  172.929220  1.215705  1.215705  173.277940  0.366963  -1.825418  172.878844  1.633361  -0.325627  123.220001  0.030000
1  172.878844  1.214275  1.214275  173.303094  0.363926  -0.975394  172.931109  1.715757  0.071419  123.220001  0.030000
1  172.931109  1.215014  1.215014  173.315421  0.412414  0.939784  172.948906  1.802042  0.349831  123.220001  0.030000
1  172.948906  1.213266  1.213266  173.336882  0.473112  -0.930208  173.126127  1.634518  -0.334783  123.220001  0.030000
1  173.126127  1.213120  1.213423  173.333025  0.888911  -0.844252  173.070242  1.677607  -0.020645  123.220001  0.030000
1  173.070242  1.214301  1.214301  173.372214  0.491499  -0.264672  173.309240  1.634178  -0.178681  123.220001  0.030000
1  173.309240  1.214179  1.214179  173.341196  0.518931  -0.316795  172.969101  1.645449  -0.151665  123.220001  0.030000
1  172.969101  1.214414  1.214414  173.353220  0.759315  1.471806  172.846013  1.748912  0.193196  123.220001  0.030000
1  172.846013  1.214088  1.214088  173.313164  0.686491  1.575906  172.757102  1.695010  -0.001728  123.220001  0.030000
1  172.757102  1.215895  1.215508  173.254952  0.480706  -0.885959  172.493781  1.631875  -0.208984  123.220001  0.030000
1  172.493781  1.213752  1.213752  173.323981  0.419731  -0.259328  173.309522  1.641217  -0.125240  123.220001  0.030000
1  173.309522  1.214853  1.214853  173.352690  0.137492  -1.489060  173.221788  1.580380  -0.248939  189.110001  0.040000
1  173.221788  1.214748  1.214748  173.386949  1.136302  0.411495  173.358575  1.679891  0.197184  189.110001  0.040000
1  173.358575  1.213715  1.213715  173.373778  0.532090  1.604007  173.286864  1.597342  -0.138429  189.110001  0.040000
1  173.286864  1.214182  1.213602  173.374486  1.222344  2.529696  173.237245  1.733505  0.367884  189.110001  0.040000
1  173.237245  1.214832  1.214832  173.365430  0.497857  -0.701077  173.116110  1.684043  0.096338  189.110001  0.040000
1  173.116110  1.214644  1.214644  173.324935  0.795547  0.906259  172.994309  1.719940  0.218639  189.110001  0.040000
1  172.994309  1.214521  1.214521  173.274126  1.000947  1.397330  172.649455  1.668334  0.051736  189.110001  0.040000
1  172.649455  1.214791  1.214791  173.291263  0.357429  -1.068005  173.045962  1.630651  -0.111247  176.860001  0.050000
1  173.045962  1.213805  1.213493  173.287414  0.058785  -2.111915  172.908494  1.465223  -0.751209  176.860001  0.050000
1  172.908494  1.211442  1.211442  173.284175  0.558717  -0.128418  172.703873  1.636344  0.072453  176.860001  0.050000
1  172.703873  1.213937  1.213937  173.268669  0.686037  1.020963  172.657504  1.635502  0.040018  176.860001  0.050000
1  172.657504  1.214196  1.214196  173.302299  0.975688  1.452841  173.120800  1.698051  0.274516  176.860001  0.050000
1  173.120800  1.214332  1.214332  173.298312  0.540379  -0.450504  172.864635  1.734441  0.320637  176.860001  0.050000
1  172.864635  1.214250  1.214073  173.246244  1.222299  2.393122  172.390301  1.654302  0.010490  176.860001  0.050000
1  172.390301  1.213700  1.213700  173.249558  0.766606  0.507884  172.770337  1.640766  -0.060487  176.860001  0.050000
1  172.770337  1.213551  1.213551  173.237968  1.439413  3.252304  172.843329  1.696228  0.139755  176.860001  0.050000
1  172.843329  1.213520  1.213520  173.257641  0.687496  -1.810130  173.196530  1.580183  -0.262928  176.860001  0.050000
1  173.196530  1.214229  1.214229  173.260253  0.437718  -0.827151  172.801833  1.617935  -0.092515  151.289993  0.060000
1  172.801833  1.214209  1.214154  173.290768  0.698247  0.435115  173.135472  1.566026  -0.236091  151.289993  0.060000
1  173.135472  1.213897  1.213897  173.263767  0.209358  -1.388708  172.864213  1.474510  -0.494884  151.289993  0.060000
1  172.864213  1.214239  1.214239  173.207724  0.824186  1.083720  172.537373  1.565552  -0.031070  151.289993  0.060000
1  172.537373  1.213309  1.213309  173.203679  0.708827  0.528772  172.690204  1.608006  0.170898  151.289993  0.060000
1  172.690204  1.214035  1.214035  173.213999  0.255434  -1.186264  173.110162  1.517977  -0.163760  151.289993  0.060000
1  173.110162  1.214158  1.214334  173.238403  0.556906  -0.480504  173.153076  1.514663  -0.176713  151.289993  0.060000
1  173.153076  1.213815  1.213815  173.239716  0.873491  -0.435890  173.069568  1.529549  -0.025187  151.289993  0.060000
1  173.069568  1.212100  1.212100  173.282266  0.402116  0.308524  173.364000  1.558536  0.014392  151.289993  0.060000
1  173.364000  1.214645  1.214645  173.304379  0.818737  0.441539  173.495699  1.425724  -0.433590  151.289993  0.060000
1  173.495699  1.214615  1.214615  173.283124  0.372944  0.089095  173.135449  1.555894  0.057333  169.389999  0.070000
1  173.135449  1.214367  1.214201  173.314288  1.132735  0.779105  173.171993  1.564878  0.112219  169.389999  0.070000
1  173.171993  1.214754  1.214754  173.290665  0.832051  0.933129  172.996082  1.521816  -0.009488  169.389999  0.070000
1  172.996082  1.213878  1.213878  173.280802  1.203197  2.052138  172.878880  1.590942  0.236595  169.389999  0.070000
1  172.878880  1.213407  1.213407  173.241977  1.132892  -0.324550  172.810957  1.510164  -0.093997  169.389999  0.070000
1  172.810957  1.216596  1.216596  173.252259  0.623961  0.362684  173.084861  1.493049  -0.156739  169.389999  0.070000
1  173.084861  1.213744  1.213603  173.290150  0.902061  1.478590  173.340018  1.519947  0.020884  169.389999  0.070000
1  173.340018  1.214834  1.214834  173.315071  0.463447  0.462505  173.438314  1.590369  0.234054  169.389999  0.070000
1  173.438314  1.213425  1.213425  173.322878  0.292615  -1.038628  173.077301  1.665481  0.381223  169.389999  0.070000
1  173.077301  1.213956  1.213956  173.304540  0.768623  2.047675  172.870926  1.548723  -0.046553  169.389999  0.070000
1  172.870926  1.213464  1.213464  173.273182  0.628450  -0.336916  172.667499  1.643158  0.246523  173.899994  0.110000
1  172.667499  1.215650  1.215375  173.307585  0.325673  0.643297  173.117545  1.520025  -0.299173  173.899994  0.110000
1  173.117545  1.213896  1.213896  173.335720  0.127755  0.610163  173.096932  1.459617  -0.414017  173.899994  0.110000
1  173.096932  1.214485  1.214485  173.364205  0.781640  -0.305048  173.290019  1.478897  -0.219009  173.899994  0.110000
1  173.290019  1.213505  1.213505  173.359248  0.373826  -1.346449  173.002529  1.412834  -0.372999  173.899994  0.110000
1  173.002529  1.214097  1.214097  173.354000  0.597786  -1.993105  173.006983  1.423531  -0.281457  173.899994  0.110000
1  173.006983  1.214315  1.214358  173.329013  0.760694  1.200196  172.834149  1.455488  -0.065959  173.899994  0.110000
1  172.834149  1.214557  1.214557  173.293990  0.393440  -1.096898  172.873805  1.371086  -0.317154  173.899994  0.110000
1  172.873805  1.214754  1.214754  173.325992  0.575647  0.179860  173.294812  1.600028  0.536354  173.899994  0.110000
1  173.294812  1.214616  1.214616  173.281317  0.742593  -0.080777  172.683193  1.466497  -0.092952  173.899994  0.110000
1  172.683193  1.214905  1.214905  173.285553  1.327365  0.871538  172.821363  1.672157  0.674932  173.899994  0.110000
1  172.821363  1.214458  1.215063  173.259976  0.389695  -0.564450  172.643228  1.517971  -0.079222  173.899994  0.110000
1  172.643228  1.214015  1.214015  173.258470  0.404957  0.329433  172.990899  1.449920  -0.253947  173.899994  0.110000
1  172.990899  1.213958  1.213958  173.277275  0.671987  1.120359  172.975723  1.465795  -0.119271  162.949997  0.100000
1  172.975723  1.213050  1.213050  173.264972  0.808556  0.572335  172.804846  1.423746  -0.196817  162.949997  0.100000
1  172.804846  1.213863  1.213863  173.269097  0.435098  -2.965182  173.088561  1.516552  0.154304  162.949997  0.100000
1  173.088561  1.213924  1.214411  173.292268  0.643219  -2.279425  173.163146  1.528850  0.079978  162.949997  0.100000
1  173.163146  1.214586  1.214586  173.322984  0.743490  -0.494179  173.158810  1.563800  0.184631  162.949997  0.100000
1  173.158810  1.214408  1.214408  173.296418  0.779995  -0.202293  172.882143  1.475641  -0.139740  162.949997  0.100000
1  172.882143  1.212875  1.212875  173.269936  0.944844  0.934752  172.665496  1.600600  0.360524  162.949997  0.100000
1  172.665496  1.213407  1.213407  173.311805  0.468687  -0.682889  173.002245  1.592956  0.233647  141.639999  0.110000
1  173.002245  1.214769  1.214538  173.277252  0.738554  -0.086401  172.823818  1.568046  0.075933  141.639999  0.110000
1  172.823818  1.213701  1.213701  173.257258  -2.275045  -18.824204  172.777857  1.026984  -2.067540  141.639999  0.110000
1  172.777857  1.214953  1.214953  171.278588  -29.411765  -89.609940  170.488595  -19.317642  -69.179123  141.639999  0.110000
1  170.488595  1.214032  1.214032  169.751180  0.817687  31.229413  168.639298  -6.094413  0.405321  141.639999  0.110000
1  168.639298  1.215013  1.215013  169.393753  0.476463  19.995025  167.127048  0.213358  19.915801  141.639999  0.110000
1  167.127048  1.214099  1.213972  169.097326  0.585818  14.220966  166.513443  1.149166  16.230317  141.639999  0.110000
1  166.513443  1.214186  1.214186  168.812399  0.619630  8.998742  166.004879  1.299327  11.300334  141.639999  0.110000
1  166.004879  1.213254  1.213254  168.521938  0.411378  6.919250  165.559716  1.445262  8.062869  141.639999  0.110000
1  165.559716  1.214434  1.214434  168.292233  0.424851  3.401811  165.495032  1.478191  5.518360  141.639999  0.110000
1  165.495032  1.214402  1.214402  168.083586  0.889649  3.302871  165.727559  1.532645  3.874628  123.480003  0.170000
1  165.727559  1.213996  1.214390  167.859338  0.671535  0.383409  165.250360  1.453655  2.377444  123.480003  0.170000
1  165.250360  1.214600  1.214600  167.694937  0.735252  1.444879  165.551137  1.365757  1.304911  123.480003  0.170000
1  165.551137  1.214232  1.214232  167.570210  0.527475  0.738705  165.842499  1.392433  0.925802  123.480003  0.170000
1  165.842499  1.214893  1.214893  167.428002  0.878838  1.071495  165.620532  1.422022  0.709545  123.480003  0.170000
1  165.620532  1.213825  1.213825  167.275744  0.681556  -1.805632  165.405677  1.363496  0.247005  123.480003  0.170000
1  165.405677  1.214119  1.214454  167.152031  1.140883  -0.901125  165.326986  1.427215  0.390505  123.480003  0.170000
1  165.326986  1.214074  1.214074  167.049851  0.187896  0.431116  165.698838  1.371608  0.098840  123.480003  0.170000
1  165.698838  1.214528  1.214528  166.940649  0.626054  -0.361947  165.512809  1.525824  0.590097  123.480003  0.170000
1  165.512809  1.214450  1.214450  166.856166  0.440560  -1.150597  165.619677  1.484050  0.253655  123.480003  0.170000
1  165.619677  1.214917  1.214917  166.792052  0.448194  -0.332413  165.738789  1.461046  0.111175  114.599998  0.190000
1  165.738789  1.215760  1.215632  166.713833  1.367339  1.190792  165.639282  1.513536  0.330984  114.599998  0.190000
1  165.639282  1.213305  1.213305  166.668056  1.333141  1.757369  165.749771  1.459916  0.054872  114.599998  0.190000
1  165.749771  1.214025  1.214025  166.669629  1.000672  0.365588  166.160571  1.384871  -0.227406  114.599998  0.190000
1  166.160571  1.214619  1.214619  166.601241  0.275090  -2.146698  165.776871  1.297612  -0.500064  114.599998  0.190000
1  165.776871  1.214619  1.214619  166.514744  1.056002  3.063003  165.249110  1.502352  0.301435  114.599998  0.190000
1  165.249110  1.214449  1.214147  166.494644  0.548686  -0.523554  165.542243  1.468683  0.067962  114.599998  0.190000
1  165.542243  1.212837  1.212837  166.475522  1.193274  2.188933  165.644441  1.500507  0.225159  114.599998  0.190000
1  165.644441  1.213991  1.213991  166.407757  0.643022  0.018504  165.535701  1.374752  -0.272959  114.599998  0.190000
1  165.535701  1.212354  1.212354  166.359149  0.594271  -0.192882  165.370453  1.410890  -0.084232  114.599998  0.190000
1  165.370453  1.214905  1.214905  166.337224  0.860341  0.869950  165.519322  1.442664  0.017982  109.489998  0.180000
1  165.519322  1.214076  1.214257  166.357790  0.700314  0.245564  166.021485  1.443380  0.007764  109.489998  0.180000
1  166.021485  1.213919  1.213919  166.351582  0.387877  0.072641  165.780490  1.425913  -0.101113  109.489998  0.180000
1  165.780490  1.214970  1.214970  166.237319  0.895769  -0.509522  165.083250  1.414145  -0.094668  109.489998  0.180000
1  165.083250  1.213334  1.213334  166.231397  1.129092  0.838074  165.627656  1.523377  0.325075  109.489998  0.180000
1  165.627656  1.213554  1.213554  166.204863  0.930709  0.596773  165.551333  1.533290  0.270741  109.489998  0.180000
1  165.551333  1.215359  1.215272  166.203909  1.067965  2.039541  165.786574  1.556299  0.281018  109.489998  0.180000
1  165.786574  1.214879  1.214879  166.173175  0.358834  0.436310  165.430243  1.490533  -0.028248  109.489998  0.180000
1  165.430243  1.216505  1.216505  166.220331  0.938323  -0.840245  165.817572  1.528506  0.015279  109.489998  0.180000
1  165.817572  1.213869  1.213869  166.196809  0.465594  -1.412194  165.610053  1.415628  -0.370664  109.489998  0.180000
1  165.610053  1.214429  1.214429  166.131912  0.594195  -1.096764  165.197535  1.424261  -0.245911  109.489998  0.180000
1  165.197535  1.214535  1.214656  166.084387  0.641321  1.876077  165.139090  1.449782  -0.015633  109.489998  0.180000
1  165.139090  1.216444  1.216444  166.096905  -0.103371  -1.395937  165.551030  1.365025  -0.372808  109.489998  0.180000
1  165.551030  1.213826  1.213826  166.104979  1.049717  -0.820033  165.777158  1.411762  -0.095418  103.930000  0.160000
1  165.777158  1.215058  1.215058  166.112623  0.651043  1.588288  165.733507  1.436036  -0.026815  103.930000  0.160000
1  165.733507  1.214076  1.214076  166.093504  0.514908  -0.661906  165.487827  1.379619  -0.222970  103.930000  0.160000
1  165.487827  1.214439  1.214460  166.084766  0.836395  -1.267632  165.287517  1.459691  0.077845  103.930000  0.160000
1  165.287517  1.215599  1.215599  166.041433  0.590905  2.487094  165.128343  1.441109  0.001567  103.930000  0.160000
1  165.128343  1.213147  1.213147  166.031305  0.850749  2.184623  165.164800  1.454143  0.078172  103.930000  0.160000
1  165.164800  1.215191  1.214749  165.990167  0.710882  0.475158  165.206717  1.454527  0.049169  103.930000  0.160000
1  165.206717  1.214691  1.214691  166.012035  0.866906  -0.586133  165.585280  1.431879  -0.020649  95.959999  0.140000
1  165.585280  1.214360  1.214360  166.030578  0.367258  -2.622488  165.513877  1.629573  0.544000  95.959999  0.140000
1  165.513877  1.214582  1.214582  166.001474  0.905055  0.571398  165.349862  1.414120  -0.277343  95.959999  0.140000
1  165.349862  1.214409  1.214409  166.009744  0.652541  -0.431446  165.436116  1.526971  0.188357  95.959999  0.140000
1  165.436116  1.214003  1.213620  165.964329  0.418720  0.431146  165.262115  1.276222  -0.655872  95.959999  0.140000
1  165.262115  1.214735  1.214735  165.951390  0.648193  -0.848569  165.226313  1.372538  -0.135882  95.959999  0.140000
1  165.226313  1.215061  1.215061  165.928973  0.499948  -0.872504  165.196348  1.385131  -0.037993  95.959999  0.140000
1  165.196348  1.213884  1.213884  165.934033  0.742299  0.717540  165.660754  1.380467  -0.023891  95.959999  0.140000
1  165.660754  1.213262  1.213262  165.974698  0.497108  -0.324527  165.928429  1.360327  -0.055178  95.959999  0.140000
1  165.928429  1.214775  1.214503  165.963146  1.134387  1.088463  165.564878  1.554798  0.599896  95.959999  0.140000
1  165.564878  1.214561  1.214561  165.961069  0.819187  -0.648199  165.497550  1.478075  0.227019  85.330002  0.160000
1  165.497550  1.214607  1.214607  165.997522  1.068865  -0.040891  165.821157  1.337249  -0.287580  85.330002  0.160000
1  165.821157  1.214159  1.214159  166.018561  0.517300  -0.046432  165.763951  1.443856  0.128712  85.330002  0.160000
1  165.763951  1.214426  1.214426  165.954350  0.848208  -0.159870  165.141665  1.296504  -0.344974  85.330002  0.160000
1  165.141665  1.213323  1.213323  165.944954  0.688567  0.241903  165.418574  1.336792  -0.106979  85.330002  0.160000
1  165.418574  1.213454  1.213454  165.921601  0.800596  0.651864  165.205595  1.408709  0.175955  85.330002  0.160000
1  165.205595  1.214861  1.214861  165.944448  1.110002  0.512623  165.531209  1.369972  -0.049347  85.330002  0.160000
1  165.531209  1.214007  1.214007  165.940625  0.610698  -0.346548  165.342635  1.407547  0.036393  85.330002  0.160000
1  165.342635  1.214777  1.214642  165.859556  -0.024223  -2.671451  164.870973  1.249373  -0.508595  85.330002  0.160000
1  164.870973  1.214021  1.214021  165.889898  0.280039  0.190427  165.438554  1.304637  -0.153729  85.330002  0.160000
1  165.438554  1.213187  1.213187  165.881165  1.110885  1.798903  165.331253  1.420135  0.331586  74.370003  0.220000
1  165.331253  1.213763  1.213763  166.319706  28.161661  100.772185  166.045619  10.375409  33.953812  74.370003  0.220000
1  166.045619  1.213904  1.213904  170.589261  40.977053  106.189353  170.866923  34.507271  99.142085  74.370003  0.220000
1  170.866923  1.214569  1.214153  173.395491  6.230091  -48.437395  173.855383  19.944558  15.722909  74.370003  0.220000
1  173.855383  1.216442  1.216442  174.194410  0.601581  -41.396665  176.136701  4.601243  -37.567072  74.370003  0.220000
1  176.136701  1.215043  1.215043  174.963395  1.007077  -26.147505  178.378123  1.933552  -33.449522  74.370003  0.220000
1  178.378123  1.212825  1.212825  175.672016  0.066123  -19.841781  180.302627  1.627409  -23.648069  74.370003  0.220000
1  180.302627  1.214359  1.214359  176.305623  0.590606  -13.595384  181.375117  1.479355  -16.292097  74.370003  0.220000
1  181.375117  1.213511  1.213809  176.878283  0.717187  -7.998855  181.517043  1.560338  -10.422033  74.370003  0.220000
1  181.517043  1.216913  1.216913  177.354238  0.503514  -5.207453  181.502749  1.437980  -7.405944  74.370003  0.220000
1  181.502749  1.215516  1.215516  177.850947  1.174737  -3.790667  181.842534  1.584755  -4.439638  61.740002  0.280000
1  181.842534  1.215422  1.215422  178.251729  0.663838  -3.060381  181.511987  1.478758  -3.285031  61.740002  0.280000
1  181.511987  1.214902  1.214902  178.599245  0.633203  -0.742104  181.421383  1.407411  -2.336148  61.740002  0.280000
1  181.421383  1.214481  1.214436  178.888292  0.369824  -1.476671  181.334310  1.448848  -1.454592  61.740002  0.280000
1  181.334310  1.213604  1.213604  179.133984  0.682599  -0.975238  180.992107  1.448784  -0.993772  61.740002  0.280000
1  180.992107  1.214735  1.214735  179.444244  0.522156  -0.457356  181.516152  1.418157  -0.777561  61.740002  0.280000
1  181.516152  1.216028  1.216028  179.730930  -0.024832  0.178812  181.854588  1.455302  -0.448814  61.740002  0.280000
1  181.854588  1.215340  1.215340  179.920749  0.609453  2.388168  181.517452  1.472271  -0.216547  61.740002  0.280000
1  181.517452  1.215229  1.215305  180.158703  0.724858  0.453205  181.743102  1.548676  0.039434  61.740002  0.280000
1  181.743102  1.214593  1.214593  180.341267  0.556982  -1.132733  181.802930  1.441059  -0.376914  61.740002  0.280000
1  181.802930  1.215405  1.215405  180.453090  0.785711  -0.465860  181.016730  1.427708  -0.312480  61.740002  0.280000
1  181.016730  1.214294  1.214294  180.577458  0.752806  -0.618967  181.243816  1.471130  -0.033208  61.740002  0.280000
1  181.243816  1.214741  1.214741  180.689525  0.636551  -0.269835  181.019557  1.566869  0.267700  61.740002  0.280000
1  181.019557  1.215385  1.215390  180.804453  0.511085  -0.875211  181.412575  1.451128  -0.238290  57.730000  0.410000
1  181.412575  1.215746  1.215746  180.937118  0.778108  -0.039323  181.544235  1.418141  -0.267436  57.730000  0.410000
1  181.544235  1.213308  1.213308  181.068150  0.694279  -2.852965  181.629334  1.425895  -0.155960  57.730000  0.410000
1  181.629334  1.214525  1.214525  181.148453  0.935149  2.456385  181.545122  1.510660  0.270525  57.730000  0.410000
1  181.545122  1.215280  1.215280  181.183879  0.016902  0.619433  181.347873  1.397398  -0.259278  57.730000  0.410000
1  181.347873  1.215080  1.215080  181.156449  0.901311  0.552949  180.802013  1.384864  -0.188395  57.730000  0.410000
1  180.802013  1.214687  1.214687  181.221676  0.245018  1.131472  181.242204  1.370442  -0.189682  57.730000  0.410000
1  181.242204  1.215024  1.215024  181.272672  0.996031  2.150138  181.518010  1.405193  0.069298  57.130001  0.610000
1  181.518010  1.215189  1.215189  181.340010  1.297596  2.096087  181.297209  1.515164  0.442651  57.130001  0.610000
1  181.297209  1.215316  1.214450  181.383110  -0.250417  -1.345678  181.335418  1.399880  -0.113624  57.130001  0.610000
1  181.335418  1.215385  1.215385  181.455189  0.727481  1.741065  181.581601  1.450098  0.163433  57.130001  0.610000
1  181.581601  1.214418  1.214418  181.492419  0.756397  1.160576  181.340097  1.413165  0.030440  57.130001  0.610000
1  181.340097  1.215261  1.215261  181.562069  0.137487  0.323245  181.615937  1.270424  -0.497354  57.130001  0.610000
1  181.615937  1.215334  1.215334  181.611147  0.412143  0.881222  181.684721  1.367871  -0.066166  57.130001  0.610000
1  181.684721  1.215313  1.215421  181.571855  0.984177  0.812967  181.115446  1.523624  0.449089  57.130001  0.610000
1  181.115446  1.214373  1.214373  181.567346  0.350953  2.527595  181.195294  1.335368  -0.242916  57.130001  0.610000
1  181.195294  1.216518  1.216518  181.628575  0.350907  -0.046777  181.670647  1.348954  -0.107503  57.130001  0.610000
1  181.670647  1.214787  1.214787  181.669206  0.556904  1.442015  181.603935  1.523053  0.491377  62.650002  0.730000
1  181.603935  1.213695  1.213695  181.686742  0.770379  -0.895863  181.505795  1.453458  0.158587  62.650002  0.730000
1  181.505795  1.215079  1.215079  181.719101  0.503656  0.983663  181.393084  1.518487  0.307081  62.650002  0.730000
1  181.393084  1.214494  1.214494  181.668111  0.846633  0.646562  181.173756  1.439750  0.021766  62.650002  0.730000
1  181.173756  1.215171  1.215171  181.702746  0.297695  -1.578243  181.707052  1.505171  0.208811  62.650002  0.730000
1  181.707052  1.216087  1.216234  181.748687  1.159538  2.966696  181.922245  1.489667  0.144300  62.650002  0.730000
1  181.922245  1.215306  1.215306  181.806784  0.662330  -0.560660  181.860814  1.503133  0.085833  62.650002  0.730000
1  181.860814  1.215470  1.215470  181.775958  1.087860  -0.422793  181.491664  1.488733  0.066006  62.650002  0.730000
1  181.491664  1.214412  1.214412  181.791489  0.351011  1.076480  181.591507  1.444247  -0.131053  62.650002  0.730000
1  181.591507  1.214729  1.214729  181.827062  0.479803  -1.127302  181.498740  1.555195  0.219844  62.650002  0.730000
1  181.498740  1.216091  1.215975  181.771057  0.174579  -0.873992  180.954791  1.383704  -0.443951  70.010002  0.820000
1  180.954791  1.215279  1.215279  181.716667  0.555303  -0.306046  180.756789  1.335524  -0.500782  70.010002  0.820000
1  180.756789  1.216645  1.216645  181.774734  0.822628  0.921453  181.577725  1.304382  -0.482966  70.010002  0.820000
1  181.577725  1.215856  1.215856  181.772427  0.836387  1.731562  181.404987  1.333697  -0.271679  70.010002  0.820000
1  181.404987  1.214667  1.214667  181.871354  1.068712  0.886181  181.998697  1.560252  0.523752  70.010002  0.820000
1  181.998697  1.215533  1.215155  181.878272  0.683804  -0.699345  181.685436  1.486423  0.095106  70.010002  0.820000
1  181.685436  1.214782  1.214782  181.849074  0.671393  -1.151767  181.379571  1.482962  0.095919  70.010002  0.820000
1  181.379571  1.216220  1.216220  181.814019  0.521639  -1.908995  181.259090  1.400907  -0.260305  70.010002  0.820000
1  181.259090  1.215879  1.215879  181.839821  0.431822  -0.385836  181.146990  1.436855  -0.056937  70.010002  0.820000
1  181.146990  1.214738  1.214738  181.907911  1.222944  1.601382  181.641192  1.568683  0.418247  70.010002  0.820000
1  181.641192  1.215569  1.215186  181.953787  1.088512  2.948606  181.579551  1.541696  0.252852  72.220001  0.770000
1  181.579551  1.215175  1.215175  181.974808  0.955166  0.330026  181.753974  1.530658  0.103607  72.220001  0.770000
1  181.753974  1.214675  1.214675  181.996427  0.777452  0.644401  181.707177  1.501494  0.015822  72.220001  0.770000
1  181.707177  1.215641  1.215641  182.033869  0.859127  1.784242  181.766853  1.518173  0.052314  72.220001  0.770000
1  181.766853  1.214284  1.214284  182.064444  0.927472  0.683224  182.003982  1.446061  -0.163519  72.220001  0.770000
1  182.003982  1.214650  1.214546  182.050444  0.602866  -0.610506  181.577595  1.432619  -0.177340  72.220001  0.770000
1  181.577595  1.214312  1.214312  182.108717  1.216068  2.009007  182.047964  1.416254  -0.130093  72.220001  0.770000
1  182.047964  1.214942  1.214942  182.122170  0.703034  -0.047400  182.028971  1.399415  -0.145397  72.220001  0.770000
1  182.028971  1.216464  1.216464  182.129034  0.716553  0.012301  181.834646  1.364382  -0.340311  72.220001  0.770000
1  181.834646  1.215432  1.215432  182.143690  0.808827  0.386629  181.951307  1.407601  -0.010683  72.220001  0.770000
1  181.951307  1.214813  1.214829  182.103341  1.001137  1.197487  181.449796  1.404744  0.000559  72.220001  0.770000
1  181.449796  1.213937  1.213937  182.093282  0.891255  0.793293  181.707877  1.377737  -0.038027  72.220001  0.770000
1  181.707877  1.217002  1.217002  182.098568  1.255893  2.268367  181.700166  1.402509  0.089688  72.220001  0.770000
1  181.700166  1.214505  1.214505  182.079279  0.407664  -0.962523  181.398288  1.298017  -0.189531  73.290001  0.740000
1  181.398288  1.216894  1.216894  182.051923  1.180664  2.081139  181.478180  1.418284  0.348025  73.290001  0.740000
1  181.478180  1.214035  1.215197  181.992680  0.527546  -0.590571  181.087218  1.390225  0.167029  73.290001  0.740000
1  181.087218  1.214853  1.214853  181.987138  0.683627  -0.022972  181.373796  1.381118  0.053263  73.290001  0.740000
1  181.373796  1.214270  1.214270  182.002654  1.165511  1.856780  181.677484  1.419446  0.197851  73.290001  0.740000
1  181.677484  1.214531  1.214531  181.979863  0.879466  0.621448  181.433008  1.488293  0.394910  73.290001  0.740000
1  181.433008  1.216212  1.216212  181.939262  0.991469  0.931567  181.232915  1.450764  0.060941  73.290001  0.740000
1  181.232915  1.214704  1.214957  181.957932  0.898957  0.608456  181.492453  1.432401  0.006750  72.370003  0.710000
1  181.492453  1.215643  1.215643  182.034412  0.746622  -0.168251  182.076617  1.517782  0.257020  72.370003  0.710000
1  182.076617  1.215399  1.215399  182.069390  0.564789  -1.012110  181.599520  1.479424  -0.036263  72.370003  0.710000
1  181.599520  1.214475  1.214475  182.035618  0.674590  -0.301918  181.555151  1.329514  -0.503802  72.370003  0.710000
1  181.555151  1.215352  1.215352  182.073750  1.145022  1.271182  181.645818  1.635676  0.695356  72.370003  0.710000
1  181.645818  1.214042  1.214209  182.055306  1.188027  1.440837  181.377023  1.537067  0.153278  72.370003  0.710000
1  181.377023  1.215620  1.215620  182.071983  0.975633  0.460009  181.407273  1.567001  0.148330  72.370003  0.710000
1  181.407273  1.215567  1.215567  182.080916  0.808608  -1.728124  181.583116  1.411316  -0.361238  72.370003  0.710000
1  181.583116  1.215334  1.215334  182.047893  0.854565  0.943047  181.170880  1.439182  -0.137372  72.370003  0.710000
1  181.170880  1.218002  1.218002  181.918858  -2.847973  -12.982885  181.060343  -0.208998  -5.857652  72.370003  0.710000
1  181.060343  1.215234  1.215015  181.621507  0.974762  3.712603  180.549190  0.114135  -2.231517  76.190002  0.680000
1  180.549190  1.216911  1.216911  181.335443  -1.375235  -4.120908  180.088930  -0.768052  -4.711127  76.190002  0.680000
1  180.088930  1.217351  1.217351  181.081917  -1.336938  -4.204808  179.860057  -0.255164  -1.592406  76.190002  0.680000
1  179.860057  1.216170  1.216170  180.622790  -2.298244  -2.153103  179.003128  -1.333241  -4.388019  76.190002  0.680000
1  179.003128  1.214800  1.214800  180.154847  -4.185247  -8.422780  178.848190  -2.777610  -8.024217  76.190002  0.680000
1  178.848190  1.214090  1.213979  179.549577  -2.442159  -0.517832  177.846337  -2.841630  -5.341209  76.190002  0.680000
1  177.846337  1.213592  1.213592  179.231997  -0.098879  5.851677  177.392115  -0.212258  5.066950  76.190002  0.680000
1  177.392115  1.213950  1.213950  178.907806  0.564474  8.117194  176.713136  0.393241  5.815248  76.190002  0.680000
1  176.713136  1.215733  1.215733  178.758498  1.363319  9.525647  176.743133  1.510258  7.481241  76.190002  0.680000
1  176.743133  1.215297  1.215297  178.814416  4.405349  14.398255  176.960064  3.943535  13.096123  76.190002  0.680000
1  176.960064  1.214714  1.215711  179.106130  3.596126  6.699909  177.706333  4.450666  10.098327  74.879997  0.630000
1  177.706333  1.214890  1.214890  179.580553  4.654148  4.965373  178.792988  5.966968  11.603277  74.879997  0.630000
1  178.792988  1.213011  1.213011  179.915255  5.660775  7.784696  179.126681  5.736460  7.654246  74.879997  0.630000
1  179.126681  1.215318  1.215318  180.305803  4.920809  5.465889  180.018237  4.903048  2.681803  74.879997  0.630000
1  180.018237  1.215746  1.215746  180.850844  4.028307  0.559729  180.901321  5.347242  2.681856  74.879997  0.630000
1  180.901321  1.214146  1.214124  181.589779  7.021228  6.106954  182.030719  7.290866  8.412263  74.879997  0.630000
1  182.030719  1.216536  1.216536  181.911210  0.068841  -13.177010  182.788776  2.471531  -9.967137  74.879997  0.630000
1  182.788776  1.214659  1.214659  182.130273  0.457680  -9.600594  183.595123  1.433232  -9.962639  74.879997  0.630000
1  183.595123  1.214928  1.214928  182.215188  -1.579076  -16.152226  183.328211  0.290175  -10.663550  74.879997  0.630000
1  183.328211  1.215144  1.215144  181.930255  -3.112613  -12.801011  182.218212  -1.778190  -13.603466  74.879997  0.630000
1  182.218212  1.214496  1.214354  181.536582  -3.234839  -8.680856  181.897273  -3.125740  -13.384307  76.110001  0.590000
1  181.897273  1.216586  1.216586  181.164531  -1.922581  -0.558953  180.993768  -1.958042  -4.965566  76.110001  0.590000
1  180.993768  1.215300  1.215300  180.827324  -2.174262  -4.460209  179.806661  -1.092658  -0.650007  76.110001  0.590000
1  179.806661  1.213774  1.213774  180.222144  -2.288902  -0.180480  178.721980  -2.493014  -4.439869  76.110001  0.590000
1  178.721980  1.214572  1.214572  179.831759  -2.913847  -2.199149  178.297709  -1.697419  -0.531684  76.110001  0.590000
1  178.297709  1.215416  1.215515  179.279255  -4.066769  -5.064780  177.288472  -2.585164  -3.437273  76.110001  0.590000
1  177.288472  1.214739  1.214739  178.717537  1.123462  14.133454  176.652993  -1.499629  2.277247  76.110001  0.590000
1  176.652993  1.215712  1.215712  178.536274  1.243587  8.804568  176.137624  1.014086  9.318591  76.110001  0.590000
1  176.137624  1.214426  1.214426  178.519677  3.077189  13.450538  176.375279  2.802984  12.161924  76.110001  0.590000
1  176.375279  1.214346  1.214346  178.525673  1.943627  4.674522  176.418033  2.934648  8.159969  76.110001  0.590000
1  176.418033  1.214646  1.214888  178.587282  2.823848  5.653838  177.126890  2.673149  4.670950  76.110001  0.590000
1  177.126890  1.214203  1.214203  178.625588  3.201895  3.822521  177.283373  2.626894  3.032716  76.110001  0.590000
1  177.283373  1.215474  1.215474  178.891127  3.390347  7.400722  177.935721  3.859012  5.912485  76.110001  0.590000
1  177.935721  1.214337  1.214337  179.320324  4.608202  8.754144  178.542239  5.383950  8.702873  75.230003  0.570000
1  178.542239  1.213858  1.213858  179.928900  8.117420  13.653064  179.696246  7.152415  11.990060  75.230003  0.570000
1  179.696246  1.210197  1.210247  180.468524  3.227021  -6.638340  180.612655  4.996836  0.225605  75.230003  0.570000
1  180.612655  1.214406  1.214406  180.653006  0.466781  -9.898807  181.162099  2.071488  -9.144341  75.230003  0.570000
1  181.162099  1.214736  1.214736  180.763139  1.143363  -7.859305  181.189021  1.518803  -7.809045  75.230003  0.570000
1  181.189021  1.214811  1.214811  180.827165  -0.581478  -10.179860  181.491519  0.457538  -8.839121  75.230003  0.570000
1  181.491519  1.211804  1.211804  180.833401  0.488238  -2.288065  181.210199  0.875479  -4.262538  75.230003  0.570000
1  181.210199  1.214642  1.214653  180.734707  -3.158322  -10.878252  180.610321  -0.621071  -8.508823  68.050003  0.520000
1  180.610321  1.213915  1.213915  180.729512  0.953600  2.818750  180.522677  0.859090  -0.791954  68.050003  0.520000
1  180.522677  1.213880  1.213880  180.825064  1.121409  -1.061491  180.785075  1.459586  1.356228  68.050003  0.520000
1  180.785075  1.215404  1.215404  180.913496  0.823984  2.596966  181.147264  1.510828  1.140141  68.050003  0.520000
1  181.147264  1.214521  1.214521  181.030055  0.738976  0.862653  180.901478  1.980700  2.127746  68.050003  0.520000
1  180.901478  1.215859  1.215041  181.136445  1.027100  0.427426  181.498346  1.451167  -0.229618  68.050003  0.520000
1  181.498346  1.213762  1.213762  181.209444  3.753807  11.478366  180.880429  2.453404  3.625235  68.050003  0.520000
1  180.880429  1.214490  1.214490  181.409943  1.100278  -2.047094  181.537826  2.116145  0.984321  68.050003  0.520000
1  181.537826  1.216023  1.216023  181.664031  3.102845  3.155683  181.876423  3.389555  5.208395  68.050003  0.520000
1  181.876423  1.214855  1.214855  181.775192  0.888312  -2.363354  181.940823  1.761625  -1.658198  68.050003  0.520000
1  181.940823  1.215143  1.214991  181.848925  0.588442  -1.962228  181.964618  1.391299  -2.347862  65.010002  0.500000
1  181.964618  1.214297  1.214297  181.672747  -2.756004  -12.145904  181.537955  -1.103892  -10.087310  65.010002  0.500000
1  181.537955  1.214636  1.214636  181.287751  -5.189634  -16.970595  180.948387  -3.036234  -13.550148  65.010002  0.500000
1  180.948387  1.214307  1.214307  180.677931  -5.393568  -12.980990  179.614730  -4.005381  -12.362455  65.010002  0.500000
1  179.614730  1.214713  1.214713  179.813043  -7.007392  -13.952257  178.093746  -5.681266  -13.880924  65.010002  0.500000
1  178.093746  1.214839  1.214971  178.814377  -4.996649  -2.255716  176.322056  -5.329486  -7.410131  65.010002  0.500000
1  176.322056  1.214156  1.214156  178.051984  -3.258001  4.367642  175.350217  -3.805066  0.056345  65.010002  0.500000
1  175.350217  1.214296  1.214296  177.340546  -1.449048  10.448701  174.671932  -2.860424  3.408417  65.010002  0.500000
1  174.671932  1.213784  1.213784  177.030980  0.672337  12.700170  174.144168  0.495706  12.764322  65.010002  0.500000
1  174.144168  1.214375  1.214375  176.765520  1.598565  11.758108  173.690940  1.388692  11.430039  65.010002  0.500000
1  173.690940  1.213920  1.214039  176.861828  4.761440  16.969955  174.199554  4.509042  17.986290  63.650002  0.500000
1  174.199554  1.215517  1.215517  177.280725  6.884615  17.361222  175.160598  6.738190  19.016634  63.650002  0.500000
1  175.160598  1.214846  1.214846  177.793240  5.598090  7.495914  176.466986  6.512683  11.858454  63.650002  0.500000
1  176.466986  1.213712  1.213712  178.373576  4.765799  0.949242  177.777655  6.464467  7.548247  63.650002  0.500000
1  177.777655  1.214414  1.214414  178.969033  6.476934  5.572353  178.802184  6.749233  6.164999  63.650002  0.500000
1  178.802184  1.215007  1.214876  179.750724  7.105307  5.300468  179.907739  7.619404  7.030746  63.650002  0.500000
1  179.907739  1.214421  1.214421  180.651718  8.786830  9.239725  181.453716  8.443387  7.590757  63.650002  0.500000
1  181.453716  1.215714  1.215714  181.496227  4.091655  -8.614268  183.145041  6.284082  -2.408348  63.650002  0.500000
1  183.145041  1.216102  1.216102  181.910789  0.282986  -17.578165  183.703746  2.431714  -14.145803  63.650002  0.500000
1  183.703746  1.214345  1.214345  182.090251  -2.357282  -22.860982  183.825946  0.212362  -16.893528  63.650002  0.500000
1  183.825946  1.215794  1.215464  181.864469  -4.805020  -22.850581  183.089695  -2.367062  -19.635526  53.349998  0.450000
1  183.089695  1.215058  1.215058  181.674223  -1.831808  -5.276047  182.889327  -2.252683  -12.273109  53.349998  0.450000
1  182.889327  1.216240  1.216240  181.392578  -3.507424  -10.817581  181.917980  -2.214504  -8.669914  53.349998  0.450000
1  181.917980  1.217289  1.217289  180.818033  -6.965636  -17.571170  180.709986  -4.788683  -14.354277  53.349998  0.450000
1  180.709986  1.214995  1.214995  180.255161  0.620222  14.827670  179.771712  -2.756255  -1.662001  53.349998  0.450000
1  179.771712  1.213267  1.213635  180.160327  -0.100826  4.255727  179.211033  0.451083  8.671912  53.349998  0.450000
1  179.211033  1.214936  1.214936  179.770942  -1.453324  0.974026  178.460297  -0.840955  2.100556  53.349998  0.450000
1  178.460297  1.215508  1.215508  179.197485  -2.548519  -3.807830  177.527116  -2.418315  -3.293755  53.349998  0.450000
1  177.527116  1.215901  1.215901  178.394547  -7.694168  -19.243214  176.372074  -4.986571  -11.189471  53.349998  0.450000
1  176.372074  1.215046  1.215046  177.680208  -2.914131  1.079952  175.535434  -2.922091  -0.095967  53.349998  0.450000
1  175.535434  1.215523  1.215676  176.920008  -3.211233  2.766679  174.228897  -3.170478  -0.642922  53.349998  0.450000
1  174.228897  1.215217  1.215217  176.188564  -0.495769  16.064684  173.156773  -2.569589  1.796275  53.349998  0.450000
1  173.156773  1.214760  1.214760  175.923650  0.296349  12.479206  173.027045  0.616553  11.048171  53.349998  0.450000
1  173.027045  1.214832  1.214832  175.778489  3.226638  17.441316  172.991842  2.464103  13.672421  54.320000  0.460000
1  172.991842  1.216412  1.216412  175.870455  1.820882  6.204479  173.833838  2.740610  9.466116  54.320000  0.460000
1  173.833838  1.214642  1.214743  175.950731  3.693070  8.700803  174.057919  3.579787  9.221225  54.320000  0.460000
1  174.057919  1.216572  1.216572  176.228820  4.446294  9.805766  174.701701  4.815578  10.203553  54.320000  0.460000
1  174.701701  1.214855  1.214855  176.613377  4.375387  1.513056  175.703988  5.188730  7.816797  54.320000  0.460000
1  175.703988  1.213794  1.213794  176.782450  3.613936  2.968266  176.167794  3.620476  0.672611  54.320000  0.460000
1  176.167794  1.214824  1.214824  177.002764  1.211578  -5.771681  176.786795  2.499598  -3.651760  54.320000  0.460000
1  176.786795  1.214377  1.214600  177.373914  5.230624  6.022993  177.381740  4.581659  4.851631  45.959999  0.430000
1  177.381740  1.215861  1.215861  177.835325  5.382608  7.240620  177.945489  5.262494  5.566002  45.959999  0.430000
1  177.945489  1.214916  1.214916  178.475742  4.713171  1.298050  179.009688  5.452906  3.812383  45.959999  0.430000
1  179.009688  1.214326  1.214326  179.227562  6.135824  3.217479  180.054962  6.596234  6.081421  45.959999  0.430000
1  180.054962  1.214574  1.214574  179.981331  7.953869  9.484105  181.173500  6.852742  5.388538  45.959999  0.430000
1  181.173500  1.216263  1.216254  180.821107  3.713124  -9.633944  182.568510  5.692807  -0.876789  45.959999  0.430000
1  182.568510  1.215677  1.215677  181.146250  -0.283635  -16.464677  182.996089  1.830564  -12.909836  45.959999  0.430000
1  182.996089  1.216511  1.216511  180.981451  -8.034165  -36.851968  182.740116  -3.350562  -26.376277  45.959999  0.430000
1  182.740116  1.215598  1.215598  180.321535  -5.579179  -17.719529  181.252078  -4.988337  -21.945786  45.959999  0.430000
1  181.252078  1.214771  1.214771  179.556047  -5.842620  -9.050534  179.868548  -6.151820  -17.761269  45.959999  0.430000
1  179.868548  1.215661  1.215591  178.855821  -6.272549  -10.158641  178.229990  -5.115035  -8.727669  35.869999  0.420000
1  178.229990  1.214990  1.214990  178.265314  -2.793253  3.110839  177.147118  -2.725159  2.239992  35.869999  0.420000
1  177.147118  1.215611  1.215611  177.576896  -4.941449  -3.540157  175.726703  -4.067868  -3.036896  35.869999  0.420000
1  175.726703  1.215426  1.215426  176.936354  -3.223939  5.039894  174.823572  -3.335770  0.500288  35.869999  0.420000
1  174.823572  1.213839  1.213839  176.177952  -5.920561  -5.879680  173.849135  -4.762643  -4.729314  35.869999  0.420000
1  173.849135  1.212671  1.212771  175.574567  0.915405  14.335707  172.730577  -1.186638  9.418592  35.869999  0.420000
1  172.730577  1.215405  1.215405  175.286544  0.815898  9.222958  172.628597  0.500236  11.658822  35.869999  0.420000
1  172.628597  1.214001  1.214001  175.186568  4.088305  19.774524  172.912003  2.455235  14.681267  35.869999  0.420000
1  172.912003  1.215534  1.215534  175.324629  5.614782  18.162602  173.051267  4.555083  16.686464  35.869999  0.420000
1  173.051267  1.215723  1.215723  175.522629  1.962255  0.387016  173.581054  3.596937  7.389607  35.869999  0.420000
1  173.581054  1.214272  1.214159  175.717947  5.159562  10.872872  174.376863  4.411579  8.183875  23.080000  0.380000
1  174.376863  1.214233  1.214233  176.176955  5.942249  11.393683  175.513315  5.488834  8.979947  23.080000  0.380000
1  175.513315  1.214404  1.214404  176.764259  6.611850  8.936680  176.409899  6.168649  8.167607  23.080000  0.380000
1  176.409899  1.216085  1.216085  177.405735  6.941699  7.277206  177.605024  6.382356  6.291778  23.080000  0.380000
1  177.605024  1.215311  1.215311  178.128081  5.710974  2.829011  179.202845  6.206285  3.534285  23.080000  0.380000
1  179.202845  1.215370  1.215377  178.723326  2.896470  -8.785613  179.824376  4.827333  -2.485732  23.080000  0.380000
1  179.824376  1.214179  1.214179  179.226769  3.926898  -3.509667  180.324203  4.571703  -2.290391  23.080000  0.380000
1  180.324203  1.214748  1.214748  179.834944  2.905904  -6.116602  181.628461  4.077296  -3.212304  23.080000  0.380000
1  181.628461  1.214654  1.214654  180.082793  0.264382  -12.206224  181.886310  1.602207  -10.004498  23.080000  0.380000
1  181.886310  1.214890  1.214890  180.176205  -4.104757  -24.635565  181.931871  -0.915566  -15.503495  23.080000  0.380000
1  181.931871  1.214708  1.214230  179.843860  -6.049151  -22.618409  181.147318  -3.754763  -19.475478  6.830000  0.390000
1  181.147318  1.214915  1.214915  179.297929  -6.467160  -17.362135  179.824376  -4.959313  -16.757247  6.830000  0.390000
1  179.824376  1.213913  1.213913  178.417737  -6.751694  -10.942834  178.152327  -6.884649  -16.936014  6.830000  0.390000
1  178.152327  1.215145  1.215145  177.619748  -5.994070  -5.838198  176.275362  -5.381520  -6.519544  6.830000  0.390000
1  176.275362  1.214558  1.214558  176.692776  -5.549488  -1.683739  174.846220  -5.665579  -4.867203  6.830000  0.390000
1  174.846220  1.216211  1.215642  175.903992  -3.308464  5.768247  173.529050  -4.288694  1.483836  6.830000  0.390000
1  173.529050  1.214792  1.214792  174.999163  -5.954160  -3.568724  172.022464  -5.093275  -1.993577  6.830000  0.390000
1  172.022464  1.215053  1.215053  174.185140  -3.479013  4.270374  170.822096  -3.303589  4.603192  6.830000  0.390000
1  170.822096  1.214130  1.214130  173.629077  0.751467  16.145005  170.078207  -0.380519  13.060127  6.830000  0.390000
1  170.078207  1.214051  1.214051  173.294198  1.075528  11.915545  169.722158  0.986108  13.060360  6.830000  0.390000
1  169.722158  1.214784  1.214662  173.306643  8.989503  35.030969  170.038894  5.186644  23.563657  6.830000  0.390000
1  170.038894  1.214508  1.214508  173.737144  4.048161  7.595194  171.443669  5.553744  15.890953  6.830000  0.390000
1  171.443669  1.215434  1.215434  173.971337  5.407630  10.040079  172.098103  5.019893  9.298595  6.830000  0.390000
1  172.098103  1.214489  1.214489  174.336598  5.300505  6.771593  173.078314  5.266756  6.944552  358.220001  0.390000
1  173.078314  1.215570  1.215570  174.746610  3.642453  -1.176502  174.244729  4.812445  2.979685  358.220001  0.390000
1  174.244729  1.213916  1.213865  175.066201  4.599199  2.545092  174.670622  4.671901  1.948795  358.220001  0.390000
1  174.670622  1.214973  1.214973  175.530630  4.359356  0.215801  175.334890  5.160150  2.769892  358.220001  0.390000
1  175.334890  1.214747  1.214747  176.148211  4.036170  -2.440981  176.460525  5.769517  3.650571  358.220001  0.390000
1  176.460525  1.215495  1.215495  176.381107  0.809982  -11.422676  177.105189  2.342091  -8.473734  358.220001  0.390000
1  177.105189  1.214724  1.214724  176.460486  0.577253  -7.722964  177.093327  1.111394  -9.483423  358.220001  0.390000
1  177.093327  1.215801  1.215959  176.621323  1.126896  -6.032692  177.356644  1.083005  -6.410173  1.910000  0.430000
1  177.356644  1.214064  1.214064  176.660201  0.768656  -2.995938  176.723186  1.013329  -4.442683  1.910000  0.430000
1  176.723186  1.215080  1.215080  176.785310  0.266240  -4.111988  177.111807  1.105198  -2.730328  1.910000  0.430000
1  177.111807  1.215708  1.215708  176.869303  1.236434  0.476967  177.196563  1.167960  -1.577744  1.910000  0.430000
1  177.196563  1.214626  1.214626  176.903189  1.170987  0.581008  176.837421  1.238070  -0.748402  1.910000  0.430000
1  176.837421  1.214041  1.214725  176.950388  0.616623  -1.247198  177.004719  1.106503  -0.860136  1.910000  0.430000
1  177.004719  1.214757  1.214757  176.998710  1.289811  1.638404  176.978535  1.159176  -0.383878  1.910000  0.430000
1  176.978535  1.214125  1.214125  177.028556  0.504402  -1.292839  176.636982  1.050352  -0.622263  1.910000  0.430000
1  176.636982  1.214023  1.214023  177.071290  0.393901  -1.690646  176.744681  1.072594  -0.404812  1.910000  0.430000
1  176.744681  1.212607  1.212607  177.123812  0.696041  -0.368073  177.125153  1.069018  -0.242833  1.910000  0.430000
1  177.125153  1.213565  1.213491  177.130080  0.519088  -2.163781  176.925487  1.029788  -0.239737  7.690000  0.480000
1  176.925487  1.214280  1.214280  177.145033  0.595080  -0.913155  176.981847  0.976090  -0.371088  7.690000  0.480000
1  176.981847  1.213933  1.213933  177.170221  0.900172  1.767049  176.620605  1.128400  0.253362  7.690000  0.480000
1  176.620605  1.211577  1.211577  177.209920  0.938342  -0.987930  176.563418  1.210639  0.425302  7.690000  0.480000
1  176.563418  1.215958  1.215958  177.273795  0.777818  -0.174803  176.786882  1.121437  -0.043548  7.690000  0.480000
1  176.786882  1.217658  1.220356  177.262290  0.482607  -0.915015  176.545280  1.088017  -0.132311  7.690000  0.480000
1  176.545280  1.214588  1.214588  177.315506  0.117137  -2.852004  176.927442  1.015704  -0.407774  7.690000  0.480000
1  176.927442  1.215285  1.215285  177.391815  0.780442  0.125010  177.248940  1.159874  0.177820  7.690000  0.480000
1  177.248940  1.214577  1.214577  177.376143  0.039877  1.810497  176.746269  1.035015  -0.305998  7.690000  0.480000
1  176.746269  1.214750  1.214750  177.422177  0.481996  0.876272  176.987512  1.221347  0.328217  7.690000  0.480000
1  176.987512  1.215683  1.215610  177.435799  0.677820  2.026651  176.976395  1.253214  0.350445  5.490000  0.460000
1  176.976395  1.214175  1.214175  177.432201  0.768030  -0.170786  176.726362  1.183589  0.009800  5.490000  0.460000
1  176.726362  1.215754  1.215754  177.443491  0.723297  -0.730079  176.795881  1.030180  -0.492565  5.490000  0.460000
1  176.795881  1.216297  1.216297  177.460130  0.372942  -1.530494  177.239286  0.999711  -0.440280  5.490000  0.460000
1  177.239286  1.215007  1.215007  177.428991  0.925704  1.194954  177.020904  0.970412  -0.310431  5.490000  0.460000
1  177.020904  1.215303  1.215469  177.404076  1.464240  -0.662699  176.857490  1.013745  -0.082273  5.490000  0.460000
1  176.857490  1.215009  1.215009  177.467206  1.022071  -0.076046  177.357179  1.141197  0.313305  5.490000  0.460000
1  177.357179  1.213751  1.213751  177.452780  0.953351  -0.823150  177.019794  1.129349  0.200683  5.490000  0.460000
1  177.019794  1.217320  1.217320  177.477305  1.252115  0.397240  177.110915  1.236628  0.535751  5.490000  0.460000
1  177.110915  1.214713  1.214713  177.499653  0.577888  -1.081042  176.987704  1.135249  -0.032875  5.490000  0.460000
1  176.987704  1.214097  1.214044  177.474559  1.017547  0.528942  176.599524  1.083958  -0.160055  1.130000  0.550000
1  176.599524  1.214417  1.214417  177.482717  1.177466  -0.816839  176.827467  1.086805  -0.065119  1.130000  0.550000
1  176.827467  1.214733  1.214733  177.528365  1.081572  0.538755  176.977032  1.220338  0.371441  1.130000  0.550000
1  176.977032  1.214858  1.214858  177.546792  0.775807  0.636455  176.814953  1.191288  0.153574  1.130000  0.550000
1  176.814953  1.215855  1.215855  177.584299  0.840732  -0.217385  177.138992  1.100881  -0.200173  1.130000  0.550000
1  177.138992  1.215253  1.215398  177.578358  0.775656  -0.001402  176.944023  1.100269  -0.090459  1.130000  0.550000
1  176.944023  1.215662  1.215662  177.573054  1.037895  -1.563564  176.978798  0.970592  -0.473274  1.130000  0.550000
1  176.978798  1.214152  1.214152  177.577288  0.592401  0.232132  177.077981  1.087357  0.044611  1.130000  0.550000
1  177.077981  1.215544  1.215544  177.556716  0.508176  -1.345289  176.887685  1.154673  0.205264  1.130000  0.550000
1  176.887685  1.215622  1.215622  177.551042  1.201851  -0.029620  176.513784  1.055466  -0.172801  1.130000  0.550000
1  176.513784  1.215143  1.214646  177.556166  0.572865  -0.991586  176.761732  1.085041  -0.080825  1.130000  0.550000
1  176.761732  1.215734  1.215734  177.596127  1.099146  1.098898  177.101789  1.140476  0.098848  1.130000  0.550000
1  177.101789  1.214336  1.214336  177.614946  0.551864  -1.012539  177.375834  1.018234  -0.413369  1.130000  0.550000
1  177.375834  1.214262  1.214262  177.621746  -0.183941  -0.047663  177.178408  1.047919  -0.227790  356.899994  0.620000
1  177.178408  1.216287  1.216287  177.639091  0.923008  -2.334404  177.256065  1.131884  0.115693  356.899994  0.620000
1  177.256065  1.215963  1.216185  177.605485  0.206303  -0.648112  176.978170  0.919262  -0.572200  356.899994  0.620000
1  176.978170  1.217126  1.217126  177.641568  1.167217  -0.192321  176.937005  1.158370  0.324243  356.899994  0.620000
1  176.937005  1.215467  1.215467  177.603190  0.649550  -0.450181  176.804097  1.189922  0.295938  356.899994  0.620000
1  176.804097  1.214949  1.214949  177.575818  0.464944  -2.563837  176.678190  1.038365  -0.339017  356.899994  0.620000
1  176.678190  1.213108  1.213108  177.543385  1.139170  1.391012  176.694124  1.068543  -0.059457  356.899994  0.620000
1  176.694124  1.214116  1.214019  177.530189  0.556333  -0.758994  176.869289  0.930175  -0.522274  352.359985  0.610000
