1  -0.004774  -0.004774  29.775327  0.023436  0.030009  3.045966  0.024605  0.030589  3858832888319333392695518604123026545849440652238139738965962534179766925123755928106566553492351969415490361873793191414119281281802232021762743821589620130229825477599647112632429426695643273164150215083316206196918486180470143377062181931780994143493859638771712.000000  10857550057259094698388178130721994469808859958516309228492005673735174051400595742332876749763135752653902439226467017328665652370797890172310569532777394150265433543812059397370558099601650648976437642919890514115884092500276567989060355688588622328352605762224128.000000
1  -0.004043  -0.004043  32.695411  0.016112  -0.000516  3.212958  0.017335  0.000052  3858832888319333392695518604123026545849440652238139738965962534179766925123755928106566553492351969415490361873793191414119281281802232021762743821589620130229825477599647112632429426695643273164150215083316206196918486180470143377062181931780994143493859638771712.000000  10857550057259094698388178130721994469808859958516309228492005673735174051400595742332876749763135752653902439226467017328665652370797890172310569532777394150265433543812059397370558099601650648976437642919890514115884092500276567989060355688588622328352605762224128.000000
1  -0.002096  -0.002096  35.961258  0.007191  -0.033373  3.380885  0.008471  -0.032810  3858832888319333392695518604123026545849440652238139738965962534179766925123755928106566553492351969415490361873793191414119281281802232021762743821589620130229825477599647112632429426695643273164150215083316206196918486180470143377062181931780994143493859638771712.000000  10857550057259094698388178130721994469808859958516309228492005673735174051400595742332876749763135752653902439226467017328665652370797890172310569532777394150265433543812059397370558099601650648976437642919890514115884092500276567989060355688588622328352605762224128.000000
1  -0.002629  -0.002629  39.217869  0.011851  -0.014309  3.539744  0.013180  -0.013767  3858832888319333392695518604123026545849440652238139738965962534179766925123755928106566553492351969415490361873793191414119281281802232021762743821589620130229825477599647112632429426695643273164150215083316206196918486180470143377062181931780994143493859638771712.000000  10857550057259094698388178130721994469808859958516309228492005673735174051400595742332876749763135752653902439226467017328665652370797890172310569532777394150265433543812059397370558099601650648976437642919890514115884092500276567989060355688588622328352605762224128.000000
1  -0.004208  -0.004208  42.989118  0.016778  0.002040  3.726568  0.018158  0.002564  3858832888319333392695518604123026545849440652238139738965962534179766925123755928106566553492351969415490361873793191414119281281802232021762743821589620130229825477599647112632429426695643273164150215083316206196918486180470143377062181931780994143493859638771712.000000  10857550057259094698388178130721994469808859958516309228492005673735174051400595742332876749763135752653902439226467017328665652370797890172310569532777394150265433543812059397370558099601650648976437642919890514115884092500276567989060355688588622328352605762224128.000000
1  -0.002580  -0.002580  46.669712  0.006525  -0.039233  3.895155  0.007949  -0.038734  3858832888319333392695518604123026545849440652238139738965962534179766925123755928106566553492351969415490361873793191414119281281802232021762743821589620130229825477599647112632429426695643273164150215083316206196918486180470143377062181931780994143493859638771712.000000  10857550057259094698388178130721994469808859958516309228492005673735174051400595742332876749763135752653902439226467017328665652370797890172310569532777394150265433543812059397370558099601650648976437642919890514115884092500276567989060355688588622328352605762224128.000000
1  -0.000832  -0.000832  50.296589  0.010653  -0.019039  4.049069  0.012119  -0.018568  214.759995  0.140000
1  -0.003175  -0.002860  54.312539  0.022237  0.029363  4.213038  0.023747  0.029814  214.759995  0.140000
1  -0.001791  -0.001791  58.722874  0.010786  -0.018529  4.390055  0.012338  -0.018089  214.759995  0.140000
1  -0.003603  -0.003603  63.166454  0.017843  0.011740  4.549831  0.019433  0.012159  214.759995  0.140000
1  -0.002834  -0.002834  67.456042  0.010919  -0.014017  4.704234  0.012543  -0.013625  214.759995  0.140000
1  -0.002369  -0.002369  72.169936  0.012517  -0.006060  4.865021  0.014176  -0.005684  214.759995  0.140000
1  -0.002767  -0.002061  76.688518  0.014781  0.004391  5.020058  0.016468  0.004734  214.759995  0.140000
1  -0.002307  -0.002307  81.095477  0.017843  0.018807  5.162742  0.019560  0.019137  214.759995  0.140000
1  -0.001818  -0.001818  85.568623  0.011052  -0.006671  5.309978  0.012793  -0.006372  214.759995  0.140000
1  -0.003437  -0.003437  90.209922  0.007457  -0.020176  5.462389  0.009221  -0.019903  214.759995  0.140000
1  -0.003115  -0.003115  94.714543  0.010653  -0.008361  5.609406  0.012433  -0.008122  220.809998  0.200000
1  0.001391  0.000745  99.128353  0.009321  -0.012935  5.755899  0.011117  -0.012725  220.809998  0.200000
1  -0.004427  -0.004427  103.547112  0.010519  -0.010573  5.910056  0.012326  -0.010400  220.809998  0.200000
1  -0.001432  -0.001432  107.961099  0.020773  0.028817  6.066026  0.022582  0.028942  220.809998  0.200000
1  -0.005793  -0.005793  111.933406  0.003595  -0.036964  6.200759  0.005403  -0.036888  220.809998  0.200000
1  -0.002698  -0.002698  115.765564  0.011585  -0.005648  6.339966  0.013389  -0.005611  220.809998  0.200000
1  -0.002125  -0.001726  119.640375  0.026632  0.052885  6.483659  0.028427  0.052881  220.809998  0.200000
1  -0.003420  -0.003420  123.134292  0.010120  -0.012335  6.618903  0.011905  -0.012372  220.809998  0.200000
1  -0.002652  -0.002652  126.544682  0.010786  -0.010234  6.752023  0.012550  -0.010327  220.809998  0.200000
1  -0.003700  -0.003700  129.764111  0.014914  0.005248  6.883848  0.016653  0.005106  220.809998  0.200000
1  -0.003616  -0.003616  132.746843  0.005593  -0.030524  7.001092  0.007304  -0.030711  220.809998  0.200000
1  -0.002618  -0.001955  135.568066  0.006791  -0.024275  7.111590  0.008470  -0.024507  220.809998  0.200000
1  -0.004382  -0.004382  138.065567  0.017177  0.018290  7.210548  0.018811  0.017988  220.809998  0.200000
1  -0.001034  -0.001034  140.483592  0.009321  -0.011857  7.298830  0.010903  -0.012232  204.240005  0.140000
1  -0.002006  -0.002006  142.748312  0.008123  -0.013069  7.361042  0.009640  -0.013532  204.240005  0.140000
1  -0.003611  -0.003611  144.816289  0.000133  -0.041815  7.415343  0.001586  -0.042337  204.240005  0.140000
1  -0.002474  -0.002444  146.779431  0.009321  -0.003427  7.467360  0.010705  -0.004001  204.240005  0.140000
1  -0.001175  -0.001175  148.656028  0.014115  0.011526  7.528503  0.015418  0.010875  204.240005  0.140000
1  -0.004117  -0.004117  150.095339  0.012517  0.006718  7.559489  0.013731  0.005994  204.240005  0.140000
1  -0.001894  -0.001894  151.758090  0.008256  -0.010297  7.573569  0.009365  -0.011125  204.240005  0.140000
1  -0.002671  -0.002671  153.194056  0.011185  -0.000358  7.589630  0.012184  -0.001273  177.960007  0.110000
1  -0.003000  -0.002783  154.505770  0.014115  0.013239  7.577249  0.014997  0.012246  177.960007  0.110000
1  -0.002040  -0.002040  155.722805  0.007723  -0.009855  7.562434  0.008494  -0.010882  177.960007  0.110000
1  -0.003805  -0.003805  156.842477  0.010786  -0.000406  7.562767  0.011442  -0.001467  177.960007  0.110000
1  -0.001824  -0.001824  157.934451  0.004794  -0.023701  7.535234  0.005326  -0.024815  177.960007  0.110000
1  -0.002008  -0.002008  158.910853  0.006525  -0.017566  7.508105  0.006932  -0.018718  177.960007  0.110000
1  -0.003229  -0.003109  159.803884  0.013582  0.006248  7.507580  0.013871  0.005091  177.960007  0.110000
1  -0.002058  -0.002058  160.657987  0.008922  -0.010238  7.474886  0.009093  -0.011395  177.960007  0.110000
1  -0.001378  -0.001378  161.428816  0.004128  -0.026017  7.438224  0.004191  -0.027144  177.960007  0.110000
1  -0.002511  -0.002511  162.060576  0.010919  -0.001770  7.428987  0.010877  -0.002870  177.960007  0.110000
1  -0.001411  -0.001411  162.701099  0.013449  0.008205  7.411724  0.013306  0.007139  87.860001  0.080000
1  -0.004106  -0.004960  163.320811  0.003196  -0.032448  7.398112  0.002957  -0.033474  87.860001  0.080000
1  -0.002955  -0.002955  163.874574  0.018109  0.027379  7.381029  0.017774  0.026380  87.860001  0.080000
1  -0.001699  -0.001699  164.390685  0.005726  -0.022607  7.376874  0.005305  -0.023557  87.860001  0.080000
1  -0.002402  -0.002402  164.863842  0.005459  -0.019503  7.349094  0.004955  -0.020416  87.860001  0.080000
1  -0.003375  -0.003375  165.285130  0.013183  0.015290  7.315693  0.012595  0.014410  87.860001  0.080000
1  -0.002187  -0.002068  165.679234  0.011052  0.006264  7.299237  0.010384  0.005412  87.860001  0.080000
1  -0.003194  -0.003194  166.017635  0.008256  -0.002085  7.267197  0.007505  -0.002923  87.860001  0.080000
1  -0.002430  -0.002430  166.353346  0.014781  0.024843  7.252281  0.013963  0.024063  87.860001  0.080000
1  -0.002762  -0.002762  166.680898  0.010120  0.003612  7.255046  0.009233  0.002862  87.860001  0.080000
1  -0.001162  -0.001162  166.909496  0.008123  -0.003270  7.235908  0.007166  -0.004003  48.930000  0.170000
1  -0.002287  -0.002463  167.209355  0.011452  0.008103  7.240041  0.010429  0.007400  48.930000  0.170000
1  -0.004669  -0.004669  167.419626  0.015180  0.025353  7.222347  0.014094  0.024675  48.930000  0.170000
1  -0.002396  -0.002396  167.683537  0.009321  0.005180  7.208338  0.008182  0.004556  48.930000  0.170000
1  -0.001116  -0.001116  167.881202  0.007590  -0.002810  7.207623  0.006397  -0.003411  48.930000  0.170000
1  -0.003940  -0.003940  168.043863  0.010386  0.009368  7.192126  0.009133  0.008774  48.930000  0.170000
1  -0.002221  -0.002145  168.238863  0.004128  -0.014161  7.181127  0.002823  -0.014730  48.930000  0.170000
1  -0.002526  -0.002526  168.407251  0.004261  -0.012833  7.160859  0.002895  -0.013415  48.930000  0.170000
1  -0.002938  -0.002938  168.526010  0.011984  0.016449  7.150138  0.010558  0.015863  48.930000  0.170000
1  -0.003165  -0.003165  168.611821  0.009721  0.006833  7.145929  0.008240  0.006264  48.930000  0.170000
1  -0.004628  -0.004628  168.735297  0.009721  0.008257  7.143466  0.008196  0.007732  42.730000  0.250000
