mode yawCmd rudderSet rudderIs gpsCourse gpsSpeed cY cW cWd mY mW mWd accGyroCount magCount psid psiTilde rTilde integralPsiTilde rudderMoment tauFF 
1  0.000000  1.207289  1.207289  12212925402841229725646529454541429213221501336366704181421495361690246029959462664988118395730252478776885151014051040354589014325234306097031935687426522447676563178977631552314323893651616291165494799072207347328174990266854508343518930974717394704058866185797632.000000  0.000000 -nan  -nan  0.802068  71.204025  1.095810  0.248096 401 200 0.000000  0.000000  0.000000  0.000000  0.000000  0.000000 
1  71.204025  1.218179  1.218179  12212925402841229725646529454541429213221501336366704181421495361690246029959462664988118395730252478776885151014051040354589014325234306097031935687426522447676563178977631552314323893651616291165494799072207347328174990266854508343518930974717394704058866185797632.000000  0.000000 nan  -nan  -10942.248722  155.183010  -1912.806969  -6175.529602 25 12 71.204025  0.000000  0.000000  0.000000  0.000000  0.000000 
1  155.183010  1.217848  1.217848  12212925402841229725646529454541429213221501336366704181421495361690246029959462664988118395730252478776885151014051040354589014325234306097031935687426522447676563178977631552314323893651616291165494799072207347328174990266854508343518930974717394704058866185797632.000000  0.000000 -nan  -nan  -906.663938  143.735527  -2445.790672  -5625.854183 25 12 155.183010  0.000000  0.000000  0.000000  0.000000  0.000000 
1  143.735527  1.217196  1.217196  12212925402841229725646529454541429213221501336366704181421495361690246029959462664988118395730252478776885151014051040354589014325234306097031935687426522447676563178977631552314323893651616291165494799072207347328174990266854508343518930974717394704058866185797632.000000  0.000000 -nan  -nan  3541.443450  107.791379  -2192.218831  -2910.242510 25 13 143.735527  0.000000  0.000000  0.000000  0.000000  0.000000 
1  107.791379  1.216895  1.216895  12212925402841229725646529454541429213221501336366704181421495361690246029959462664988118395730252478776885151014051040354589014325234306097031935687426522447676563178977631552314323893651616291165494799072207347328174990266854508343518930974717394704058866185797632.000000  0.000000 -nan  -nan  296.948120  70.150184  -1965.389765  -985.701618 25 12 107.791379  0.000000  0.000000  0.000000  0.000000  0.000000 
1  70.150184  1.217551  1.217551  12212925402841229725646529454541429213221501336366704181421495361690246029959462664988118395730252478776885151014051040354589014325234306097031935687426522447676563178977631552314323893651616291165494799072207347328174990266854508343518930974717394704058866185797632.000000  0.000000 -nan  -nan  1434.228444  256.539700  -2171.339657  -1197.330184 25 12 70.150184  0.000000  0.000000  0.000000  0.000000  0.000000 
1  256.539700  1.216573  1.216573  12212925402841229725646529454541429213221501336366704181421495361690246029959462664988118395730252478776885151014051040354589014325234306097031935687426522447676563178977631552314323893651616291165494799072207347328174990266854508343518930974717394704058866185797632.000000  0.000000 nan  -nan  -36176.181514  291.734847  12982.536740  21019.719211 25 12 256.539700  0.000000  0.000000  0.000000  0.000000  0.000000 
1  291.734847  1.216226  1.216226  12212925402841229725646529454541429213221501336366704181421495361690246029959462664988118395730252478776885151014051040354589014325234306097031935687426522447676563178977631552314323893651616291165494799072207347328174990266854508343518930974717394704058866185797632.000000  0.000000 -nan  -nan  -28578.784326  337.393197  1018.869974  -22905.476529 25 13 291.734847  0.000000  0.000000  0.000000  0.000000  0.000000 
1  337.393197  1.216879  1.216879  222.210007  0.310000 -nan  -nan  -19135.480683  283.858474  -1509.620840  -23159.503048 25 12 337.393197  0.000000  0.000000  0.000000  0.000000  0.000000 
1  283.858474  1.215835  1.215835  222.210007  0.310000 -nan  -nan  -11524.658838  257.231364  -2369.175322  -18192.628434 25 12 283.858474  0.000000  0.000000  0.000000  0.000000  0.000000 
1  257.231364  1.216902  1.216377  222.210007  0.310000 nan  -nan  -5799.379138  236.166516  -2490.433661  -12459.788578 25 13 257.231364  0.000000  0.000000  0.000000  0.000000  0.000000 
1  236.166516  1.217497  1.217497  222.210007  0.310000 nan  -nan  -6096.117629  248.791878  -2529.187942  -8291.464871 25 12 236.166516  0.000000  0.000000  0.000000  0.000000  0.000000 
1  248.791878  1.217649  1.217649  222.210007  0.310000 -nan  -nan  -6310.743587  288.364140  -2696.893443  -6189.443688 25 12 248.791878  0.000000  0.000000  0.000000  0.000000  0.000000 
1  288.364140  1.216998  1.216998  222.210007  0.310000 nan  -nan  1256.928231  340.506942  -2174.482854  -2482.223496 25 12 288.364140  0.000000  0.000000  0.000000  0.000000  0.000000 
1  340.506942  1.216259  1.216259  222.210007  0.310000 nan  -nan  -808.446382  341.489650  -2293.960124  -2012.262855 25 13 340.506942  0.000000  0.000000  0.000000  0.000000  0.000000 
1  341.489650  1.216250  1.216080  222.210007  0.310000 -nan  -nan  -2652.169484  202.427242  -2476.942745  -1741.941196 25 12 341.489650  0.000000  0.000000  0.000000  0.000000  0.000000 
1  202.427242  1.218085  1.218085  222.210007  0.310000 -nan  -nan  -3881.385388  300.620826  -2841.900951  -2527.508427 25 12 202.427242  0.000000  0.000000  0.000000  0.000000  0.000000 
1  300.620826  1.217726  1.217726  222.210007  0.310000 -nan  -nan  2203.012091  177.833419  -2864.325647  -1595.007338 25 13 300.620826  0.000000  0.000000  0.000000  0.000000  0.000000 
1  177.833419  1.217268  1.217268  325.940002  0.420000 -nan  -nan  3287.071114  174.227606  -2784.451038  -732.123830 25 12 177.833419  0.000000  0.000000  0.000000  0.000000  0.000000 
1  174.227606  1.218578  1.218578  325.940002  0.420000 nan  -nan  -3446.802210  218.276690  -3169.126564  -1676.466569 25 12 174.227606  0.000000  0.000000  0.000000  0.000000  0.000000 
1  218.276690  1.216975  1.216973  325.940002  0.420000 -nan  -nan  -1289.267159  282.906875  -3180.827622  -1148.862821 25 13 218.276690  0.000000  0.000000  0.000000  0.000000  0.000000 
1  282.906875  1.216835  1.216835  325.940002  0.420000 nan  -nan  2261.087683  259.354940  -2886.695153  200.169176 25 12 282.906875  0.000000  0.000000  0.000000  0.000000  0.000000 
1  259.354940  1.216679  1.216679  325.940002  0.420000 -nan  -nan  1558.885985  170.973098  -2714.001918  460.697387 25 12 259.354940  0.000000  0.000000  0.000000  0.000000  0.000000 
1  170.973098  1.215947  1.215947  325.940002  0.420000 nan  -nan  2791.457360  170.966886  -3161.573711  -903.610780 25 13 170.973098  0.000000  0.000000  0.000000  0.000000  0.000000 
1  170.966886  1.216160  1.216160  325.940002  0.420000 -nan  -nan  4682.963572  203.174694  -2779.868660  666.010090 25 12 170.966886  0.000000  0.000000  0.000000  0.000000  0.000000 
1  203.174694  1.218394  1.218251  325.940002  0.420000 nan  -nan  -3333.305186  283.114706  -2716.574526  738.491839 25 12 203.174694  0.000000  0.000000  0.000000  0.000000  0.000000 
1  283.114706  1.217564  1.217564  325.940002  0.420000 -nan  -nan  -133.752419  75.678868  -2993.947832  -499.573324 25 13 283.114706  0.000000  0.000000  0.000000  0.000000  0.000000 
1  75.678868  1.216401  1.216401  325.940002  0.420000 -nan  -nan  3534.616121  162.346466  -2919.634212  36.390713 25 12 75.678868  0.000000  0.000000  0.000000  0.000000  0.000000 
1  162.346466  1.216951  1.216951  33.310001  0.280000 -nan  -nan  -1477.808185  272.807627  -2605.939301  1008.090996 25 12 162.346466  0.000000  0.000000  0.000000  0.000000  0.000000 
1  272.807627  1.217069  1.217069  33.310001  0.280000 -nan  -nan  -4443.429063  3.371761  -2838.369194  -9.293015 25 12 272.807627  0.000000  0.000000  0.000000  0.000000  0.000000 
1  3.371761  1.216471  1.216471  33.310001  0.280000 nan  -nan  3497.524452  91.246201  -2680.992478  516.589497 25 13 3.371761  0.000000  0.000000  0.000000  0.000000  0.000000 
1  91.246201  1.217788  1.217788  33.310001  0.280000 -nan  -nan  -3767.476547  165.468730  -2653.764587  350.961631 26 12 91.246201  0.000000  0.000000  0.000000  0.000000  0.000000 
1  165.468730  1.218037  1.218037  33.310001  0.280000 nan  -nan  -2676.919225  213.411747  -2534.904897  569.601792 24 12 165.468730  0.000000  0.000000  0.000000  0.000000  0.000000 
1  213.411747  1.216671  1.216671  33.310001  0.280000 -nan  -nan  -113.803463  173.317043  -2740.892010  -59.193043 24 13 213.411747  0.000000  0.000000  0.000000  0.000000  0.000000 
1  173.317043  1.217204  1.217204  33.310001  0.280000 nan  -nan  3790.536325  118.813310  -2696.217252  248.355761 26 12 173.317043  0.000000  0.000000  0.000000  0.000000  0.000000 
1  118.813310  1.217480  1.217480  33.310001  0.280000 -nan  -nan  -4051.388881  301.061761  -2553.281853  420.908669 25 12 118.813310  0.000000  0.000000  0.000000  0.000000  0.000000 
1  301.061761  1.217226  1.217226  33.310001  0.280000 nan  -nan  6499.581534  191.956705  -2569.789284  590.497743 25 12 301.061761  0.000000  0.000000  0.000000  0.000000  0.000000 
1  191.956705  1.217578  1.217453  33.310001  0.280000 -nan  -nan  -954.594363  109.840165  -2487.230243  643.515429 24 13 191.956705  0.000000  0.000000  0.000000  0.000000  0.000000 
1  109.840165  1.217458  1.217458  33.310001  0.280000 nan  -nan  -4462.244148  303.016148  -2550.358402  91.221345 26 12 109.840165  0.000000  0.000000  0.000000  0.000000  0.000000 
1  303.016148  1.216444  1.216444  33.310001  0.280000 -nan  -nan  3533.324432  298.467827  -2146.830659  1482.579095 25 12 303.016148  0.000000  0.000000  0.000000  0.000000  0.000000 
1  298.467827  1.216388  1.216388  39.340000  0.250000 -nan  -nan  285.083435  231.906561  -2396.596575  206.818493 24 13 298.467827  0.000000  0.000000  0.000000  0.000000  0.000000 
1  231.906561  1.216644  1.216644  39.340000  0.250000 -nan  -nan  3264.504027  112.209003  -2670.315422  -898.810985 26 12 231.906561  0.000000  0.000000  0.000000  0.000000  0.000000 
1  112.209003  1.216731  1.216324  39.340000  0.250000 -nan  -nan  2759.412404  344.964575  -2624.678613  -332.412381 25 12 112.209003  0.000000  0.000000  0.000000  0.000000  0.000000 
1  344.964575  1.216912  1.216912  39.340000  0.250000 -nan  -nan  -5100.769022  328.130251  -2355.122897  488.690350 25 12 344.964575  0.000000  0.000000  0.000000  0.000000  0.000000 
1  328.130251  1.216384  1.216384  39.340000  0.250000 -nan  -nan  -1433.278411  268.178574  -2237.290312  836.395604 25 13 328.130251  0.000000  0.000000  0.000000  0.000000  0.000000 
1  268.178574  1.216770  1.216770  39.340000  0.250000 -nan  -nan  -4959.016541  202.032689  -2623.409171  -814.222665 25 12 268.178574  0.000000  0.000000  0.000000  0.000000  0.000000 
1  202.032689  1.216282  1.216282  39.340000  0.250000 -nan  -nan  -5590.908024  266.618099  -2414.563599  240.548445 25 12 202.032689  0.000000  0.000000  0.000000  0.000000  0.000000 
1  266.618099  1.216600  1.216276  39.340000  0.250000 -nan  -nan  2147.303672  4.613219  -2794.853561  -1038.125455 25 12 266.618099  0.000000  0.000000  0.000000  0.000000  0.000000 
1  4.613219  1.217547  1.217547  85.209999  0.160000 -nan  -nan  1407.019531  23.372899  -2234.009299  1118.774311 25 13 4.613219  0.000000  0.000000  0.000000  0.000000  0.000000 
1  23.372899  1.217115  1.217115  85.209999  0.160000 nan  -nan  4387.548644  357.572524  -2354.036060  489.813667 25 12 23.372899  0.000000  0.000000  0.000000  0.000000  0.000000 
1  357.572524  1.217435  1.217435  85.209999  0.160000 -nan  -nan  -1885.017663  324.019708  -2173.085498  989.969158 25 12 357.572524  0.000000  0.000000  0.000000  0.000000  0.000000 
1  324.019708  1.218168  1.218168  85.209999  0.160000 nan  -nan  -1188.833721  252.849539  -2389.337490  73.801328 25 13 324.019708  0.000000  0.000000  0.000000  0.000000  0.000000 
1  252.849539  1.217839  1.217469  85.209999  0.160000 -nan  -nan  2466.634445  215.115108  -2321.785651  273.541008 25 12 252.849539  0.000000  0.000000  0.000000  0.000000  0.000000 
1  215.115108  1.218694  1.218694  85.209999  0.160000 nan  -nan  -2060.412055  96.561540  -2469.962164  -391.648971 25 12 215.115108  0.000000  0.000000  0.000000  0.000000  0.000000 
1  96.561540  1.217521  1.217521  85.209999  0.160000 -nan  -nan  -3903.376226  88.143295  -2663.101992  -861.823275 25 13 96.561540  0.000000  0.000000  0.000000  0.000000  0.000000 
1  88.143295  1.217126  1.217126  85.209999  0.160000 nan  -nan  -575.696282  144.806309  -2590.485583  -269.323019 25 12 88.143295  0.000000  0.000000  0.000000  0.000000  0.000000 
1  144.806309  1.215967  1.215967  85.209999  0.160000 -nan  -nan  -2403.539337  217.633961  -2229.550445  899.524319 25 12 144.806309  0.000000  0.000000  0.000000  0.000000  0.000000 
1  217.633961  1.215936  1.215841  85.209999  0.160000 -nan  -nan  -37.674216  303.168202  -2597.440414  -584.855777 25 12 217.633961  0.000000  0.000000  0.000000  0.000000  0.000000 
1  303.168202  1.216739  1.216739  178.759995  0.030000 nan  -nan  3362.741590  164.903111  -1963.982961  1642.005288 25 13 303.168202  0.000000  0.000000  0.000000  0.000000  0.000000 
1  164.903111  1.215185  1.215185  178.759995  0.030000 -nan  -nan  8256.317302  170.623834  -2190.097554  579.824054 25 12 164.903111  0.000000  0.000000  0.000000  0.000000  0.000000 
1  170.623834  1.217960  1.217960  178.759995  0.030000 -nan  -nan  4699.580477  258.567012  -2549.625576  -490.717932 25 12 170.623834  0.000000  0.000000  0.000000  0.000000  0.000000 
1  258.567012  1.217417  1.217417  178.759995  0.030000 -nan  -nan  -2116.242265  290.522651  -2321.562125  177.865977 25 13 258.567012  0.000000  0.000000  0.000000  0.000000  0.000000 
1  290.522651  1.215543  1.215714  178.759995  0.030000 -nan  -nan  -2483.442010  353.815346  -2101.378533  803.266011 25 12 290.522651  0.000000  0.000000  0.000000  0.000000  0.000000 
1  353.815346  1.217909  1.217909  178.759995  0.030000 -nan  -nan  -2024.173615  301.732221  -2492.328754  -580.623443 25 12 353.815346  0.000000  0.000000  0.000000  0.000000  0.000000 
1  301.732221  1.216844  1.216844  178.759995  0.030000 nan  -nan  8103.158913  263.193671  -2267.989035  655.324026 25 13 301.732221  0.000000  0.000000  0.000000  0.000000  0.000000 
1  263.193671  1.217199  1.217199  178.759995  0.030000 nan  -nan  -4889.778805  281.470858  -2627.173625  -801.128058 25 12 263.193671  0.000000  0.000000  0.000000  0.000000  0.000000 
1  281.470858  1.217338  1.217338  178.759995  0.030000 nan  -nan  6784.365733  315.011560  -2477.659182  -26.876528 25 12 281.470858  0.000000  0.000000  0.000000  0.000000  0.000000 
1  315.011560  1.216886  1.216545  178.759995  0.030000 nan  -nan  4965.941729  10.565934  -1930.935296  1919.082684 25 12 315.011560  0.000000  0.000000  0.000000  0.000000  0.000000 
1  10.565934  1.217354  1.217354  155.919998  0.140000 -nan  -nan  -6417.033611  243.141614  -2360.139528  -188.989032 25 13 10.565934  0.000000  0.000000  0.000000  0.000000  0.000000 
1  243.141614  1.218174  1.218174  155.919998  0.140000 nan  -nan  -677.678772  284.608421  -2858.130107  -2134.739529 25 12 243.141614  0.000000  0.000000  0.000000  0.000000  0.000000 
1  284.608421  1.217072  1.217072  155.919998  0.140000 nan  -nan  3363.500707  332.942555  -2258.245595  602.453648 25 12 284.608421  0.000000  0.000000  0.000000  0.000000  0.000000 
1  332.942555  1.217361  1.217361  155.919998  0.140000 nan  -nan  3863.798390  345.543378  -2121.221643  881.826930 25 13 332.942555  0.000000  0.000000  0.000000  0.000000  0.000000 
1  345.543378  1.217208  1.217208  155.919998  0.140000 -nan  -nan  503.706958  54.040725  -2224.263661  166.591049 25 12 345.543378  0.000000  0.000000  0.000000  0.000000  0.000000 
1  54.040725  1.216255  1.216255  155.919998  0.140000 nan  -nan  3290.641243  88.796767  -2347.306501  -146.127621 25 12 54.040725  0.000000  0.000000  0.000000  0.000000  0.000000 
1  88.796767  1.216027  1.216027  155.919998  0.140000 -nan  -nan  4578.963259  33.991181  -2148.873496  335.188181 25 12 88.796767  0.000000  0.000000  0.000000  0.000000  0.000000 
1  33.991181  1.216314  1.216314  155.919998  0.140000 -nan  -nan  -4272.454488  32.617170  -2068.023902  291.178446 25 13 33.991181  0.000000  0.000000  0.000000  0.000000  0.000000 
1  32.617170  1.217143  1.217143  155.919998  0.140000 -nan  -nan  -2605.790536  18.664382  -2410.335267  -866.658353 25 12 32.617170  0.000000  0.000000  0.000000  0.000000  0.000000 
1  18.664382  1.215809  1.215809  155.919998  0.140000 -nan  -nan  4352.896038  48.780267  -2039.028698  682.891612 25 12 18.664382  0.000000  0.000000  0.000000  0.000000  0.000000 
1  48.780267  1.217697  1.217697  156.949997  0.320000 nan  -nan  4020.547474  60.300064  -2081.412273  439.520813 25 13 48.780267  0.000000  0.000000  0.000000  0.000000  0.000000 
1  60.300064  1.217344  1.217280  156.949997  0.320000 -nan  -nan  1914.466856  258.327515  -2055.932427  492.050210 25 12 60.300064  0.000000  0.000000  0.000000  0.000000  0.000000 
1  258.327515  1.215402  1.215402  156.949997  0.320000 nan  -nan  4958.368146  277.141785  -2625.891773  -1537.429255 25 12 258.327515  0.000000  0.000000  0.000000  0.000000  0.000000 
1  277.141785  1.216345  1.216345  156.949997  0.320000 -nan  -nan  4626.791394  278.485915  -2096.614462  638.579989 25 13 277.141785  0.000000  0.000000  0.000000  0.000000  0.000000 
1  278.485915  1.218455  1.218455  156.949997  0.320000 nan  -nan  693.349063  262.553962  -2341.644431  -644.133667 25 12 278.485915  0.000000  0.000000  0.000000  0.000000  0.000000 
1  262.553962  1.218005  1.218005  156.949997  0.320000 -nan  -nan  1604.622397  21.009013  -2317.048364  -452.009303 25 12 262.553962  0.000000  0.000000  0.000000  0.000000  0.000000 
1  21.009013  1.217763  1.217544  156.949997  0.320000 -nan  -nan  -11402.628487  47.340217  -2502.747641  -904.344833 25 13 21.009013  0.000000  0.000000  0.000000  0.000000  0.000000 
1  47.340217  1.217403  1.217403  156.949997  0.320000 nan  -nan  -3405.127760  51.515841  -2383.002513  -97.492447 25 12 47.340217  0.000000  0.000000  0.000000  0.000000  0.000000 
1  51.515841  1.217325  1.217325  156.949997  0.320000 -nan  -nan  -3345.709676  334.121326  -1934.317795  1289.727384 25 12 51.515841  0.000000  0.000000  0.000000  0.000000  0.000000 
1  334.121326  1.215275  1.215275  156.949997  0.320000 nan  -nan  -1530.105953  346.488160  -2418.110494  -1056.186816 25 13 334.121326  0.000000  0.000000  0.000000  0.000000  0.000000 
1  346.488160  1.217351  1.217351  156.949997  0.320000 nan  -nan  -10698.143357  45.827621  -2323.672042  -761.619278 25 12 346.488160  0.000000  0.000000  0.000000  0.000000  0.000000 
1  45.827621  1.217465  1.217380  156.949997  0.320000 nan  -nan  477.387892  141.796256  -2372.952659  -858.538748 25 12 45.827621  0.000000  0.000000  0.000000  0.000000  0.000000 
1  141.796256  1.216040  1.216040  156.149994  0.300000 -nan  -nan  -6619.555451  126.835161  -2359.983333  -898.945018 25 13 141.796256  0.000000  0.000000  0.000000  0.000000  0.000000 
1  126.835161  1.215496  1.215496  156.149994  0.300000 -nan  -nan  -663.899789  98.470191  -2972.784130  -2538.552909 25 12 126.835161  0.000000  0.000000  0.000000  0.000000  0.000000 
1  98.470191  1.216673  1.216673  156.149994  0.300000 -nan  -nan  -9302.158238  122.638622  -3142.893923  -2625.986035 25 12 98.470191  0.000000  0.000000  0.000000  0.000000  0.000000 
1  122.638622  1.216801  1.216801  156.149994  0.300000 nan  -nan  -5647.190636  289.382199  -2603.577210  -435.044981 25 12 122.638622  0.000000  0.000000  0.000000  0.000000  0.000000 
1  289.382199  1.216355  1.216743  156.149994  0.300000 nan  -nan  -3732.930770  306.789340  -2696.740132  -699.292701 25 13 289.382199  0.000000  0.000000  0.000000  0.000000  0.000000 
1  306.789340  1.216850  1.216850  156.149994  0.300000 nan  -nan  9632.282062  357.690326  -2127.649074  1704.479048 25 12 306.789340  0.000000  0.000000  0.000000  0.000000  0.000000 
1  357.690326  1.216574  1.216574  156.149994  0.300000 nan  -nan  1612.139817  62.271182  -1724.504441  2595.957574 25 12 357.690326  0.000000  0.000000  0.000000  0.000000  0.000000 
1  62.271182  1.216747  1.216747  156.149994  0.300000 -nan  -nan  7733.732294  93.079862  -2340.604836  -251.092477 25 13 62.271182  0.000000  0.000000  0.000000  0.000000  0.000000 
1  93.079862  1.218153  1.218153  173.050003  0.270000 nan  -nan  -2175.616947  55.925680  -2535.427087  -835.281396 25 12 93.079862  0.000000  0.000000  0.000000  0.000000  0.000000 
1  55.925680  1.217431  1.217413  173.050003  0.270000 nan  -nan  4049.800444  31.628428  -2780.531587  -1452.482911 25 12 55.925680  0.000000  0.000000  0.000000  0.000000  0.000000 
1  31.628428  1.216076  1.216076  173.050003  0.270000 -nan  -nan  5068.006330  52.267304  -2363.703290  320.583996 25 13 31.628428  0.000000  0.000000  0.000000  0.000000  0.000000 
1  52.267304  1.216731  1.216731  173.050003  0.270000 -nan  -nan  3496.615741  11.434346  -2163.511949  1082.228294 25 12 52.267304  0.000000  0.000000  0.000000  0.000000  0.000000 
1  11.434346  1.217890  1.217890  173.050003  0.270000 nan  -nan  -598.132315  47.353816  -1834.898159  2008.792947 25 12 11.434346  0.000000  0.000000  0.000000  0.000000  0.000000 
