1  -2.171141  -2.171141  56.076152  0.008389  4.220651  2.750000  0.080000
1  -2.168742  -2.168742  60.709311  0.011718  4.472105  0.680000  0.080000
1  -2.167994  -2.168032  64.966036  0.013715  4.720937  359.250000  0.080000
1  -2.169849  -2.169849  68.241504  0.015979  4.997441  359.250000  0.080000
1  -2.167983  -2.167983  71.496216  0.019441  5.260902  358.720001  0.080000
1  -2.168388  -2.168388  74.608655  0.010253  5.527362  358.179993  0.080000
1  -2.168905  -2.168905  79.009464  0.006924  5.792445  357.750000  0.080000
1  -2.170523  -2.170502  83.329461  0.018109  6.078922  356.029999  0.080000
1  -2.169365  -2.169365  87.466778  0.017976  6.353606  355.059998  0.080000
7  -2.168809  -2.170103  91.455411  0.014248  6.646070  354.029999  0.080000
7  -2.168809  -2.170125  95.551572  0.020773  6.938073  354.029999  0.080000
7  -2.168809  -2.169479  99.383044  0.010653  7.223899  353.500000  0.080000
7  -2.168809  -2.170622  103.362051  0.007057  7.518705  353.000000  0.080000
7  -2.168809  -2.168384  106.739012  0.007856  7.826002  352.950012  0.070000
7  -2.168809  -2.169014  110.062697  0.017044  8.154507  352.410004  0.080000
7  -2.168809  -2.167942  112.938198  0.001065  8.461576  352.239990  0.080000
7  -2.168809  -2.169720  115.901818  0.005593  8.783900  351.890015  0.080000
7  -2.168809  -2.169223  118.745508  0.012117  9.117640  350.390015  0.080000
7  -2.168809  -2.169354  121.444972  0.021971  9.445549  349.630005  0.080000
7  -2.168809  -2.168229  123.758753  0.014115  9.807179  349.029999  0.080000
7  -2.168809  -2.168262  126.038835  0.013848  10.146393  348.420013  0.080000
7  -2.168809  -2.169102  127.964459  0.015713  10.502073  347.809998  0.080000
7  -2.168809  -2.169442  129.887643  0.017311  10.896527  347.380005  0.080000
7  -2.168809  -2.169683  131.648760  0.021305  11.276265  346.950012  0.080000
7  -2.168809  -2.018058  133.064287  0.013582  11.657870  346.920013  0.080000
7  -2.168809  -2.021290  134.153717  0.017177  12.019526  346.769989  0.080000
7  -2.168809  -1.990133  135.333667  0.006392  12.440810  346.500000  0.080000
7  -2.168809  -1.817800  136.527998  0.014647  12.854705  346.339996  0.080000
7  -2.168809  -1.465646  137.835658  0.003728  13.284570  346.089996  0.080000
7  -2.168809  -0.226056  139.087167  0.021039  13.739196  345.980011  0.080000
7  -2.168809  1.738179  140.273367  0.012783  14.205466  345.809998  0.080000
7  -2.168809  2.581771  141.290356  0.017577  14.666603  345.679993  0.080000
7  -2.168809  3.034381  142.217883  0.017710  15.135931  345.489990  0.080000
7  -2.168809  3.310703  143.063653  0.012517  15.618732  345.339996  0.080000
7  -2.168809  3.979742  143.915151  0.008389  16.109922  345.209991  0.080000
7  -2.168809  4.768109  144.694425  0.010653  16.596406  344.859985  0.080000
7  -2.168809  5.698957  145.406706  0.012916  17.108829  344.529999  0.080000
7  -2.168809  6.930487  146.082276  0.010120  17.615384  344.320007  0.080000
7  -2.168809  7.779708  146.663504  0.014248  18.146809  344.200012  0.080000
7  -2.168809  9.020195  147.110826  0.010786  18.673592  344.089996  0.080000
7  -2.168809  10.879396  147.492641  0.014914  19.182404  343.989990  0.080000
7  -2.168809  12.342635  147.922380  0.015047  19.746942  344.190002  0.080000
7  -2.168809  14.974834  148.333644  0.014381  20.280112  347.690002  0.010000
7  -2.168809  16.028352  148.718822  0.016778  20.796503  6.200000  0.000000
7  -2.168809  16.673937  149.091223  -0.000266  21.349111  0.000000  0.000000
7  -2.168809  17.643345  149.394435  0.003196  21.855505  0.000000  0.000000
7  -2.168809  17.678838  149.723018  0.016512  22.384749  0.000000  0.000000
7  -2.168809  17.625657  150.032029  0.017577  22.927113  0.000000  0.000000
7  -2.168809  17.301880  150.360643  0.009055  23.485559  0.000000  0.000000
7  -2.168809  14.909482  150.579177  0.006258  24.043264  0.000000  0.000000
7  -2.168809  13.704339  150.777993  0.026365  24.628376  0.000000  0.000000
7  -2.168809  12.082886  151.015014  0.020506  25.204644  0.000000  0.000000
7  -2.168809  11.472802  151.263017  0.023968  25.793286  0.000000  0.000000
7  -2.168809  10.693000  151.509001  0.017444  26.408671  0.000000  0.000000
7  -2.168809  9.550321  151.669764  0.016911  26.981653  0.000000  0.000000
7  -2.168809  8.768066  151.811090  0.010919  27.508992  0.000000  0.000000
7  -2.168809  7.510880  151.936648  0.016245  28.133769  0.000000  0.000000
7  -2.168809  6.939668  152.032734  0.008788  28.732279  0.000000  0.000000
7  -2.168809  6.597191  152.176981  0.011318  29.307415  0.000000  0.000000
7  -2.168809  6.249832  152.274133  0.019841  29.913814  0.000000  0.000000
7  -2.168809  6.025338  152.433322  0.010786  30.518499  0.000000  0.000000
7  -2.168809  5.217031  152.533167  0.006791  31.123200  0.000000  0.000000
7  -2.168809  4.586252  152.612632  0.018775  31.723481  0.000000  0.000000
7  -2.168809  4.075849  152.713620  0.001332  32.341452  0.000000  0.000000
7  -2.168809  3.075618  152.806745  0.011318  32.963588  0.000000  0.000000
7  -2.168809  2.629156  152.859231  0.013715  33.572269  0.000000  0.000000
7  -2.168809  1.616384  152.963299  0.010919  34.169598  0.000000  0.000000
7  -2.168809  0.770713  153.047171  0.010519  34.832268  0.000000  0.000000
7  -2.168809  -0.385179  153.175326  0.027164  35.482142  0.000000  0.000000
7  -2.168809  -1.611357  153.233588  0.008256  36.131496  0.000000  0.000000
7  -2.168809  -2.639013  153.250566  0.006125  36.703442  0.000000  0.000000
7  -2.168809  -3.535550  153.306109  0.014514  37.406159  354.750000  0.000000
7  -2.168809  -4.052999  153.341308  0.011185  38.031278  352.769989  0.000000
7  -2.168809  -4.810036  153.341479  0.008788  38.667256  343.480011  0.000000
7  -2.168809  -5.301435  153.344075  0.002264  39.257522  337.309998  0.000000
7  -2.168809  -6.044919  153.377059  0.008788  39.963514  333.250000  0.000000
7  -2.168809  -6.501853  153.423476  0.009055  40.605796  330.899994  0.000000
7  -2.168809  -7.032016  153.445170  0.003329  41.266468  327.089996  0.000000
7  -2.168809  -7.109506  153.480231  0.011318  41.921086  324.820007  0.000000
7  -2.168809  -7.186455  153.541183  0.006791  42.580060  324.640015  0.010000
7  -2.168809  -7.186865  153.572252  0.001332  43.239454  325.369995  0.010000
7  -2.168809  -7.185671  153.575982  0.014115  43.866679  329.989990  0.010000
7  -2.168809  -7.492283  153.627964  0.003329  44.587594  337.679993  0.010000
7  -2.168809  -9.160765  153.644654  0.012117  45.249328  337.269989  0.010000
7  -2.168809  -9.849585  153.661763  0.009321  45.914941  335.730011  0.010000
7  -2.168809  -10.570105  153.662466  0.016512  46.592573  335.170013  0.010000
7  -2.168809  -10.970943  153.648968  0.006525  47.259195  334.959991  0.010000
7  -2.168809  -12.003966  153.648196  0.011052  47.949395  336.010010  0.010000
7  -2.168809  -12.862393  153.626036  0.009055  48.606943  336.230011  0.010000
7  -2.168809  -13.877176  153.657526  0.014248  49.298852  336.600006  0.010000
7  -2.168809  -14.244732  153.642991  0.016112  49.996559  338.130005  0.010000
7  -2.168809  -14.266774  153.618949  0.007723  50.697722  339.109985  0.010000
7  -2.168809  -14.258765  153.613102  0.006125  51.319469  340.690002  0.010000
7  -2.168809  -13.869942  153.650047  0.020373  52.013802  341.739990  0.010000
7  -2.168809  -11.845399  153.652252  0.009721  52.715945  343.190002  0.010000
7  -2.168809  -10.649601  153.679109  0.008655  53.424758  344.350006  0.010000
7  -2.168809  -8.694422  153.709938  0.014514  54.119723  346.010010  0.010000
7  -2.168809  -6.977866  153.707867  0.020773  54.795205  345.790009  0.010000
7  -2.168809  -3.942083  153.667502  0.013582  55.491065  346.040009  0.010000
7  -2.168809  -3.080403  153.664683  0.024235  56.196541  345.309998  0.010000
7  -2.168809  -2.716372  153.640182  0.005726  56.897479  345.450012  0.010000
7  -2.168809  -2.653702  153.619615  0.002264  57.588693  346.290009  0.010000
7  -2.168809  -2.613966  153.603606  0.011984  58.284268  346.119995  0.010000
7  -2.168809  -2.548495  153.585072  0.009321  58.988772  346.799988  0.010000
7  -2.168809  -1.943944  153.618255  0.021572  59.683427  347.779999  0.010000
7  -2.168809  -1.795756  153.602400  -0.006392  60.351901  349.119995  0.010000
7  -2.168809  -1.750728  153.605946  0.003995  61.053185  350.809998  0.010000
7  -2.168809  -1.607134  153.614747  0.014781  61.762141  351.269989  0.010000
7  -2.168809  -1.587070  153.663019  0.010653  62.478228  351.859985  0.010000
7  -2.168809  -1.638569  153.696882  0.005726  63.189028  352.329987  0.010000
7  -2.168809  -1.655812  153.682437  0.019841  63.874372  353.640015  0.010000
7  -2.168809  -1.627188  153.697769  0.012650  64.568284  355.179993  0.010000
7  -2.168809  -1.629665  153.660400  0.015313  65.296388  358.339996  0.010000
7  -2.168809  -1.584753  153.657370  0.013848  66.013948  359.929993  0.010000
7  -2.168809  -1.454695  153.712214  0.004794  66.732703  359.440002  0.010000
7  -2.168809  -0.651016  153.713558  0.016245  67.436731  359.970001  0.010000
7  -2.168809  -0.126515  153.696001  0.008123  68.131118  1.030000  0.010000
7  -2.168809  0.905988  153.663904  0.015713  68.831922  1.970000  0.010000
7  -2.168809  1.317356  153.687015  0.017177  69.545758  2.280000  0.010000
7  -2.168809  1.349768  153.692720  0.003063  70.261542  2.530000  0.020000
7  -2.168809  1.317555  153.663874  0.009454  70.961933  2.870000  0.020000
7  -2.168809  1.533837  153.694044  0.002530  71.674941  3.130000  0.020000
7  -2.168809  1.563783  153.724403  0.015846  72.403837  3.050000  0.020000
7  -2.168809  1.577152  153.748178  0.022371  73.132231  2.620000  0.020000
7  -2.168809  1.600955  153.668247  0.016512  73.844415  2.310000  0.020000
7  -2.168809  1.565499  153.647872  0.011718  74.546824  2.670000  0.020000
7  -2.168809  1.546118  153.656769  0.011052  75.268333  3.140000  0.020000
7  -2.168809  1.360585  153.702962  0.016512  75.990630  3.640000  0.020000
7  -2.168809  1.175461  153.710885  0.014248  76.674788  3.940000  0.020000
7  -2.168809  0.478955  153.713090  0.022903  77.436008  4.420000  0.020000
7  -2.168809  -0.201822  153.719373  0.012783  78.148995  5.500000  0.020000
7  -2.168809  -0.399629  153.699397  0.012783  78.865512  6.510000  0.020000
7  -2.168809  -0.717106  153.648526  0.024368  79.587056  7.570000  0.020000
7  -2.168809  -1.021688  153.646564  -0.002264  80.298143  8.230000  0.020000
7  -2.168809  -1.146106  153.654632  0.020906  81.018814  9.000000  0.020000
7  -2.168809  -1.163947  153.705424  0.001198  81.740514  9.940000  0.020000
7  -2.168809  -1.113388  153.719551  0.006258  82.447920  10.460000  0.020000
7  -2.168809  -1.103136  153.676045  0.012384  83.160793  11.200000  0.020000
7  -2.168809  -1.089689  153.705808  0.010386  83.887279  11.940000  0.030000
7  -2.168809  -1.064554  153.721217  0.006791  84.605535  12.560000  0.030000
7  -2.168809  -1.051788  153.737407  0.013183  85.309589  13.050000  0.030000
7  -2.168809  -1.080379  153.698920  0.013848  86.018851  13.210000  0.030000
7  -2.168809  -1.075242  153.671776  0.020240  86.745135  13.020000  0.030000
7  -2.168809  -1.075624  153.685325  0.002663  87.439813  13.160000  0.030000
7  -2.168809  -1.076005  153.742609  -0.001598  88.141557  13.350000  0.030000
7  -2.168809  -1.076107  153.687287  -0.008123  88.843169  13.550000  0.030000
7  -2.168809  -1.072842  153.673404  0.010519  89.526262  13.540000  0.030000
7  -2.168809  -1.066749  153.635209  0.005326  90.238974  13.560000  0.030000
7  -2.168809  -1.035726  153.608598  0.008788  90.980583  13.640000  0.030000
7  -2.168809  -0.661411  153.575947  0.010919  91.658610  13.230000  0.030000
7  -2.168809  -0.602797  153.565957  0.012783  92.346537  12.750000  0.040000
7  -2.168809  -0.379364  153.553400  0.015579  93.029450  12.210000  0.040000
7  -2.168809  -0.316112  153.530570  0.004527  93.696438  11.770000  0.040000
7  -2.168809  -0.260930  153.537391  0.004128  94.345209  11.140000  0.040000
7  -2.168809  -0.298083  153.550415  0.015313  94.977903  10.490000  0.040000
7  -2.168809  -0.340739  153.536967  0.010786  95.741696  10.130000  0.040000
7  -2.168809  -0.340601  153.551043  0.005593  96.434002  9.980000  0.040000
7  -2.168809  -0.341832  153.546740  0.007590  97.124405  9.880000  0.040000
7  -2.168809  -0.341745  153.536687  0.014115  97.807657  10.110000  0.040000
7  -2.168809  -0.340959  153.547554  0.011318  98.498737  9.920000  0.050000
7  -2.168809  -0.339120  153.530275  -0.000399  99.162105  10.090000  0.050000
7  -2.168809  -0.339787  153.543450  0.006658  99.851246  10.220000  0.050000
7  -2.168809  -0.338177  153.515838  0.010120  100.518698  10.380000  0.050000
7  -2.168809  -0.340318  153.469014  0.000666  101.175434  10.560000  0.050000
7  -2.168809  -0.341330  153.460812  0.013316  101.892312  10.770000  0.050000
7  -2.168809  -0.343551  153.490826  0.021705  102.571164  10.970000  0.050000
7  -2.168809  -0.343472  153.482287  0.022104  103.242719  11.180000  0.050000
7  -2.168809  -0.342623  153.442690  0.019308  103.882412  11.310000  0.060000
7  -2.168809  -0.341408  153.479418  0.005726  104.531503  11.300000  0.060000
7  -2.168809  -0.339960  153.468176  0.011984  105.207354  11.350000  0.060000
7  -2.168809  -0.340784  153.482969  0.007457  105.860619  11.530000  0.060000
7  -2.168809  -0.340385  153.455451  0.008123  106.523644  11.720000  0.060000
7  -2.168809  -0.343195  153.502508  0.014514  107.181821  11.880000  0.060000
7  -2.168809  -0.342628  153.520539  0.005060  107.836907  11.920000  0.070000
7  -2.168809  -0.344585  153.579594  0.007723  108.540624  11.850000  0.070000
7  -2.168809  -0.345010  153.580866  0.009454  109.174820  11.730000  0.070000
7  -2.168809  -0.343131  153.567268  0.008389  109.886200  11.650000  0.070000
7  -2.168809  -0.341233  153.554876  0.006658  110.537697  11.750000  0.070000
7  -2.168809  -0.340057  153.513965  0.009454  111.198804  11.770000  0.070000
7  -2.168809  -0.342432  153.522445  0.008389  111.797976  11.820000  0.070000
7  -2.168809  -0.342414  153.539291  0.016778  112.560527  11.690000  0.080000
7  -2.168809  -0.343685  153.516479  0.016112  113.209586  11.450000  0.080000
7  -2.168809  -0.345425  153.492338  0.013715  113.828617  11.240000  0.080000
7  -2.168809  -0.346250  153.493193  0.013049  114.524699  10.960000  0.080000
7  -2.168809  -0.345991  153.483255  0.008655  115.161634  10.690000  0.080000
7  -2.168809  -0.344455  153.477735  0.015846  115.825404  10.270000  0.080000
7  -2.168809  -0.344085  153.510324  0.008256  116.489124  9.900000  0.090000
7  -2.168809  -0.342974  153.524361  0.001465  117.128887  9.540000  0.090000
7  -2.168809  -0.344556  153.485516  0.011851  117.765565  9.100000  0.090000
7  -2.168809  -0.346379  153.479172  -0.001864  118.404838  8.730000  0.090000
7  -2.168809  -0.346559  153.389536  -0.011984  119.005424  8.370000  0.090000
1  -0.346469  -0.346469  153.405208  0.006658  119.596451  8.070000  0.090000
1  -0.346178  -0.346178  153.405478  0.005859  120.289663  7.870000  0.090000
1  -0.346272  -0.346272  153.447489  0.013316  120.927853  7.580000  0.090000
1  -0.344415  -0.344190  153.440041  0.002796  121.561955  7.720000  0.100000
