1  4.661729  4.661729  62.566130  0.014248  4.097183  348.570007  0.570000
1  4.662165  4.662165  67.017052  0.003862  4.335023  348.559998  0.570000
1  4.663341  4.663341  71.544910  0.005326  4.554961  348.540009  0.570000
1  4.661984  4.661984  76.255583  0.018642  4.774364  348.519989  0.570000
1  4.663073  4.663124  80.443286  0.007989  4.984907  348.500000  0.570000
1  4.664445  4.664445  84.572923  0.011185  5.189576  348.480011  0.570000
1  4.663821  4.663821  88.796256  0.001598  5.398764  348.450012  0.570000
1  4.663769  4.663769  92.902442  0.012916  5.617178  348.410004  0.570000
1  4.663359  4.663359  96.750365  0.008922  5.845891  348.380005  0.570000
1  4.663540  4.663109  100.450627  0.006258  6.061684  348.339996  0.570000
1  4.664215  4.664215  104.170659  0.003728  6.281716  348.299988  0.570000
1  4.664690  4.664690  107.631118  0.002663  6.513668  348.260010  0.570000
1  4.663339  4.663339  110.886473  0.001997  6.741067  348.230011  0.570000
1  4.662935  4.662935  113.670879  0.003995  6.957039  348.190002  0.570000
1  4.662933  4.662744  116.539103  0.009587  7.186641  348.149994  0.570000
7  4.662696  4.665436  119.170737  0.009587  7.454821  348.109985  0.570000
7  4.662696  4.663609  121.702332  0.010120  7.691744  348.070007  0.570000
7  4.662696  4.665749  124.010306  0.018642  7.938745  348.029999  0.560000
7  4.662696  4.663639  126.245202  0.008655  8.164750  348.000000  0.560000
7  4.662696  4.662766  128.375352  0.009721  8.425196  347.970001  0.560000
7  4.662696  4.664595  130.302097  0.011851  8.679394  347.940002  0.560000
7  4.662696  4.664019  132.131372  0.013982  8.960572  347.920013  0.560000
7  4.662696  4.665798  133.780501  0.016112  9.235117  347.890015  0.560000
7  4.662696  4.664218  135.304395  0.008655  9.497232  347.869995  0.560000
7  4.662696  4.663539  136.588427  0.008256  9.792210  347.839996  0.560000
7  4.662696  4.663958  137.797048  0.002796  10.087428  347.820007  0.560000
7  4.662696  4.664333  138.993289  0.013449  10.376431  347.790009  0.560000
7  4.662696  4.662954  139.970488  0.016911  10.678236  347.760010  0.560000
7  4.662696  4.664300  141.056705  0.013316  10.974446  347.720001  0.560000
7  4.662696  4.662680  141.839987  0.005593  11.301429  347.690002  0.560000
7  4.662696  4.662833  142.607684  0.011052  11.602359  347.649994  0.560000
7  4.662696  4.664584  143.438231  0.005859  11.921131  347.609985  0.550000
7  4.662696  4.665225  144.129751  0.021838  12.253152  347.570007  0.550000
7  4.662696  4.662804  144.855577  0.015180  12.619925  347.519989  0.550000
7  4.662696  4.662912  145.566988  0.002264  12.968788  345.510010  0.550000
7  4.662696  4.664106  146.116150  0.008123  13.302753  345.510010  0.550000
7  4.662696  4.664348  146.645769  0.012384  13.681429  345.540009  0.550000
7  4.662696  4.664187  147.202539  0.016112  14.049196  345.519989  0.550000
7  4.662696  4.696175  147.703151  0.014914  14.444008  345.480011  0.550000
7  4.662696  4.650663  148.117572  0.016778  14.788251  345.399994  0.550000
7  4.662696  4.659563  148.578785  0.007457  15.250980  345.359985  0.550000
7  4.662696  4.707672  148.980274  0.010919  15.644979  345.309998  0.550000
7  4.662696  4.708352  149.233278  0.011585  16.021066  345.260010  0.550000
7  4.662696  4.710028  149.535191  0.015047  16.504604  345.220001  0.550000
7  4.662696  4.726621  149.847743  0.011984  16.949348  345.190002  0.550000
7  4.662696  4.733936  150.093972  0.019042  17.386390  345.160004  0.550000
7  4.662696  4.735973  150.374201  0.006525  17.835088  345.119995  0.550000
7  4.662696  4.801490  150.623155  0.003728  18.284442  345.059998  0.550000
7  4.662696  4.954118  150.830472  0.018509  18.729148  345.010010  0.550000
7  4.662696  5.604809  151.053906  0.023303  19.269462  344.950012  0.550000
7  4.662696  6.330258  151.325216  0.023569  19.775859  344.980011  0.550000
7  4.662696  6.671096  151.510784  0.014514  20.265034  345.000000  0.550000
7  4.662696  6.991495  151.681938  0.012384  20.782856  345.019989  0.550000
7  4.662696  7.495591  151.884650  0.015047  21.332274  344.880005  0.550000
7  4.662696  7.925265  152.075959  0.010786  21.862531  344.709991  0.550000
7  4.662696  8.029630  152.249207  0.014647  22.416185  344.579987  0.550000
7  4.662696  8.451390  152.404547  0.023702  22.968918  344.420013  0.540000
7  4.662696  8.646485  152.542185  0.022104  23.566432  344.170013  0.540000
7  4.662696  8.703810  152.658911  0.018109  24.147419  343.940002  0.540000
7  4.662696  9.284523  152.756333  0.018642  24.707705  343.720001  0.540000
7  4.662696  9.514625  152.868975  0.009587  25.310333  343.459991  0.540000
7  4.662696  9.687396  152.976460  0.016245  25.914509  343.220001  0.540000
7  4.662696  10.385200  153.049189  0.008788  26.494170  343.000000  0.540000
7  4.662696  10.966232  153.147166  0.020107  27.109816  342.809998  0.540000
7  4.662696  11.411911  153.200083  0.025700  27.739690  342.589996  0.540000
7  4.662696  11.787924  153.271714  0.019974  28.353510  342.399994  0.540000
7  4.662696  12.010750  153.337066  0.024102  28.961598  342.359985  0.540000
7  4.662696  12.286310  153.403736  0.025700  29.597099  342.350006  0.540000
7  4.662696  12.336606  153.446220  0.021705  30.158261  342.299988  0.540000
7  4.662696  12.390702  153.515378  0.013982  30.896570  342.269989  0.540000
7  4.662696  12.375568  153.541934  0.021305  31.570558  342.209991  0.550000
7  4.662696  12.361172  153.538278  0.023036  32.204753  342.170013  0.550000
7  4.662696  12.345703  153.637026  0.015846  32.872480  342.130005  0.550000
7  4.662696  12.351309  153.681573  0.017044  33.518866  342.079987  0.550000
7  4.662696  12.352831  153.687646  0.012384  34.170998  342.019989  0.550000
7  4.662696  12.337931  153.738134  0.021572  34.850160  341.959991  0.550000
7  4.662696  12.329658  153.799633  0.009321  35.549934  341.959991  0.550000
7  4.662696  12.323102  153.902074  0.017444  36.229798  341.959991  0.550000
7  4.662696  12.329804  153.917855  0.019574  36.829719  341.950012  0.550000
7  4.662696  12.333991  153.932498  0.011052  37.578085  341.970001  0.540000
7  4.662696  12.345802  153.947114  0.019707  38.258763  341.989990  0.540000
7  4.662696  12.362273  153.983996  0.015979  38.959927  341.980011  0.540000
7  4.662696  12.374076  154.020295  0.014914  39.630159  341.989990  0.540000
7  4.662696  12.376351  154.064773  0.017976  40.336745  342.049988  0.540000
7  4.662696  12.380637  154.103648  0.017976  41.003351  342.140015  0.540000
7  4.662696  12.376295  154.122216  0.014248  41.631457  342.220001  0.540000
7  4.662696  12.374913  154.123941  0.018775  42.404603  342.290009  0.540000
7  4.662696  12.377803  154.118610  0.012517  43.094243  342.309998  0.540000
7  4.662696  12.335196  154.093365  0.016645  43.788652  342.320007  0.540000
7  4.662696  11.935814  154.074696  0.017177  44.484508  342.350006  0.530000
7  4.662696  11.406034  154.139892  0.011851  45.201659  342.350006  0.530000
7  4.662696  11.151941  154.160274  0.015713  45.851624  342.369995  0.530000
7  4.662696  10.666284  154.169876  0.028496  46.626385  342.420013  0.530000
7  4.662696  9.979253  154.206087  0.019175  47.324319  342.480011  0.530000
7  4.662696  9.636329  154.167071  0.015047  48.035678  342.559998  0.530000
7  4.662696  9.478807  154.168649  0.013049  48.736716  342.640015  0.530000
7  4.662696  8.645717  154.198214  0.006125  49.428202  342.720001  0.530000
7  4.662696  8.439699  154.184269  0.010519  50.137213  342.790009  0.530000
7  4.662696  8.266237  154.150767  0.022903  50.844852  342.880005  0.530000
7  4.662696  7.623646  154.170784  0.013848  51.573027  342.950012  0.530000
7  4.662696  7.622071  154.185190  0.016645  52.257158  342.980011  0.530000
7  4.662696  7.682217  154.190655  0.024767  53.052946  343.000000  0.530000
7  4.662696  7.663672  154.175948  0.018376  53.777080  342.739990  0.530000
7  4.662696  7.726568  154.222104  0.015313  54.486159  342.429993  0.530000
7  4.662696  7.737724  154.251791  0.005992  55.133920  342.019989  0.520000
7  4.662696  7.614207  154.271838  0.022504  55.950934  341.549988  0.520000
7  4.662696  7.420585  154.311070  0.017577  56.682927  341.100006  0.510000
7  4.662696  7.291151  154.318887  0.019841  57.431096  340.660004  0.510000
7  4.662696  6.897364  154.347416  0.017444  58.171389  340.209991  0.510000
7  4.662696  6.660443  154.308498  0.020639  58.902621  339.750000  0.500000
7  4.662696  5.700037  154.296826  0.023702  59.654924  339.269989  0.500000
7  4.662696  5.119202  154.288518  0.013049  60.400164  338.769989  0.490000
7  4.662696  4.356604  154.263382  0.020240  61.159645  338.250000  0.490000
7  4.662696  3.839469  154.238744  0.024901  61.903279  337.750000  0.490000
7  4.662696  3.203198  154.237906  0.023968  62.653270  337.160004  0.480000
7  4.662696  2.650666  154.247830  0.010786  63.396866  336.559998  0.480000
7  4.662696  1.851979  154.284031  0.025167  64.164971  335.149994  0.470000
7  4.662696  1.245448  154.303513  0.013982  64.933860  333.809998  0.460000
7  4.662696  -0.032912  154.235073  0.022903  65.673708  332.410004  0.450000
7  4.662696  -0.269438  154.253683  0.004661  66.431904  330.980011  0.440000
7  4.662696  -1.163920  154.261131  0.022637  67.211374  329.489990  0.430000
7  4.662696  -2.395413  154.260768  0.024235  67.946208  327.920013  0.420000
7  4.662696  -3.381145  154.309106  0.022637  68.733764  326.290009  0.410000
7  4.662696  -3.903340  154.308035  0.019308  69.502276  324.609985  0.400000
7  4.662696  -4.684479  154.355554  0.015047  70.284249  322.869995  0.390000
7  4.662696  -5.753232  154.358144  0.024767  71.002294  321.070007  0.380000
7  4.662696  -6.350569  154.367867  0.016911  71.816135  319.170013  0.380000
7  4.662696  -6.631248  154.350366  0.006392  72.577448  317.230011  0.370000
7  4.662696  -6.633000  154.368969  0.013183  73.341416  315.200012  0.360000
7  4.662696  -6.631040  154.405561  0.016911  74.113340  313.079987  0.360000
7  4.662696  -6.626476  154.470685  0.020107  74.888207  310.920013  0.350000
7  4.662696  -6.625035  154.481654  0.017710  75.627722  310.309998  0.350000
7  4.662696  -6.634870  154.560173  0.022237  76.419699  309.720001  0.350000
7  4.662696  -6.603595  154.570439  0.016645  77.171249  309.119995  0.350000
7  4.662696  -6.568173  154.574207  0.017976  77.944253  308.500000  0.350000
7  4.662696  -6.550252  154.563536  0.017843  78.679855  307.890015  0.350000
7  4.662696  -6.539441  154.571257  0.019175  79.452039  307.269989  0.340000
7  4.662696  -6.495940  154.518694  0.019441  80.185137  306.679993  0.340000
7  4.662696  -6.620666  154.525048  0.018509  80.958793  306.089996  0.340000
7  4.662696  -6.748456  154.580567  0.014914  81.717521  305.540009  0.340000
7  4.662696  -7.087699  154.605821  0.006924  82.478329  304.970001  0.340000
7  4.662696  -7.507151  154.586038  0.017311  83.223841  304.369995  0.340000
7  4.662696  -7.804780  154.600060  0.020639  83.981935  303.769989  0.340000
7  4.662696  -7.906223  154.542587  0.028762  84.740557  303.170013  0.330000
7  4.662696  -8.549103  154.516355  0.017044  85.494717  302.609985  0.330000
7  4.662696  -8.620033  154.490123  0.015047  86.245023  302.029999  0.330000
7  4.662696  -8.752542  154.512438  0.021172  86.996835  301.440002  0.330000
7  4.662696  -9.114392  154.553809  0.021039  87.744978  300.850006  0.320000
7  4.662696  -9.548081  154.574651  0.011318  88.513881  300.239990  0.320000
7  4.662696  -9.932592  154.570756  0.031825  89.276062  299.640015  0.320000
7  4.662696  -10.426841  154.583037  0.015047  90.032678  299.040009  0.320000
7  4.662696  -10.804380  154.609594  0.020107  90.780213  298.380005  0.320000
7  4.662696  -10.974358  154.590033  0.020639  91.524998  297.690002  0.320000
7  4.662696  -11.045027  154.567798  0.020240  92.263676  297.000000  0.310000
7  4.662696  -11.094793  154.547531  0.019841  93.015600  296.279999  0.310000
7  4.662696  -11.092090  154.552672  0.009454  93.759401  295.549988  0.310000
7  4.662696  -11.068503  154.566457  0.024102  94.509200  295.459991  0.310000
7  4.662696  -11.068568  154.620332  0.019042  95.280963  294.179993  0.300000
7  4.662696  -11.061478  154.650477  0.023968  96.025083  292.880005  0.300000
7  4.662696  -11.048497  154.651521  0.023702  96.738537  291.529999  0.290000
7  4.662696  -11.028356  154.596617  0.021438  97.511479  289.929993  0.290000
7  4.662696  -11.009971  154.570742  0.015313  98.241719  288.329987  0.280000
7  4.662696  -11.010925  154.602423  0.020506  98.997341  286.679993  0.280000
7  4.662696  -11.016869  154.612709  0.027297  99.753031  284.980011  0.270000
7  4.662696  -11.016861  154.554315  0.020107  100.486132  283.260010  0.270000
7  4.662696  -11.018107  154.543561  0.019042  101.239904  281.869995  0.260000
7  4.662696  -11.016775  154.570127  0.012916  101.973736  280.440002  0.260000
7  4.662696  -11.010794  154.522739  0.019707  102.709216  279.570007  0.260000
7  4.662696  -11.006219  154.510848  0.011718  103.444793  278.739990  0.260000
7  4.662696  -11.006150  154.481357  0.019175  104.176212  277.920013  0.250000
7  4.662696  -10.997321  154.481434  0.030360  104.919042  277.029999  0.250000
7  4.662696  -10.932500  154.490095  0.029428  105.633069  276.119995  0.250000
7  4.662696  -10.650958  154.472580  0.016778  106.383313  275.170013  0.240000
7  4.662696  -9.833021  154.461373  0.019308  107.104328  274.500000  0.240000
7  4.662696  -9.125487  154.436959  0.017710  107.808170  273.790009  0.240000
7  4.662696  -8.471586  154.451491  0.016245  108.539914  273.079987  0.240000
7  4.662696  -7.678010  154.442968  0.018376  109.298899  272.369995  0.240000
7  4.662696  -7.395510  154.416469  0.014647  110.025188  271.670013  0.240000
7  4.662696  -7.328672  154.454063  0.020773  110.751136  270.959991  0.240000
7  4.662696  -7.204887  154.479114  0.025566  111.488664  270.279999  0.240000
7  4.662696  -7.130054  154.486424  0.021572  112.213114  269.670013  0.240000
7  4.662696  -7.131581  154.457251  0.022371  112.919318  269.070007  0.240000
7  4.662696  -7.125306  154.465820  0.026765  113.657096  268.730011  0.240000
7  4.662696  -7.016437  154.447110  0.025833  114.379153  268.369995  0.230000
7  4.662696  -6.941398  154.448488  0.020639  115.099212  268.000000  0.230000
7  4.662696  -6.780885  154.423232  0.022637  115.814080  267.630005  0.230000
7  4.662696  -6.625965  154.437629  0.027963  116.531680  267.260010  0.230000
7  4.662696  -6.093440  154.445344  0.021039  117.261906  266.880005  0.220000
7  4.662696  -5.267716  154.457889  0.021305  117.995137  266.489990  0.220000
7  4.662696  -4.029555  154.452893  0.021572  118.734421  266.089996  0.220000
7  4.662696  -3.444088  154.459993  0.018775  119.423990  265.739990  0.220000
7  4.662696  -2.803940  154.469162  0.015446  120.126595  265.290009  0.220000
7  4.662696  -2.598528  154.496000  0.028096  120.804159  264.799988  0.210000
7  4.662696  -2.266392  154.528958  0.010919  121.563620  264.380005  0.210000
7  4.662696  -1.463137  154.560767  0.015713  122.245777  263.779999  0.210000
7  4.662696  -0.915200  154.545066  0.027164  122.962730  263.190002  0.210000
7  4.662696  -0.591597  154.553820  0.020906  123.655869  262.500000  0.200000
7  4.662696  -0.207380  154.596372  0.026099  124.382778  261.769989  0.200000
7  4.662696  -0.145575  154.576535  0.024368  125.068657  261.000000  0.200000
7  4.662696  0.228379  154.601429  0.018509  125.753387  260.059998  0.190000
7  4.662696  0.643438  154.587114  0.012251  126.432215  259.149994  0.190000
7  4.662696  1.066973  154.547662  0.028762  127.107352  258.200012  0.190000
7  4.662696  1.304505  154.539893  0.017976  127.817089  257.230011  0.180000
7  4.662696  1.321012  154.579407  0.024501  128.526484  256.440002  0.180000
7  4.662696  1.350876  154.557675  0.018243  129.199219  256.260010  0.170000
7  4.662696  1.300982  154.609592  0.018509  129.853592  256.119995  0.170000
7  4.662696  0.890722  154.624917  0.024235  130.546842  256.329987  0.160000
7  4.662696  -0.088821  154.656422  0.030360  131.201841  256.670013  0.160000
7  4.662696  -0.275765  154.676446  0.015579  131.869862  256.559998  0.150000
7  4.662696  -1.265644  154.598198  0.026765  132.518146  256.410004  0.150000
7  4.662696  -1.863805  154.615759  0.015713  133.165776  256.339996  0.150000
7  4.662696  -2.238771  154.653463  0.023436  133.847958  256.100006  0.140000
7  4.662696  -2.263699  154.629343  0.022104  134.493706  256.410004  0.140000
7  4.662696  -2.242681  154.620950  0.019441  135.125678  256.730011  0.140000
7  4.662696  -2.237085  154.628941  0.023036  135.794066  257.079987  0.140000
7  4.662696  -2.230607  154.664876  0.024634  136.454061  257.290009  0.140000
7  4.662696  -2.180928  154.678083  0.023436  137.083550  257.399994  0.130000
7  4.662696  -2.174551  154.696296  0.030626  137.736409  257.350006  0.130000
7  4.662696  -2.175916  154.630390  0.013848  138.348037  257.459991  0.130000
7  4.662696  -2.172146  154.668429  0.026099  138.985006  257.929993  0.130000
7  4.662696  -2.171314  154.628540  0.022237  139.617256  258.410004  0.130000
7  4.662696  -2.171504  154.607423  0.021705  140.233026  258.380005  0.130000
7  4.662696  -2.170429  154.613549  0.023569  140.861680  258.369995  0.130000
7  4.662696  -2.169285  154.607921  0.010653  141.491524  258.390015  0.130000
7  4.662696  -2.168727  154.623235  0.017177  142.117987  258.429993  0.140000
7  4.662696  -2.168357  154.611489  0.024102  142.739992  258.399994  0.140000
7  4.662696  -2.168071  154.611726  0.017444  143.363229  258.369995  0.140000
7  4.662696  -2.167882  154.583031  0.027564  143.990425  258.339996  0.140000
7  4.662696  -2.167754  154.594973  0.026765  144.619875  258.279999  0.140000
7  4.662696  -2.168037  154.615136  0.023436  145.236311  258.220001  0.150000
7  4.662696  -2.169449  154.614815  0.020240  145.830511  258.130005  0.150000
7  4.662696  -2.167801  154.624413  0.018642  146.431394  257.799988  0.150000
7  4.662696  -2.168467  154.651013  0.023702  147.048088  257.510010  0.150000
7  4.662696  -2.167089  154.693579  0.024767  147.652884  257.089996  0.150000
7  4.662696  -2.167391  154.693151  0.025167  148.264195  256.660004  0.150000
7  4.662696  -2.168510  154.668545  0.022371  148.864319  256.359985  0.160000
7  4.662696  -2.168701  154.670041  0.029961  149.462424  256.109985  0.160000
7  4.662696  -2.166911  154.736044  0.036086  150.084367  255.889999  0.160000
7  4.662696  -2.168279  154.808665  0.022770  150.702530  255.639999  0.160000
7  4.662696  -2.167764  154.784358  0.020373  151.291150  255.369995  0.160000
7  4.662696  -2.167677  154.760741  0.027297  151.883733  255.160004  0.170000
7  4.662696  -2.168079  154.769872  0.025833  152.461918  254.940002  0.170000
7  4.662696  -2.167940  154.803987  0.015313  153.039354  254.649994  0.170000
7  4.662696  -2.167560  154.826131  0.018109  153.620286  254.410004  0.170000
7  4.662696  -2.167899  154.812009  0.020107  154.200154  254.330002  0.180000
7  4.662696  -2.168267  154.776238  0.020639  154.709030  254.229996  0.180000
7  4.662696  -2.164993  154.803515  0.029961  155.299372  254.169998  0.180000
7  4.662696  -2.168342  154.812706  0.014248  155.824523  254.119995  0.190000
7  4.662696  -2.168169  154.830063  0.020107  156.382327  254.029999  0.190000
7  4.662696  -2.168308  154.830575  0.020906  156.930652  253.869995  0.190000
7  4.662696  -2.168324  154.731076  0.020773  157.456843  253.600006  0.200000
7  4.662696  -2.168085  154.683623  0.026632  157.972151  253.110001  0.200000
7  4.662696  -2.167801  154.698210  0.019441  158.491501  252.589996  0.200000
7  4.662696  -2.166564  154.728900  0.015979  159.016430  252.000000  0.200000
7  4.662696  -2.167590  154.739363  0.022903  159.549195  251.449997  0.200000
7  4.662696  -2.168030  154.700251  0.019308  160.072148  250.949997  0.200000
7  4.662696  -2.167834  154.683724  0.020373  160.559306  250.440002  0.210000
7  4.662696  -2.167600  154.684359  0.019441  161.079100  249.880005  0.210000
7  4.662696  -2.168148  154.711517  0.015713  161.586019  249.350006  0.210000
7  4.662696  -2.166947  154.732430  0.019042  162.081005  248.869995  0.210000
7  4.662696  -2.167201  154.765425  0.018775  162.600574  248.360001  0.220000
7  4.662696  -2.167798  154.773850  0.023303  163.075391  247.809998  0.220000
7  4.662696  -2.167831  154.760717  0.031425  163.581786  247.259995  0.220000
7  4.662696  -2.167252  154.711813  0.022770  164.053425  246.720001  0.220000
7  4.662696  -2.167256  154.684392  0.021039  164.513374  246.279999  0.220000
7  4.662696  -2.167700  154.673511  0.014647  164.969384  245.830002  0.230000
7  4.662696  -2.166133  154.643803  0.018908  165.428178  245.339996  0.230000
7  4.662696  -2.167558  154.653555  0.017843  165.926208  244.860001  0.230000
7  4.662696  -2.168789  154.645776  0.021305  166.384884  244.419998  0.230000
7  4.662696  -2.167349  154.659460  0.028895  166.857777  243.979996  0.230000
7  4.662696  -2.167511  154.653577  0.025433  167.310317  243.509995  0.240000
7  4.662696  -2.168699  154.624025  0.015846  167.788522  243.139999  0.240000
7  4.662696  -2.168018  154.588784  0.024102  168.206711  242.759995  0.240000
7  4.662696  -2.168036  154.640741  0.029162  168.699358  242.429993  0.240000
7  4.662696  -2.167897  154.657065  0.016645  169.139765  242.050003  0.240000
7  4.662696  -2.167869  154.681112  0.020639  169.579356  241.710007  0.240000
1  -2.167580  -2.167580  154.703922  0.025167  170.013051  241.360001  0.240000
