1  0.000000  0.000000  0.003027  0.030272  0.048436  0.000000  0.000000  0.000000  0.000000  0.000000
1  0.003027  0.003027  0.008992  0.059645  0.085745  0.000000  0.000000  0.000000  0.000000  0.000000
1  0.008992  0.008992  0.017793  0.088011  0.113982  0.000000  0.000000  0.000000  0.000000  0.000000
1  0.017793  0.017793  0.029339  0.115463  0.135109  0.000000  0.000000  0.000000  0.000000  0.000000
1  0.029339  0.029339  0.043541  0.142016  0.150571  0.000000  0.000000  0.000000  0.000000  0.000000
1  0.043541  0.043541  0.060309  0.167684  0.161527  0.000000  0.000000  0.000000  0.000000  0.000000
1  0.060309  0.060309  0.079557  0.192473  0.168883  0.000000  0.000000  0.000000  0.000000  0.000000
1  0.079557  0.079557  0.101200  0.216430  0.173438  0.000000  0.000000  0.000000  0.000000  0.000000
1  0.101200  0.101200  0.125155  0.239550  0.175742  0.000000  0.000000  0.000000  0.000000  0.000000
1  0.125155  0.125155  0.151348  0.261934  0.176408  0.000000  0.000000  0.000000  0.000000  0.000000
1  0.151348  0.151348  0.179705  0.283569  0.175743  0.000000  0.000000  0.000000  0.000000  0.000000
1  0.179705  0.179705  0.210154  0.304486  0.174061  0.000000  0.000000  0.000000  0.000000  0.000000
1  0.210154  0.210154  0.242625  0.324712  0.171610  0.000000  0.000000  0.000000  0.000000  0.000000
1  0.242625  0.242625  0.277053  0.344278  0.168594  0.000000  0.000000  0.000000  0.000000  0.000000
1  0.277053  0.277053  0.313370  0.363170  0.165103  0.000000  0.000000  0.000000  0.000000  0.000000
1  0.313370  0.313370  0.351515  0.381452  0.161332  0.000000  0.000000  0.000000  0.000000  0.000000
1  0.351515  0.351515  0.391425  0.399106  0.157313  0.000000  0.000000  0.000000  0.000000  0.000000
1  0.391425  0.391425  0.433044  0.416189  0.153182  0.000000  0.000000  0.000000  0.000000  0.000000
1  0.433044  0.433044  0.476311  0.432670  0.148915  0.000000  0.000000  0.000000  0.000000  0.000000
1  0.476311  0.476311  0.521173  0.448616  0.144647  0.000000  0.000000  0.000000  0.000000  0.000000
1  0.521173  0.521173  0.567575  0.464026  0.140373  0.000000  0.000000  0.000000  0.000000  0.000000
1  0.567575  0.567575  0.615469  0.478938  0.136158  0.000000  0.000000  0.000000  0.000000  0.000000
1  0.615469  0.615469  0.664803  0.493338  0.131966  0.000000  0.000000  0.000000  0.000000  0.000000
1  0.664803  0.664803  0.715530  0.507270  0.127864  0.000000  0.000000  0.000000  0.000000  0.000000
1  0.715530  0.715530  0.767607  0.520765  0.123883  0.000000  0.000000  0.000000  0.000000  0.000000
1  0.767607  0.767607  0.820986  0.533794  0.119953  0.000000  0.000000  0.000000  0.000000  0.000000
1  0.820986  0.820986  0.875621  0.546354  0.116058  0.000000  0.000000  0.000000  0.000000  0.000000
1  0.875621  0.875621  0.931474  0.558522  0.112317  0.000000  0.000000  0.000000  0.000000  0.000000
1  0.931474  0.931474  0.988502  0.570289  0.108680  0.000000  0.000000  0.000000  0.000000  0.000000
1  0.988502  0.988502  1.046670  0.581670  0.105154  0.000000  0.000000  0.000000  0.000000  0.000000
1  1.046670  1.046670  1.105936  0.592665  0.101714  0.000000  0.000000  0.000000  0.000000  0.000000
1  1.105936  1.105936  1.166265  0.603287  0.098367  0.000000  0.000000  0.000000  0.000000  0.000000
1  1.166265  1.166265  1.227620  0.613554  0.095121  0.000000  0.000000  0.000000  0.000000  0.000000
1  1.227620  1.227620  1.289965  0.623452  0.091934  0.000000  0.000000  0.000000  0.000000  0.000000
1  1.289965  1.289965  1.353269  0.633038  0.088884  0.000000  0.000000  0.000000  0.000000  0.000000
1  1.353269  1.353269  1.417500  0.642305  0.085934  0.000000  0.000000  0.000000  0.000000  0.000000
1  1.417500  1.417500  1.482628  0.651283  0.083112  0.000000  0.000000  0.000000  0.000000  0.000000
1  1.482628  1.482628  1.548621  0.659932  0.080329  0.000000  0.000000  0.000000  0.000000  0.000000
2  1.548621  1.548621  1.612415  0.637934  0.029067  0.000000  0.000000  0.000000  0.000000  0.000000
2  1.548621  1.614614  1.674274  0.618595  -0.007689  -0.002200  -0.021998  -0.000220  0.077014  0.061594
2  1.548621  1.680608  1.732779  0.585046  -0.059830  -0.006333  -0.020879  -0.000853  -0.517161  -0.540352
2  1.548621  1.744555  1.786985  0.542063  -0.116638  -0.011776  -0.019603  -0.002031  -0.939286  -0.972843
2  1.548621  1.805020  1.836315  0.493302  -0.171328  -0.018035  -0.018111  -0.003834  -1.227691  -1.273199
2  1.548621  1.861037  1.880469  0.441538  -0.219884  -0.024722  -0.016369  -0.006307  -1.412819  -1.471079
2  1.548621  1.912004  1.919354  0.388850  -0.260209  -0.031535  -0.014367  -0.009460  -1.518814  -1.590014
2  1.548621  1.957595  1.953031  0.336768  -0.291497  -0.038241  -0.012108  -0.013284  -1.564785  -1.648650
2  1.548621  1.997691  1.981670  0.286397  -0.313792  -0.044660  -0.009608  -0.017750  -1.565828  -1.661727
2  1.548621  2.032328  2.005521  0.238505  -0.327661  -0.050658  -0.006890  -0.022816  -1.533829  -1.640871
2  1.548621  2.061657  2.024881  0.193602  -0.333974  -0.056136  -0.003985  -0.028430  -1.478120  -1.595227
2  1.548621  2.085906  2.040081  0.151998  -0.333744  -0.061025  -0.000924  -0.034532  -1.405994  -1.531960
2  1.548621  2.105359  2.051466  0.113854  -0.328027  -0.065278  0.002256  -0.041060  -1.323125  -1.456658
2  1.548621  2.120333  2.059387  0.079211  -0.317849  -0.068867  0.005519  -0.047947  -1.233892  -1.373661
2  1.548621  2.131166  2.064190  0.048029  -0.304170  -0.071779  0.008829  -0.055125  -1.141653  -1.286309
2  1.548621  2.138205  2.066211  0.020205  -0.287856  -0.074014  0.012151  -0.062526  -1.048950  -1.197156
2  1.548621  2.141792  2.065770  -0.004411  -0.269670  -0.075582  0.015451  -0.070084  -0.957684  -1.108130
2  1.548621  2.142268  2.063170  -0.025995  -0.250270  -0.076498  0.018697  -0.077734  -0.869247  -1.020667
2  1.548621  2.139957  2.058696  -0.044744  -0.230215  -0.076787  0.021860  -0.085413  -0.784630  -0.935814
2  1.548621  2.135171  2.052609  -0.060866  -0.209966  -0.076476  0.024911  -0.093060  -0.704511  -0.854313
2  1.548621  2.128206  2.045152  -0.074570  -0.189900  -0.075597  0.027825  -0.100620  -0.629325  -0.776667
2  1.548621  2.119337  2.036546  -0.086067  -0.170315  -0.074185  0.030581  -0.108038  -0.559313  -0.703195
2  1.548621  2.108822  2.026989  -0.095562  -0.151445  -0.072276  0.033159  -0.115266  -0.494573  -0.634073
2  1.548621  2.096899  2.016664  -0.103254  -0.133463  -0.069910  0.035541  -0.122257  -0.435090  -0.569365
2  1.548621  2.083789  2.005731  -0.109332  -0.116494  -0.067125  0.037713  -0.128969  -0.380765  -0.509055
2  1.548621  2.069692  1.994333  -0.113973  -0.100622  -0.063961  0.039664  -0.135365  -0.331436  -0.453063
2  1.548621  2.054792  1.982599  -0.117346  -0.085895  -0.060459  0.041382  -0.141411  -0.286896  -0.401264
2  1.548621  2.039257  1.970638  -0.119608  -0.072334  -0.056658  0.042862  -0.147077  -0.246909  -0.353502
2  1.548621  2.023236  1.958548  -0.120901  -0.059936  -0.052598  0.044098  -0.152337  -0.211217  -0.309597
2  1.548621  2.006866  1.946412  -0.121360  -0.048683  -0.048318  0.045088  -0.157169  -0.179548  -0.269356
2  1.548621  1.990267  1.934302  -0.121105  -0.038539  -0.043855  0.045830  -0.161554  -0.151627  -0.232576
2  1.548621  1.973548  1.922277  -0.120248  -0.029459  -0.039246  0.046326  -0.165479  -0.127177  -0.199055
2  1.548621  1.956805  1.910388  -0.118888  -0.021391  -0.034528  0.046579  -0.168932  -0.105927  -0.168586
2  1.548621  1.940122  1.898677  -0.117115  -0.014277  -0.029734  0.046593  -0.171905  -0.087608  -0.140970
2  4.048621  1.923574  1.887176  -0.115010  -0.008054  -0.024897  0.046374  -0.174395  -0.071963  -0.116011
2  4.048621  1.907225  1.878411  -0.087645  0.037341  -0.020050  0.045929  -0.176400  0.941256  0.906482
2  4.048621  1.891131  1.874065  -0.043459  0.100571  -0.012720  0.045267  -0.177672  1.650595  1.630021
2  6.548621  1.877840  1.875176  0.011112  0.167771  -0.003775  0.044273  -0.178049  2.124900  2.121681
2  6.548621  1.869067  1.884797  0.096210  0.270373  0.006110  0.042877  -0.177438  3.418732  3.434646
2  9.048621  1.865890  1.904180  0.193822  0.372478  0.018907  0.041050  -0.175548  4.032762  4.073547
2  9.048621  1.871406  1.933264  0.290842  0.453214  0.032773  0.038662  -0.172270  4.139229  4.206880
2  9.048621  1.886922  1.971995  0.387309  0.516918  0.046342  0.035682  -0.167636  4.246453  4.340213
2  9.048621  1.912438  2.020321  0.483262  0.567059  0.059556  0.032149  -0.161680  4.354527  4.473547
2  9.048621  1.947954  2.078195  0.578742  0.606415  0.072367  0.028102  -0.154444  4.463540  4.606880
2  9.048621  1.993470  2.145574  0.673789  0.637208  0.084725  0.023582  -0.145971  4.573570  4.740213
2  9.048621  2.048986  2.222419  0.768447  0.661219  0.096588  0.018629  -0.136312  4.684688  4.873547
2  9.048621  2.114502  2.308694  0.862756  0.679869  0.107916  0.013287  -0.125521  4.796956  5.006880
2  9.048621  2.190018  2.404370  0.956758  0.694299  0.118676  0.007596  -0.113653  4.910429  5.140213
2  9.048621  2.275534  2.509420  1.050495  0.705418  0.128836  0.001598  -0.100770  5.025153  5.273547
2  9.048621  2.371050  2.623821  1.144008  0.713955  0.138369  -0.004665  -0.086933  5.141167  5.406880
2  9.048621  2.476566  2.747554  1.237337  0.720490  0.147254  -0.011152  -0.072207  5.258502  5.540213
2  9.048621  2.592082  2.880297  1.327432  0.720545  0.155472  -0.017823  -0.056660  5.253604  5.549970
2  9.048621  2.717598  3.021409  1.411113  0.710325  0.162699  -0.024638  -0.040390  5.117142  5.426182
2  9.048621  2.852805  3.170036  1.486276  0.688521  0.168603  -0.031543  -0.023530  4.887993  5.207075
2  9.048621  2.997071  3.325200  1.551641  0.655401  0.172965  -0.038469  -0.006233  4.596320  4.922393
2  9.048621  3.149545  3.485856  1.606554  0.612181  0.175655  -0.045338  0.011332  4.265367  4.595141
2  9.048621  3.309243  3.650938  1.650825  0.560578  0.176612  -0.052071  0.028993  3.912897  4.242986
2  9.048621  3.475106  3.819399  1.684606  0.502512  0.175832  -0.058588  0.046577  3.552339  3.879367
2  9.048621  3.646047  3.990228  1.708295  0.439912  0.173352  -0.064811  0.063912  3.193701  3.514391
2  9.048621  3.820989  4.162474  1.722459  0.374593  0.169240  -0.070667  0.080836  2.844304  3.155533
2  9.048621  3.998885  4.335252  1.727778  0.308184  0.163589  -0.076093  0.097195  2.509358  2.808210
2  9.048621  4.178740  4.507752  1.724996  0.242096  0.156512  -0.081027  0.112846  2.192430  2.476225
2  9.048621  4.359621  4.679241  1.714891  0.177510  0.148131  -0.085421  0.127659  1.895811  2.162128
2  9.048621  4.540662  4.849066  1.698249  0.115379  0.138578  -0.089232  0.141517  1.620808  1.867500
2  9.048621  4.721075  5.016650  1.675840  0.056449  0.127991  -0.092425  0.154316  1.367976  1.593177
2  9.048621  4.900142  5.181491  1.648411  0.001273  0.116507  -0.094974  0.165967  1.137304  1.339429
2  9.048621  5.077223  5.343158  1.616673  -0.049762  0.104267  -0.096861  0.176393  0.928360  1.106103
2  9.048621  5.251751  5.501287  1.581294  -0.096416  0.091407  -0.098076  0.185534  0.740403  0.892733
2  9.048621  5.423226  5.655577  1.542896  -0.138570  0.078062  -0.098615  0.193340  0.572477  0.698626
2  9.048621  5.591217  5.805782  1.502053  -0.176204  0.064360  -0.098482  0.199776  0.423478  0.522936
2  9.048621  5.755354  5.951711  1.459290  -0.209384  0.050428  -0.097686  0.204819  0.292213  0.364707
2  9.048621  5.915328  6.093219  1.415083  -0.238239  0.036383  -0.096242  0.208457  0.177436  0.222927
2  9.048621  6.070881  6.230206  1.369861  -0.262947  0.022338  -0.094171  0.210691  0.077889  0.096549
2  9.048621  6.221807  6.362606  1.324007  -0.283724  0.008399  -0.091498  0.211531  -0.007680  -0.015479
2  9.048621  6.367943  6.490392  1.277861  -0.300813  -0.005336  -0.088254  0.210997  -0.080498  -0.114197
2  9.048621  6.509169  6.613564  1.231722  -0.314473  -0.018776  -0.084469  0.209120  -0.141747  -0.200623
2  9.048621  6.645402  6.732149  1.185850  -0.324972  -0.031837  -0.080182  0.205936  -0.192564  -0.275735
2  9.048621  6.776592  6.846197  1.140471  -0.332584  -0.044442  -0.075430  0.201492  -0.234025  -0.340476
2  9.048621  6.902720  6.955774  1.095777  -0.337578  -0.056523  -0.070254  0.195839  -0.267147  -0.395737
2  9.048621  7.023792  7.060967  1.051929  -0.340219  -0.068018  -0.064698  0.189038  -0.292883  -0.442365
2  9.048621  7.139840  7.161873  1.009061  -0.340763  -0.078873  -0.058804  0.181150  -0.312122  -0.481154
2  9.048621  7.250913  7.258602  0.967284  -0.339455  -0.089040  -0.052618  0.172246  -0.325687  -0.512851
2  9.048621  7.357081  7.351270  0.926683  -0.336526  -0.098479  -0.046185  0.162398  -0.334340  -0.538152
2  9.048621  7.458428  7.440002  0.887324  -0.332195  -0.107158  -0.039550  0.151683  -0.338779  -0.557702
2  9.048621  7.555051  7.524928  0.849255  -0.326666  -0.115049  -0.032759  0.140178  -0.339644  -0.572103
2  9.048621  7.647059  7.606179  0.812509  -0.320127  -0.122132  -0.025855  0.127965  -0.337515  -0.581910
2  9.048621  7.734571  7.683889  0.777102  -0.312752  -0.128392  -0.018884  0.115125  -0.332921  -0.587634
2  9.048621  7.817710  7.758193  0.743040  -0.304701  -0.133821  -0.011886  0.101743  -0.326336  -0.589747
2  9.048621  7.896609  7.829225  0.710318  -0.296117  -0.138416  -0.004905  0.087902  -0.318187  -0.588681
2  9.048621  7.971403  7.897117  0.678919  -0.287131  -0.142178  0.002021  0.073684  -0.308854  -0.584832
2  9.048621  8.042233  7.961999  0.648822  -0.277861  -0.145116  0.008853  0.059172  -0.298673  -0.578562
2  9.048621  8.109239  8.023998  0.619996  -0.268410  -0.147241  0.015555  0.044448  -0.287941  -0.570200
2  9.048621  8.172566  8.083239  0.592406  -0.258871  -0.148568  0.022093  0.029591  -0.276916  -0.560046
2  9.048621  8.232356  8.139840  0.566014  -0.249325  -0.149117  0.028435  0.014680  -0.265823  -0.548372
2  9.048621  8.288753  8.193918  0.540775  -0.239841  -0.148913  0.034551  -0.000212  -0.254853  -0.535425
2  9.048621  8.341900  8.245582  0.516645  -0.230481  -0.147982  0.040413  -0.015010  -0.244168  -0.521426
2  9.048621  8.391936  8.294940  0.493576  -0.221296  -0.146354  0.045998  -0.029645  -0.233903  -0.506575
2  9.048621  8.439001  8.342092  0.471519  -0.212327  -0.144061  0.051281  -0.044051  -0.224167  -0.491053
2  9.048621  8.483230  8.387134  0.450426  -0.203611  -0.141138  0.056244  -0.058165  -0.215048  -0.475019
2  9.048621  8.524758  8.430159  0.430246  -0.195176  -0.137623  0.060869  -0.071927  -0.206613  -0.458617
2  9.048621  8.563713  8.471252  0.410932  -0.187044  -0.133554  0.065140  -0.085283  -0.198908  -0.441975
2  9.048621  8.600224  8.510496  0.392435  -0.179230  -0.128972  0.069045  -0.098180  -0.191966  -0.425205
2  9.048621  8.634413  8.547967  0.374709  -0.171746  -0.123917  0.072575  -0.110572  -0.185803  -0.408407
2  9.048621  8.666399  8.583738  0.357708  -0.164598  -0.118432  0.075720  -0.122415  -0.180422  -0.391667
2  9.048621  8.696298  8.617877  0.341389  -0.157789  -0.112560  0.078478  -0.133671  -0.175814  -0.375063
2  9.048621  8.724221  8.650448  0.325711  -0.151317  -0.106344  0.080843  -0.144305  -0.171962  -0.358659
2  9.048621  8.750275  8.681511  0.310633  -0.145178  -0.099828  0.082816  -0.154288  -0.168837  -0.342514
2  9.048621  8.774565  8.711123  0.296118  -0.139366  -0.093054  0.084397  -0.163593  -0.166405  -0.326674
2  9.048621  8.797188  8.739336  0.282132  -0.133871  -0.086066  0.085590  -0.172200  -0.164626  -0.311182
2  9.048621  8.818241  8.766200  0.268641  -0.128682  -0.078905  0.086401  -0.180091  -0.163451  -0.296070
2  9.048621  8.837814  8.791761  0.255616  -0.123786  -0.071614  0.086837  -0.187252  -0.162832  -0.281368
2  9.048621  8.855995  8.816064  0.243027  -0.119170  -0.064233  0.086906  -0.193675  -0.162715  -0.267096
2  9.048621  8.872866  8.839149  0.230850  -0.114819  -0.056801  0.086618  -0.199355  -0.163044  -0.253273
2  9.048621  8.888507  8.861055  0.219061  -0.110718  -0.049357  0.085987  -0.204291  -0.163762  -0.239912
2  9.048621  8.902993  8.881819  0.207639  -0.106850  -0.041938  0.085024  -0.208485  -0.164810  -0.227021
2  9.048621  8.916397  8.901476  0.196564  -0.103199  -0.034577  0.083745  -0.211943  -0.166131  -0.214607
2  9.048621  8.928786  8.920058  0.185820  -0.099750  -0.027310  0.082166  -0.214674  -0.167667  -0.202672
2  9.048621  8.940226  8.937597  0.175392  -0.096485  -0.020168  0.080302  -0.216690  -0.169361  -0.191215
2  9.048621  8.950778  8.954124  0.165267  -0.093388  -0.013181  0.078172  -0.218009  -0.171158  -0.180234
2  9.048621  8.960500  8.969667  0.155433  -0.090445  -0.006376  0.075793  -0.218646  -0.173004  -0.169725
2  9.048621  8.969447  8.984255  0.145881  -0.087640  0.000220  0.073184  -0.218624  -0.174850  -0.159680
2  9.048621  8.977672  8.997915  0.136602  -0.084958  0.006583  0.070366  -0.217966  -0.176646  -0.150093
2  9.048621  8.985223  9.010674  0.127590  -0.082386  0.012692  0.067356  -0.216697  -0.178346  -0.140954
2  9.048621  8.992148  9.022558  0.118839  -0.079910  0.018526  0.064176  -0.214844  -0.179909  -0.132253
2  9.048621  8.998489  9.033593  0.110345  -0.077518  0.024069  0.060846  -0.212437  -0.181294  -0.123978
2  9.048621  9.004289  9.043803  0.102106  -0.075198  0.029304  0.057385  -0.209507  -0.182467  -0.116117
2  9.048621  9.009585  9.053215  0.094117  -0.072940  0.034218  0.053813  -0.206085  -0.183393  -0.108658
2  9.048621  9.014414  9.061853  0.086379  -0.070733  0.038801  0.050151  -0.202205  -0.184046  -0.101589
2  9.048621  9.018811  9.069742  0.078890  -0.068569  0.043042  0.046418  -0.197901  -0.184398  -0.094895
2  9.048621  9.022807  9.076907  0.071649  -0.066440  0.046935  0.042633  -0.193207  -0.184429  -0.088564
2  9.048621  9.026432  9.083373  0.064658  -0.064338  0.050474  0.038815  -0.188160  -0.184121  -0.082581
2  9.048621  9.029716  9.089164  0.057916  -0.062257  0.053657  0.034983  -0.182794  -0.183458  -0.076933
2  9.048621  9.032683  9.094307  0.051425  -0.060192  0.056481  0.031154  -0.177146  -0.182430  -0.071606
2  9.048621  9.035360  9.098825  0.045185  -0.058137  0.058947  0.027345  -0.171251  -0.181029  -0.066587
2  9.048621  9.037768  9.102745  0.039198  -0.056090  0.061058  0.023572  -0.165145  -0.179249  -0.061863
2  9.048621  9.039929  9.106091  0.033464  -0.054046  0.062816  0.019852  -0.158864  -0.177091  -0.057420
2  9.048621  9.041863  9.108890  0.027984  -0.052004  0.064228  0.016198  -0.152441  -0.174555  -0.053245
2  9.048621  9.043590  9.111166  0.022760  -0.049961  0.065300  0.012625  -0.145911  -0.171647  -0.049326
2  9.048621  9.045126  9.112945  0.017792  -0.047918  0.066040  0.009147  -0.139307  -0.168372  -0.045650
2  9.048621  9.046487  9.114253  0.013081  -0.045873  0.066458  0.005774  -0.132661  -0.164741  -0.042205
2  9.048621  9.047689  9.115116  0.008626  -0.043827  0.066564  0.002518  -0.126005  -0.160766  -0.038980
2  9.048621  9.048745  9.115558  0.004427  -0.041780  0.066370  -0.000611  -0.119368  -0.156461  -0.035963
2  9.048621  9.049669  9.115607  0.000483  -0.039734  0.065889  -0.003603  -0.112779  -0.151842  -0.033143
2  9.048621  9.050472  9.115286  -0.003206  -0.037690  0.065135  -0.006450  -0.106266  -0.146928  -0.030510
2  9.048621  9.051165  9.114622  -0.006643  -0.035650  0.064121  -0.009146  -0.099854  -0.141737  -0.028054
2  9.048621  9.051759  9.113639  -0.009829  -0.033618  0.062862  -0.011683  -0.093567  -0.136291  -0.025765
2  9.048621  9.052263  9.112362  -0.012766  -0.031594  0.061375  -0.014057  -0.087430  -0.130612  -0.023632
2  9.048621  9.052686  9.110816  -0.015459  -0.029584  0.059676  -0.016263  -0.081462  -0.124723  -0.021649
2  9.048621  9.053036  9.109025  -0.017910  -0.027588  0.057781  -0.018297  -0.075684  -0.118648  -0.019805
2  9.048621  9.053320  9.107013  -0.020123  -0.025612  0.055706  -0.020159  -0.070114  -0.112413  -0.018092
2  9.048621  9.053544  9.104803  -0.022103  -0.023658  0.053469  -0.021845  -0.064767  -0.106041  -0.016503
2  9.048621  9.053717  9.102417  -0.023856  -0.021730  0.051086  -0.023355  -0.059658  -0.099559  -0.015030
2  9.048621  9.053842  9.099879  -0.025385  -0.019831  0.048575  -0.024690  -0.054801  -0.092992  -0.013666
2  9.048621  9.053925  9.097209  -0.026698  -0.017966  0.045953  -0.025850  -0.050205  -0.086366  -0.012404
2  9.048621  9.053972  9.094429  -0.027801  -0.016137  0.043237  -0.026837  -0.045882  -0.079706  -0.011238
2  9.048621  9.053986  9.091559  -0.028700  -0.014348  0.040443  -0.027654  -0.041837  -0.073037  -0.010162
2  9.048621  9.053971  9.088618  -0.029403  -0.012603  0.037588  -0.028304  -0.038078  -0.066385  -0.009169
2  9.048621  9.053931  9.085627  -0.029917  -0.010905  0.034687  -0.028791  -0.034610  -0.059772  -0.008255
2  9.048621  9.053870  9.082602  -0.030251  -0.009258  0.031757  -0.029119  -0.031434  -0.053223  -0.007413
2  9.048621  9.053790  9.079560  -0.030411  -0.007663  0.028811  -0.029294  -0.028553  -0.046760  -0.006640
2  9.048621  9.053695  9.076520  -0.030408  -0.006125  0.025866  -0.029321  -0.025966  -0.040405  -0.005930
2  9.048621  9.053586  9.073495  -0.030248  -0.004645  0.022934  -0.029205  -0.023673  -0.034177  -0.005279
2  9.048621  9.053465  9.070501  -0.029943  -0.003227  0.020029  -0.028954  -0.021670  -0.028098  -0.004683
2  9.048621  9.053336  9.067551  -0.029499  -0.001872  0.017165  -0.028574  -0.019954  -0.022185  -0.004139
2  9.048621  9.053199  9.064658  -0.028927  -0.000582  0.014352  -0.028073  -0.018518  -0.016456  -0.003641
2  9.048621  9.053056  9.061834  -0.028236  0.000640  0.011601  -0.027458  -0.017358  -0.010926  -0.003188
2  9.048621  9.052910  9.059091  -0.027435  0.001793  0.008925  -0.026736  -0.016466  -0.005610  -0.002775
2  9.048621  9.052759  9.056437  -0.026534  0.002877  0.006331  -0.025915  -0.015833  -0.000522  -0.002400
2  9.048621  9.052607  9.053883  -0.025541  0.003890  0.003830  -0.025005  -0.015450  0.004327  -0.002060
2  9.048621  9.052455  9.051437  -0.024467  0.004831  0.001429  -0.024012  -0.015307  0.008927  -0.001752
2  9.048621  9.052302  9.049105  -0.023319  0.005700  -0.000865  -0.022944  -0.015393  0.013267  -0.001474
2  9.048621  9.052149  9.046894  -0.022109  0.006498  -0.003045  -0.021811  -0.015698  0.017341  -0.001223
2  9.048621  9.051999  9.044810  -0.020843  0.007223  -0.005105  -0.020620  -0.016208  0.021142  -0.000998
2  9.048621  9.051850  9.042856  -0.019532  0.007877  -0.007040  -0.019379  -0.016912  0.024665  -0.000795
2  9.048621  9.051703  9.041038  -0.018183  0.008459  -0.008847  -0.018096  -0.017797  0.027907  -0.000614
2  9.048621  9.051560  9.039358  -0.016805  0.008972  -0.010522  -0.016780  -0.018849  0.030865  -0.000453
2  9.048621  9.051419  9.037817  -0.015407  0.009415  -0.012062  -0.015438  -0.020055  0.033539  -0.000309
2  9.048621  9.051283  9.036417  -0.013995  0.009791  -0.013466  -0.014077  -0.021402  0.035928  -0.000182
2  9.048621  9.051150  9.035160  -0.012577  0.010101  -0.014732  -0.012705  -0.022875  0.038034  -0.000070
2  9.048621  9.051021  9.034044  -0.011162  0.010346  -0.015861  -0.011329  -0.024461  0.039861  0.000028
2  9.048621  9.050896  9.033068  -0.009754  0.010528  -0.016852  -0.009955  -0.026146  0.041412  0.000114
2  9.048621  9.050775  9.032232  -0.008362  0.010651  -0.017707  -0.008591  -0.027917  0.042691  0.000189
2  9.048621  9.050659  9.031533  -0.006991  0.010715  -0.018427  -0.007242  -0.029760  0.043705  0.000254
2  9.048621  9.050547  9.030968  -0.005646  0.010723  -0.019014  -0.005915  -0.031661  0.044460  0.000309
2  9.048621  9.050439  9.030535  -0.004334  0.010678  -0.019471  -0.004614  -0.033608  0.044965  0.000355
2  9.048621  9.050336  9.030229  -0.003059  0.010583  -0.019801  -0.003345  -0.035589  0.045228  0.000394
2  9.048621  9.050237  9.030047  -0.001825  0.010440  -0.020008  -0.002112  -0.037589  0.045258  0.000427
2  9.048621  9.050143  9.029983  -0.000638  0.010252  -0.020096  -0.000921  -0.039599  0.045065  0.000453
2  9.048621  9.050052  9.030033  0.000500  0.010022  -0.020069  0.000225  -0.041606  0.044660  0.000473
2  9.048621  9.049966  9.030191  0.001585  0.009753  -0.019933  0.001322  -0.043599  0.044054  0.000489
2  9.048621  9.049884  9.030453  0.002613  0.009448  -0.019693  0.002367  -0.045568  0.043258  0.000500
2  9.048621  9.049806  9.030811  0.003583  0.009110  -0.019353  0.003357  -0.047504  0.042285  0.000507
2  9.048621  9.049731  9.031260  0.004493  0.008743  -0.018920  0.004290  -0.049396  0.041146  0.000511
2  9.048621  9.049661  9.031794  0.005339  0.008349  -0.018400  0.005163  -0.051236  0.039855  0.000512
2  9.048621  9.049594  9.032406  0.006122  0.007931  -0.017799  0.005974  -0.053016  0.038423  0.000510
2  9.048621  9.049530  9.033090  0.006839  0.007493  -0.017124  0.006723  -0.054728  0.036865  0.000506
2  9.048621  9.049470  9.033839  0.007491  0.007038  -0.016380  0.007408  -0.056366  0.035192  0.000500
2  9.048621  9.049413  9.034647  0.008077  0.006567  -0.015574  0.008028  -0.057923  0.033418  0.000492
2  9.048621  9.049359  9.035507  0.008597  0.006085  -0.014712  0.008584  -0.059395  0.031555  0.000483
2  9.048621  9.049309  9.036412  0.009050  0.005594  -0.013802  0.009074  -0.060775  0.029616  0.000472
2  9.048621  9.049261  9.037356  0.009439  0.005097  -0.012849  0.009500  -0.062060  0.027614  0.000460
2  9.048621  9.049216  9.038332  0.009764  0.004597  -0.011860  0.009863  -0.063246  0.025562  0.000448
2  9.048621  9.049174  9.039335  0.010025  0.004096  -0.010842  0.010162  -0.064330  0.023470  0.000435
2  9.048621  9.049134  9.040357  0.010224  0.003596  -0.009799  0.010399  -0.065310  0.021351  0.000421
2  9.048621  9.049096  9.041393  0.010364  0.003100  -0.008739  0.010576  -0.066184  0.019216  0.000407
2  9.048621  9.049061  9.042438  0.010446  0.002610  -0.007668  0.010693  -0.066951  0.017077  0.000392
2  9.048621  9.049028  9.043485  0.010471  0.002129  -0.006590  0.010754  -0.067610  0.014943  0.000378
2  9.048621  9.048998  9.044529  0.010442  0.001658  -0.005513  0.010760  -0.068161  0.012825  0.000363
2  9.048621  9.048969  9.045566  0.010363  0.001198  -0.004439  0.010712  -0.068605  0.010732  0.000349
2  9.048621  9.048942  9.046589  0.010234  0.000753  -0.003376  0.010615  -0.068943  0.008673  0.000334
2  9.048621  9.048916  9.047595  0.010059  0.000323  -0.002328  0.010470  -0.069175  0.006658  0.000320
2  9.048621  9.048893  9.048579  0.009841  -0.000090  -0.001298  0.010279  -0.069305  0.004693  0.000306
2  6.548621  9.048871  9.049537  0.009583  -0.000486  -0.000292  0.010046  -0.069334  0.002786  0.000292
2  6.548621  9.048851  9.047966  -0.015713  -0.040862  0.000687  0.009774  -0.069266  -0.999056  -0.999722
2  4.048621  9.048831  9.042199  -0.057667  -0.099817  -0.000865  0.009464  -0.069352  -1.699135  -1.703069
2  4.048621  9.046314  9.028710  -0.134897  -0.203421  -0.004114  0.009247  -0.069764  -3.166067  -3.176648
2  4.048621  9.039622  9.005288  -0.234213  -0.321642  -0.010913  0.009204  -0.070855  -4.152505  -4.176814
2  4.048621  9.025212  8.971941  -0.333470  -0.416125  -0.019924  0.009505  -0.072847  -4.282576  -4.324957
2  4.048621  9.000840  8.928711  -0.432306  -0.491037  -0.028899  0.010247  -0.075737  -4.398042  -4.458290
2  4.048621  8.966469  8.875637  -0.530742  -0.550328  -0.037758  0.011412  -0.079513  -4.513862  -4.591623
2  4.048621  8.922097  8.812756  -0.628803  -0.597160  -0.046460  0.012975  -0.084159  -4.630108  -4.724957
2  4.048621  8.867725  8.740217  -0.725394  -0.632273  -0.054969  0.014914  -0.089656  -4.702024  -4.813471
2  4.048621  8.803353  8.658490  -0.817271  -0.652821  -0.063137  0.017203  -0.095970  -4.642264  -4.769532
2  4.048621  8.729094  8.568268  -0.902223  -0.658180  -0.070604  0.019811  -0.103030  -4.487777  -4.629382
2  4.048621  8.645386  8.470384  -0.978832  -0.649120  -0.077118  0.022691  -0.110742  -4.267354  -4.421319
2  4.048621  8.552894  8.365756  -1.046287  -0.627224  -0.082510  0.025784  -0.118993  -4.003301  -4.167328
2  4.048621  8.452433  8.255333  -1.104230  -0.594488  -0.086677  0.029025  -0.127660  -3.712780  -3.884387
2  4.048621  8.344901  8.140068  -1.152645  -0.553053  -0.089569  0.032348  -0.136617  -3.408877  -3.585502
2  4.048621  8.231244  8.020892  -1.191760  -0.505026  -0.091175  0.035685  -0.145735  -3.101456  -3.280538
2  4.048621  8.112411  7.898694  -1.221980  -0.452374  -0.091518  0.038973  -0.154887  -2.797843  -2.976882
2  4.048621  7.989337  7.774311  -1.243832  -0.396862  -0.090643  0.042150  -0.163951  -2.503364  -2.679971
2  4.048621  7.862924  7.648519  -1.257915  -0.340023  -0.088613  0.045160  -0.172812  -2.221784  -2.393712
2  4.048621  7.734025  7.522032  -1.264876  -0.283155  -0.085506  0.047953  -0.181363  -1.955645  -2.120817
2  4.048621  7.603438  7.395494  -1.265377  -0.227326  -0.081407  0.050484  -0.189504  -1.706548  -1.863070
2  4.048621  7.471902  7.269486  -1.260082  -0.173389  -0.076408  0.052714  -0.197144  -1.475364  -1.621538
2  4.048621  7.340093  7.144522  -1.249639  -0.122003  -0.070607  0.054611  -0.204205  -1.262410  -1.396740
2  4.048621  7.208624  7.021055  -1.234674  -0.073658  -0.064102  0.056149  -0.210615  -1.067586  -1.188777
2  4.048621  7.078045  6.899476  -1.215781  -0.028697  -0.056991  0.057307  -0.216314  -0.890483  -0.997442
2  4.048621  6.948847  6.780125  -1.193516  0.012666  -0.049371  0.058071  -0.221251  -0.730466  -0.822297
2  4.048621  6.821462  6.663285  -1.168401  0.050317  -0.041337  0.058431  -0.225385  -0.586745  -0.662742
2  4.048621  6.696267  6.549193  -1.140915  0.084231  -0.032982  0.058383  -0.228683  -0.458424  -0.518065
2  4.048621  6.573589  6.438043  -1.111498  0.114452  -0.024396  0.057928  -0.231123  -0.344541  -0.387480
2  4.048621  6.453704  6.329988  -1.080551  0.141078  -0.015661  0.057071  -0.232689  -0.244103  -0.270158
2  4.048621  6.336848  6.225145  -1.048435  0.164247  -0.006859  0.055820  -0.233375  -0.156107  -0.165253
2  4.048621  6.223210  6.123597  -1.015476  0.184132  0.001934  0.054188  -0.233182  -0.079561  -0.071917
2  4.048621  6.112948  6.025401  -0.981964  0.200924  0.010649  0.052190  -0.232117  -0.013495  0.010686
2  4.048621  6.006182  5.930585  -0.948157  0.214832  0.019219  0.049846  -0.230195  0.043028  0.083370
2  4.048621  5.903001  5.839157  -0.914279  0.226070  0.027585  0.047176  -0.227436  0.090906  0.146919
2  4.048621  5.803467  5.751104  -0.880528  0.234857  0.035690  0.044203  -0.223867  0.130990  0.202085
2  4.048621  5.707619  5.666397  -0.847075  0.241411  0.043485  0.040952  -0.219519  0.164084  0.249579
2  4.048621  5.615471  5.584990  -0.814066  0.245944  0.050926  0.037450  -0.214426  0.190943  0.290077
2  4.048621  5.527019  5.506828  -0.781623  0.248663  0.057972  0.033723  -0.208629  0.212270  0.324213
2  4.048621  5.442240  5.431843  -0.749851  0.249765  0.064588  0.029801  -0.202170  0.228721  0.352581
2  4.048621  5.361097  5.359960  -0.718834  0.249440  0.070746  0.025711  -0.195096  0.240900  0.375737
2  4.048621  5.283541  5.291096  -0.688638  0.247865  0.076418  0.021483  -0.187454  0.249364  0.394197
2  4.048621  5.209510  5.225164  -0.659318  0.245204  0.081586  0.017146  -0.179295  0.254624  0.408440
2  4.048621  5.138931  5.162073  -0.630912  0.241613  0.086233  0.012729  -0.170672  0.257146  0.418909
2  4.048621  5.071726  5.101728  -0.603448  0.237233  0.090346  0.008261  -0.161637  0.257356  0.426015
2  4.048621  5.007809  5.044034  -0.576942  0.232196  0.093919  0.003769  -0.152245  0.255637  0.430134
2  4.048621  4.947088  4.988894  -0.551402  0.226620  0.096946  -0.000719  -0.142551  0.252336  0.431613
2  4.048621  4.889465  4.936211  -0.526828  0.220615  0.099428  -0.005177  -0.132608  0.247762  0.430770
2  4.048621  4.834843  4.885890  -0.503212  0.214277  0.101368  -0.009580  -0.122471  0.242195  0.427894
2  4.048621  4.783118  4.837835  -0.480542  0.207695  0.102772  -0.013903  -0.112194  0.235878  0.423250
2  4.048621  4.734187  4.791956  -0.458798  0.200946  0.103648  -0.018124  -0.101829  0.229030  0.417082
2  4.048621  4.687945  4.748160  -0.437959  0.194100  0.104010  -0.022221  -0.091428  0.221840  0.409607
2  4.048621  4.644288  4.706360  -0.417998  0.187216  0.103872  -0.026175  -0.081041  0.214473  0.401026
2  4.048621  4.603109  4.666471  -0.398888  0.180349  0.103251  -0.029966  -0.070716  0.207070  0.391517
2  4.048621  4.564306  4.628411  -0.380598  0.173543  0.102165  -0.033578  -0.060499  0.199752  0.381243
2  4.048621  4.527775  4.592102  -0.363096  0.166838  0.100636  -0.036996  -0.050436  0.192620  0.370351
2  4.048621  4.493415  4.557467  -0.346349  0.160266  0.098687  -0.040206  -0.040567  0.185757  0.358971
2  4.048621  4.461126  4.524435  -0.330323  0.153854  0.096341  -0.043196  -0.030933  0.179231  0.347221
2  4.048621  4.430811  4.492936  -0.314985  0.147624  0.093624  -0.045956  -0.021570  0.173093  0.335206
2  4.048621  4.402374  4.462906  -0.300301  0.141594  0.090562  -0.048477  -0.012514  0.167383  0.323018
2  4.048621  4.375723  4.434282  -0.286238  0.135776  0.087183  -0.050752  -0.003796  0.162129  0.310739
2  4.048621  4.350768  4.407006  -0.272763  0.130181  0.083514  -0.052776  0.004555  0.157347  0.298442
2  4.048621  4.327422  4.381021  -0.259845  0.124814  0.079584  -0.054544  0.012514  0.153044  0.286191
2  4.048621  4.305600  4.356276  -0.247453  0.119678  0.075421  -0.056054  0.020056  0.149220  0.274041
2  4.048621  4.285221  4.332720  -0.235557  0.114775  0.071055  -0.057306  0.027161  0.145867  0.262040
2  4.048621  4.266207  4.310307  -0.224131  0.110102  0.066514  -0.058301  0.033813  0.142970  0.250229
2  4.048621  4.248481  4.288993  -0.213147  0.105655  0.061826  -0.059039  0.039995  0.140511  0.238644
2  4.048621  4.231972  4.268734  -0.202581  0.101431  0.057021  -0.059524  0.045698  0.138464  0.227314
2  4.048621  4.216609  4.249494  -0.192408  0.097421  0.052125  -0.059761  0.050910  0.136803  0.216264
2  4.048621  4.202327  4.231233  -0.182607  0.093618  0.047166  -0.059756  0.055627  0.135496  0.205513
2  6.548621  4.189062  4.213917  -0.173157  0.090014  0.042171  -0.059514  0.059844  0.134511  0.195080
2  9.048621  4.176753  4.200013  -0.139040  0.126599  0.037164  -0.059045  0.063560  1.133812  1.184975
2  9.048621  4.165342  4.193652  -0.063614  0.221962  0.034672  -0.058356  0.067027  2.831673  2.878541
2  11.548621  4.157273  4.197355  0.037030  0.338599  0.036379  -0.057582  0.070665  3.940925  3.991958
2  11.548621  4.156670  4.211097  0.137418  0.431501  0.040685  -0.056938  0.074734  4.064917  4.125291
2  11.548621  4.166067  4.234853  0.237561  0.505428  0.045030  -0.056550  0.079237  4.188916  4.258624
2  11.548621  4.185464  4.268599  0.337466  0.564191  0.049389  -0.056408  0.084176  4.312966  4.391958
2  11.548621  4.214860  4.312314  0.437145  0.610839  0.053739  -0.056502  0.089550  4.437109  4.525291
2  11.548621  4.254257  4.365975  0.536608  0.647813  0.058057  -0.056823  0.095355  4.561387  4.658624
2  11.548621  4.303654  4.429561  0.635867  0.677064  0.062321  -0.057360  0.101587  4.685838  4.791958
2  11.548621  4.363051  4.503055  0.734934  0.700159  0.066510  -0.058101  0.108238  4.810497  4.925291
2  11.548621  4.432448  4.586437  0.833821  0.718346  0.070607  -0.059034  0.115299  4.935398  5.058624
2  11.548621  4.511845  4.679691  0.932541  0.732629  0.074592  -0.060147  0.122758  5.060571  5.191958
2  11.548621  4.601241  4.782802  1.031108  0.743810  0.078450  -0.061427  0.130603  5.186045  5.325291
2  11.548621  4.700638  4.895755  1.129534  0.752529  0.082164  -0.062860  0.138820  5.311846  5.458624
2  11.548621  4.810035  5.018538  1.227832  0.759301  0.085720  -0.064435  0.147392  5.437996  5.591958
2  11.548621  4.929432  5.150878  1.323390  0.760334  0.089107  -0.066136  0.156302  5.459429  5.620205
2  11.548621  5.058829  5.292158  1.412807  0.751334  0.092049  -0.067951  0.165507  5.341196  5.507869
2  11.548621  5.197963  5.441539  1.493812  0.730674  0.094195  -0.069852  0.174927  5.123917  5.294874
2  11.548621  5.346229  5.598039  1.564996  0.698435  0.095311  -0.071798  0.184458  4.839133  5.012301
2  11.548621  5.502790  5.760600  1.625609  0.655728  0.095249  -0.073734  0.193983  4.511175  4.684205
2  11.548621  5.666663  5.928139  1.675389  0.604230  0.093937  -0.075602  0.203376  4.158662  4.329073
2  11.548621  5.836784  6.099582  1.714435  0.545858  0.091355  -0.077342  0.212512  3.795697  3.960987
2  11.548621  6.012057  6.273893  1.743107  0.482562  0.087525  -0.078896  0.221264  3.432816  3.590545
2  11.548621  6.191390  6.450088  1.761948  0.416194  0.082503  -0.080210  0.229515  3.077755  3.225607
2  11.548621  6.373722  6.627250  1.771617  0.348427  0.076366  -0.081232  0.237151  2.736048  2.871879
2  11.548621  6.558040  6.804535  1.772851  0.280716  0.069210  -0.081920  0.244072  2.411519  2.533385
2  11.548621  6.743394  6.981177  1.766423  0.214287  0.061141  -0.082236  0.250186  2.106654  2.212837
2  11.548621  6.928902  7.156488  1.753115  0.150137  0.052275  -0.082150  0.255414  1.822919  1.911935
2  11.548621  7.113760  7.329859  1.733703  0.089050  0.042729  -0.081637  0.259687  1.560990  1.631598
2  11.548621  7.297235  7.500752  1.708936  0.031614  0.032624  -0.080681  0.262949  1.320954  1.372156
2  11.548621  7.478673  7.668706  1.679533  -0.021754  0.022079  -0.079271  0.265157  1.102453  1.133492
2  11.548621  7.657494  7.833323  1.646169  -0.070786  0.011212  -0.077405  0.266278  0.904811  0.915160
2  11.548621  7.833188  7.994270  1.609475  -0.115340  0.000135  -0.075084  0.266292  0.727120  0.716477
2  11.548621  8.005313  8.151273  1.570033  -0.155378  -0.011043  -0.072315  0.265187  0.568318  0.536593
2  11.548621  8.173492  8.304111  1.528380  -0.190947  -0.022218  -0.069111  0.262966  0.427246  0.374550
2  11.548621  8.337406  8.452612  1.485001  -0.222164  -0.033295  -0.065490  0.259636  0.302690  0.229318
2  11.548621  8.496793  8.596645  1.440337  -0.249195  -0.044182  -0.061473  0.255218  0.193417  0.099839
2  11.548621  8.651441  8.736123  1.394780  -0.272246  -0.054796  -0.057084  0.249738  0.098199  -0.014960
2  11.548621  8.801183  8.870992  1.348684  -0.291551  -0.065060  -0.052352  0.243232  0.015833  -0.116139
2  11.548621  8.945896  9.001227  1.302356  -0.307365  -0.074905  -0.047308  0.235742  -0.054843  -0.204732
2  11.548621  9.085495  9.126834  1.256071  -0.319949  -0.084268  -0.041984  0.227315  -0.114946  -0.281742
2  11.548621  9.219929  9.247841  1.210064  -0.329571  -0.093095  -0.036414  0.218006  -0.165532  -0.348129
2  11.548621  9.349178  9.364294  1.164538  -0.336497  -0.101337  -0.030636  0.207872  -0.207601  -0.404806
2  11.548621  9.473248  9.476261  1.119668  -0.340990  -0.108953  -0.024684  0.196977  -0.242087  -0.452638
2  11.548621  9.592170  9.583821  1.075599  -0.343302  -0.115909  -0.018598  0.185386  -0.269860  -0.492438
2  11.548621  9.705997  9.687066  1.032453  -0.343676  -0.122175  -0.012413  0.173168  -0.291729  -0.524970
2  11.548621  9.814798  9.786099  0.990327  -0.342343  -0.127731  -0.006169  0.160395  -0.308438  -0.550945
2  11.548621  9.918660  9.881029  0.949299  -0.339518  -0.132561  0.000100  0.147139  -0.320669  -0.571027
2  11.548621  10.017683  9.971972  0.909430  -0.335406  -0.136654  0.006355  0.133474  -0.329047  -0.585829
2  11.548621  10.111977  10.059048  0.870762  -0.330193  -0.140005  0.012563  0.119473  -0.334140  -0.595921
2  11.548621  10.201664  10.142381  0.833325  -0.324054  -0.142616  0.018689  0.105211  -0.336462  -0.601828
2  11.548621  10.286871  10.222094  0.797135  -0.317146  -0.144490  0.024700  0.090762  -0.336476  -0.604031
2  11.548621  10.367733  10.298314  0.762199  -0.309615  -0.145639  0.030565  0.076199  -0.334598  -0.602974
2  11.548621  10.444390  10.371165  0.728513  -0.301590  -0.146076  0.036256  0.061591  -0.331196  -0.599062
2  11.548621  10.516985  10.440772  0.696064  -0.293190  -0.145819  0.041744  0.047009  -0.326601  -0.592667
2  11.548621  10.585662  10.507255  0.664834  -0.284519  -0.144890  0.047004  0.032520  -0.321100  -0.584126
2  11.548621  10.650568  10.570735  0.634799  -0.275671  -0.143312  0.052013  0.018189  -0.314947  -0.573746
2  11.548621  10.711850  10.631328  0.605930  -0.266727  -0.141115  0.056749  0.004077  -0.308360  -0.561807
2  11.548621  10.769655  10.689148  0.578195  -0.257759  -0.138327  0.061194  -0.009755  -0.301528  -0.548560
2  11.548621  10.824128  10.744303  0.551556  -0.248829  -0.134981  0.065330  -0.023253  -0.294612  -0.534234
2  11.548621  10.875415  10.796901  0.525977  -0.239989  -0.131112  0.069143  -0.036365  -0.287745  -0.519033
2  11.548621  10.923656  10.847043  0.501419  -0.231285  -0.126755  0.072620  -0.049040  -0.281038  -0.503142
2  11.548621  10.968992  10.894827  0.477840  -0.222754  -0.121949  0.075752  -0.061235  -0.274580  -0.486725
2  11.548621  11.011559  10.940347  0.455201  -0.214425  -0.116732  0.078531  -0.072908  -0.268442  -0.469930
2  11.548621  11.051490  10.983693  0.433461  -0.206325  -0.111143  0.080950  -0.084022  -0.262675  -0.452887
2  11.548621  11.088915  11.024951  0.412579  -0.198470  -0.105222  0.083007  -0.094545  -0.257319  -0.435712
2  11.548621  11.123960  11.064203  0.392517  -0.190876  -0.099009  0.084700  -0.104446  -0.252395  -0.418507
2  11.548621  11.156748  11.101526  0.373235  -0.183552  -0.092545  0.086030  -0.113700  -0.247916  -0.401361
2  11.548621  11.187397  11.136996  0.354697  -0.176503  -0.085870  0.086998  -0.122287  -0.243883  -0.384353
2  11.548621  11.216020  11.170683  0.336866  -0.169731  -0.079024  0.087610  -0.130190  -0.240287  -0.367550
2  11.548621  11.242729  11.202654  0.319710  -0.163235  -0.072046  0.087871  -0.137394  -0.237113  -0.351010
2  11.548621  11.267629  11.232973  0.303194  -0.157013  -0.064975  0.087790  -0.143892  -0.234338  -0.334783
2  11.548621  11.290821  11.261702  0.287289  -0.151058  -0.057848  0.087374  -0.149676  -0.231935  -0.318910
2  11.548621  11.312403  11.288899  0.271966  -0.145363  -0.050701  0.086636  -0.154747  -0.229870  -0.303428
2  11.548621  11.332468  11.314618  0.257198  -0.139920  -0.043569  0.085587  -0.159103  -0.228109  -0.288364
2  11.548621  11.351106  11.338914  0.242960  -0.134718  -0.036487  0.084241  -0.162752  -0.226612  -0.273742
2  9.048621  11.368402  11.361837  0.229227  -0.129746  -0.029487  0.082611  -0.165701  -0.225339  -0.259578
2  9.048621  11.384436  11.380935  0.190980  -0.164992  -0.022599  0.080713  -0.167961  -1.224250  -1.245888
2  9.048621  11.399288  11.394592  0.136574  -0.219043  -0.018353  0.078564  -0.169796  -1.921609  -1.936012
2  9.048621  11.410529  11.401830  0.072372  -0.277959  -0.015937  0.076305  -0.171390  -2.385998  -2.396858
2  9.048621  11.416556  11.402146  0.003166  -0.333096  -0.014727  0.074033  -0.172862  -2.671724  -2.681447
2  9.048621  11.416390  11.395398  -0.067482  -0.379514  -0.014244  0.071808  -0.174287  -2.821710  -2.831722
2  9.048621  11.409526  11.381700  -0.136978  -0.414804  -0.014128  0.069665  -0.175700  -2.869794  -2.880788
2  9.048621  11.395811  11.361353  -0.203476  -0.438241  -0.014111  0.067618  -0.177111  -2.842579  -2.854703
2  9.048621  11.375352  11.334781  -0.265716  -0.450176  -0.013999  0.065667  -0.178511  -2.760898  -2.773914
2  9.048621  11.348437  11.302493  -0.322884  -0.451610  -0.013656  0.063803  -0.179876  -2.641004  -2.654402
2  9.048621  11.315485  11.265042  -0.374509  -0.443887  -0.012993  0.062012  -0.181176  -2.495498  -2.508595
2  9.048621  11.276996  11.223004  -0.420377  -0.428500  -0.011954  0.060272  -0.182371  -2.334092  -2.346101
2  9.048621  11.233518  11.176957  -0.460470  -0.406948  -0.010514  0.058563  -0.183422  -2.164205  -2.174293
2  9.048621  11.185624  11.127466  -0.494907  -0.380658  -0.008667  0.056863  -0.184289  -1.991442  -1.998773
2  9.048621  11.133890  11.075075  -0.523910  -0.350930  -0.006424  0.055151  -0.184931  -1.819980  -1.823746
2  9.048621  11.078885  11.020299  -0.547768  -0.318917  -0.003809  0.053407  -0.185312  -1.652869  -1.652315
2  9.048621  11.021153  10.963617  -0.566816  -0.285611  -0.000854  0.051613  -0.185398  -1.492280  -1.486722
2  9.048621  10.961215  10.905476  -0.581414  -0.251846  0.002402  0.049753  -0.185158  -1.339696  -1.328531
2  9.048621  10.899558  10.846282  -0.591935  -0.218311  0.005918  0.047816  -0.184566  -1.196066  -1.178779
2  9.048621  10.836635  10.786407  -0.598752  -0.185556  0.009647  0.045790  -0.183601  -1.061929  -1.038100
2  9.048621  10.772863  10.726184  -0.602232  -0.154012  0.013544  0.043668  -0.182247  -0.937510  -0.906812
2  9.048621  10.708621  10.665911  -0.602727  -0.124002  0.017563  0.041445  -0.180490  -0.822799  -0.785000
2  9.048621  10.644253  10.605853  -0.600577  -0.095761  0.021658  0.039118  -0.178325  -0.717610  -0.672567
2  9.048621  10.580068  10.546244  -0.596098  -0.069443  0.025785  0.036688  -0.175746  -0.621628  -0.569289
2  9.048621  10.516342  10.487285  -0.589589  -0.045140  0.029902  0.034157  -0.172756  -0.534450  -0.474844
2  9.048621  10.453316  10.429152  -0.581327  -0.022892  0.033968  0.031528  -0.169359  -0.455611  -0.388846
2  9.048621  10.391205  10.371995  -0.571564  -0.002694  0.037947  0.028808  -0.165564  -0.384610  -0.310867
2  9.048621  10.330191  10.315942  -0.560535  0.015491  0.041804  0.026004  -0.161384  -0.320924  -0.240452
2  9.048621  10.270434  10.261097  -0.548452  0.031727  0.045508  0.023126  -0.156833  -0.264027  -0.177132
2  9.048621  10.212068  10.207546  -0.535505  0.046097  0.049029  0.020182  -0.151930  -0.213394  -0.120439
2  9.048621  10.155205  10.155360  -0.521867  0.058697  0.052342  0.017186  -0.146696  -0.168514  -0.069908
2  9.048621  10.099936  10.104590  -0.507694  0.069635  0.055424  0.014148  -0.141154  -0.128892  -0.025086
2  9.048621  10.046334  10.055278  -0.493122  0.079023  0.058256  0.011081  -0.135328  -0.094054  0.014466
2  9.048621  9.994457  10.007451  -0.478274  0.086976  0.060821  0.007999  -0.129246  -0.063551  0.049166
2  9.048621  9.944345  9.961125  -0.463255  0.093610  0.063106  0.004914  -0.122935  -0.036961  0.079414
2  9.048621  9.896026  9.916309  -0.448161  0.099040  0.065099  0.001841  -0.116426  -0.013886  0.105591
2  9.048621  9.849516  9.873002  -0.433071  0.103375  0.066793  -0.001207  -0.109746  0.006044  0.128051
2  9.048621  9.804821  9.831196  -0.418056  0.106724  0.068181  -0.004217  -0.102928  0.023171  0.147132
2  6.548621  9.761936  9.790879  -0.403175  0.109188  0.069261  -0.007176  -0.096002  0.037812  0.163146
2  6.548621  9.720848  9.749531  -0.413480  0.070864  0.070031  -0.010070  -0.088999  -0.949742  -0.823614
2  4.048621  9.681537  9.705467  -0.440635  0.013242  0.067994  -0.012887  -0.082200  -1.637534  -1.516210
2  1.548621  9.641478  9.655138  -0.503296  -0.089664  0.063989  -0.015491  -0.075801  -3.093943  -2.981290
2  1.548621  9.598963  9.594626  -0.605114  -0.234640  0.056174  -0.017791  -0.070183  -4.743775  -4.647340
2  359.048621  9.550413  9.524000  -0.706261  -0.349548  0.044213  -0.019609  -0.065762  -4.852720  -4.780674
2  359.048621  9.491862  9.443324  -0.806761  -0.440437  0.032138  -0.020756  -0.062548  -4.961650  -4.914007
2  356.548621  9.423312  9.352660  -0.906636  -0.512150  0.020012  -0.021255  -0.060547  -5.070682  -5.047340
2  356.548621  9.344761  9.252069  -1.005913  -0.568563  0.007899  -0.021131  -0.059757  -5.179931  -5.180674
2  356.548621  9.256211  9.141607  -1.104620  -0.612782  -0.004142  -0.020408  -0.060171  -5.289503  -5.314007
2  356.548621  9.157660  9.021329  -1.202787  -0.647292  -0.016053  -0.019115  -0.061776  -5.399499  -5.447340
2  356.548621  9.049110  8.891284  -1.300444  -0.674086  -0.027781  -0.017282  -0.064554  -5.510015  -5.580674
2  356.548621  8.930559  8.751522  -1.397625  -0.694757  -0.039275  -0.014939  -0.068482  -5.621139  -5.714007
2  356.548621  8.802009  8.602086  -1.494361  -0.710584  -0.050487  -0.012119  -0.073531  -5.732953  -5.847340
2  356.548621  8.663458  8.443017  -1.590687  -0.722589  -0.061373  -0.008856  -0.079668  -5.845534  -5.980674
2  356.548621  8.514908  8.274353  -1.686638  -0.731593  -0.071891  -0.005182  -0.086857  -5.958949  -6.114007
2  356.548621  8.356357  8.096128  -1.782248  -0.738251  -0.082004  -0.001133  -0.095057  -6.073260  -6.247340
2  356.548621  8.187807  7.908373  -1.877553  -0.743088  -0.091678  0.003257  -0.104225  -6.188523  -6.380674
2  356.548621  8.009256  7.711114  -1.972588  -0.746526  -0.100883  0.007952  -0.114314  -6.304785  -6.514007
2  356.548621  7.820706  7.504375  -2.067387  -0.748899  -0.109591  0.012918  -0.125273  -6.422089  -6.647340
2  356.548621  7.622155  7.288177  -2.161986  -0.750478  -0.117780  0.018118  -0.137051  -6.540468  -6.780674
2  356.548621  7.413605  7.062535  -2.256418  -0.751474  -0.125428  0.023519  -0.149593  -6.659952  -6.914007
2  356.548621  7.195054  6.827463  -2.350718  -0.752060  -0.132519  0.029087  -0.162845  -6.780561  -7.047340
2  356.548621  6.966503  6.582971  -2.444919  -0.752368  -0.139040  0.034787  -0.176749  -6.902311  -7.180674
2  356.548621  6.727953  6.329343  -2.536280  -0.748073  -0.144982  0.040586  -0.191248  -6.914339  -7.203133
2  356.548621  6.479402  6.067316  -2.620276  -0.732852  -0.150059  0.046453  -0.206253  -6.741549  -7.039066
2  356.548621  6.221129  5.797926  -2.693897  -0.704074  -0.153813  0.052343  -0.221635  -6.438528  -6.742147
2  356.548621  5.953867  5.522397  -2.755290  -0.661489  -0.155941  0.058188  -0.237229  -6.047591  -6.354102
2  356.548621  5.678659  5.242049  -2.803480  -0.606295  -0.156262  0.063912  -0.252855  -5.601314  -5.907167
2  356.548621  5.396739  4.958235  -2.838145  -0.540499  -0.154689  0.069428  -0.268324  -5.124566  -5.426063
2  356.548621  5.109448  4.672290  -2.859443  -0.466477  -0.151213  0.074651  -0.283445  -4.636122  -4.929567
2  356.548621  4.818168  4.385503  -2.867877  -0.386676  -0.145878  0.079499  -0.298033  -4.149956  -4.431766
2  356.548621  4.524274  4.099084  -2.864188  -0.303438  -0.138772  0.083894  -0.311910  -3.676268  -3.943055
2  356.548621  4.229097  3.814157  -2.849272  -0.218886  -0.130013  0.087767  -0.324912  -3.222302  -3.470936
2  356.548621  3.933902  3.531744  -2.824122  -0.134868  -0.119745  0.091057  -0.336886  -2.793004  -3.020654
2  356.548621  3.639869  3.252767  -2.789773  -0.052936  -0.108124  0.093713  -0.347699  -2.391532  -2.595694
2  356.548621  3.348085  2.978040  -2.747272  0.025652  -0.095318  0.095694  -0.357230  -2.019675  -2.198187
2  356.548621  3.059538  2.708275  -2.697651  0.099916  -0.081499  0.096967  -0.365380  -1.678176  -1.829228
2  356.548621  2.775115  2.444084  -2.641904  0.169128  -0.066840  0.097511  -0.372064  -1.366992  -1.489122
2  356.548621  2.495598  2.185987  -2.580978  0.232784  -0.051514  0.097314  -0.377216  -1.085495  -1.177588
2  356.548621  2.221677  1.934411  -2.515761  0.290574  -0.035690  0.096372  -0.380785  -0.832638  -0.893911
2  356.548621  1.953942  1.689703  -2.447079  0.342350  -0.019531  0.094692  -0.382738  -0.607076  -0.637066
2  356.548621  1.692896  1.452133  -2.375692  0.388100  -0.003194  0.092285  -0.383057  -0.407265  -0.405816
2  356.548621  1.438960  1.221904  -2.302290  0.427922  0.013173  0.089173  -0.381740  -0.231541  -0.198782
2  356.548621  1.192474  0.999154  -2.227502  0.461999  0.029431  0.085381  -0.378797  -0.078177  -0.014504
2  356.548621  0.953706  0.783965  -2.151888  0.490583  0.045448  0.080943  -0.374252  0.054572  0.148514
2  356.548621  0.722862  0.576371  -2.075947  0.513971  0.061104  0.075897  -0.368142  0.168433  0.291774
2  356.548621  0.500083  0.376359  -2.000122  0.532497  0.076287  0.070283  -0.360513  0.265093  0.416758
2  356.548621  0.285460  0.183879  -1.924796  0.546518  0.090898  0.064149  -0.351423  0.346179  0.524907
2  356.548621  0.079033  -0.001152  -1.850305  0.556400  0.104846  0.057542  -0.340938  0.413242  0.617611
2  356.548621  -0.119201  -0.178845  -1.776935  0.562513  0.118049  0.050515  -0.329134  0.467754  0.696196
2  356.548621  -0.309283  -0.349338  -1.704926  0.565224  0.130437  0.043120  -0.316090  0.511098  0.761924
2  356.548621  -0.491288  -0.512786  -1.634481  0.564892  0.141950  0.035412  -0.301895  0.544566  0.815983
2  356.548621  -0.665322  -0.669362  -1.565764  0.561860  0.152536  0.027446  -0.286641  0.569360  0.859491
2  356.548621  -0.831515  -0.819253  -1.498908  0.556459  0.162152  0.019278  -0.270426  0.586590  0.893491
2  356.548621  -0.990019  -0.962654  -1.434012  0.549000  0.170766  0.010963  -0.253349  0.597279  0.918957
2  356.548621  -1.141006  -1.099769  -1.371153  0.539775  0.178352  0.002556  -0.235514  0.602361  0.936791
2  356.548621  -1.284663  -1.230808  -1.310380  0.529056  0.184893  -0.005890  -0.217025  0.602690  0.947828
2  356.548621  -1.421189  -1.355980  -1.251725  0.517093  0.190381  -0.014322  -0.197987  0.599038  0.952841
2  356.548621  -1.550795  -1.475500  -1.195198  0.504117  0.194815  -0.022690  -0.178505  0.592104  0.952538
2  356.548621  -1.673698  -1.589579  -1.140795  0.490338  0.198198  -0.030945  -0.158685  0.582514  0.947569
2  356.548621  -1.790124  -1.698429  -1.088498  0.475946  0.200544  -0.039040  -0.138631  0.570827  0.938532
2  356.548621  -1.900299  -1.802257  -1.038276  0.461112  0.201870  -0.046931  -0.118444  0.557541  0.925971
2  356.548621  -2.004456  -1.901266  -0.990090  0.445988  0.202199  -0.054577  -0.098224  0.543093  0.910380
2  356.548621  -2.102826  -1.995655  -0.943890  0.430710  0.201560  -0.061940  -0.078068  0.527868  0.892211
2  356.548621  -2.195641  -2.085617  -0.899622  0.415397  0.199986  -0.068984  -0.058069  0.512198  0.871871
2  356.548621  -2.283131  -2.171340  -0.857226  0.400152  0.197514  -0.075676  -0.038318  0.496372  0.849730
2  356.548621  -2.365526  -2.253003  -0.816636  0.385066  0.194186  -0.081988  -0.018899  0.480632  0.826121
2  356.548621  -2.443050  -2.330782  -0.777785  0.370214  0.190047  -0.087892  0.000105  0.465185  0.801343
2  356.548621  -2.515924  -2.404842  -0.740604  0.355661  0.185142  -0.093366  0.018619  0.450199  0.775663
2  356.548621  -2.584366  -2.475344  -0.705022  0.341460  0.179524  -0.098391  0.036572  0.435811  0.749321
2  356.548621  -2.648587  -2.542441  -0.670968  0.327654  0.173243  -0.102949  0.053896  0.422129  0.722530
2  356.548621  -2.708794  -2.606278  -0.638371  0.314278  0.166354  -0.107027  0.070532  0.409233  0.695480
2  356.548621  -2.765188  -2.666994  -0.607163  0.301356  0.158910  -0.110616  0.086423  0.397181  0.668337
2  356.548621  -2.817964  -2.724722  -0.577274  0.288907  0.150970  -0.113707  0.101520  0.386010  0.641248
2  356.548621  -2.867310  -2.779585  -0.548638  0.276943  0.142588  -0.116298  0.115778  0.375736  0.614340
2  356.548621  -2.913407  -2.831704  -0.521191  0.265470  0.133822  -0.118387  0.129160  0.366360  0.587726
2  356.548621  -2.956432  -2.881192  -0.494871  0.254487  0.124728  -0.119975  0.141633  0.357871  0.561502
2  356.548621  -2.996554  -2.928154  -0.469619  0.243993  0.115362  -0.121066  0.153169  0.350241  0.535749
2  356.548621  -3.033934  -2.972691  -0.445379  0.233978  0.105781  -0.121668  0.163748  0.343436  0.510538
2  356.548621  -3.068729  -3.014901  -0.422098  0.224432  0.096038  -0.121790  0.173351  0.337410  0.485926
2  356.548621  -3.101088  -3.054874  -0.399725  0.215342  0.086187  -0.121444  0.181970  0.332112  0.461961
2  356.548621  -3.131154  -3.092695  -0.378214  0.206692  0.076280  -0.120642  0.189598  0.327484  0.438682
2  356.548621  -3.159062  -3.128447  -0.357520  0.198463  0.066367  -0.119400  0.196235  0.323464  0.416121
2  356.548621  -3.184944  -3.162208  -0.337603  0.190638  0.056496  -0.117737  0.201884  0.319986  0.394299
2  356.548621  -3.208922  -3.194050  -0.318425  0.183195  0.046714  -0.115670  0.206556  0.316984  0.373234
2  356.548621  -3.231115  -3.224045  -0.299952  0.176114  0.037065  -0.113220  0.210262  0.314389  0.352935
2  356.548621  -3.251636  -3.252260  -0.282150  0.169374  0.027590  -0.110410  0.213021  0.312132  0.333410
2  356.548621  -3.270590  -3.278759  -0.264991  0.162953  0.018330  -0.107262  0.214854  0.310145  0.314658
2  356.548621  -3.288079  -3.303604  -0.248449  0.156830  0.009319  -0.103799  0.215786  0.308360  0.296677
2  356.548621  -3.304198  -3.326854  -0.232500  0.150983  0.000594  -0.100047  0.215846  0.306713  0.279461
2  356.548621  -3.319038  -3.348566  -0.217121  0.145392  -0.007816  -0.096031  0.215064  0.305140  0.262999
2  356.548621  -3.332685  -3.368796  -0.202294  0.140037  -0.015881  -0.091776  0.213476  0.303583  0.247280
2  356.548621  -3.345219  -3.387596  -0.188001  0.134898  -0.023576  -0.087310  0.211118  0.301985  0.232289
2  356.548621  -3.356718  -3.405019  -0.174227  0.129957  -0.030878  -0.082657  0.208030  0.300293  0.218011
2  356.548621  -3.367252  -3.421115  -0.160958  0.125196  -0.037766  -0.077845  0.204254  0.298458  0.204428
2  356.548621  -3.376891  -3.435933  -0.148182  0.120598  -0.044224  -0.072899  0.199831  0.296435  0.191520
2  356.548621  -3.385697  -3.449522  -0.135888  0.116149  -0.050236  -0.067846  0.194808  0.294183  0.179269
2  356.548621  -3.393730  -3.461928  -0.124067  0.111833  -0.055791  -0.062712  0.189229  0.291668  0.167652
2  356.548621  -3.401048  -3.473199  -0.112710  0.107638  -0.060880  -0.057521  0.183141  0.288857  0.156649
2  356.548621  -3.407702  -3.483380  -0.101810  0.103550  -0.065497  -0.052298  0.176591  0.285723  0.146239
2  356.548621  -3.413744  -3.492516  -0.091360  0.099560  -0.069637  -0.047068  0.169627  0.282243  0.136398
2  356.548621  -3.419218  -3.500652  -0.081355  0.095656  -0.073299  -0.041853  0.162297  0.278400  0.127106
2  356.548621  -3.424169  -3.507831  -0.071789  0.091831  -0.076483  -0.036676  0.154649  0.274179  0.118339
2  356.548621  -3.428636  -3.514096  -0.062656  0.088077  -0.079194  -0.031557  0.146730  0.269571  0.110077
2  356.548621  -3.432660  -3.519492  -0.053954  0.084386  -0.081437  -0.026518  0.138586  0.264571  0.102297
2  356.548621  -3.436273  -3.524059  -0.045676  0.080753  -0.083218  -0.021577  0.130264  0.259177  0.094978
2  356.548621  -3.439511  -3.527841  -0.037818  0.077174  -0.084548  -0.016753  0.121809  0.253391  0.088099
2  356.548621  -3.442403  -3.530879  -0.030377  0.073645  -0.085438  -0.012062  0.113265  0.247220  0.081640
2  356.548621  -3.444979  -3.533214  -0.023348  0.070163  -0.085900  -0.007521  0.104676  0.240672  0.075580
2  356.548621  -3.447265  -3.534886  -0.016726  0.066726  -0.085949  -0.003143  0.096081  0.233760  0.069899
2  356.548621  -3.449285  -3.535937  -0.010506  0.063333  -0.085601  0.001059  0.087521  0.226499  0.064579
2  356.548621  -3.451064  -3.536405  -0.004683  0.059983  -0.084873  0.005071  0.079033  0.218908  0.059601
2  356.548621  -3.452621  -3.536330  0.000749  0.056676  -0.083784  0.008885  0.070655  0.211006  0.054947
2  356.548621  -3.453978  -3.535751  0.005794  0.053414  -0.082352  0.012490  0.062420  0.202817  0.050600
2  356.548621  -3.455152  -3.534705  0.010460  0.050197  -0.080598  0.015879  0.054360  0.194365  0.046544
2  356.548621  -3.456161  -3.533229  0.014753  0.047027  -0.078544  0.019046  0.046505  0.185676  0.042762
2  356.548621  -3.457019  -3.531361  0.018681  0.043906  -0.076210  0.021984  0.038884  0.176779  0.039239
2  356.548621  -3.457742  -3.529136  0.022251  0.040836  -0.073619  0.024689  0.031523  0.167701  0.035960
2  356.548621  -3.458343  -3.526589  0.025471  0.037821  -0.070793  0.027160  0.024443  0.158473  0.032911
2  356.548621  -3.458834  -3.523754  0.028350  0.034863  -0.067755  0.029394  0.017668  0.149125  0.030079
2  356.548621  -3.459227  -3.520664  0.030897  0.031966  -0.064528  0.031390  0.011215  0.139689  0.027450
2  356.548621  -3.459531  -3.517352  0.033122  0.029133  -0.061134  0.033150  0.005102  0.130196  0.025013
2  356.548621  -3.459756  -3.513849  0.035035  0.026367  -0.057596  0.034674  -0.000658  0.120677  0.022755
2  356.548621  -3.459911  -3.510184  0.036646  0.023672  -0.053938  0.035966  -0.006052  0.111163  0.020666
2  356.548621  -3.460004  -3.506387  0.037967  0.021050  -0.050180  0.037030  -0.011070  0.101686  0.018734
2  356.548621  -3.460042  -3.502487  0.039008  0.018506  -0.046345  0.037869  -0.015704  0.092276  0.016951
2  356.548621  -3.460033  -3.498508  0.039782  0.016043  -0.042454  0.038490  -0.019950  0.082963  0.015305
2  356.548621  -3.459981  -3.494478  0.040300  0.013664  -0.038527  0.038899  -0.023802  0.073775  0.013789
2  356.548621  -3.459893  -3.490421  0.040575  0.011371  -0.034586  0.039102  -0.027261  0.064740  0.012393
2  356.548621  -3.459773  -3.486359  0.040620  0.009168  -0.030648  0.039107  -0.030326  0.055885  0.011110
2  356.548621  -3.459626  -3.482314  0.040447  0.007058  -0.026733  0.038923  -0.032999  0.047236  0.009931
2  356.548621  -3.459456  -3.478307  0.040069  0.005042  -0.022858  0.038558  -0.035285  0.038816  0.008851
2  356.548621  -3.459267  -3.474357  0.039500  0.003122  -0.019040  0.038022  -0.037189  0.030649  0.007861
2  356.548621  -3.459063  -3.470482  0.038752  0.001301  -0.015295  0.037324  -0.038718  0.022754  0.006955
2  356.548621  -3.458845  -3.466698  0.037839  -0.000420  -0.011637  0.036475  -0.039882  0.015153  0.006128
2  356.548621  -3.458617  -3.463021  0.036774  -0.002039  -0.008081  0.035485  -0.040690  0.007862  0.005374
2  356.548621  -3.458382  -3.459464  0.035571  -0.003557  -0.004639  0.034364  -0.041154  0.000898  0.004687
2  356.548621  -3.458141  -3.456039  0.034242  -0.004972  -0.001323  0.033124  -0.041286  -0.005725  0.004063
2  356.548621  -3.457896  -3.452759  0.032801  -0.006283  0.001857  0.031775  -0.041101  -0.011995  0.003496
2  356.548621  -3.457649  -3.449633  0.031260  -0.007492  0.004890  0.030329  -0.040612  -0.017901  0.002983
2  356.548621  -3.457402  -3.446670  0.029632  -0.008598  0.007769  0.028796  -0.039835  -0.023434  0.002518
2  356.548621  -3.457156  -3.443877  0.027930  -0.009602  0.010486  0.027187  -0.038786  -0.028587  0.002100
2  356.548621  -3.456911  -3.441261  0.026165  -0.010506  0.013034  0.025514  -0.037483  -0.033354  0.001723
2  356.548621  -3.456670  -3.438826  0.024349  -0.011309  0.015409  0.023786  -0.035942  -0.037733  0.001385
2  356.548621  -3.456432  -3.436576  0.022495  -0.012015  0.017606  0.022015  -0.034181  -0.041720  0.001082
2  356.548621  -3.456198  -3.434515  0.020612  -0.012624  0.019622  0.020212  -0.032219  -0.045317  0.000811
2  356.548621  -3.455970  -3.432644  0.018712  -0.013140  0.021455  0.018385  -0.030073  -0.048525  0.000570
2  356.548621  -3.455747  -3.430963  0.016804  -0.013564  0.023104  0.016544  -0.027763  -0.051346  0.000357
2  356.548621  -3.455531  -3.429473  0.014900  -0.013899  0.024567  0.014700  -0.025306  -0.053786  0.000168
2  356.548621  -3.455320  -3.428173  0.013007  -0.014147  0.025847  0.012861  -0.022722  -0.055850  0.000002
2  356.548621  -3.455116  -3.427059  0.011134  -0.014314  0.026944  0.011036  -0.020027  -0.057546  -0.000143
2  356.548621  -3.454919  -3.426130  0.009291  -0.014400  0.027860  0.009234  -0.017241  -0.058882  -0.000269
2  356.548621  -3.454729  -3.425382  0.007485  -0.014410  0.028599  0.007460  -0.014381  -0.059869  -0.000378
2  356.548621  -3.454546  -3.424810  0.005722  -0.014348  0.029165  0.005724  -0.011465  -0.060517  -0.000472
2  356.548621  -3.454370  -3.424408  0.004011  -0.014217  0.029561  0.004033  -0.008509  -0.060838  -0.000552
2  356.548621  -3.454201  -3.424173  0.002356  -0.014021  0.029793  0.002391  -0.005530  -0.060847  -0.000618
2  356.548621  -3.454039  -3.424097  0.000763  -0.013765  0.029866  0.000806  -0.002543  -0.060555  -0.000674
2  356.548621  -3.453884  -3.424173  -0.000761  -0.013452  0.029788  -0.000718  0.000436  -0.059979  -0.000719
2  356.548621  -3.453736  -3.424394  -0.002214  -0.013086  0.029563  -0.002176  0.003392  -0.059133  -0.000755
2  356.548621  -3.453595  -3.424753  -0.003591  -0.012672  0.029201  -0.003563  0.006312  -0.058033  -0.000782
2  356.548621  -3.453460  -3.425242  -0.004889  -0.012214  0.028707  -0.004875  0.009183  -0.056696  -0.000803
2  356.548621  -3.453331  -3.425853  -0.006105  -0.011716  0.028089  -0.006110  0.011992  -0.055139  -0.000816
2  356.548621  -3.453209  -3.426576  -0.007236  -0.011182  0.027357  -0.007265  0.014727  -0.053378  -0.000824
2  356.548621  -3.453093  -3.427404  -0.008280  -0.010617  0.026517  -0.008336  0.017379  -0.051431  -0.000827
1  356.572596  -3.452983  -3.425168  0.022362  0.040534  0.025579  -0.009323  0.019937  -0.049315  -0.000825
1  356.574832  -3.425168  -3.419971  0.051967  0.079795  0.000000  0.000000  0.000000  0.000000  -0.000825
1  356.580029  -3.419971  -3.411909  0.080624  0.109686  0.000000  0.000000  0.000000  0.000000  -0.000825
1  356.588091  -3.411909  -3.401079  0.108297  0.132027  0.000000  0.000000  0.000000  0.000000  -0.000825
1  356.598921  -3.401079  -3.387570  0.135090  0.148489  0.000000  0.000000  0.000000  0.000000  -0.000825
1  356.612430  -3.387570  -3.371475  0.160954  0.160175  0.000000  0.000000  0.000000  0.000000  -0.000825
1  356.628525  -3.371475  -3.352877  0.185975  0.168174  0.000000  0.000000  0.000000  0.000000  -0.000825
1  356.647123  -3.352877  -3.331863  0.210139  0.173201  0.000000  0.000000  0.000000  0.000000  -0.000825
1  356.668137  -3.331863  -3.308513  0.233508  0.175951  0.000000  0.000000  0.000000  0.000000  -0.000825
1  356.691487  -3.308513  -3.282906  0.256067  0.176856  0.000000  0.000000  0.000000  0.000000  -0.000825
1  356.717094  -3.282906  -3.255119  0.277866  0.176362  0.000000  0.000000  0.000000  0.000000  -0.000825
1  356.744881  -3.255119  -3.225223  0.298959  0.174840  0.000000  0.000000  0.000000  0.000000  -0.000825
1  356.774777  -3.225223  -3.193287  0.319364  0.172519  0.000000  0.000000  0.000000  0.000000  -0.000825
1  356.806713  -3.193287  -3.159374  0.339127  0.169636  0.000000  0.000000  0.000000  0.000000  -0.000825
1  356.840626  -3.159374  -3.123555  0.358195  0.166217  0.000000  0.000000  0.000000  0.000000  -0.000825
1  356.876445  -3.123555  -3.085893  0.376621  0.162456  0.000000  0.000000  0.000000  0.000000  -0.000825
1  356.914107  -3.085893  -3.046449  0.394432  0.158462  0.000000  0.000000  0.000000  0.000000  -0.000825
1  356.953551  -3.046449  -3.005284  0.411651  0.154321  0.000000  0.000000  0.000000  0.000000  -0.000825
1  356.994716  -3.005284  -2.962454  0.428303  0.150099  0.000000  0.000000  0.000000  0.000000  -0.000825
