0.000000  -0.590831  200
0.000000  -0.590328  200
0.000000  -0.590323  200
0.000000  -0.590266  200
0.000000  -0.591462  200
0.000000  -0.590200  200
0.000000  -0.590448  200
0.000000  -0.589886  200
0.000000  -0.591204  200
0.000000  -0.590904  200
0.000000  -0.590539  200
0.000000  -0.589864  200
0.000000  -0.590369  200
0.000000  -0.589887  200
0.000000  -0.589758  200
0.000000  -0.589680  200
0.000000  -0.590189  200
0.000000  -0.590088  200
0.000000  -0.590564  200
0.000000  -0.590767  200
0.000000  -0.590415  200
0.000000  -0.590054  200
0.000000  -0.590240  200
0.000000  -0.590067  200
0.000000  -0.590515  200
0.000000  -0.589426  200
0.000000  -0.590105  200
0.000000  -0.590014  200
0.000000  -0.589855  200
0.000000  -0.589754  200
0.000000  -0.589383  200
0.000000  -0.590661  200
0.000000  -0.589912  200
0.000000  -0.590902  200
0.000000  -0.590236  200
0.000000  -0.590659  200
0.000000  -0.590208  200
0.000000  -0.590657  200
0.000000  -0.590640  200
0.000000  -0.590600  200
0.000000  -0.590410  200
0.000000  -0.589808  200
0.000000  -0.590153  200
0.000000  -0.590380  200
0.000000  -0.590134  200
0.000000  -0.589894  200
0.000000  -0.590133  200
0.000000  -0.589646  200
0.000000  -0.590202  200
0.000000  -0.590973  200
0.000000  -0.589661  200
0.000000  -0.589705  200
0.000000  -0.589890  200
0.000000  -0.590375  200
0.000000  -0.590527  200
0.000000  -0.591005  200
0.000000  -0.590223  200
0.000000  -0.589365  200
0.000000  -0.589854  200
0.000000  -0.589292  200
0.000000  -0.589709  200
0.000000  -0.589891  200
0.000000  -0.589973  200
0.000000  -0.590143  200
0.000000  -0.590222  200
0.000000  -0.590428  200
0.000000  -0.590335  200
0.000000  -0.590178  200
0.000000  -0.590275  200
0.000000  -0.591184  200
0.000000  -0.590521  200
0.000000  -0.590585  200
0.000000  -0.589724  200
0.000000  -0.589970  200
0.000000  -0.589965  200
0.000000  -0.589028  200
0.000000  -0.589680  200
0.000000  -0.589128  200
0.000000  -0.588885  200
0.000000  -0.589743  200
0.000000  -0.590351  200
0.000000  -0.590162  200
0.000000  -0.589349  200
0.000000  -0.590072  200
0.000000  -0.589392  200
0.000000  -0.589979  200
0.000000  -0.590239  200
0.000000  -0.591120  200
0.000000  -0.590791  200
0.000000  -0.590992  200
0.000000  -0.590639  200
0.000000  -0.590654  200
0.000000  -0.590297  200
0.000000  -0.590581  200
0.000000  -0.590409  200
0.000000  -0.590323  200
0.000000  -0.589258  200
0.000000  -0.591094  200
0.000000  -0.590282  200
0.000000  -0.591183  200
0.000000  -0.590208  200
0.000000  -0.590562  200
0.000000  -0.589690  200
0.000000  -0.589883  200
0.000000  -0.590212  200
0.000000  -0.590790  200
0.000000  -0.589831  200
0.000000  -0.590209  200
0.000000  -0.589883  200
0.000000  -0.588990  200
0.000000  -0.589535  200
0.000000  -0.589340  200
0.000000  -0.589097  200
0.000000  -0.590308  200
0.000000  -0.589904  200
0.000000  -0.590715  200
0.000000  -0.589803  200
0.000000  -0.590068  200
0.000000  -0.589349  200
0.000000  -0.589772  200
0.000000  -0.589567  200
0.000000  -0.590508  200
0.000000  -0.589120  200
0.000000  -0.590701  200
0.000000  -0.590353  200
0.000000  -0.590770  200
0.000000  -0.590403  200
0.000000  -0.590163  200
0.000000  -0.591295  200
0.000000  -0.591664  200
0.000000  -0.590146  200
0.000000  -0.591167  200
0.000000  -0.590135  200
0.000000  -0.590822  200
0.000000  -0.590420  200
0.000000  -0.591680  200
0.000000  -0.591084  200
0.000000  -0.590900  200
0.000000  -0.589943  200
0.000000  -0.591127  200
0.000000  -0.590569  200
0.000000  -0.590238  200
0.000000  -0.590238  200
0.000000  -0.589646  200
0.000000  -0.588588  200
0.000000  -0.588989  200
0.000000  -0.589975  200
0.000000  -0.590125  200
0.000000  -0.589956  200
0.000000  -0.590301  200
0.000000  -0.589755  200
0.000000  -0.589604  200
0.000000  -0.589889  200
0.000000  -0.590528  200
0.000000  -0.589640  200
0.000000  -0.589952  200
0.000000  -0.590093  200
0.000000  -0.590289  200
0.000000  -0.590109  200
0.000000  -0.589753  200
0.000000  -0.590431  200
0.000000  -0.590642  200
0.000000  -0.590147  200
0.000000  -0.589499  200
0.000000  -0.590096  200
0.000000  -0.591008  200
0.000000  -0.589948  200
0.000000  -0.591591  200
0.000000  -0.591630  200
0.000000  -0.590969  200
0.000000  -0.590395  200
0.000000  -0.591995  200
0.000000  -0.591444  200
0.000000  -0.591107  200
0.000000  -0.590162  200
0.000000  -0.590128  200
0.000000  -0.590513  200
0.000000  -0.590386  200
0.000000  -0.590447  200
0.000000  -0.590012  200
0.000000  -0.589772  200
0.000000  -0.589846  200
0.000000  -0.589340  200
0.000000  -0.590453  200
0.000000  -0.590458  200
0.000000  -0.590055  200
0.000000  -0.589571  200
0.000000  -0.591312  200
0.000000  -0.589799  200
0.000000  -0.590180  200
0.000000  -0.590382  200
0.000000  -0.591727  200
0.000000  -0.589712  200
0.000000  -0.590853  200
0.000000  -0.589908  200
0.000000  -0.590253  200
0.000000  -0.590203  200
0.000000  -0.590409  200
0.000000  -0.589983  200
0.000000  -0.590300  200
0.000000  -0.589517  200
0.000000  -0.590469  200
0.000000  -0.590249  200
0.000000  -0.590959  200
0.000000  -0.590665  200
0.000000  -0.590853  200
0.000000  -0.591164  200
0.000000  -0.590237  200
0.000000  -0.590016  200
0.000000  -0.590470  200
0.000000  -0.590206  200
0.000000  -0.589824  200
0.000000  -0.590248  200
0.000000  -0.589358  200
0.000000  -0.589498  200
0.000000  -0.590557  200
0.000000  -0.590097  200
0.000000  -0.589494  200
0.000000  -0.590736  200
0.000000  -0.590052  200
0.000000  -0.589529  200
0.000000  -0.590138  200
0.000000  -0.589967  200
0.000000  -0.590272  200
0.000000  -0.590820  200
0.000000  -0.590533  200
0.000000  -0.590597  200
0.000000  -0.590249  200
0.000000  -0.589955  200
0.000000  -0.589535  200
0.000000  -0.590020  200
0.000000  -0.589352  200
0.000000  -0.590450  200
0.000000  -0.590235  200
0.000000  -0.590648  200
0.000000  -0.590249  200
0.000000  -0.590461  200
0.000000  -0.590187  200
0.000000  -0.590456  200
0.000000  -0.589597  200
0.000000  -0.591014  200
0.000000  -0.590434  200
0.000000  -0.590002  200
0.000000  -0.590161  200
0.000000  -0.590464  200
0.000000  -0.590413  200
0.000000  -0.590308  200
0.000000  -0.590183  200
0.000000  -0.590810  200
0.000000  -0.589201  200
0.000000  -0.590158  200
0.000000  -0.589795  200
0.000000  -0.589517  200
0.000000  -0.589670  200
0.000000  -0.590823  200
0.000000  -0.589619  200
0.000000  -0.591148  200
0.000000  -0.590922  200
0.000000  -0.590301  200
0.000000  -0.590293  200
0.000000  -0.590011  200
0.000000  -0.590198  200
0.000000  -0.590297  200
0.000000  -0.589253  200
0.000000  -0.589987  200
0.000000  -0.589604  200
0.000000  -0.590159  200
0.000000  -0.588560  200
0.000000  -0.590166  200
0.000000  -0.589174  200
-0.592551  -0.592494  0
-0.592551  -0.590685  0
-0.592551  -0.591023  0
-0.592551  -0.590581  0
-0.592551  -0.589773  0
-0.592551  -0.589507  0
-0.592551  -0.591220  0
-0.592551  -0.590070  0
-0.592551  -0.590040  0
-0.592551  -0.589444  0
-0.592551  -0.590036  0
-0.592551  -0.590579  0
-0.592551  -0.589733  0
-0.592551  -0.590532  0
-0.592551  -0.590471  0
-0.592551  -0.590514  0
-0.592551  -0.589383  0
-0.592551  -0.590237  0
-0.592551  -0.589674  0
-0.592551  -0.590028  0
-0.592551  -0.591533  0
-0.592551  -0.589916  0
-0.592551  -0.589927  0
-0.592551  -0.589743  0
-0.592551  -0.590380  0
-0.592551  -0.590036  0
-0.592551  -0.590623  0
-0.592551  -0.589697  0
-0.592551  -0.590509  0
-0.592551  -0.589944  0
-0.592551  -0.590752  0
-0.592551  -0.590128  0
-0.592551  -0.591567  0
-0.592551  -0.590450  0
-0.592551  -0.590581  0
-0.592551  -0.590764  0
-0.592551  -0.590618  0
-0.592551  -0.589996  0
-0.592551  -0.590706  0
-0.592551  -0.590372  0
-0.592551  -0.590168  0
-0.592551  -0.591025  0
-0.592551  -0.591576  0
-0.592551  -0.589829  0
-0.592551  -0.589885  0
-0.592551  -0.590182  0
-0.592551  -0.590363  0
-0.592551  -0.589975  0
-0.592551  -0.589602  0
-0.592551  -0.589754  0
-0.592551  -0.590168  0
-0.592551  -0.590045  0
-0.592551  -0.590702  0
-0.592551  -0.590890  0
-0.592551  -0.590321  0
-0.592551  -0.590399  0
-0.592551  -0.590715  0
-0.592551  -0.589841  0
-0.592551  -0.590571  0
-0.592551  -0.589924  0
-0.592551  -0.590767  0
-0.592551  -0.589550  0
-0.592551  -0.590032  0
-0.592551  -0.590682  0
-0.592551  -0.590090  0
-0.592551  -0.589705  0
-0.592551  -0.590539  0
-0.592551  -0.589530  0
-0.592551  -0.590302  0
-0.592551  -0.590338  0
-0.592551  -0.590138  0
-0.592551  -0.590351  0
-0.592551  -0.590491  0
-0.592551  -0.590021  0
-0.592551  -0.590629  0
-0.592551  -0.590242  0
-0.592551  -0.590523  0
-0.592551  -0.590413  0
-0.592551  -0.591033  0
-0.592551  -0.589629  0
-0.592551  -0.590196  0
-0.592551  -0.590481  0
-0.592551  -0.590584  0
-0.592551  -0.590056  0
-0.592551  -0.590909  0
-0.592551  -0.590390  0
-0.592551  -0.589880  0
-0.592551  -0.589729  0
-0.592551  -0.590419  0
-0.592551  -0.589433  0
-0.592551  -0.590814  0
-0.592551  -0.590564  0
-0.592551  -0.589981  0
-0.592551  -0.589010  0
-0.592551  -0.590556  0
-0.592551  -0.589337  0
-0.592551  -0.590210  0
-0.592551  -0.589632  0
-0.592551  -0.589259  0
-0.592551  -0.590123  0
-0.592551  -0.590693  0
-0.592551  -0.590142  0
-0.592551  -0.590707  0
-0.592551  -0.590267  0
-0.592551  -0.591479  0
-0.592551  -0.590880  0
-0.592551  -0.590429  0
-0.592551  -0.589177  0
-0.592551  -0.590717  0
-0.592551  -0.589061  0
-0.592551  -0.589998  0
-0.592551  -0.590449  0
-0.592551  -0.589916  0
-0.592551  -0.588948  0
-0.592551  -0.590535  0
-0.592551  -0.589617  0
-0.592551  -0.590227  0
-0.592551  -0.589925  0
-0.592551  -0.590350  0
-0.592551  -0.590107  0
-0.592551  -0.590305  0
-0.592551  -0.589316  0
-0.592551  -0.590981  0
-0.592551  -0.588666  0
-0.592551  -0.589598  0
-0.592551  -0.589663  0
-0.592551  -0.590131  0
-0.592551  -0.589158  0
-0.592551  -0.589919  0
-0.592551  -0.589918  0
-0.592551  -0.589926  0
-0.592551  -0.590033  0
-0.592551  -0.590475  0
-0.592551  -0.590024  0
-0.592551  -0.589924  0
-0.592551  -0.589984  0
-0.592551  -0.590507  0
-0.592551  -0.590534  0
-0.592551  -0.590118  0
-0.592551  -0.589997  0
-0.592551  -0.591028  0
-0.592551  -0.589440  0
-0.592551  -0.590460  0
-0.592551  -0.590280  0
-0.592551  -0.590372  0
-0.592551  -0.589331  0
-0.592551  -0.589842  0
-0.592551  -0.590046  0
-0.592551  -0.590589  0
-0.592551  -0.589895  0
-0.592551  -0.590227  0
-0.592551  -0.590571  0
-0.592551  -0.589910  0
-0.592551  -0.589903  0
-0.592551  -0.591143  0
-0.592551  -0.589843  0
-0.592551  -0.590477  0
-0.592551  -0.589652  0
-0.592551  -0.590796  0
-0.592551  -0.590929  0
-0.592551  -0.591005  0
-0.592551  -0.591127  0
-0.592551  -0.590250  0
-0.592551  -0.590608  0
-0.592551  -0.590898  0
-0.592551  -0.590386  0
-0.592551  -0.590151  0
-0.592551  -0.590373  0
-0.592551  -0.591302  0
-0.592551  -0.590059  0
-0.592551  -0.590356  0
-0.592551  -0.589955  0
-0.592551  -0.591137  0
-0.592551  -0.590178  0
-0.592551  -0.591103  0
-0.592551  -0.590796  0
-0.592551  -0.589724  0
-0.592551  -0.589766  0
-0.592551  -0.590375  0
-0.592551  -0.589904  0
-0.592551  -0.590453  0
-0.592551  -0.590425  0
-0.592551  -0.591008  0
-0.592551  -0.590249  0
-0.592551  -0.590211  0
-0.592551  -0.589875  0
-0.592551  -0.590249  0
-0.592551  -0.589098  0
-0.592551  -0.589975  0
-0.592551  -0.589935  0
-0.592551  -0.590768  0
-0.592551  -0.590944  0
-0.592551  -0.591449  0
-0.592551  -0.590027  0
-0.592551  -0.590573  0
-0.592551  -0.590188  0
-0.592551  -0.590584  0
-0.592551  -0.591129  0
-0.592551  -0.590218  0
-0.592551  -0.590482  0
-0.592551  -0.589930  0
-0.592551  -0.590165  0
-0.592551  -0.590035  0
-0.592551  -0.590090  0
-0.592551  -0.591074  0
-0.592551  -0.590343  0
-0.592551  -0.590692  0
-0.592551  -0.590597  0
-0.592551  -0.589709  0
-0.592551  -0.590530  0
-0.592551  -0.590988  0
-0.592551  -0.589026  0
-0.592551  -0.589772  0
-0.592551  -0.589672  0
-0.592551  -0.590564  0
-0.592551  -0.589947  0
-0.592551  -0.590212  0
-0.592551  -0.589751  0
-0.592551  -0.589488  0
-0.592551  -0.590082  0
-0.592551  -0.589099  0
-0.592551  -0.589740  0
-0.592551  -0.589600  0
-0.592551  -0.590825  0
-0.592551  -0.590322  0
-0.592551  -0.590159  0
-0.592551  -0.589050  0
-0.592551  -0.590193  0
-0.592551  -0.589875  0
-0.592551  -0.590299  0
-0.592551  -0.590891  0
-0.592551  -0.591054  0
-0.592551  -0.590569  0
-0.592551  -0.590880  0
-0.592551  -0.591052  0
-0.592551  -0.591648  0
-0.592551  -0.590142  0
-0.592551  -0.590573  0
-0.592551  -0.591477  0
-0.592551  -0.590523  0
-0.592551  -0.590256  0
-0.592551  -0.590605  0
-0.592551  -0.590441  0
-0.592551  -0.590574  0
-0.592551  -0.590604  0
-0.592551  -0.589992  0
-0.592551  -0.589976  0
-0.592551  -0.589359  0
-0.592551  -0.590427  0
-0.592551  -0.590931  0
-0.592551  -0.590454  0
-0.592551  -0.591113  0
-0.592551  -0.590761  0
