1  -0.447322  -0.447322  67.329705  0.011052  -0.114278  5.783897  0.016304  -0.111685  285.239990  0.000000
1  -0.365904  -0.365904  71.036276  0.008922  -0.108753  6.138573  0.014490  -0.105830  300.410004  0.000000
1  -0.366867  -0.366756  74.368880  0.021572  0.169633  6.478601  0.027456  0.172605  0.000000  0.000000
1  -0.369461  -0.369461  77.837034  0.018109  0.101750  6.833333  0.024317  0.104780  216.149994  0.000000
1  -0.368357  -0.368357  81.206145  0.015579  0.032943  7.201384  0.022109  0.035987  0.000000  0.000000
1  -0.367147  -0.367147  84.176631  0.015846  0.064380  7.555959  0.022699  0.067408  303.730011  0.000000
1  -0.364059  -0.364059  87.034777  0.019042  0.138649  7.922541  0.026224  0.141718  300.890015  0.000000
1  -0.366880  -0.367275  89.736735  0.018908  0.114455  8.294227  0.026425  0.117578  298.769989  0.000000
1  -0.369814  -0.369814  92.390345  0.015180  0.002683  8.699334  0.023042  0.005850  308.570007  0.000000
1  -0.369509  -0.369509  94.797099  0.020373  0.082130  9.103074  0.028577  0.085314  326.440002  0.000000
1  -0.368047  -0.368047  97.169444  0.011718  -0.059212  9.502471  0.020267  -0.055974  287.029999  0.000000
1  -0.367288  -0.367288  99.331209  0.018908  0.139972  9.882148  0.027802  0.143182  268.660004  0.000000
1  -0.366305  -0.366084  101.414448  0.019441  0.119995  10.270902  0.028675  0.123223  272.950012  0.000000
1  -0.367304  -0.367304  103.350596  0.009188  -0.113292  10.693484  0.018779  -0.109958  304.309998  0.000000
1  -0.368337  -0.368337  104.665714  0.009854  -0.046652  11.086867  0.019791  -0.043412  292.359985  0.000000
1  -0.366369  -0.366369  106.316101  0.005459  -0.134965  11.495818  0.015762  -0.131554  271.829987  0.000000
1  -0.365975  -0.365975  107.768580  0.013183  0.014759  11.908715  0.023854  0.018207  281.890015  0.000000
1  -0.365528  -0.366197  109.102601  0.007324  -0.104487  12.332296  0.018365  -0.101035  275.799988  0.000000
1  -0.367533  -0.367533  110.358826  0.003462  -0.183063  12.772247  0.014879  -0.179625  290.480011  0.000000
1  -0.369286  -0.369286  111.618026  0.015446  0.016498  13.217250  0.027234  0.019951  314.799988  0.000000
1  -0.368996  -0.368996  112.820032  0.006791  -0.115641  13.657724  0.018962  -0.112077  310.260010  0.000000
1  -0.366584  -0.366584  113.925074  0.005992  -0.138353  14.108275  0.018547  -0.134732  0.000000  0.000000
1  -0.369067  -0.368611  114.871879  0.011585  -0.066459  14.579354  0.024528  -0.062886  324.480011  0.000000
1  -0.366602  -0.366602  115.843046  0.012650  -0.038105  15.041825  0.025976  -0.034508  351.029999  0.000000
1  -0.369579  -0.369579  116.680077  0.015446  0.043984  15.496696  0.029159  0.047567  335.239990  0.000000
1  -0.368663  -0.368663  117.465634  0.025300  0.231805  15.969021  0.039414  0.235563  318.549988  0.000000
1  -0.366590  -0.366590  118.171918  0.016112  0.051181  16.453364  0.030627  0.054947  311.230011  0.010000
1  -0.367430  -0.367430  118.814390  0.008123  -0.074047  16.934936  0.023045  -0.070228  307.519989  0.010000
1  -0.364907  -0.364907  119.381402  0.016778  0.104154  17.417854  0.032108  0.107958  302.839996  0.010000
1  -0.367296  -0.367296  119.985239  0.006791  -0.116178  17.911600  0.022530  -0.112354  302.320007  0.010000
1  -0.370191  -0.370191  120.507113  0.009721  -0.062423  18.421446  0.025877  -0.058532  300.790009  0.010000
1  -0.367206  -0.367206  121.007184  0.016378  0.002516  18.933740  0.032940  0.006378  298.380005  0.010000
1  -0.365372  -0.365372  121.454385  0.015579  0.036807  19.446855  0.032551  0.040620  290.350006  0.010000
1  -0.366414  -0.366414  121.900261  0.019574  0.132331  19.960678  0.036961  0.136166  283.619995  0.010000
1  -0.368311  -0.368377  122.279940  0.017710  0.035641  20.495271  0.035511  0.039464  275.700012  0.020000
1  -0.370197  -0.370197  122.668783  0.015446  -0.021025  21.043222  0.033674  -0.017105  275.570007  0.020000
1  -0.367303  -0.367303  123.027609  0.009454  -0.103564  21.572503  0.028094  -0.099693  277.359985  0.020000
1  -0.363963  -0.363963  123.377169  0.017177  0.070095  22.119664  0.036243  0.074005  283.529999  0.020000
1  -0.366240  -0.366240  123.707122  0.013449  0.035042  22.654084  0.032935  0.038947  280.070007  0.020000
1  -0.368436  -0.368292  124.006991  0.020906  0.140561  23.210311  0.040820  0.144514  273.320007  0.020000
1  -0.367767  -0.367767  124.266248  0.015180  0.054178  23.752195  0.035520  0.058120  269.920013  0.020000
1  -0.367663  -0.367663  124.549999  0.020107  0.124086  24.308610  0.040870  0.128038  266.540009  0.020000
1  -0.364221  -0.364221  124.784999  0.011052  -0.071588  24.872051  0.032236  -0.067667  263.799988  0.020000
1  -0.366583  -0.366583  125.024519  -0.000932  -0.259373  25.427481  0.020676  -0.255469  260.920013  0.020000
1  -0.366416  -0.366545  125.222282  0.011052  -0.011561  25.979720  0.033081  -0.007664  258.070007  0.020000
1  -0.367021  -0.367021  125.438046  0.015446  0.013285  26.566246  0.037901  0.017183  255.289993  0.020000
1  -0.369445  -0.369445  125.648717  0.016645  0.050959  27.146150  0.039535  0.054922  251.279999  0.030000
1  -0.367006  -0.367006  125.838177  0.017177  0.050128  27.735265  0.040496  0.054154  246.860001  0.030000
1  -0.366891  -0.366891  126.030076  0.020373  0.092884  28.324279  0.044118  0.096888  244.369995  0.030000
1  -0.366569  -0.367690  126.166430  0.021572  0.144249  28.908649  0.045743  0.148188  242.020004  0.030000
1  -0.368143  -0.368143  126.287557  0.015713  0.030226  29.497980  0.040309  0.034119  241.610001  0.040000
1  -0.369847  -0.369847  126.388658  0.016778  0.082656  30.084994  0.041802  0.086555  240.289993  0.040000
1  -0.366982  -0.366982  126.537629  0.017444  0.073363  30.691576  0.042904  0.077377  238.570007  0.040000
1  -0.363660  -0.363660  126.640145  0.008123  -0.105026  31.289311  0.034002  -0.101080  236.289993  0.040000
1  -0.366393  -0.366369  126.763773  0.007856  -0.088778  31.883596  0.034163  -0.084720  234.350006  0.050000
1  -0.369110  -0.369110  126.855345  0.015579  0.013854  32.479866  0.042296  0.017789  232.690002  0.050000
1  -0.368303  -0.368303  126.977474  0.006258  -0.158828  33.086547  0.033397  -0.154871  231.539993  0.050000
1  -0.367233  -0.367233  127.043086  0.022770  0.183708  33.694281  0.050333  0.187650  230.559998  0.060000
1  -0.365419  -0.365419  127.103836  0.010253  -0.070498  34.308975  0.038244  -0.066494  229.440002  0.060000
1  -0.365872  -0.366086  127.189166  0.008922  -0.114808  34.925524  0.037339  -0.110801  228.250000  0.060000
1  -0.367902  -0.367902  127.237889  0.010386  -0.062391  35.540795  0.039230  -0.058454  227.720001  0.060000
1  -0.367447  -0.367447  127.251811  0.014514  0.021339  36.154020  0.043785  0.025311  227.440002  0.060000
1  -0.368556  -0.368556  127.319813  0.019441  0.072089  36.771936  0.049129  0.076072  227.020004  0.070000
1  -0.365969  -0.365969  127.390390  0.008655  -0.110886  37.409317  0.038774  -0.106950  226.490005  0.070000
1  -0.365595  -0.365435  127.432486  0.017710  0.024099  38.047462  0.048254  0.028055  226.190002  0.070000
1  -0.366790  -0.366790  127.454681  0.011984  -0.035956  38.672652  0.042949  -0.032004  226.020004  0.070000
1  -0.368243  -0.368243  127.500763  0.019042  0.068380  39.311000  0.050425  0.072286  225.750000  0.070000
1  -0.367667  -0.368307  127.564378  0.024767  0.196591  39.957370  0.056580  0.200476  225.429993  0.070000
1  -0.367578  -0.367578  127.628325  0.010386  -0.100024  40.594679  0.042610  -0.096148  225.369995  0.080000
1  -0.363297  -0.363297  127.659485  0.011851  -0.001918  41.208043  0.044488  0.002026  224.710007  0.080000
1  -0.365749  -0.365749  127.693120  0.011718  -0.042107  41.842637  0.044772  -0.038208  224.149994  0.080000
1  -0.370514  -0.370514  127.725009  0.011851  -0.004432  42.494528  0.045338  -0.000552  223.660004  0.080000
1  -0.367950  -0.367810  127.765358  0.010386  -0.037537  43.116164  0.044288  -0.033638  223.089996  0.080000
1  -0.366796  -0.366796  127.745639  0.021039  0.148758  43.740291  0.055339  0.152611  222.539993  0.080000
1  -0.366814  -0.366814  127.786268  0.010919  -0.016111  44.375215  0.045634  -0.012244  222.449997  0.090000
1  -0.366893  -0.366959  127.804585  0.006525  -0.124700  45.035838  0.041663  -0.120940  222.289993  0.090000
1  -0.368498  -0.368498  127.813419  0.017577  0.077659  45.683265  0.053128  0.081512  222.240005  0.090000
1  -0.368302  -0.368302  127.845470  0.012117  -0.077033  46.343430  0.048084  -0.073150  222.240005  0.090000
1  -0.369792  -0.369792  127.870025  0.006392  -0.157617  46.999652  0.042768  -0.153786  222.229996  0.090000
1  -0.366765  -0.366765  127.882709  0.007590  -0.075361  47.627327  0.044374  -0.071555  222.279999  0.090000
1  -0.365387  -0.365666  127.857791  0.016112  0.057259  48.270870  0.053303  0.061059  222.309998  0.100000
1  -0.367295  -0.367295  127.855613  0.010386  -0.003169  48.904051  0.047981  0.000646  222.279999  0.100000
1  -0.368524  -0.368524  127.872252  0.016112  0.032327  49.563915  0.054111  0.036117  222.300003  0.100000
1  -0.368092  -0.368092  127.893082  0.008788  -0.088630  50.224687  0.047200  -0.084877  222.240005  0.100000
1  -0.366267  -0.366267  127.899637  0.019707  0.112573  50.872490  0.058519  0.116356  222.110001  0.100000
1  -0.365863  -0.364103  127.944879  0.015579  0.034107  51.529244  0.054791  0.037857  222.029999  0.100000
1  -0.365938  -0.365938  127.924355  0.021305  0.139516  52.181077  0.060913  0.143216  221.919998  0.100000
1  -0.369494  -0.369494  127.948971  0.018109  0.130535  52.822386  0.058113  0.134220  221.770004  0.110000
1  -0.367616  -0.367616  127.976453  0.012916  0.000313  53.481936  0.053321  0.004027  221.660004  0.110000
1  -0.367280  -0.367280  127.983310  0.012251  -0.024774  54.149613  0.053053  -0.021072  221.539993  0.110000
1  -0.365549  -0.365392  127.989306  0.021838  0.145226  54.818004  0.063029  0.148876  221.440002  0.110000
1  -0.365199  -0.365199  128.017635  0.015713  0.056837  55.456351  0.057287  0.060472  221.289993  0.110000
1  -0.367130  -0.367130  128.060753  0.020639  0.104547  56.126392  0.062600  0.108167  221.179993  0.110000
1  -0.367920  -0.367920  128.090748  0.013582  0.021868  56.785451  0.055927  0.025467  221.059998  0.110000
1  -0.367537  -0.367537  128.106787  0.009321  -0.102113  57.447520  0.052048  -0.098536  220.929993  0.120000
1  -0.366481  -0.367072  128.110542  0.014115  -0.003826  58.106122  0.057223  -0.000213  220.759995  0.120000
1  -0.365291  -0.365291  128.081997  0.013449  0.006080  58.769742  0.056943  0.009695  220.600006  0.120000
1  -0.367037  -0.367037  128.089262  0.009188  -0.107716  59.446327  0.053065  -0.104110  220.440002  0.120000
1  -0.368095  -0.368095  128.083115  0.015579  0.016492  60.114862  0.059834  0.020037  220.389999  0.120000
1  -0.367438  -0.367438  128.110055  0.012251  -0.001768  60.772834  0.056888  0.001810  220.279999  0.120000
1  -0.364624  -0.364905  128.115651  0.024767  0.199153  61.442007  0.069783  0.202698  220.259995  0.120000
1  -0.365944  -0.365944  128.104811  0.017976  0.088043  62.097283  0.063359  0.091477  220.399994  0.120000
1  -0.366472  -0.366472  128.074236  0.012384  0.005750  62.751080  0.058137  0.009184  220.399994  0.120000
1  -0.368419  -0.368419  128.127638  0.024102  0.228360  63.414701  0.070227  0.231836  220.500000  0.130000
1  -0.367991  -0.367991  128.120488  0.006258  -0.138504  64.086125  0.052753  -0.135031  220.389999  0.130000
1  -0.365902  -0.366189  128.124065  0.017843  0.079116  64.756436  0.064708  0.082548  219.979996  0.130000
1  -0.365415  -0.365415  128.073931  0.017311  0.115894  65.400566  0.064538  0.119309  219.539993  0.130000
1  -0.365819  -0.365819  128.044409  0.011452  -0.061650  66.069933  0.059040  -0.058243  219.050003  0.130000
1  -0.367773  -0.367773  127.992073  0.014647  0.068646  66.715590  0.062591  0.071971  218.589996  0.130000
1  -0.368632  -0.368632  127.974367  0.013582  0.011585  67.389857  0.061885  0.014922  218.339996  0.130000
1  -0.365798  -0.364976  127.972582  0.023303  0.156748  68.057052  0.071963  0.160102  218.089996  0.130000
1  -0.365909  -0.365909  127.939347  0.011984  0.008554  68.704416  0.060994  0.011818  217.729996  0.130000
1  -0.364133  -0.364133  127.990343  0.010786  -0.002976  69.367877  0.060150  0.000303  217.479996  0.140000
1  -0.368042  -0.368042  128.028307  0.017976  0.085326  70.038696  0.067691  0.088582  217.350006  0.140000
1  -0.370233  -0.370233  128.023065  0.009854  -0.037325  70.684074  0.059910  -0.034111  217.240005  0.140000
1  -0.367391  -0.367278  128.030245  0.010386  -0.054391  71.334987  0.060784  -0.051208  217.100006  0.140000
1  -0.363824  -0.363824  127.988470  0.009987  -0.053567  71.988612  0.060724  -0.050394  216.880005  0.140000
1  -0.366600  -0.366600  128.011205  0.017710  0.073415  72.623853  0.068772  0.076381  216.809998  0.150000
1  -0.367659  -0.367659  127.976373  0.012650  0.020717  73.267837  0.064040  0.023765  216.729996  0.150000
1  -0.366654  -0.366654  128.015974  0.022237  0.172910  73.929246  0.073962  0.176044  216.750000  0.150000
1  -0.367622  -0.367640  128.042140  0.018376  0.059233  74.596612  0.070431  0.062323  216.820007  0.150000
1  -0.360352  -0.360352  128.062608  0.004261  -0.157241  75.243702  0.056644  -0.154188  216.899994  0.150000
1  -0.366886  -0.366886  128.100519  0.009721  -0.134314  75.914785  0.062428  -0.131319  216.970001  0.150000
1  -0.367813  -0.367813  128.052294  0.003196  -0.158151  76.555511  0.056224  -0.155152  217.000000  0.160000
1  -0.367862  -0.367862  128.039312  0.014647  0.055360  77.217089  0.068003  0.058332  217.059998  0.160000
1  -0.368381  -0.367946  128.032767  0.005726  -0.182310  77.880437  0.059392  -0.179369  217.199997  0.160000
1  -0.365819  -0.365819  128.060761  0.019175  0.097457  78.529968  0.073155  0.100397  217.339996  0.160000
1  -0.365419  -0.365419  128.081944  0.020240  0.110365  79.178702  0.074531  0.113298  217.470001  0.160000
1  -0.367905  -0.367905  128.091334  0.026232  0.235687  79.827025  0.080829  0.238556  217.369995  0.160000
1  -0.368012  -0.368012  128.124780  0.012650  -0.036877  80.482956  0.067555  -0.034001  217.300003  0.160000
1  -0.370039  -0.369659  128.113554  0.014781  -0.011114  81.136419  0.069985  -0.008312  217.210007  0.160000
1  -0.366605  -0.366605  128.153847  0.006258  -0.170503  81.791442  0.061761  -0.167702  217.179993  0.160000
1  -0.364016  -0.364016  128.154716  0.020506  0.138167  82.436597  0.076303  0.140934  217.160004  0.160000
1  -0.365133  -0.365133  128.126402  0.016911  0.078123  83.049500  0.072989  0.080834  217.119995  0.160000
1  -0.367680  -0.367680  128.155407  0.019841  0.168377  83.703128  0.076221  0.171070  217.070007  0.160000
1  -0.367611  -0.367228  128.143997  0.026498  0.268662  84.342103  0.083166  0.271345  216.910004  0.160000
1  -0.367166  -0.367166  128.169893  0.014381  0.000833  84.989272  0.071332  0.003487  216.729996  0.160000
1  -0.362573  -0.362573  128.141376  0.015979  0.079644  85.610859  0.073203  0.082217  216.509995  0.160000
1  -0.366184  -0.366184  128.154743  0.013715  -0.003448  86.251116  0.071218  -0.000840  216.419998  0.170000
1  -0.368150  -0.368150  128.136035  0.009587  -0.090807  86.892192  0.067362  -0.088260  216.389999  0.170000
1  -0.368033  -0.367948  128.123997  0.011984  -0.073605  87.540700  0.070028  -0.071076  216.350006  0.170000
1  -0.366879  -0.366879  128.156760  0.016911  0.056383  88.172969  0.075226  0.058918  216.369995  0.170000
1  -0.366409  -0.366409  128.118280  0.013316  0.005903  88.795942  0.071892  0.008373  216.389999  0.170000
1  -0.366157  -0.366157  128.077131  0.010519  -0.055740  89.417279  0.069351  -0.053350  216.369995  0.170000
1  -0.367320  -0.367320  128.068378  0.003728  -0.179061  90.041183  0.062816  -0.176675  216.210007  0.170000
1  -0.367913  -0.367676  128.047069  0.022903  0.207741  90.658792  0.082245  0.210114  216.070007  0.170000
1  -0.365653  -0.365653  128.045012  0.014914  0.023609  91.285359  0.074504  0.025937  215.949997  0.170000
1  -0.365336  -0.365336  128.038014  0.011185  -0.088783  91.916222  0.071018  -0.086514  215.919998  0.170000
1  -0.366263  -0.366263  128.050359  0.011851  -0.039430  92.537173  0.071925  -0.037184  215.949997  0.170000
1  -0.368360  -0.368360  128.038867  0.018109  0.128570  93.137301  0.078426  0.130839  215.970001  0.170000
1  -0.369920  -0.369596  128.013063  0.013183  0.007145  93.745608  0.073734  0.009340  215.970001  0.170000
1  -0.367523  -0.367523  127.996703  0.012650  0.011528  94.351930  0.073430  0.013646  215.699997  0.170000
1  -0.364973  -0.364973  127.977552  0.006125  -0.127570  94.960171  0.067133  -0.125438  215.440002  0.170000
1  -0.367359  -0.367359  127.975044  0.010519  -0.038609  95.579066  0.071752  -0.036501  215.130005  0.170000
