1  0.000000  -0.037793  -0.037793  41.739342  1.136780  0.952274  3.294574  1.238817  1.006560  3669900041249566906486943160609059940642719018961370023937797809706487996984597298287753294348148780762221911030311884816947405482241879376869946909612919635595142661174709215446933640808897588735785378911192471252751703955549612825566241202458042099536362303651840.000000  10101818668496145832947323412156268275638603354269995863326351430704615604673713485623181044510025075085455714821287332672213929902179470233387870112139873011728427140844122284320958188374768037149029472827959378360133395899241123149337154558531712085571626728423424.000000
1  3.294574  -0.017358  -0.017358  45.450267  1.579285  2.843515  3.475700  1.686558  2.897001  3669900041249566906486943160609059940642719018961370023937797809706487996984597298287753294348148780762221911030311884816947405482241879376869946909612919635595142661174709215446933640808897588735785378911192471252751703955549612825566241202458042099536362303651840.000000  10101818668496145832947323412156268275638603354269995863326351430704615604673713485623181044510025075085455714821287332672213929902179470233387870112139873011728427140844122284320958188374768037149029472827959378360133395899241123149337154558531712085571626728423424.000000
1  3.475700  -0.017393  -0.017393  49.274538  0.808716  -0.236471  3.667690  0.921269  -0.183785  3669900041249566906486943160609059940642719018961370023937797809706487996984597298287753294348148780762221911030311884816947405482241879376869946909612919635595142661174709215446933640808897588735785378911192471252751703955549612825566241202458042099536362303651840.000000  10101818668496145832947323412156268275638603354269995863326351430704615604673713485623181044510025075085455714821287332672213929902179470233387870112139873011728427140844122284320958188374768037149029472827959378360133395899241123149337154558531712085571626728423424.000000
1  3.667690  -0.016962  -0.016962  53.300268  0.625610  -0.669888  3.833104  0.743162  -0.618212  3669900041249566906486943160609059940642719018961370023937797809706487996984597298287753294348148780762221911030311884816947405482241879376869946909612919635595142661174709215446933640808897588735785378911192471252751703955549612825566241202458042099536362303651840.000000  10101818668496145832947323412156268275638603354269995863326351430704615604673713485623181044510025075085455714821287332672213929902179470233387870112139873011728427140844122284320958188374768037149029472827959378360133395899241123149337154558531712085571626728423424.000000
1  3.833104  -0.014731  -0.014422  57.366038  0.686646  -0.331204  4.009779  0.809220  -0.280078  226.570007  0.340000
1  4.009779  -0.016464  -0.016464  61.892029  0.892639  0.270521  4.209072  1.020239  0.321183  226.570007  0.340000
1  4.209072  -0.015396  -0.015396  65.937288  0.579834  -1.012829  4.397097  0.712266  -0.963115  226.570007  0.340000
1  4.397097  -0.016232  -0.016232  70.417476  0.961304  0.472922  4.588425  1.098594  0.522040  226.570007  0.340000
1  4.588425  -0.017204  -0.017204  74.895122  0.732422  -0.340517  4.769791  0.874390  -0.292329  226.570007  0.340000
1  4.769791  -0.015909  -0.015885  79.528902  0.740051  -0.287069  4.954147  0.886484  -0.240223  226.570007  0.340000
1  4.954147  -0.015284  -0.015284  84.072723  1.098633  1.310304  5.132181  1.249710  1.356774  226.570007  0.340000
1  5.132181  -0.015710  -0.015710  88.181616  0.968933  0.507952  5.339029  1.124372  0.553016  226.570007  0.340000
1  5.339029  -0.015582  -0.015582  92.308524  0.122070  -2.897183  5.528262  0.281578  -2.853653  226.570007  0.340000
1  5.528262  -0.014952  -0.014952  96.975585  1.159668  1.190737  5.724671  1.323338  1.233470  226.570007  0.340000
1  5.724671  -0.016438  -0.016539  101.059248  0.633240  -1.050942  5.930677  0.801093  -1.008587  226.570007  0.340000
1  5.930677  -0.015869  -0.015869  104.757564  0.862122  -0.246346  6.133278  1.033765  -0.205611  226.570007  0.340000
1  6.133278  -0.016686  -0.016686  108.592392  1.548767  2.232368  6.351717  1.724132  2.271762  236.000000  0.490000
1  6.351717  -0.019466  -0.019466  112.360480  0.801086  -0.737815  6.559841  0.980077  -0.699988  236.000000  0.490000
1  6.559841  -0.016718  -0.016718  115.850412  0.999451  0.078478  6.761425  1.181962  0.115319  236.000000  0.490000
1  6.761425  -0.016378  -0.016116  119.209449  0.473022  -1.883349  6.952792  0.658895  -1.847630  236.000000  0.490000
1  6.952792  -0.016755  -0.016755  122.015919  0.976562  0.202375  7.142067  1.165587  0.236685  236.000000  0.490000
1  7.142067  -0.016550  -0.016550  125.245499  0.968933  0.250382  7.332532  1.161183  0.283779  236.000000  0.490000
1  7.332532  -0.016138  -0.016138  128.067209  1.190186  0.871975  7.543869  1.385323  0.903834  236.000000  0.490000
1  7.543869  -0.016588  -0.016588  130.580779  1.060486  0.445839  7.734616  1.258453  0.476477  236.000000  0.490000
1  7.734616  -0.016760  -0.016461  133.079579  1.823425  3.298424  7.946465  2.024156  3.327987  319.500000  0.430000
1  7.946465  -0.015904  -0.015904  135.561304  1.197815  0.712893  8.145438  1.400738  0.739890  319.500000  0.430000
1  8.145438  -0.017298  -0.017298  137.643181  1.228333  0.864841  8.341403  1.433446  0.889852  319.500000  0.430000
1  8.341403  -0.016491  -0.016491  139.497977  1.235962  0.937606  8.530121  1.443229  0.961374  319.500000  0.430000
1  8.530121  -0.017574  -0.017574  141.430374  0.686646  -1.129966  8.706804  0.895691  -1.108245  319.500000  0.430000
1  8.706804  -0.017319  -0.017131  143.256303  0.129700  -3.153338  8.867312  0.340198  -3.134135  319.500000  0.430000
1  8.867312  -0.016217  -0.016217  144.878800  1.190186  1.059286  9.038904  1.402129  1.076929  319.500000  0.430000
1  9.038904  -0.017998  -0.017998  146.393676  0.724792  -0.668590  9.196692  0.938052  -0.652526  319.500000  0.430000
1  9.196692  -0.017253  -0.017253  147.758952  0.892639  0.103987  9.344416  1.106795  0.117598  319.500000  0.430000
1  9.344416  -0.016349  -0.016349  149.078495  1.129150  0.949969  9.501920  1.344007  0.961303  319.500000  0.430000
1  9.501920  -0.017183  -0.017303  150.304391  0.724792  -0.562183  9.647855  0.940611  -0.551517  350.760010  0.460000
1  9.647855  -0.014383  -0.014383  151.428593  1.037598  0.437308  9.814238  1.254061  0.446597  350.760010  0.460000
1  9.814238  -0.016380  -0.016380  152.431417  1.121521  0.864272  9.950559  1.338321  0.871566  350.760010  0.460000
1  9.950559  -0.017242  -0.017242  153.388329  1.182556  0.936474  10.099469  1.399242  0.940713  350.760010  0.460000
1  10.099469  -0.019070  -0.019070  154.257912  0.823975  -0.255598  10.218023  1.040805  -0.252373  350.760010  0.460000
1  10.218023  -0.018512  -0.018100  155.081441  0.320435  -2.067509  10.336858  0.537629  -2.064144  350.760010  0.460000
1  10.336858  -0.019197  -0.019197  155.905691  0.831604  -0.326679  10.496110  1.049085  -0.323306  350.760010  0.460000
1  10.496110  -0.017745  -0.017745  156.605087  0.679016  -0.874836  10.626401  0.896787  -0.871833  350.760010  0.460000
1  10.626401  -0.017078  -0.017078  157.241679  0.915527  -0.122861  10.777200  1.133562  -0.120046  350.760010  0.460000
1  10.777200  -0.017232  -0.017232  157.904349  0.648499  -1.405986  10.952338  0.867862  -1.399604  350.760010  0.460000
1  10.952338  -0.016049  -0.016394  158.447498  0.289917  -2.528331  11.086747  0.510561  -2.519757  336.149994  0.430000
1  11.086747  -0.017100  -0.017100  158.984928  1.144409  0.932015  11.247383  1.366950  0.943786  336.149994  0.430000
1  11.247383  -0.020857  -0.020857  159.422752  1.365662  1.708455  11.420322  1.590046  1.722266  336.149994  0.430000
1  11.420322  -0.013866  -0.013866  159.818367  1.014709  0.312166  11.591209  1.241251  0.328554  336.149994  0.430000
1  11.591209  -0.010876  -0.010876  160.221302  1.045227  0.612308  11.758306  1.274625  0.632621  336.149994  0.430000
1  11.758306  0.060100  0.061846  160.568779  1.037598  0.556655  11.950812  1.270319  0.581166  336.149994  0.430000
1  11.950812  0.116989  0.116989  160.924560  1.258850  1.260890  12.152927  1.494551  1.287057  336.149994  0.430000
1  12.152927  0.204271  0.204271  161.226764  0.900269  0.095412  12.317806  1.138910  0.122447  336.149994  0.430000
1  12.317806  0.240492  0.240492  161.502445  0.457764  -1.687231  12.511219  0.699792  -1.658050  336.149994  0.430000
1  12.511219  0.324112  0.324112  161.736578  0.511169  -1.531202  12.701987  0.755957  -1.502288  336.149994  0.430000
1  12.701987  0.486954  0.485214  161.936981  0.541687  -1.336246  12.903563  0.790494  -1.304070  43.680000  0.490000
1  12.903563  0.615659  0.615659  162.127077  0.679016  -0.667522  13.081072  0.930826  -0.636079  43.680000  0.490000
1  13.081072  1.155103  1.155103  162.398509  0.930786  0.163002  13.317816  1.187559  0.200204  43.680000  0.490000
1  13.317816  2.138577  2.138577  162.581642  0.442505  -1.842861  13.540135  0.703738  -1.803247  43.680000  0.490000
1  13.540135  3.464302  3.464302  162.787417  0.778198  -0.562829  13.779369  1.044566  -0.519651  43.680000  0.490000
1  13.779369  3.824664  3.825558  162.953663  0.518799  -1.632120  14.022569  0.790674  -1.585467  43.680000  0.490000
1  14.022569  3.836390  3.836390  163.127089  0.762939  -0.660961  14.278712  1.041263  -0.608704  43.680000  0.490000
1  14.278712  3.851023  3.851023  163.252603  1.319885  1.501905  14.535979  1.604267  1.556786  43.680000  0.490000
1  14.535979  3.857453  3.857453  163.352485  0.877380  -0.210559  14.765563  1.166650  -0.157892  43.680000  0.490000
1  14.765563  3.861795  3.861795  163.447066  0.656128  -1.024136  15.020355  0.951991  -0.966999  43.680000  0.490000
1  15.020355  3.860625  3.861133  163.569177  0.953674  0.266639  15.296825  1.257461  0.330675  43.680000  0.490000
1  15.296825  3.861226  3.861226  163.700575  0.656128  -1.085327  15.556084  0.965485  -1.024184  43.680000  0.490000
1  15.556084  3.865950  3.865950  163.814940  1.014709  0.494981  15.810602  1.330663  0.557763  24.889999  0.900000
1  15.810602  3.864247  3.864247  163.892625  0.877380  -0.137303  16.071691  1.199181  -0.076140  24.889999  0.900000
1  16.071691  3.883205  3.883205  163.941999  0.923157  0.149533  16.331741  1.251596  0.212207  24.889999  0.900000
1  16.331741  3.920488  3.920488  164.053799  0.976562  0.244278  16.636997  1.313261  0.312884  24.889999  0.900000
1  16.636997  4.255058  4.255058  164.094539  0.976562  0.400288  16.909520  1.320759  0.471110  24.889999  0.900000
1  16.909520  4.766131  4.766131  164.168161  0.823975  -0.329511  17.231952  1.177367  -0.252011  24.889999  0.900000
1  17.231952  5.342371  5.342371  164.184802  0.801086  -0.262877  17.527488  1.163436  -0.181477  24.889999  0.900000
1  17.527488  6.477673  6.477673  164.206654  1.182556  1.217607  17.842704  1.554090  1.302072  24.889999  0.900000
1  17.842704  7.638416  7.638416  164.286423  1.182556  1.298349  18.155522  1.563620  1.386062  1.820000  0.760000
1  18.155522  8.458584  8.458584  164.315528  0.625610  -0.897739  18.472056  1.016220  -0.807089  1.820000  0.760000
1  18.472056  8.915803  8.920087  164.331091  1.213074  1.419101  18.768856  1.611606  1.505724  1.820000  0.760000
1  18.768856  9.310490  9.310490  164.396078  1.396179  2.126689  19.083059  1.803619  2.214098  1.820000  0.760000
1  19.083059  9.340937  9.340937  164.389361  0.572205  -1.126057  19.384186  0.988872  -1.034630  1.820000  0.760000
1  19.384186  9.339138  9.339138  164.426469  1.113892  1.196572  19.748178  1.542780  1.295944  1.820000  0.760000
1  19.748178  9.345538  9.345538  164.420496  0.755310  -0.287141  20.096846  1.195093  -0.184592  1.820000  0.760000
1  20.096846  9.350922  9.351807  164.500516  0.747681  -0.377592  20.464131  1.199316  -0.269385  1.820000  0.760000
1  20.464131  9.353479  9.353479  164.534232  0.549316  -1.207542  20.852199  1.014121  -1.091912  1.820000  0.760000
1  20.852199  9.358063  9.358063  164.544893  0.808716  -0.115854  21.214057  1.285468  0.001007  1.820000  0.760000
1  21.214057  9.367897  9.367897  164.589130  1.373291  1.822841  21.606548  1.861628  1.938854  331.489990  0.970000
1  21.606548  9.381738  9.381738  164.559332  0.732422  -0.715930  22.009426  1.234303  -0.593707  331.489990  0.970000
1  22.009426  9.425658  9.427547  164.605323  0.854492  -0.306587  22.385209  1.367422  -0.188353  331.489990  0.970000
1  22.385209  9.830637  9.830637  164.656054  1.083374  0.355701  22.798520  1.608605  0.475468  331.489990  0.970000
1  22.798520  10.821545  10.821545  164.670055  0.793457  -0.887696  23.229503  1.332478  -0.762458  331.489990  0.970000
1  23.229503  11.128704  11.128704  164.655931  0.762939  -0.663422  23.637044  1.316257  -0.533148  331.489990  0.970000
1  23.637044  11.881224  11.881224  164.611045  0.442505  -1.785169  24.036707  1.009335  -1.653949  331.489990  0.970000
1  24.036707  13.273410  13.273410  164.651503  1.289368  1.376271  24.488847  1.870982  1.512443  331.489990  0.970000
1  24.488847  14.207719  14.207719  164.640240  1.502991  2.283294  24.913744  2.098801  2.420750  331.489990  0.970000
1  24.913744  15.139754  15.139754  164.650578  0.701904  -0.892279  25.357816  1.312789  -0.750353  331.489990  0.970000
1  25.357816  15.563949  15.563949  164.700241  1.327515  1.781238  25.783184  1.953034  1.924620  26.129999  0.670000
1  25.783184  16.426330  16.426330  164.705695  0.724792  -0.696713  26.258009  1.366984  -0.546763  26.129999  0.670000
1  26.258009  16.720380  16.720380  164.687923  1.045227  0.541078  26.730556  1.703887  0.695171  26.129999  0.670000
1  26.730556  16.634067  16.634067  164.680808  0.938416  0.030568  27.204523  1.613068  0.185739  26.129999  0.670000
1  27.204523  16.299791  16.282122  164.655583  1.022339  0.385708  27.670636  1.712545  0.539054  26.129999  0.670000
1  27.670636  13.019712  13.019712  164.660116  0.915527  -0.049087  28.129439  1.621006  0.104159  26.129999  0.670000
1  28.129439  8.857651  8.857651  164.663387  0.831604  -0.193955  28.611868  1.554745  -0.033569  26.129999  0.670000
1  28.611868  4.852436  4.852436  164.671916  0.434875  -1.973917  29.126923  1.175789  -1.808343  26.129999  0.670000
1  29.126923  1.623177  1.623177  164.716115  0.556946  -1.422792  29.646213  1.316671  -1.250434  26.129999  0.670000
1  29.646213  -0.556791  -0.589716  164.682812  0.930786  0.159917  30.170810  1.709774  0.338356  26.129999  0.670000
1  30.170810  -3.433194  -3.433194  164.690515  0.259399  -2.420464  30.690044  1.057463  -2.238391  13.180000  0.440000
1  30.690044  -6.833700  -6.833700  164.663913  0.869751  0.123668  31.199840  1.686556  0.306714  13.180000  0.440000
1  31.199840  -8.162595  -8.162595  164.664827  0.785828  -0.323696  31.736877  1.621741  -0.138625  13.180000  0.440000
1  31.736877  -8.339853  -8.339853  164.645032  0.465393  -1.565269  32.248503  1.319394  -1.382054  13.180000  0.440000
1  32.248503  -8.334894  -8.334551  164.682432  0.999451  0.457720  32.791499  1.872568  0.643413  13.180000  0.440000
1  32.791499  -8.244426  -8.244426  164.670124  1.159668  1.029956  33.384155  2.054927  1.226439  13.180000  0.440000
1  33.384155  -8.244557  -8.244557  164.666971  1.205444  1.261915  33.957455  2.121896  1.462641  13.180000  0.440000
1  33.957455  -8.245098  -8.245098  164.681653  0.366211  -2.133931  34.557479  1.304906  -1.926760  13.180000  0.440000
1  34.557479  -8.199515  -8.199515  164.697088  1.068115  0.650604  35.132065  2.027450  0.856584  13.180000  0.440000
1  35.132065  -8.264821  -8.266243  164.666638  0.503540  -1.488432  35.710720  1.484435  -1.279601  13.180000  0.440000
1  35.710720  -9.175990  -9.175990  164.686118  0.518799  -1.360568  36.303864  1.521803  -1.148460  13.180000  0.440000
1  36.303864  -11.457385  -11.457385  164.724412  0.656128  -0.700347  36.881957  1.680604  -0.488108  13.180000  0.440000
1  36.881957  -14.473229  -14.473229  164.706334  0.770569  -0.159805  37.471080  1.817161  0.054205  1.360000  0.890000
1  37.471080  -17.177266  -17.177266  164.721274  1.091003  1.013062  38.086413  2.160339  1.231516  1.360000  0.890000
1  38.086413  -21.406004  -21.420690  164.698188  1.091003  0.954117  38.698239  2.182714  1.173800  1.360000  0.890000
1  38.698239  -23.713436  -23.713436  164.682235  0.274658  -2.320686  39.342313  1.389970  -2.099577  1.360000  0.890000
1  39.342313  -25.124153  -25.124153  164.682021  0.907898  0.186530  39.989199  2.047606  0.414651  1.360000  0.890000
1  39.989199  -26.209460  -26.209460  164.646004  0.671387  -0.816593  40.613696  1.833582  -0.590345  1.360000  0.890000
1  40.613696  -27.014391  -27.014391  164.614966  0.976562  0.554401  41.251926  2.163115  0.785888  1.360000  0.890000
1  41.251926  -27.296855  -27.299538  164.635993  0.862122  -0.028282  41.888827  2.071612  0.201447  1.360000  0.890000
1  41.888827  -27.742948  -27.742948  164.623037  0.816345  -0.077395  42.535251  2.050213  0.156157  346.369995  0.500000
1  42.535251  -27.854606  -27.854606  164.587075  0.518799  -1.269780  43.201507  1.777587  -1.031892  346.369995  0.500000
1  43.201507  -27.844512  -27.844512  164.584253  0.503540  -1.233849  43.863722  1.787465  -0.992115  346.369995  0.500000
1  43.863722  -27.833936  -27.833936  164.616362  1.075745  1.124601  44.540119  2.385332  1.369632  346.369995  0.500000
1  44.540119  -27.786241  -27.786235  164.608935  0.671387  -0.646938  45.204555  2.005579  -0.399471  346.369995  0.500000
1  45.204555  -27.784852  -27.784852  164.592247  1.136780  1.152867  45.888682  2.496043  1.400714  346.369995  0.500000
1  45.888682  -27.682829  -27.682829  164.621954  0.717163  -0.657468  46.628048  2.103512  -0.406125  346.369995  0.500000
1  46.628048  -26.925982  -26.925982  164.616076  0.831604  -0.154587  47.320606  2.243361  0.096250  346.369995  0.500000
1  47.320606  -22.635664  -22.635664  164.607183  1.159668  1.094951  48.037018  2.597851  1.349108  346.369995  0.500000
1  48.037018  -18.535028  -18.475353  164.678660  1.251221  1.326732  48.759926  2.715583  1.582591  346.369995  0.500000
1  48.759926  -15.884816  -15.884816  164.674103  0.740051  -0.557730  49.463399  2.230535  -0.301661  285.600006  0.490000
1  49.463399  -12.750833  -12.750833  164.706967  1.045227  0.777720  50.187760  2.562908  1.037903  285.600006  0.490000
1  50.187760  -11.248194  -11.248194  164.670542  0.717163  -0.593883  50.914241  2.261360  -0.333187  285.600006  0.490000
1  50.914241  -9.295731  -9.295731  164.658886  0.793457  -0.388979  51.658690  2.364811  -0.125512  285.600006  0.490000
1  51.658690  -8.225165  -8.224583  164.659956  0.808716  -0.339292  52.397941  2.407017  -0.074590  285.600006  0.490000
1  52.397941  -8.071975  -8.071975  164.669036  0.732422  -0.592950  53.142024  2.358113  -0.325616  285.600006  0.490000
1  53.142024  -7.809677  -7.809677  164.701999  0.488281  -1.585366  53.910847  2.142447  -1.313514  285.600006  0.490000
1  53.910847  -7.822185  -7.822185  164.732415  1.335144  1.658743  54.677540  3.016885  1.930996  285.600006  0.490000
1  54.677540  -7.852584  -7.852584  164.745691  0.602722  -1.230981  55.431210  2.311854  -0.959606  285.600006  0.490000
1  55.431210  -7.821407  -7.821492  164.762955  0.633240  -1.192808  56.208828  2.370311  -0.920012  285.600006  0.490000
1  56.208828  -7.817221  -7.817221  164.743295  1.266479  1.320027  56.986000  3.031834  1.594927  169.929993  0.270000
1  56.986000  -7.827553  -7.827553  164.743882  0.747681  -0.553096  57.749543  2.541286  -0.276773  169.929993  0.270000
1  57.749543  -7.776649  -7.776649  164.712728  1.274109  1.548596  58.514502  3.095277  1.823234  169.929993  0.270000
1  58.514502  -7.683240  -7.683240  164.715161  1.220703  1.261898  59.303335  3.070268  1.538264  169.929993  0.270000
1  59.303335  -5.897848  -5.870836  164.718363  0.724792  -0.654997  60.081028  2.602527  -0.378409  169.929993  0.270000
1  60.081028  -3.431185  -3.431185  164.760995  0.640869  -1.157631  60.888634  2.547240  -0.878883  169.929993  0.270000
1  60.888634  -2.448199  -2.448199  164.737788  1.029968  0.438287  61.663929  2.963881  0.714929  169.929993  0.270000
1  61.663929  -1.186194  -1.186194  164.721275  0.724792  -0.645617  62.456779  2.687677  -0.365649  169.929993  0.270000
1  62.456779  -0.050028  -0.050028  164.712196  0.320435  -2.227815  63.250643  2.311968  -1.946622  169.929993  0.270000
1  63.250643  0.403754  0.406958  164.695903  0.625610  -0.954743  64.031782  2.645028  -0.675934  169.929993  0.270000
1  64.031782  0.629618  0.629618  164.688098  0.694275  -0.603381  64.830389  2.742791  -0.321834  157.919998  0.390000
1  64.830389  1.357601  1.357601  164.693370  0.709534  -0.581624  65.639450  2.787149  -0.297923  157.919998  0.390000
1  65.639450  2.346922  2.346922  164.761656  1.213074  1.302979  66.463720  3.320105  1.589085  157.919998  0.390000
1  66.463720  2.775245  2.775245  164.798164  0.572205  -1.305900  67.280512  2.708364  -1.019198  157.919998  0.390000
1  67.280512  3.571953  3.578693  164.783971  0.442505  -1.685840  68.083658  2.607734  -1.398892  157.919998  0.390000
1  68.083658  3.839359  3.839359  164.783959  0.976562  0.420669  68.908892  3.171341  0.709191  157.919998  0.390000
1  68.908892  4.679904  4.679904  164.743139  0.747681  -0.434258  69.724059  2.971585  -0.145926  157.919998  0.390000
1  69.724059  5.350962  5.350962  164.750769  0.999451  0.555730  70.548678  3.252705  0.844022  157.919998  0.390000
1  70.548678  5.756426  5.756426  164.775154  0.633240  -0.822904  71.366978  2.915798  -0.534311  157.919998  0.390000
1  71.366978  6.574917  6.580093  164.764205  0.686646  -0.661469  72.202911  2.998958  -0.371270  157.919998  0.390000
1  72.202911  7.421475  7.421475  164.756528  1.144409  0.997246  73.060775  3.486854  1.289720  157.919998  0.390000
1  73.060775  8.620475  8.620475  164.748432  1.060486  0.636928  73.898543  3.432417  0.929305  157.919998  0.390000
1  73.898543  10.190473  10.190473  164.780221  1.083374  0.984270  74.726866  3.485444  1.278708  170.279999  0.390000
1  74.726866  11.191360  11.191360  164.735828  0.457764  -1.514540  75.568516  2.889671  -1.219856  170.279999  0.390000
1  75.568516  11.833286  11.833994  164.793458  1.296997  1.759973  76.454273  3.760320  2.057540  170.279999  0.390000
1  76.454273  11.861844  11.861844  164.764378  0.823975  -0.184780  77.300890  3.316885  0.111458  170.279999  0.390000
1  77.300890  11.738780  11.738780  164.711962  0.953674  0.345088  78.151534  3.476424  0.640413  170.279999  0.390000
1  78.151534  11.756065  11.756065  164.700835  0.350952  -2.101147  78.993682  2.903058  -1.807347  170.279999  0.390000
1  78.993682  11.756247  11.756247  164.664338  0.503540  -1.420037  79.808620  3.084380  -1.127111  170.279999  0.390000
1  79.808620  11.757349  11.756770  164.678935  0.915527  0.304554  80.659730  3.526572  0.599231  170.279999  0.390000
1  80.659730  11.757149  11.757149  164.671132  0.930786  0.206309  81.511640  3.571078  0.498878  219.669998  0.390000
1  81.511640  11.820958  11.820958  164.655287  1.091003  0.914755  82.355372  3.760816  1.206897  219.669998  0.390000
1  82.355372  12.553032  12.553032  164.657607  0.747681  -0.338257  83.198126  3.447366  -0.044893  219.669998  0.390000
1  83.198126  15.819694  15.819694  164.678268  1.220703  1.244294  84.079958  3.950384  1.538281  219.669998  0.390000
1  84.079958  19.103923  19.124199  164.684760  1.075745  0.659050  84.973455  3.836362  0.953974  219.669998  0.390000
1  84.973455  22.598642  22.598642  164.633523  0.793457  -0.507150  85.831386  3.583470  -0.213531  219.669998  0.390000
1  85.831386  25.826860  25.826860  164.678347  1.319885  1.580181  86.697870  4.139992  1.875259  219.669998  0.390000
1  86.697870  28.719255  28.719255  164.700223  0.648499  -1.278321  87.584900  3.498511  -0.983011  219.669998  0.390000
1  87.584900  31.189568  31.189568  164.714220  0.411987  -2.040798  88.438103  3.291544  -1.746600  219.669998  0.390000
1  88.438103  33.108957  33.144759  164.723556  0.679016  -0.869050  89.307326  3.588996  -0.572611  219.669998  0.390000
1  89.307326  34.401093  34.401093  164.723235  0.396729  -1.925730  90.168586  3.336637  -1.629426  155.399994  0.720000
1  90.168586  35.311466  35.311466  164.720715  0.213623  -2.660210  91.025445  3.182826  -2.366392  155.399994  0.720000
1  91.025445  36.323666  36.323666  164.694309  0.747681  -0.433698  91.887826  3.746706  -0.139765  155.399994  0.720000
1  91.887826  36.596703  36.596703  164.696972  0.663757  -0.932932  92.757472  3.692152  -0.639700  155.399994  0.720000
1  92.757472  36.488863  36.488409  164.661592  1.472473  2.215066  93.634280  4.530594  2.508299  155.399994  0.720000
1  93.634280  36.181536  36.181536  164.676584  0.679016  -0.760517  94.491148  3.767047  -0.466424  155.399994  0.720000
1  94.491148  33.476584  33.476584  164.648630  0.717163  -0.740139  95.358032  3.834356  -0.448171  155.399994  0.720000
1  95.358032  29.266449  29.266449  164.659102  0.946045  0.375359  96.220465  4.093267  0.668695  155.399994  0.720000
1  96.220465  24.792443  24.792443  164.638026  0.640869  -0.970634  97.100465  3.817881  -0.676775  155.399994  0.720000
1  97.100465  21.001464  20.976156  164.646775  1.022339  0.511293  97.975828  4.228968  0.804544  155.399994  0.720000
1  97.975828  17.285674  17.285674  164.655232  0.991821  0.406534  98.845772  4.228128  0.699871  185.289993  0.830000
1  98.845772  13.104399  13.104399  164.653247  1.037598  0.648828  99.718178  4.303858  0.943266  185.289993  0.830000
1  99.718178  10.891216  10.891216  164.676101  0.854492  -0.147811  100.602284  4.150841  0.147322  185.289993  0.830000
1  100.602284  9.450038  9.450038  164.689070  1.007080  0.382653  101.483767  4.333133  0.677187  185.289993  0.830000
1  101.483767  9.362189  9.361787  164.707870  1.060486  0.611415  102.372978  4.416667  0.905213  185.289993  0.830000
1  102.372978  9.380338  9.380338  164.688148  0.709534  -0.796709  103.244261  4.095072  -0.503855  185.289993  0.830000
1  103.244261  9.457031  9.457031  164.680352  1.129150  0.699441  104.131729  4.544065  0.991657  185.289993  0.830000
1  104.131729  9.461438  9.461438  164.678161  0.946045  -0.031877  105.007153  4.390153  0.259109  185.289993  0.830000
1  105.007153  9.464613  9.464613  164.675549  0.602722  -1.262327  105.877306  4.076340  -0.971114  185.289993  0.830000
1  105.877306  9.464206  9.464544  164.681948  1.029968  0.317052  106.750534  4.532220  0.605087  185.289993  0.830000
1  106.750534  9.455649  9.455649  164.703463  0.732422  -0.824099  107.625496  4.263994  -0.535373  198.559998  0.900000
1  107.625496  9.375916  9.375916  164.705438  1.213074  1.159341  108.504263  4.774362  1.449612  198.559998  0.900000
1  108.504263  8.558282  8.558282  164.755918  0.625610  -1.208618  109.392278  4.216602  -0.917396  198.559998  0.900000
1  109.392278  7.222382  7.222382  164.772854  0.762939  -0.564183  110.265348  4.383487  -0.272651  198.559998  0.900000
1  110.265348  5.570852  5.562481  164.746500  1.358032  1.844058  111.136345  5.007784  2.134300  198.559998  0.900000
1  111.136345  4.057337  4.057337  164.727891  1.014709  0.658049  112.001224  4.693788  0.948107  198.559998  0.900000
1  112.001224  3.328677  3.328677  164.738418  0.907898  -0.024928  112.895900  4.616364  0.265391  198.559998  0.900000
1  112.895900  2.165550  2.165550  164.727874  0.534058  -1.270559  113.756342  4.271862  -0.980622  198.559998  0.900000
1  113.756342  1.693357  1.693357  164.741352  0.259399  -2.417091  114.639071  4.026665  -2.126801  198.559998  0.900000
1  114.639071  1.243354  1.241578  164.717939  1.197815  1.414833  115.503392  4.993988  1.703652  198.559998  0.900000
1  115.503392  0.847892  0.847892  164.718926  1.464844  2.397117  116.384743  5.290186  2.686110  198.559998  0.900000
1  116.384743  0.538908  0.538908  164.699893  0.808716  -0.230121  117.254246  4.662732  0.056998  198.559998  0.900000
1  117.254246  0.475077  0.475077  164.677544  1.174927  1.229735  118.120905  5.057611  1.515609  182.589996  0.970000
1  118.120905  0.465908  0.465908  164.708829  1.640320  2.936174  118.998568  5.551397  3.220091  182.589996  0.970000
1  118.998568  0.468882  0.468586  164.686410  0.778198  -0.592943  119.873545  4.717534  -0.310399  182.589996  0.970000
1  119.873545  0.507633  0.507633  164.655845  1.319885  1.676086  120.749987  5.287916  1.958606  182.589996  0.970000
1  120.749987  0.558281  0.558281  164.639241  0.595093  -1.043220  121.612200  4.591748  -0.760530  182.589996  0.970000
1  121.612200  0.548802  0.548802  164.617064  0.885010  0.273823  122.473912  4.910307  0.556648  182.589996  0.970000
1  122.473912  0.546914  0.546914  164.634604  1.365662  2.127911  123.348927  5.419658  2.411178  182.589996  0.970000
1  123.348927  0.546146  0.545747  164.634257  0.961304  0.312780  124.235851  5.043643  0.595078  182.589996  0.970000
1  124.235851  0.540750  0.540750  164.667931  0.450134  -1.856443  125.119085  4.560818  -1.574718  179.259995  0.370000
1  125.119085  0.542340  0.542340  164.672726  0.816345  -0.335086  125.989977  4.954985  -0.055378  179.259995  0.370000
1  125.989977  0.543874  0.543874  164.678977  0.839233  -0.239331  126.870804  5.006334  0.040758  179.259995  0.370000
1  126.870804  0.544993  0.544993  164.666593  -0.015259  -3.475129  127.733445  4.179997  -3.195582  179.259995  0.370000
1  127.733445  0.543411  0.543369  164.629763  0.465393  -1.386970  128.588690  4.688353  -1.109413  179.259995  0.370000
1  128.588690  0.544149  0.544149  164.598034  0.877380  0.358092  129.440544  5.127740  0.633407  179.259995  0.370000
1  129.440544  0.547450  0.547450  164.585743  0.549316  -1.021629  130.309478  4.827441  -0.746585  179.259995  0.370000
1  130.309478  0.547752  0.547752  164.586283  1.205444  1.638052  131.169837  5.511115  1.911775  179.259995  0.370000
1  131.169837  0.545198  0.545198  164.599642  0.961304  0.539709  132.045003  5.294751  0.813528  179.259995  0.370000
1  132.045003  0.547874  0.547305  164.605641  1.022339  0.808665  132.917510  5.383464  1.082408  179.259995  0.370000
1  132.917510  0.552905  0.552905  164.614527  0.854492  0.035923  133.802945  5.243308  0.309176  218.250000  0.280000
1  133.802945  0.551718  0.551718  164.554703  1.098633  1.123579  134.649928  5.513650  1.391979  218.250000  0.280000
1  134.649928  0.550807  0.550807  164.555494  0.717163  -0.486936  135.521253  5.159163  -0.218910  218.250000  0.280000
1  135.521253  0.547620  0.547620  164.598721  1.052856  0.824707  136.402246  5.522169  1.093147  218.250000  0.280000
1  136.402246  0.546098  0.545993  164.614947  0.770569  -0.237532  137.266994  5.266773  0.030232  218.250000  0.280000
1  137.266994  0.544415  0.544415  164.592057  1.159668  1.413905  138.134706  5.682896  1.681121  218.250000  0.280000
1  138.134706  0.542993  0.542993  164.609735  0.709534  -0.516987  139.007864  5.259066  -0.252341  218.250000  0.280000
1  139.007864  0.545643  0.545643  164.611355  0.404358  -1.834285  139.880604  4.979747  -1.572814  218.250000  0.280000
1  139.880604  0.546792  0.546792  164.684079  1.205444  1.214963  140.783853  5.808397  1.480054  218.250000  0.280000
1  140.783853  0.549007  0.548977  164.699336  0.762939  -0.495851  141.647397  5.391394  -0.235168  218.250000  0.280000
1  141.647397  0.549288  0.549288  164.706556  0.694275  -0.871381  142.529151  5.348509  -0.612985  12.150000  0.080000
1  142.529151  0.552758  0.552758  164.688333  1.205444  1.252711  143.407090  5.885555  1.509935  12.150000  0.080000
1  143.407090  0.551264  0.551264  164.703379  0.755310  -0.587100  144.303763  5.461971  -0.328355  12.150000  0.080000
1  144.303763  0.550336  0.550336  164.739927  0.167847  -2.946238  145.213677  4.900973  -2.688530  12.150000  0.080000
1  145.213677  0.550985  0.550983  164.743056  1.052856  0.685562  146.089358  5.811447  0.941630  12.150000  0.080000
1  146.089358  0.546861  0.546861  164.718673  0.556946  -1.266183  146.967920  5.340687  -1.012503  12.150000  0.080000
1  146.967920  0.548037  0.548037  164.714612  0.495911  -1.520854  147.848379  5.304686  -1.269177  12.150000  0.080000
2  147.848379  0.000000  0.546969  164.697197  0.701904  -0.497567  148.725869  5.536387  -0.244710  12.150000  0.080000
2  147.848379  -1.777895  0.547322  164.728336  0.740051  -0.464683  149.617981  5.599865  -0.211542  12.150000  0.080000
2  147.848379  -3.365786  0.550549  164.775498  0.747681  -0.565575  150.523124  5.633051  -0.312300  12.150000  0.080000
2  147.848379  -4.810599  0.549035  164.761446  0.900269  -0.002274  151.402530  5.809307  0.244534  188.470001  0.130000
2  147.848379  -6.301459  0.548211  164.753524  0.381470  -1.949111  152.266137  5.313728  -1.707257  188.470001  0.130000
2  147.848379  -7.450737  0.547283  164.751051  0.534058  -1.285679  153.144280  5.490057  -1.046840  188.470001  0.130000
2  147.848379  -8.991217  0.548518  164.726864  0.877380  0.136197  154.029841  5.857334  0.374359  188.470001  0.130000
2  147.848379  -10.668358  0.546092  164.747364  0.823975  -0.362296  154.925636  5.826795  -0.129289  188.470001  0.130000
2  147.848379  -12.193613  0.543205  164.732011  0.663757  -0.891330  155.797797  5.688874  -0.662942  188.470001  0.130000
2  147.848379  -13.644326  0.545803  164.711169  1.144409  1.165627  156.653660  6.191103  1.389970  188.470001  0.130000
2  147.848379  -15.408872  0.546057  164.710018  0.846863  0.013279  157.541913  5.916624  0.238471  188.470001  0.130000
2  147.848379  -16.876620  0.546126  164.711868  0.854492  0.064735  158.455858  5.948404  0.293407  188.470001  0.130000
2  147.848379  -18.576018  0.540569  164.713177  0.877380  0.139241  159.313918  5.991456  0.358501  188.470001  0.130000
2  147.848379  -20.195957  0.542020  164.686911  1.472473  2.305164  160.121622  6.601693  2.501284  188.470001  0.130000
2  147.848379  -22.025049  0.544427  164.720177  0.595093  -1.072929  161.011589  5.746390  -0.872178  188.470001  0.130000
2  147.848379  -23.313091  0.546329  164.685948  1.243591  1.503804  161.772145  6.407523  1.681151  0.240000  0.120000
2  147.848379  -25.126532  0.546593  164.637604  1.190186  1.413772  162.480660  6.362568  1.562826  0.240000  0.120000
2  147.848379  -26.508427  0.546464  164.611576  0.106812  -2.917904  163.156793  5.283549  -2.802088  0.240000  0.120000
2  147.848379  -27.333881  0.546354  164.615505  1.083374  0.984564  163.743419  6.259034  1.059773  0.240000  0.120000
2  147.848379  -29.032137  0.546207  164.614290  0.572205  -1.124973  164.257740  5.741205  -1.093954  0.240000  0.120000
2  147.848379  -29.863062  0.547206  164.628460  0.549316  -1.333057  164.763998  5.710699  -1.342440  0.240000  0.120000
2  147.848379  -30.945481  0.546325  164.647400  1.197815  1.180123  165.183816  6.345266  1.125457  0.240000  0.120000
2  147.848379  -32.210753  0.547017  164.630513  1.129150  0.864327  165.469733  6.253083  0.751125  0.240000  0.120000
2  147.848379  -32.866798  0.547826  164.661194  0.831604  -0.178369  165.916398  5.944847  -0.293358  346.720001  0.840000
2  147.848379  -33.759977  0.546900  164.693937  1.449585  2.079710  166.198786  6.538581  1.923185  346.720001  0.840000
2  147.848379  -34.797706  0.546894  164.735422  0.602722  -1.375159  166.552896  5.673248  -1.540994  346.720001  0.840000
2  147.848379  -35.272282  0.547350  164.757433  0.885010  -0.247679  166.824467  5.931473  -0.436408  346.720001  0.840000
2  147.848379  -36.165768  0.547287  164.739356  0.938416  0.178093  167.056035  5.961002  -0.029221  346.720001  0.840000
2  147.848379  -36.886814  0.547732  164.737225  0.923157  -0.005358  167.262605  5.915809  -0.240413  346.720001  0.840000
2  147.848379  -37.542262  0.548123  164.768692  0.885010  -0.260560  167.497058  5.850396  -0.507509  346.720001  0.840000
2  147.848379  -38.265506  0.547182  164.768470  1.258850  1.514066  167.689978  6.196840  1.258796  346.720001  0.840000
2  147.848379  -39.133439  0.546514  164.753567  0.999451  0.544521  167.859418  5.907932  0.276876  346.720001  0.840000
2  147.848379  -39.658424  0.547510  164.732852  0.534058  -1.208546  168.041408  5.414169  -1.479708  346.720001  0.840000
2  147.848379  -40.127995  0.547402  164.694354  0.991821  0.504847  168.211042  5.842068  0.224949  330.000000  0.650000
2  147.848379  -41.055580  0.546225  164.686122  1.007080  0.653078  168.374074  5.828193  0.370075  330.000000  0.650000
2  147.848379  -41.770998  0.547864  164.676503  0.869751  -0.020847  168.556140  5.662349  -0.302534  330.000000  0.650000
2  147.848379  -42.470715  0.553745  164.682744  0.946045  0.412122  168.733537  5.710872  0.133643  330.000000  0.650000
2  147.848379  -43.290548  0.554164  164.659543  0.434875  -1.538035  168.887492  5.170285  -1.820736  330.000000  0.650000
2  147.848379  -43.751658  0.553986  164.674348  0.251770  -2.314860  169.056441  4.958831  -2.597255  330.000000  0.650000
2  147.848379  -44.293099  0.551888  164.693189  0.587463  -1.011403  169.215637  5.265630  -1.295098  330.000000  0.650000
2  147.848379  -44.995264  0.549286  164.629758  0.488281  -1.384132  169.346173  5.135886  -1.674182  330.000000  0.650000
2  147.848379  -45.369780  0.546605  164.648764  0.694275  -0.481542  169.471623  5.311434  -0.774763  330.000000  0.650000
2  147.848379  -45.855223  0.545024  164.697844  1.083374  0.977327  169.651579  5.673470  0.693831  330.000000  0.650000
2  147.848379  -46.527342  0.545420  164.651431  0.305176  -2.143363  169.769303  4.864180  -2.435004  343.649994  0.780000
2  147.848379  -46.484514  0.545890  164.619171  0.953674  0.273700  169.900008  5.481953  -0.022214  343.649994  0.780000
2  147.848379  -47.184725  0.546153  164.661561  1.007080  0.512303  170.047070  5.506750  0.220992  343.649994  0.780000
2  147.848379  -47.630662  0.545849  164.643954  0.907898  0.061901  170.178943  5.377577  -0.231495  343.649994  0.780000
2  147.848379  -47.982483  0.545405  164.647161  0.251770  -2.302340  170.296660  4.692384  -2.593411  343.649994  0.780000
2  147.848379  -48.043548  0.545560  164.693837  0.732422  -0.302759  170.428408  5.144678  -0.590406  343.649994  0.780000
2  147.848379  -48.718484  0.546903  164.688274  0.862122  -0.109344  170.564526  5.244343  -0.399870  343.649994  0.780000
2  147.848379  -49.243487  0.545593  164.663397  1.129150  0.966365  170.668711  5.480548  0.671625  343.649994  0.780000
2  147.848379  -49.790145  0.545968  164.664700  0.900269  0.057032  170.783340  5.222021  -0.236672  343.649994  0.780000
2  147.848379  -50.127164  0.545223  164.681883  1.373291  1.909347  170.887562  5.664439  1.612898  343.649994  0.780000
2  147.848379  -50.809757  0.546864  164.680560  1.098633  0.898546  170.983270  5.359309  0.601294  358.820007  0.430000
2  147.848379  -51.116349  0.546699  164.695916  0.526428  -1.484484  171.085479  4.756479  -1.783031  358.820007  0.430000
2  147.848379  -51.300799  0.546044  164.709290  1.136780  1.152539  171.188671  5.338060  0.859161  358.820007  0.430000
2  147.848379  -52.091908  0.546056  164.705747  1.029968  0.827864  171.263549  5.200262  0.530561  358.820007  0.430000
2  147.848379  -52.477653  0.544948  164.659268  0.572205  -0.967151  171.336685  4.711527  -1.267230  358.820007  0.430000
2  147.848379  -52.694140  0.545447  164.642948  1.533508  2.919633  171.417998  5.643068  2.621442  358.820007  0.430000
2  147.848379  -53.645683  0.546310  164.647173  1.014709  0.687531  171.520769  5.095016  0.391800  358.820007  0.430000
2  147.848379  -53.907964  0.547278  164.642691  0.572205  -0.948065  171.592442  4.622547  -1.243855  358.820007  0.430000
2  147.848379  -54.152054  0.551327  164.661548  1.106262  1.030194  171.673146  5.126216  0.733027  358.820007  0.430000
2  147.848379  -54.907551  0.597985  164.669901  0.679016  -0.626078  171.752371  4.669490  -0.920689  358.820007  0.430000
2  147.848379  -55.184202  1.817213  164.678930  1.052856  0.832371  171.832679  5.014016  0.538975  358.820007  0.430000
2  147.848379  -55.867087  5.198304  164.617976  0.564575  -1.098757  171.884856  4.494431  -1.396949  358.820007  0.430000
2  147.848379  -56.064019  7.265062  164.605068  1.060486  1.003124  171.940288  4.960297  0.705519  358.820007  0.430000
2  147.848379  -56.761857  8.391860  164.628123  0.732422  -0.259131  172.014267  4.603583  -0.552283  330.329987  0.770000
2  147.848379  -57.086699  9.250306  164.627087  1.258850  1.829600  172.059868  5.099605  1.533706  330.329987  0.770000
2  147.848379  -57.781488  10.392003  164.637453  0.717163  -0.298065  172.111669  4.528045  -0.593932  330.329987  0.770000
2  147.848379  -57.954764  11.096955  164.613870  0.984192  0.721672  172.156908  4.764540  0.423783  330.329987  0.770000
2  147.848379  -58.518297  11.719278  164.594747  0.534058  -1.038580  172.187873  4.283269  -1.339712  330.329987  0.770000
2  147.848379  -58.693209  13.063583  164.609929  0.907898  0.123885  172.243479  4.625393  -0.178630  330.329987  0.770000
2  147.848379  -59.327813  13.708305  164.598114  0.740051  -0.405148  172.269423  4.426804  -0.707832  330.329987  0.770000
2  147.848379  -59.630852  14.557772  164.534969  0.816345  0.004799  172.286419  4.471800  -0.300090  337.500000  0.620000
2  147.848379  -60.035562  15.383336  164.543342  1.075745  1.155362  172.330243  4.703586  0.857781  337.500000  0.620000
2  147.848379  -60.585157  15.396762  164.530025  1.045227  0.893117  172.362395  4.642201  0.592922  337.500000  0.620000
2  147.848379  -60.962362  15.389100  164.511564  0.976562  0.740200  172.390009  4.543080  0.442119  337.500000  0.620000
2  147.848379  -61.308979  15.369503  164.500223  0.572205  -0.987793  172.420999  4.109601  -1.285433  337.500000  0.620000
2  147.848379  -61.492453  15.362288  164.510932  0.877380  0.071821  172.459598  4.383901  -0.225816  337.500000  0.620000
2  147.848379  -62.042312  15.363567  164.509773  0.823975  -0.214323  172.483717  4.300598  -0.513060  337.500000  0.620000
2  147.848379  -62.381488  15.373553  164.509692  0.701904  -0.497489  172.495727  4.149105  -0.793556  337.500000  0.620000
2  147.848379  -62.659274  15.375623  164.489561  0.679016  -0.631913  172.503351  4.095653  -0.930805  337.500000  0.620000
2  147.848379  -62.974174  15.375438  164.529061  0.457764  -1.484057  172.541905  3.845508  -1.775499  337.500000  0.620000
2  147.848379  -63.249764  15.366626  164.543402  1.380920  2.101557  172.555417  4.738355  1.807295  311.850006  0.730000
2  147.848379  -64.043715  15.360414  164.563118  0.923157  0.338383  172.566452  4.251441  0.045751  311.850006  0.730000
2  147.848379  -64.139784  15.361916  164.566874  0.396729  -1.758843  172.563145  3.694555  -2.054867  311.850006  0.730000
2  147.848379  -64.169039  15.374376  164.569056  1.113892  1.073414  172.570544  4.381951  0.778936  311.850006  0.730000
2  147.848379  -64.838863  15.374331  164.581515  1.449585  2.261291  172.571949  4.686984  1.963724  311.850006  0.730000
2  147.848379  -65.302536  15.369383  164.576421  0.503540  -1.444146  172.556494  3.710190  -1.744185  311.850006  0.730000
2  147.848379  -65.088494  15.282174  164.560522  1.098633  0.940438  172.540407  4.274597  0.639502  311.850006  0.730000
2  147.848379  -65.640776  14.498052  164.545993  1.136780  1.028421  172.523077  4.281717  0.725464  311.850006  0.730000
2  147.848379  -65.908982  12.337264  164.590886  0.831604  0.003567  172.508409  3.946252  -0.294779  311.850006  0.730000
2  147.848379  -66.008388  10.298211  164.630709  0.961304  0.216093  172.510511  4.045809  -0.082083  311.850006  0.730000
2  147.848379  -66.356264  7.889812  164.667215  0.411987  -2.004561  172.506226  3.466963  -2.300194  347.920013  0.450000
2  147.848379  -66.349609  6.307947  164.650814  0.808716  -0.364170  172.475363  3.832895  -0.662390  347.920013  0.450000
2  147.848379  -66.759457  4.605712  164.652598  0.549316  -1.269925  172.439158  3.542906  -1.569762  347.920013  0.450000
2  147.848379  -66.827969  3.504576  164.642850  0.679016  -0.960416  172.411799  3.641393  -1.262862  347.920013  0.450000
2  147.848379  -67.105897  2.514745  164.627419  0.976562  0.387305  172.368799  3.908333  0.085232  347.920013  0.450000
2  147.848379  -67.434190  1.446634  164.619922  1.831055  3.653815  172.340717  4.732374  3.352009  347.920013  0.450000
2  147.848379  -68.068532  1.138563  164.665414  0.518799  -1.393362  172.318279  3.391792  -1.687593  347.920013  0.450000
2  147.848379  -67.629660  0.703827  164.684588  1.075745  0.742441  172.302650  3.919680  0.450386  347.920013  0.450000
2  147.848379  -68.136603  0.436298  164.690637  1.159668  1.297301  172.249604  3.973807  1.004298  347.920013  0.450000
2  147.848379  -68.329508  0.243736  164.691424  0.839233  -0.023741  172.209966  3.623791  -0.316043  347.920013  0.450000
2  147.848379  -68.345051  0.318224  164.634926  0.892639  0.264396  172.141030  3.646288  -0.032261  297.929993  0.500000
2  147.848379  -68.485938  0.563597  164.592543  0.656128  -0.698288  172.072587  3.378837  -0.997803  297.929993  0.500000
2  147.848379  -68.480609  3.345616  164.631362  0.755310  -0.238404  172.025982  3.449063  -0.532482  297.929993  0.500000
2  147.848379  -68.685858  5.680423  164.666279  0.862122  0.113451  171.979618  3.526499  -0.179934  297.929993  0.500000
2  147.848379  -68.893339  7.690000  164.614776  0.434875  -1.655337  171.903561  3.067919  -1.954217  297.929993  0.500000
2  147.848379  -68.771345  9.725589  164.641079  0.938416  0.388002  171.869284  3.543721  0.097427  297.929993  0.500000
2  147.848379  -69.198513  10.885835  164.594025  0.823975  -0.144828  171.787739  3.397709  -0.442475  297.929993  0.500000
2  147.848379  -69.218241  11.791298  164.621609  0.961304  0.287621  171.726614  3.505125  -0.008641  297.929993  0.500000
2  147.848379  -69.403796  13.042794  164.626710  1.098633  0.957260  171.639778  3.611873  0.658896  297.929993  0.500000
2  147.848379  -69.535675  13.928556  164.629805  0.816345  -0.157789  171.570427  3.300176  -0.453223  297.929993  0.500000
2  147.848379  -69.491616  13.762305  164.604779  0.938416  0.348106  171.475237  3.390972  0.048720  297.929993  0.500000
2  147.848379  -69.595239  13.812752  164.549203  1.205444  1.334576  171.387679  3.627247  1.033596  297.929993  0.500000
2  147.848379  -69.785110  13.814173  164.542388  0.862122  0.002356  171.304860  3.253975  -0.297075  297.929993  0.500000
2  147.848379  -69.678030  13.794140  164.568728  0.823975  -0.119055  171.233892  3.187134  -0.413571  188.350006  0.350000
2  147.848379  -69.746383  13.857451  164.534004  0.923157  0.248378  171.141341  3.255995  -0.047583  188.350006  0.350000
2  147.848379  -69.837765  14.572302  164.550065  0.877380  0.190169  171.073460  3.182712  -0.098206  188.350006  0.350000
2  147.848379  -69.906056  17.977279  164.559903  1.113892  1.111297  170.985608  3.389939  0.822372  188.350006  0.350000
2  147.848379  -70.073139  20.919283  164.578199  0.724792  -0.403401  170.888447  2.971295  -0.692615  188.350006  0.350000
2  147.848379  -69.907098  23.956670  164.565756  1.220703  1.422326  170.784103  3.436385  1.128147  188.350006  0.350000
2  147.848379  -70.166955  26.650858  164.572158  0.793457  -0.289243  170.683864  2.979484  -0.582591  188.350006  0.350000
2  147.848379  -69.972501  28.803737  164.566531  0.823975  -0.037720  170.588773  2.981620  -0.328056  215.970001  0.490000
2  147.848379  -70.016421  31.319616  164.602427  0.633240  -0.907217  170.489226  2.761278  -1.198357  215.970001  0.490000
2  147.848379  -69.938739  32.135432  164.626482  0.831604  -0.144057  170.382345  2.930121  -0.435476  215.970001  0.490000
2  147.848379  -70.039488  32.678873  164.667937  1.083374  1.051869  170.278612  3.153877  0.765938  215.970001  0.490000
2  147.848379  -70.172559  32.730320  164.710205  0.885010  0.109837  170.183680  2.926807  -0.175779  215.970001  0.490000
2  147.848379  -70.096499  32.735031  164.714251  0.930786  0.369621  170.063728  2.942817  0.081498  215.970001  0.490000
2  147.848379  -70.090401  32.716714  164.702404  1.060486  0.866929  169.940525  3.042723  0.576944  215.970001  0.490000
2  147.848379  -70.118198  32.559724  164.712270  0.808716  -0.141075  169.828173  2.762236  -0.428927  215.970001  0.490000
2  147.848379  -69.976083  31.801617  164.691718  0.579834  -0.999766  169.688733  2.503271  -1.290500  215.970001  0.490000
2  147.848379  -69.788885  28.794904  164.668527  1.075745  1.172809  169.548205  2.969769  0.882751  215.970001  0.490000
2  147.848379  -69.960587  24.808213  164.622201  0.991821  0.941856  169.407759  2.856762  0.653722  179.330002  1.100000
2  147.848379  -69.841062  21.823753  164.623511  1.068115  1.314631  169.294239  2.906321  1.034219  179.330002  1.100000
2  147.848379  -69.855322  20.047603  164.645131  0.900269  0.378260  169.168244  2.708909  0.093872  179.330002  1.100000
2  147.848379  -69.719686  17.928660  164.631034  0.808716  -0.061142  169.028915  2.587803  -0.348579  179.330002  1.100000
2  147.848379  -69.593959  17.699450  164.620934  0.816345  -0.068422  168.909997  2.567807  -0.352010  179.330002  1.100000
2  147.848379  -69.558251  17.734944  164.591807  0.694275  -0.483734  168.761210  2.416450  -0.769053  179.330002  1.100000
2  147.848379  -69.395484  17.809350  164.609795  1.358032  2.157273  168.634707  3.052711  1.875478  179.330002  1.100000
2  147.848379  -69.669683  17.890422  164.609725  0.671387  -0.543742  168.507995  2.338584  -0.822661  179.330002  1.100000
2  147.848379  -69.266872  17.966110  164.609224  0.885010  0.159769  168.389932  2.524969  -0.117404  179.330002  1.100000
2  147.848379  -69.330315  17.938687  164.541186  0.961304  0.514092  168.250232  2.573280  0.237181  179.330002  1.100000
2  147.848379  -69.279941  18.148658  164.573238  1.091003  0.851309  168.156063  2.677426  0.583773  209.750000  0.950000
2  147.848379  -69.347505  18.189716  164.571136  1.098633  0.864626  168.004055  2.655987  0.589856  209.750000  0.950000
1  168.004055  18.221068  18.221068  164.618426  1.159668  1.053402  167.873110  2.689325  0.779129  209.750000  0.950000
1  167.873110  18.210434  18.210434  164.621853  1.136780  1.085693  167.742062  2.639925  0.815830  209.750000  0.950000
1  167.742062  18.193270  18.193823  164.583947  0.938416  0.324197  167.591892  2.413513  0.053166  209.750000  0.950000
1  167.591892  18.200253  18.200253  164.584639  0.587463  -0.987868  167.490883  2.038652  -1.246655  209.750000  0.950000
1  167.490883  18.204075  18.204075  164.563827  0.495911  -1.085650  167.352518  1.921779  -1.342175  209.750000  0.950000
1  167.352518  18.194562  18.194562  164.549992  1.121521  1.517313  167.198641  2.520813  1.256921  209.750000  0.950000
1  167.198641  18.176915  18.176915  164.513837  0.785828  0.061003  167.038103  2.157171  -0.204715  209.750000  0.950000
1  167.038103  18.149896  18.150118  164.568061  0.740051  -0.311720  166.932516  2.086988  -0.570182  209.750000  0.950000
1  166.932516  18.147340  18.147340  164.566860  0.999451  0.738567  166.803442  2.321375  0.485239  223.059998  0.780000
1  166.803442  18.152931  18.152931  164.573040  0.869751  0.183712  166.651449  2.164903  -0.072398  223.059998  0.780000
1  166.651449  18.177418  18.177418  164.556510  0.999451  0.712393  166.516536  2.269369  0.458332  223.059998  0.780000
1  166.516536  18.176883  18.176883  164.563786  0.686646  -0.552858  166.390541  1.932170  -0.800683  223.059998  0.780000
1  166.390541  18.200884  18.201693  164.608710  0.495911  -1.290665  166.318868  1.721388  -1.523614  223.059998  0.780000
1  166.318868  18.370792  18.370792  164.630426  1.312256  1.789598  166.205248  2.513597  1.552833  223.059998  0.780000
1  166.205248  18.810876  18.810876  164.669262  0.869751  -0.040780  166.092320  2.047462  -0.276991  223.059998  0.780000
1  166.092320  19.753366  19.753366  164.672698  1.342773  1.802665  165.977324  2.496835  1.568721  223.059998  0.780000
1  165.977324  21.143732  21.143732  164.691494  0.595093  -1.117776  165.937061  1.731621  -1.335302  223.059998  0.780000
1  165.937061  22.411520  22.433357  164.661568  0.617981  -0.993837  165.779084  1.728531  -1.225679  223.059998  0.780000
1  165.779084  23.630072  23.630072  164.606519  0.862122  -0.026308  165.626511  1.947273  -0.263511  223.059998  0.780000
1  165.626511  25.104915  25.104915  164.554896  0.419617  -1.527785  165.456966  1.479466  -1.768854  223.059998  0.780000
1  165.456966  26.476744  26.476744  164.533270  0.648499  -0.711981  165.392923  1.689692  -0.936771  243.169998  0.450000
1  165.392923  26.689074  26.689074  164.512040  1.213074  1.457243  165.314265  2.234421  1.245297  243.169998  0.450000
1  165.314265  26.790796  26.790718  164.479819  1.182556  1.444355  165.210105  2.183316  1.236247  243.169998  0.450000
1  165.210105  26.783989  26.783989  164.529739  0.213623  -2.499856  165.240717  1.202466  -2.676854  243.169998  0.450000
1  165.240717  26.764260  26.764260  164.512163  0.892639  0.242646  165.152949  1.861909  0.060447  243.169998  0.450000
1  165.152949  26.764523  26.764523  164.532536  0.907898  0.271047  165.180661  1.865939  0.115710  243.169998  0.450000
1  165.180661  26.768954  26.768954  164.537380  0.946045  0.474750  165.126378  1.887140  0.315010  243.169998  0.450000
1  165.126378  26.777038  26.776903  164.536717  0.923157  0.523903  165.076507  1.848379  0.365529  243.169998  0.450000
1  165.076507  26.776836  26.776836  164.526661  1.205444  1.524117  164.990268  2.111130  1.356429  217.229996  0.830000
1  164.990268  26.771295  26.771295  164.492208  -0.091553  -3.780088  164.903400  0.794513  -3.954797  217.229996  0.830000
1  164.903400  26.760496  26.760496  164.486373  0.923157  0.278660  164.885992  1.795267  0.117146  217.229996  0.830000
1  164.885992  26.686010  26.686010  164.445869  0.572205  -0.827859  164.760439  1.424663  -1.001338  217.229996  0.830000
1  164.760439  26.671636  26.671828  164.453450  0.694275  -0.444871  164.774520  1.534939  -0.596437  217.229996  0.830000
1  164.774520  26.693257  26.693257  164.444435  1.182556  1.540711  164.722895  2.007593  1.389273  217.229996  0.830000
1  164.722895  26.696034  26.696034  164.456525  1.579285  3.092822  164.773597  2.396033  2.963375  217.229996  0.830000
1  164.773597  26.656086  26.656086  164.457172  0.274658  -2.008004  164.728481  1.076968  -2.141335  217.229996  0.830000
1  164.728481  26.672248  26.672248  164.451374  1.113892  1.196357  164.642157  1.897527  1.047233  217.229996  0.830000
1  164.642157  26.670806  26.670846  164.474808  0.862122  0.334626  164.688818  1.638306  0.209774  217.229996  0.830000
1  164.688818  26.670645  26.670645  164.513243  0.854492  0.300698  164.764208  1.624837  0.201249  173.059998  1.350000
1  164.764208  26.693419  26.693419  164.511188  0.671387  -0.469438  164.746120  1.428841  -0.582574  173.059998  1.350000
1  164.746120  26.999172  26.999172  164.497538  0.785828  -0.000508  164.668317  1.526551  -0.127977  173.059998  1.350000
1  164.668317  29.047019  29.047019  164.482584  0.640869  -0.548578  164.642668  1.368903  -0.673443  173.059998  1.350000
1  164.642668  31.365891  31.375929  164.508390  0.549316  -0.899353  164.653732  1.267333  -1.013693  173.059998  1.350000
1  164.653732  33.690509  33.690509  164.541154  1.113892  1.232933  164.722423  1.825196  1.133064  173.059998  1.350000
1  164.722423  35.279027  35.279027  164.501074  0.953674  0.614767  164.593129  1.644651  0.481617  173.059998  1.350000
1  164.593129  37.063333  37.063333  164.480340  1.091003  1.246406  164.488262  1.763996  1.101155  173.059998  1.350000
1  164.488262  37.814057  37.814057  164.455129  0.366211  -1.775640  164.401369  1.021520  -1.933080  173.059998  1.350000
1  164.401369  38.461568  38.461286  164.487486  0.679016  -0.358399  164.531239  1.334019  -0.462348  173.059998  1.350000
1  164.531239  38.480543  38.480543  164.465166  0.816345  0.174253  164.483281  1.457497  0.060876  226.169998  0.450000
1  164.483281  38.007038  38.007038  164.443031  0.595093  -0.710062  164.468160  1.224975  -0.825390  226.169998  0.450000
1  164.468160  34.638509  34.638509  164.398577  0.579834  -0.670852  164.354379  1.191835  -0.806186  226.169998  0.450000
1  164.354379  31.015857  31.015857  164.375860  0.717163  -0.048996  164.348152  1.319088  -0.172104  226.169998  0.450000
1  164.348152  28.414618  28.387472  164.451177  0.434875  -1.247234  164.488855  1.037068  -1.327437  226.169998  0.450000
1  164.488855  25.782865  25.782865  164.445947  1.121521  1.433771  164.479922  1.712837  1.342150  226.169998  0.450000
1  164.479922  23.757821  23.757821  164.437214  0.839233  0.236088  164.412192  1.415327  0.121188  226.169998  0.450000
1  164.412192  21.899796  21.899796  164.467131  0.785828  -0.051319  164.470088  1.355723  -0.152069  226.169998  0.450000
1  164.470088  21.894577  21.894577  164.480136  0.808716  -0.032654  164.536592  1.373146  -0.118458  226.169998  0.450000
1  164.536592  22.004745  22.004595  164.498139  0.564575  -0.955787  164.532639  1.119005  -1.044523  226.169998  0.450000
1  164.532639  22.008996  22.008996  164.485154  0.587463  -0.714339  164.496614  1.130111  -0.812289  342.970001  0.360000
1  164.496614  22.009940  22.009940  164.493958  1.441956  2.658741  164.492774  1.974620  2.558511  342.970001  0.360000
1  164.492774  21.948495  21.948495  164.459420  1.121521  1.387282  164.458140  1.642248  1.277025  342.970001  0.360000
1  164.458140  20.924542  20.924542  164.478926  0.350952  -1.632391  164.449018  0.861811  -1.738474  342.970001  0.360000
1  164.449018  17.135381  17.111072  164.480685  0.709534  -0.239424  164.389191  1.206681  -0.353280  342.970001  0.360000
1  164.389191  16.475906  16.475906  164.457920  0.602722  -0.742046  164.377491  1.089380  -0.854244  342.970001  0.360000
1  164.377491  15.469585  15.469585  164.451829  0.274658  -2.063598  164.383444  0.752374  -2.168648  342.970001  0.360000
1  164.383444  13.777413  13.777413  164.468550  1.274109  2.113109  164.432363  1.747300  2.026514  342.970001  0.360000
1  164.432363  13.357567  13.357567  164.479254  0.114441  -2.491855  164.373157  0.574535  -2.591672  342.970001  0.360000
1  164.373157  12.218343  12.196798  164.465314  0.808716  0.037014  164.364972  1.258090  -0.064386  342.970001  0.360000
1  164.364972  11.398296  11.398296  164.479763  1.121521  1.381361  164.384405  1.563727  1.289330  342.970001  0.360000
1  164.384405  11.215803  11.215803  164.480163  1.007080  1.023788  164.351794  1.438686  0.929112  342.970001  0.360000
1  164.351794  10.687347  10.687347  164.518916  0.473022  -1.135272  164.406952  0.900004  -1.212000  342.970001  0.360000
1  164.406952  10.338686  10.338686  164.492972  1.037598  1.031091  164.316942  1.448903  0.929247  312.600006  0.490000
1  164.316942  9.529425  9.522069  164.528936  0.679016  -0.401793  164.403931  1.088022  -0.476828  312.600006  0.490000
1  164.403931  9.037326  9.037326  164.532933  0.694275  -0.349330  164.418453  1.095603  -0.425549  312.600006  0.490000
1  164.418453  8.543257  8.543257  164.509365  0.770569  0.051170  164.362066  1.159506  -0.041818  312.600006  0.490000
1  164.362066  8.222428  8.222428  164.472646  -0.045776  -3.067184  164.273028  0.329265  -3.175070  312.600006  0.490000
1  164.273028  7.733057  7.733057  164.449783  0.320435  -1.721107  164.162814  0.678711  -1.846603  312.600006  0.490000
1  164.162814  7.068136  7.066726  164.439763  -0.038147  -2.966062  164.148862  0.312038  -3.073737  312.600006  0.490000
1  164.148862  7.054797  7.054797  164.407129  0.968933  1.010357  164.131314  1.309813  0.909514  8.780000  0.670000
1  164.131314  7.052804  7.052804  164.406073  1.655579  3.559501  164.144591  1.988846  3.467539  8.780000  0.670000
1  164.144591  7.060165  7.060165  164.425703  1.045227  1.146062  164.233896  1.377120  1.078506  8.780000  0.670000
1  164.233896  7.015093  7.015093  164.437419  0.778198  0.095347  164.280524  1.105620  0.035557  8.780000  0.670000
1  164.280524  6.646166  6.640452  164.476751  1.098633  1.349788  164.350286  1.423295  1.300307  8.780000  0.670000
1  164.350286  5.880423  5.880423  164.483536  0.892639  0.529881  164.356753  1.209861  0.471888  8.780000  0.670000
1  164.356753  5.342831  5.342831  164.454121  0.289917  -1.877020  164.244483  0.591211  -1.966059  8.780000  0.670000
1  164.244483  4.578722  4.578722  164.395827  0.762939  -0.009174  164.150990  1.049676  -0.114492  8.780000  0.670000
1  164.150990  4.474024  4.474024  164.392195  0.480652  -1.012465  164.202259  0.764129  -1.092029  8.780000  0.670000
1  164.202259  4.510028  4.510314  164.395847  1.403809  2.598361  164.214568  1.680547  2.524465  8.780000  0.670000
1  164.214568  4.525668  4.525668  164.402469  1.007080  0.956852  164.199250  1.274889  0.876024  5.940000  0.620000
1  164.199250  4.527829  4.527829  164.458682  0.503540  -1.107425  164.345006  0.774086  -1.153131  5.940000  0.620000
1  164.345006  4.526409  4.526409  164.479928  1.037598  0.968393  164.421298  1.305702  0.931709  5.940000  0.620000
1  164.421298  4.522560  4.522560  164.476367  0.679016  -0.114570  164.373726  0.937617  -0.169675  5.940000  0.620000
1  164.373726  4.512177  4.512205  164.476653  0.595093  -0.439257  164.335535  0.843895  -0.505940  5.940000  0.620000
1  164.335535  4.420691  4.420691  164.422997  0.411987  -1.137732  164.174195  0.642287  -1.242584  5.940000  0.620000
1  164.174195  3.830011  3.830011  164.425429  1.258850  2.282832  164.163672  1.481765  2.187120  5.940000  0.620000
1  164.163672  2.587582  2.587582  164.439071  0.595093  -0.409982  164.191265  0.813180  -0.487476  5.940000  0.620000
1  164.191265  1.651094  1.651094  164.443905  0.724792  -0.040139  164.146708  0.932058  -0.131055  5.940000  0.620000
1  164.146708  1.171367  1.166864  164.418317  0.480652  -1.045701  164.098299  0.677330  -1.143769  5.940000  0.620000
1  164.098299  0.569386  0.569386  164.466106  0.679016  -0.276412  164.207322  0.876614  -0.343679  1.130000  0.530000
1  164.207322  0.400004  0.400004  164.496276  0.801086  0.145475  164.297207  0.998125  0.097428  1.130000  0.530000
1  164.297207  0.284471  0.284471  164.541117  0.991821  0.987609  164.377354  1.188152  0.952881  1.130000  0.530000
1  164.377354  0.165783  0.165783  164.542216  0.434875  -1.233892  164.348792  0.622274  -1.284344  1.130000  0.530000
1  164.348792  0.185780  0.186165  164.447210  0.579834  -0.793052  164.196332  0.748478  -0.887673  1.130000  0.530000
1  164.196332  0.203851  0.203851  164.429180  0.755310  0.078883  164.153284  0.914771  -0.016532  1.130000  0.530000
1  164.153284  0.224307  0.224307  164.398515  0.518799  -0.811189  164.103864  0.668530  -0.908382  1.130000  0.530000
1  164.103864  0.243865  0.243865  164.404306  1.060486  1.041976  164.082673  1.200743  0.945440  1.130000  0.530000
1  164.082673  0.292112  0.292112  164.405643  0.549316  -0.902885  164.136654  0.687392  -0.977706  1.130000  0.530000
1  164.136654  0.341409  0.342301  164.446176  1.350403  2.283603  164.242733  1.489359  2.238001  1.130000  0.530000
1  164.242733  0.387194  0.387194  164.483745  0.732422  -0.270289  164.324769  0.870197  -0.305985  12.480000  0.550000
1  164.324769  0.454801  0.454801  164.493233  1.007080  0.855264  164.241244  1.132084  0.793512  12.480000  0.550000
1  164.241244  0.574445  0.574445  164.506587  0.541687  -0.969665  164.244699  0.660289  -1.031000  12.480000  0.550000
1  164.244699  1.090392  1.090392  164.510420  0.427246  -1.638540  164.212278  0.535698  -1.710755  12.480000  0.550000
1  164.212278  1.555760  1.558947  164.539092  0.862122  0.072685  164.309812  0.970632  0.023272  12.480000  0.550000
1  164.309812  1.814561  1.814561  164.470560  0.610352  -0.773277  164.173818  0.703007  -0.857287  12.480000  0.550000
1  164.173818  1.923730  1.923730  164.449521  0.396729  -1.422800  164.150023  0.482241  -1.500652  12.480000  0.550000
1  164.150023  1.987220  1.987220  164.455048  0.976562  0.812749  164.118381  1.053376  0.730523  12.480000  0.550000
1  164.118381  2.192825  2.192825  164.425663  1.312256  2.026289  164.079434  1.379251  1.939978  12.480000  0.550000
1  164.079434  2.198019  2.197783  164.485191  0.968933  0.508263  164.240648  1.040550  0.464230  12.480000  0.550000
1  164.240648  2.158935  2.158935  164.453820  1.022339  0.945563  164.172401  1.083502  0.881727  12.480000  0.550000
1  164.172401  2.088922  2.088922  164.456100  0.946045  0.873972  164.158675  1.001382  0.808850  12.480000  0.550000
1  164.158675  2.075591  2.075591  164.435689  -0.045776  -3.088945  164.136474  0.002274  -3.156393  331.489990  0.500000
1  164.136474  1.948505  1.948505  164.446253  0.572205  -0.552298  164.118257  0.613539  -0.618205  331.489990  0.500000
1  164.118257  1.798282  1.798372  164.469006  0.968933  0.778154  164.157439  1.006313  0.721051  331.489990  0.500000
1  164.157439  1.777363  1.777363  164.460619  0.839233  0.382454  164.095799  0.866879  0.313581  331.489990  0.500000
1  164.095799  1.721483  1.721483  164.431871  1.251221  2.061190  164.023940  1.268156  1.976838  331.489990  0.500000
1  164.023940  1.414472  1.414472  164.451842  0.747681  -0.054077  164.061284  0.761189  -0.120287  331.489990  0.500000
1  164.061284  1.334602  1.334602  164.456495  0.900269  0.705337  164.094910  0.911350  0.651227  331.489990  0.500000
1  164.094910  1.316645  1.316941  164.398869  0.549316  -0.315064  163.983380  0.549089  -0.386852  331.489990  0.500000
1  163.983380  1.247576  1.247576  164.396875  0.808716  0.792184  164.011558  0.806241  0.735362  242.580002  0.070000
1  164.011558  1.374996  1.374996  164.387773  0.572205  -0.377863  163.945585  0.559283  -0.452110  242.580002  0.070000
1  163.945585  1.477149  1.477149  164.407100  0.587463  -0.456591  164.016520  0.574173  -0.506688  242.580002  0.070000
1  164.016520  1.488580  1.488580  164.385863  0.892639  0.949929  163.990229  0.873410  0.896033  242.580002  0.070000
1  163.990229  1.505159  1.505828  164.425591  0.099182  -2.377930  164.081559  0.081141  -2.411259  242.580002  0.070000
1  164.081559  1.503702  1.503702  164.421405  0.915527  0.802917  164.084967  0.892223  0.762053  242.580002  0.070000
1  164.084967  1.505118  1.505118  164.380846  0.953674  0.899920  163.977848  0.917134  0.830055  242.580002  0.070000
1  163.977848  1.521451  1.521451  164.391422  0.923157  0.831086  164.016758  0.884666  0.776412  242.580002  0.070000
1  164.016758  1.502691  1.502691  164.392898  1.022339  0.939722  163.932889  0.971259  0.863582  242.580002  0.070000
1  163.932889  1.514501  1.514749  164.411501  0.778198  -0.036690  163.927060  0.721331  -0.109814  242.580002  0.070000
1  163.927060  1.476405  1.476405  164.429223  0.762939  -0.042991  163.983667  0.705237  -0.094925  133.889999  0.190000
1  163.983667  1.474164  1.474164  164.383320  0.625610  -0.496859  163.864424  0.554518  -0.576479  133.889999  0.190000
1  163.864424  1.470925  1.470925  164.375926  0.617981  -0.633774  163.919314  0.545370  -0.690243  133.889999  0.190000
1  163.919314  1.470456  1.470456  164.402109  1.052856  1.183153  163.974372  0.979551  1.139283  133.889999  0.190000
1  163.974372  1.468449  1.468559  164.449418  0.518799  -0.970322  164.073009  0.447673  -0.989880  133.889999  0.190000
1  164.073009  1.468469  1.468469  164.429924  0.083923  -2.701414  163.991852  0.001759  -2.748489  133.889999  0.190000
1  163.991852  1.467112  1.467112  164.423171  0.663757  -0.234138  163.963532  0.575432  -0.288661  133.889999  0.190000
1  163.963532  1.469330  1.469330  164.454091  0.854492  0.414357  164.017275  0.764895  0.373871  133.889999  0.190000
1  164.017275  1.467257  1.467257  164.420797  1.068115  1.191788  163.947927  0.968144  1.132240  133.889999  0.190000
1  163.947927  1.464837  1.465272  164.409879  0.770569  0.073378  163.923772  0.664214  0.010848  133.889999  0.190000
1  163.923772  1.466346  1.466346  164.441364  0.823975  0.091260  164.010649  0.718101  0.052234  105.150002  0.220000
1  164.010649  1.466625  1.466625  164.436867  0.816345  0.045397  164.005913  0.705028  0.001626  105.150002  0.220000
1  164.005913  1.468393  1.468393  164.430309  0.236511  -2.099537  164.036057  0.123247  -2.132805  105.150002  0.220000
1  164.036057  1.468109  1.468109  164.430031  0.411987  -1.595227  164.031692  0.292616  -1.639315  105.150002  0.220000
1  164.031692  1.466545  1.465766  164.432423  0.335693  -1.746255  164.043186  0.212952  -1.790915  105.150002  0.220000
1  164.043186  1.466928  1.466928  164.424932  0.900269  0.651559  164.027013  0.772470  0.602350  105.150002  0.220000
1  164.027013  1.467367  1.467367  164.449817  0.457764  -1.143016  164.037761  0.325936  -1.190671  105.150002  0.220000
1  164.037761  1.466231  1.466231  164.423814  0.991821  0.942980  163.930980  0.847552  0.871547  105.150002  0.220000
1  163.930980  1.467083  1.467083  164.432587  0.328064  -1.498404  164.017689  0.186991  -1.532159  105.150002  0.220000
1  164.017689  1.466793  1.467685  164.456745  0.724792  0.112407  164.113941  0.586755  0.096568  105.150002  0.220000
1  164.113941  1.467735  1.467735  164.457948  0.740051  0.204709  164.110838  0.597917  0.185510  153.759995  0.480000
1  164.110838  1.467648  1.467648  164.440902  0.762939  0.332996  164.025762  0.610689  0.286542  153.759995  0.480000
1  164.025762  1.467228  1.467228  164.426381  0.770569  0.249611  163.959642  0.609022  0.187875  153.759995  0.480000
1  163.959642  1.467785  1.467785  164.429058  0.503540  -0.931116  163.970564  0.338103  -0.989231  153.759995  0.480000
1  163.970564  1.465993  1.466205  164.392462  0.289917  -1.839782  163.867354  0.112543  -1.918534  153.759995  0.480000
1  163.867354  1.467195  1.467195  164.386817  0.129700  -2.240902  163.876259  -0.050016  -2.297641  153.759995  0.480000
1  163.876259  1.465987  1.465987  164.339483  0.900269  0.677084  163.753966  0.707037  0.593354  153.759995  0.480000
1  163.753966  1.467720  1.467720  164.332921  0.389099  -1.436965  163.757134  0.191869  -1.504739  153.759995  0.480000
1  163.757134  1.467066  1.467066  164.352736  1.106262  1.375348  163.790751  0.907090  1.322841  153.759995  0.480000
1  163.790751  1.467251  1.467271  164.349502  0.885010  0.463083  163.742853  0.678024  0.403758  153.759995  0.480000
1  163.742853  1.464804  1.464804  164.299258  1.014709  1.210753  163.739648  0.804554  1.163529  153.759995  0.480000
1  163.739648  1.466277  1.466277  164.317185  0.976562  1.030031  163.811102  0.767822  1.005838  153.759995  0.480000
1  163.811102  1.466042  1.466042  164.320101  0.885010  0.572679  163.788530  0.670509  0.542057  159.990005  0.980000
1  163.788530  1.466344  1.466344  164.311457  0.366211  -1.561014  163.771239  0.146254  -1.603759  159.990005  0.980000
1  163.771239  1.465847  1.465925  164.324007  -0.007629  -2.940671  163.824726  -0.227030  -2.967805  159.990005  0.980000
1  163.824726  1.466859  1.466859  164.313959  0.511169  -0.681118  163.783065  0.286023  -0.718198  159.990005  0.980000
1  163.783065  1.466202  1.466202  164.271149  1.472473  3.072436  163.736409  1.240414  3.023635  159.990005  0.980000
1  163.736409  1.467255  1.467255  164.247894  0.801086  0.546416  163.755890  0.567829  0.509075  159.990005  0.980000
1  163.755890  1.466791  1.466791  164.249444  0.289917  -1.417995  163.818204  0.058495  -1.434976  159.990005  0.980000
1  163.818204  1.466811  1.466576  164.226684  0.907898  0.907686  163.767089  0.669039  0.868574  159.990005  0.980000
1  163.767089  1.465400  1.465400  164.226808  0.846863  0.616921  163.804834  0.607348  0.590432  172.210007  0.930000
1  163.804834  1.466638  1.466638  164.211300  0.991821  1.007487  163.754263  0.744304  0.961503  172.210007  0.930000
1  163.754263  1.467091  1.467091  164.233862  0.885010  0.635780  163.819018  0.638999  0.610485  172.210007  0.930000
1  163.819018  1.465884  1.465884  164.247676  1.136780  1.777071  163.781020  0.885277  1.740895  172.210007  0.930000
1  163.781020  1.465982  1.466090  164.249134  0.450134  -0.855753  163.773655  0.195337  -0.890489  172.210007  0.930000
1  163.773655  1.465991  1.465991  164.223350  0.480652  -0.846167  163.709909  0.217537  -0.897892  172.210007  0.930000
1  163.709909  1.463702  1.463702  164.234062  0.839233  0.618826  163.777517  0.578184  0.588609  172.210007  0.930000
1  163.777517  1.466623  1.466623  164.276981  0.808716  0.143346  163.841504  0.547261  0.123719  172.210007  0.930000
1  163.841504  1.465665  1.465665  164.297180  0.526428  -0.948998  163.870739  0.263591  -0.965920  172.210007  0.930000
1  163.870739  1.466725  1.466610  164.293424  0.968933  0.714638  163.821805  0.698339  0.678505  172.210007  0.930000
1  163.821805  1.466910  1.466910  164.269331  0.793457  0.248323  163.791645  0.518258  0.209524  182.089996  0.200000
1  163.791645  1.465929  1.465929  164.269093  0.862122  0.613439  163.760592  0.581814  0.568489  182.089996  0.200000
1  163.760592  1.464979  1.464979  164.346072  0.679016  -0.269661  163.964081  0.409453  -0.266644  182.089996  0.200000
1  163.964081  1.465693  1.465693  164.322891  0.343323  -1.379067  163.909374  0.067625  -1.392744  182.089996  0.200000
1  163.909374  1.465678  1.465688  164.374445  1.075745  1.471040  164.014837  0.804288  1.477911  182.089996  0.200000
1  164.014837  1.467950  1.467950  164.371206  0.610352  -0.482390  163.951312  0.330647  -0.502803  182.089996  0.200000
1  163.951312  1.465747  1.465747  164.352991  0.801086  0.162687  163.854106  0.510445  0.114032  182.089996  0.200000
1  163.854106  1.466243  1.466243  164.323804  0.885010  0.716038  163.809118  0.588804  0.667690  182.089996  0.200000
1  163.809118  1.465578  1.465578  164.326692  0.701904  -0.075922  163.794016  0.401344  -0.121660  182.089996  0.200000
1  163.794016  1.466880  1.466902  164.301618  0.877380  0.645344  163.771141  0.572181  0.600829  182.089996  0.200000
1  163.771141  1.466431  1.466431  164.322241  0.885010  0.602262  163.834122  0.581001  0.575670  231.679993  0.140000
1  163.834122  1.465614  1.465614  164.355754  1.281738  2.240231  163.930696  0.981833  2.230219  231.679993  0.140000
1  163.930696  1.465394  1.465394  164.392323  0.694275  -0.320447  163.935266  0.390519  -0.337463  231.679993  0.140000
1  163.935266  1.466453  1.466453  164.378491  1.007080  1.021174  163.896308  0.697564  0.989852  231.679993  0.140000
1  163.896308  1.465534  1.465924  164.373708  0.267029  -2.109172  163.887873  -0.047394  -2.147569  231.679993  0.140000
1  163.887873  1.466290  1.466290  164.363485  1.167297  1.691092  163.859861  0.848487  1.652213  231.679993  0.140000
1  163.859861  1.465175  1.465175  164.379591  0.732422  -0.171589  163.899448  0.412703  -0.200939  231.679993  0.140000
1  163.899448  1.465250  1.465250  164.350876  0.404358  -1.265776  163.792317  0.074654  -1.320815  231.679993  0.140000
1  163.792317  1.464451  1.464451  164.352988  -0.030518  -2.979760  163.774040  -0.364240  -3.029348  231.679993  0.140000
1  163.774040  1.466058  1.465861  164.339641  0.373840  -1.205933  163.750618  0.036486  -1.249300  231.679993  0.140000
1  163.750618  1.464460  1.464460  164.338423  0.564575  -0.341030  163.727740  0.223535  -0.383119  172.220001  1.140000
1  163.727740  1.465456  1.465456  164.273518  0.946045  1.447456  163.602057  0.595016  1.388217  172.220001  1.140000
1  163.602057  1.465506  1.465506  164.267173  1.396179  3.313881  163.640345  1.046726  3.279528  172.220001  1.140000
1  163.640345  1.466296  1.466296  164.258126  0.526428  -0.277075  163.645660  0.175154  -0.306379  172.220001  1.140000
1  163.645660  1.464457  1.464556  164.221002  0.228882  -1.365609  163.534489  -0.131622  -1.415348  172.220001  1.140000
1  163.534489  1.465504  1.465504  164.242604  0.961304  1.489786  163.606425  0.604192  1.470996  172.220001  1.140000
1  163.606425  1.465525  1.465525  164.260131  1.335144  2.797461  163.610512  0.975623  2.774424  172.220001  1.140000
1  163.610512  1.466356  1.466356  164.244758  0.350952  -1.226948  163.575731  -0.013625  -1.259005  172.220001  1.140000
1  163.575731  1.465044  1.465044  164.222902  1.220703  2.317931  163.606442  0.856645  2.300513  172.220001  1.140000
1  163.606442  1.465601  1.465142  164.246592  0.320435  -1.245451  163.727014  -0.036570  -1.234420  172.220001  1.140000
1  163.727014  1.465480  1.465480  164.216522  0.801086  0.872619  163.666693  0.438943  0.859319  172.220001  1.140000
1  163.666693  1.466307  1.466307  164.213722  1.396179  2.974656  163.650798  1.029915  2.952912  172.220001  1.140000
1  163.650798  1.466343  1.466343  164.228395  0.762939  0.584369  163.724953  0.400811  0.582584  183.949997  1.120000
1  163.724953  1.466029  1.466029  164.245891  -0.129700  -2.875951  163.767338  -0.490115  -2.874113  183.949997  1.120000
1  163.767338  1.465897  1.465276  164.301127  0.549316  -0.361871  163.895685  0.195526  -0.339976  183.949997  1.120000
1  163.895685  1.465845  1.465845  164.268648  0.900269  0.903654  163.755574  0.533458  0.873218  183.949997  1.120000
1  163.755574  1.463924  1.463924  164.302438  0.434875  -0.892697  163.807727  0.069992  -0.908436  183.949997  1.120000
1  163.807727  1.465324  1.465324  164.291885  -0.038147  -2.677587  163.803473  -0.404863  -2.693891  183.949997  1.120000
1  163.803473  1.465148  1.465148  164.274658  0.656128  0.037283  163.746760  0.283088  0.011256  183.949997  1.120000
1  163.746760  1.464942  1.465377  164.297756  0.465393  -0.760129  163.782049  0.092622  -0.776512  183.949997  1.120000
1  163.782049  1.464367  1.464367  164.338219  1.251221  2.142422  163.854065  0.880365  2.141523  189.589996  1.340000
1  163.854065  1.466598  1.466598  164.334023  0.175476  -2.040603  163.813216  -0.200356  -2.059281  189.589996  1.340000
1  163.813216  1.464600  1.464600  164.328496  0.213623  -1.818809  163.824188  -0.163429  -1.836309  189.589996  1.340000
1  163.824188  1.465638  1.465638  164.346347  0.167847  -1.852987  163.841981  -0.209100  -1.865273  189.589996  1.340000
1  163.841981  1.464854  1.464879  164.304358  1.205444  2.205890  163.759157  0.820149  2.170295  189.589996  1.340000
1  163.759157  1.464958  1.464958  164.299430  0.488281  -0.699718  163.794810  0.103393  -0.722295  189.589996  1.340000
1  163.794810  1.463321  1.463321  164.284054  0.961304  1.323268  163.797958  0.575267  1.303810  189.589996  1.340000
1  163.797958  1.465451  1.465451  164.285576  0.679016  0.062595  163.821051  0.292191  0.047100  189.589996  1.340000
1  163.821051  1.465563  1.465563  164.292060  0.144958  -2.075424  163.842371  -0.242290  -2.084829  189.589996  1.340000
1  163.842371  1.465155  1.465638  164.275482  0.854492  0.567111  163.819438  0.462528  0.548278  189.589996  1.340000
1  163.819438  1.467242  1.467242  164.246614  0.579834  -0.309408  163.776937  0.183722  -0.337713  183.410004  1.430000
1  163.776937  1.465600  1.465600  164.247839  0.480652  -0.691860  163.770050  0.082315  -0.719724  183.410004  1.430000
1  163.770050  1.463179  1.463179  164.265440  0.335693  -1.373298  163.791106  -0.063708  -1.393507  183.410004  1.430000
1  163.791106  1.464610  1.464610  164.284083  0.808716  0.385843  163.815893  0.408462  0.366439  183.410004  1.430000
1  163.815893  1.464815  1.464771  164.296098  0.785828  0.218189  163.813700  0.382703  0.195577  183.410004  1.430000
1  163.813700  1.465863  1.465863  164.372125  0.762939  0.162775  163.988929  0.370497  0.185601  183.410004  1.430000
1  163.988929  1.465753  1.465753  164.379199  0.434875  -1.298559  163.908609  0.033313  -1.314272  183.410004  1.430000
1  163.908609  1.465210  1.465210  164.382912  0.991821  0.994361  163.923217  0.589067  0.980495  183.410004  1.430000
1  163.923217  1.464321  1.464321  164.390307  0.885010  0.574813  163.908096  0.478692  0.553946  183.410004  1.430000
1  163.908096  1.467174  1.467363  164.451408  0.205994  -1.989193  164.042337  -0.192214  -1.973421  183.410004  1.430000
1  164.042337  1.464821  1.464821  164.481896  1.190186  1.895713  164.099634  0.793613  1.913195  160.070007  1.050000
1  164.099634  1.464585  1.464585  164.466010  0.572205  -0.320760  164.008606  0.168129  -0.331561  160.070007  1.050000
1  164.008606  1.466111  1.466111  164.422922  1.609802  3.826490  163.894410  1.195554  3.788299  160.070007  1.050000
1  163.894410  1.465235  1.465235  164.400791  1.159668  2.002848  163.837245  0.739536  1.956769  160.070007  1.050000
1  163.837245  1.466998  1.467192  164.399398  0.549316  -0.422416  163.862910  0.129276  -0.451938  160.070007  1.050000
1  163.862910  1.466335  1.466335  164.416232  0.518799  -0.632990  163.823538  0.093669  -0.672436  160.070007  1.050000
1  163.823538  1.466468  1.466468  164.369682  0.663757  0.251564  163.758767  0.233766  0.209603  160.070007  1.050000
1  163.758767  1.466076  1.466076  164.387693  0.801086  0.648295  163.828047  0.374029  0.631747  160.070007  1.050000
1  163.828047  1.466358  1.466358  164.449093  0.061035  -2.256007  163.913024  -0.361047  -2.247506  160.070007  1.050000
1  163.913024  1.466500  1.466615  164.485595  0.282288  -1.357567  163.959908  -0.137871  -1.341772  160.070007  1.050000
1  163.959908  1.468466  1.468466  164.490186  0.999451  1.394241  163.977386  0.578541  1.399518  146.169998  0.760000
1  163.977386  1.466258  1.466258  164.441187  1.060486  1.887169  163.814634  0.627487  1.852811  146.169998  0.760000
1  163.814634  1.467761  1.467761  164.434761  0.511169  -0.377834  163.854744  0.079686  -0.396276  146.169998  0.760000
1  163.854744  1.467626  1.467626  164.432512  0.648499  0.069126  163.868318  0.216012  0.051549  146.169998  0.760000
1  163.868318  1.467039  1.466773  164.427069  0.793457  0.796219  163.892077  0.362145  0.787589  146.169998  0.760000
1  163.892077  1.466991  1.466991  164.436062  -0.350952  -3.760779  163.917394  -0.781544  -3.768635  146.169998  0.760000
1  163.917394  1.468400  1.468400  164.433385  0.389099  -0.921131  163.884840  -0.045784  -0.943169  146.169998  0.760000
1  163.884840  1.466640  1.466640  164.392161  0.862122  1.340276  163.848110  0.425327  1.319857  146.169998  0.760000
1  163.848110  1.468059  1.468059  164.377824  0.305176  -0.830481  163.822307  -0.133881  -0.853963  146.169998  0.760000
1  163.822307  1.467636  1.467622  164.337820  0.366211  -0.976819  163.723337  -0.082972  -1.024406  146.169998  0.760000
1  163.723337  1.467429  1.467429  164.372965  0.373840  -1.345839  163.765068  -0.075621  -1.379320  146.169998  0.760000
1  163.765068  1.468443  1.468443  164.386375  0.625610  -0.290561  163.859378  0.181412  -0.297456  146.169998  0.760000
1  163.859378  1.467324  1.467324  164.358427  0.511169  -0.696131  163.839541  0.064041  -0.707180  182.119995  0.600000
1  163.839541  1.466117  1.466117  164.351838  1.327515  2.477921  163.827253  0.877317  2.459276  182.119995  0.600000
1  163.827253  1.468505  1.468740  164.389105  0.427246  -1.020437  163.870981  -0.021105  -1.027784  182.119995  0.600000
1  163.870981  1.465870  1.465870  164.374907  1.197815  2.091582  163.870985  0.747968  2.084911  182.119995  0.600000
1  163.870985  1.468946  1.468946  164.343727  0.892639  1.010583  163.794502  0.436189  0.982990  182.119995  0.600000
1  163.794502  1.469200  1.469200  164.376068  1.007080  1.441702  163.844801  0.552730  1.426640  182.119995  0.600000
1  163.844801  1.468237  1.468237  164.374441  0.305176  -1.399671  163.852236  -0.150176  -1.414164  182.119995  0.600000
1  163.852236  1.466855  1.466901  164.392651  0.549316  -0.387859  163.874449  0.094232  -0.394904  182.119995  0.600000
1  163.874449  1.468498  1.468498  164.402055  0.770569  0.533430  163.926015  0.318024  0.538127  238.160004  0.290000
1  163.926015  1.471636  1.471636  164.394169  0.419617  -0.892231  163.870434  -0.038501  -0.905346  238.160004  0.290000
1  163.870434  1.468061  1.468061  164.411094  0.419617  -0.923116  163.891737  -0.038400  -0.928871  238.160004  0.290000
1  163.891737  1.468647  1.468647  164.458328  0.862122  0.613272  163.931791  0.404377  0.611097  238.160004  0.290000
1  163.931791  1.467483  1.468338  164.450308  0.862122  0.600973  163.898952  0.400125  0.588193  238.160004  0.290000
1  163.898952  1.466352  1.466352  164.432785  0.259399  -1.637654  163.887062  -0.204403  -1.651352  238.160004  0.290000
1  163.887062  1.467333  1.467333  164.454022  0.602722  -0.337987  163.913247  0.138759  -0.350092  238.160004  0.290000
1  163.913247  1.466938  1.466938  164.480788  0.991821  1.346968  164.005332  0.533637  1.355263  238.160004  0.290000
1  164.005332  1.468759  1.468759  164.453449  0.740051  0.567275  163.980973  0.280019  0.570863  238.160004  0.290000
1  163.980973  1.468118  1.468115  164.449404  0.526428  -0.383017  163.947651  0.062443  -0.391707  238.160004  0.290000
1  163.947651  1.468608  1.468608  164.452911  1.045227  1.499195  163.929309  0.577583  1.479843  166.979996  0.410000
1  163.929309  1.466743  1.466743  164.412410  0.541687  -0.441849  163.819052  0.064944  -0.485995  166.979996  0.410000
1  163.819052  1.468836  1.468836  164.421146  0.679016  -0.043049  163.834782  0.201284  -0.076315  166.979996  0.410000
1  163.834782  1.468568  1.468568  164.508269  1.235962  1.896953  164.023267  0.768913  1.911696  166.979996  0.410000
1  164.023267  1.468419  1.467763  164.513275  0.633240  -0.306806  164.013240  0.164456  -0.301039  166.979996  0.410000
1  164.013240  1.467616  1.467616  164.479089  0.770569  0.230338  163.881730  0.290343  0.195218  166.979996  0.410000
1  163.881730  1.469373  1.469373  164.467651  0.831604  0.293702  163.802005  0.342940  0.244462  166.979996  0.410000
1  163.802005  1.467402  1.467402  164.487801  0.686646  -0.390473  163.785118  0.194253  -0.434737  166.979996  0.410000
1  163.785118  1.467361  1.467361  164.496412  0.404358  -1.413175  163.788378  -0.089425  -1.449322  166.979996  0.410000
1  163.788378  1.467900  1.468745  164.462742  0.373840  -1.212040  163.786650  -0.120190  -1.237220  166.979996  0.410000
1  163.786650  1.467645  1.467645  164.479667  0.617981  -0.064010  163.873523  0.129924  -0.059469  63.470001  0.120000
1  163.873523  1.466715  1.466715  164.495156  1.014709  1.414978  163.922372  0.528577  1.422677  63.470001  0.120000
1  163.922372  1.468383  1.468383  164.514293  0.785828  0.347745  163.938737  0.298708  0.349531  63.470001  0.120000
1  163.938737  1.468601  1.468601  164.513692  0.701904  0.140294  163.911004  0.211981  0.134403  63.470001  0.120000
1  163.911004  1.468048  1.467640  164.474985  0.312805  -1.279138  163.769326  -0.188087  -1.320073  63.470001  0.120000
1  163.769326  1.468480  1.468480  164.434675  1.289368  2.526087  163.736192  0.784673  2.483524  63.470001  0.120000
1  163.736192  1.467725  1.467725  164.436398  0.083923  -2.375630  163.802395  -0.417551  -2.397255  63.470001  0.120000
1  163.802395  1.466580  1.466580  164.414920  1.266479  2.259365  163.788483  0.762331  2.238529  63.470001  0.120000
1  163.788483  1.468601  1.468601  164.439267  1.258850  2.284355  163.836665  0.757136  2.277408  63.470001  0.120000
1  163.836665  1.468143  1.468263  164.478012  0.473022  -1.064479  163.873763  -0.028460  -1.068014  63.470001  0.120000
1  163.873763  1.468586  1.468586  164.490561  1.113892  1.924178  163.990331  0.621443  1.949728  9.170000  0.800000
1  163.990331  1.468276  1.468276  164.481185  0.473022  -0.770479  164.007297  -0.020010  -0.755689  9.170000  0.800000
1  164.007297  1.468360  1.468360  164.417234  0.999451  1.415635  163.821886  0.492111  1.376774  9.170000  0.800000
1  163.821886  1.467472  1.467472  164.378031  0.633240  -0.109338  163.726474  0.117640  -0.161855  9.170000  0.800000
1  163.726474  1.468901  1.468476  164.385919  0.564575  -0.430064  163.778148  0.051499  -0.458376  9.170000  0.800000
1  163.778148  1.467876  1.467876  164.357767  1.060486  1.661587  163.723081  0.542893  1.630380  9.170000  0.800000
1  163.723081  1.467599  1.467599  164.351770  0.061035  -2.334411  163.749001  -0.455521  -2.350655  9.170000  0.800000
1  163.749001  1.468236  1.468236  164.371434  0.976562  1.387196  163.811670  0.464054  1.390806  9.170000  0.800000
1  163.811670  1.468276  1.468276  164.351402  1.472473  3.411783  163.785349  0.957631  3.404061  9.170000  0.800000
1  163.785349  1.468655  1.468539  164.347678  1.136780  2.016274  163.763188  0.619362  2.001829  9.170000  0.800000
1  163.763188  1.468015  1.468015  164.331967  0.167847  -1.755586  163.698588  -0.354571  -1.779718  9.170000  0.800000
1  163.698588  1.468168  1.468168  164.334081  0.335693  -1.150138  163.734189  -0.185135  -1.161596  9.170000  0.800000
1  163.734189  1.467859  1.467859  164.356330  0.381470  -0.865979  163.870668  -0.129616  -0.838301  3.780000  0.730000
1  163.870668  1.468879  1.468879  164.356678  0.671387  0.506007  163.880301  0.161501  0.531324  3.780000  0.730000
1  163.880301  1.469296  1.469455  164.299789  0.930786  1.674549  163.708295  0.408933  1.652703  3.780000  0.730000
1  163.708295  1.470322  1.470322  164.293665  0.732422  0.585744  163.687660  0.207511  0.563882  3.780000  0.730000
1  163.687660  1.469850  1.469850  164.317012  1.510620  3.424160  163.719542  0.986065  3.411514  3.780000  0.730000
1  163.719542  1.469718  1.469718  164.327403  0.495911  -0.669322  163.684419  -0.032506  -0.692096  3.780000  0.730000
1  163.684419  1.468997  1.468997  164.313525  0.625610  0.137062  163.717523  0.100149  0.131421  3.780000  0.730000
1  163.717523  1.469370  1.469145  164.281981  0.816345  0.872891  163.666674  0.286597  0.852842  3.780000  0.730000
1  163.666674  1.469768  1.469768  164.335172  0.457764  -0.458406  163.822466  -0.060523  -0.433093  26.520000  1.080000
1  163.822466  1.470650  1.470650  164.245308  0.694275  0.487385  163.646751  0.162813  0.465788  26.520000  1.080000
1  163.646751  1.469368  1.469368  164.232292  1.083374  2.083538  163.659013  0.552722  2.070948  26.520000  1.080000
1  163.659013  1.470431  1.470431  164.235941  0.671387  0.233360  163.639317  0.137957  0.216751  26.520000  1.080000
1  163.639317  1.469195  1.469201  164.277899  1.312256  2.787930  163.786764  0.788849  2.810833  26.520000  1.080000
1  163.786764  1.468597  1.468597  164.323827  0.679016  0.211532  163.865991  0.160615  0.240039  26.520000  1.080000
1  163.865991  1.469514  1.469514  164.284975  0.762939  0.478154  163.761471  0.235857  0.469625  26.520000  1.080000
1  163.761471  1.469932  1.469932  164.269054  0.999451  1.508055  163.691807  0.466875  1.485288  26.520000  1.080000
1  163.691807  1.470193  1.470193  164.260219  0.427246  -0.613830  163.703754  -0.104349  -0.625001  26.520000  1.080000
1  163.703754  1.471090  1.470941  164.261092  1.045227  1.767285  163.737726  0.515353  1.761509  26.520000  1.080000
1  163.737726  1.468991  1.468991  164.269293  0.755310  0.687131  163.779468  0.228331  0.692029  32.230000  0.990000
1  163.779468  1.468533  1.468533  164.296501  0.679016  0.048919  163.731312  0.146219  0.034029  32.230000  0.990000
1  163.731312  1.469318  1.469318  164.329386  1.144409  1.876055  163.789964  0.614843  1.880269  32.230000  0.990000
1  163.789964  1.469442  1.469442  164.305916  1.571655  3.438026  163.697891  1.033514  3.412907  32.230000  0.990000
1  163.697891  1.469926  1.469753  164.299996  0.869751  0.699010  163.665989  0.328370  0.671613  32.230000  0.990000
1  163.665989  1.469446  1.469446  164.270523  0.740051  0.127822  163.654116  0.196471  0.103572  32.230000  0.990000
1  163.654116  1.469883  1.469883  164.255841  0.511169  -0.897207  163.574180  -0.040003  -0.937136  32.230000  0.990000
1  163.574180  1.469509  1.469509  164.287193  0.434875  -0.878874  163.680537  -0.108317  -0.880139  32.230000  0.990000
1  163.680537  1.470130  1.470130  164.294235  0.846863  0.587530  163.712436  0.304213  0.588580  32.230000  0.990000
1  163.712436  1.469563  1.469549  164.273381  0.434875  -0.733270  163.645373  -0.111987  -0.744116  32.230000  0.990000
1  163.645373  1.469358  1.469358  164.304257  0.183105  -1.811532  163.700888  -0.360749  -1.806973  26.969999  1.040000
1  163.700888  1.470053  1.470053  164.288541  0.717163  0.276101  163.623976  0.166844  0.256496  26.969999  1.040000
1  163.623976  1.469758  1.469758  164.277185  0.747681  0.396126  163.594004  0.194443  0.375516  26.969999  1.040000
1  163.594004  1.471707  1.471707  164.221286  -0.122070  -2.961318  163.507161  -0.681755  -2.994251  26.969999  1.040000
1  163.507161  1.470062  1.470089  164.188837  0.686646  0.363556  163.498890  0.126549  0.339341  26.969999  1.040000
1  163.498890  1.470623  1.470623  164.284646  0.045776  -2.336943  163.696506  -0.500861  -2.310210  26.969999  1.040000
1  163.696506  1.469465  1.469465  164.330363  0.991821  1.361910  163.823719  0.453288  1.406177  26.969999  1.040000
1  163.823719  1.468649  1.468649  164.350678  0.137329  -2.079953  163.874277  -0.398379  -2.045208  26.969999  1.040000
1  163.874277  1.468999  1.468999  164.289877  1.205444  2.499896  163.717096  0.659125  2.487768  26.969999  1.040000
1  163.717096  1.471191  1.471297  164.330241  0.480652  -0.350679  163.820773  -0.058033  -0.332329  26.969999  1.040000
1  163.820773  1.470220  1.470220  164.330844  -0.366211  -3.714615  163.828931  -0.904383  -3.700017  355.929993  1.070000
1  163.828931  1.470446  1.470446  164.324561  -0.190735  -3.081292  163.780675  -0.733014  -3.084022  355.929993  1.070000
1  163.780675  1.469078  1.469078  164.328929  0.823975  0.987467  163.750730  0.279372  0.979638  355.929993  1.070000
1  163.750730  1.469182  1.469182  164.330502  0.076294  -1.946558  163.730511  -0.469698  -1.957145  355.929993  1.070000
1  163.730511  1.469674  1.469502  164.282857  0.511169  -0.219667  163.621616  -0.043026  -0.253582  355.929993  1.070000
1  163.621616  1.469200  1.469200  164.302805  1.373291  3.027820  163.663461  0.820895  3.009677  355.929993  1.070000
1  163.663461  1.468936  1.468936  164.281029  0.877380  1.051426  163.671087  0.325144  1.041381  355.929993  1.070000
1  163.671087  1.469774  1.469774  164.245579  0.785828  0.651098  163.548019  0.223870  0.612121  355.929993  1.070000
1  163.548019  1.468680  1.468680  164.220290  0.717163  0.377490  163.515721  0.152389  0.343797  355.929993  1.070000
1  163.515721  1.468730  1.468703  164.230296  0.320435  -1.279540  163.582544  -0.240345  -1.289333  355.929993  1.070000
1  163.582544  1.469783  1.469783  164.198839  0.022888  -2.335075  163.510324  -0.542899  -2.360417  355.929993  1.070000
1  163.510324  1.470112  1.470112  164.173868  0.038147  -2.094605  163.490963  -0.528419  -2.113215  355.929993  1.070000
