1.877106  1.877106  0
1.877106  1.876872  0
1.877106  1.878262  0
1.877106  1.877385  0
1.877106  1.877088  0
1.877106  1.876742  0
1.877106  1.876677  0
1.877106  1.876242  0
1.877106  1.876692  0
1.877106  1.877094  0
1.877106  1.877231  0
1.877106  1.876899  0
1.877106  1.875926  0
1.877106  1.875960  0
1.877106  1.876564  0
1.877106  1.875616  0
1.877106  1.876075  0
1.877106  1.877344  0
1.877106  1.876998  0
1.877106  1.876731  0
1.877106  1.874972  0
1.877106  1.876288  0
1.877106  1.876104  0
1.877106  1.876550  0
1.877106  1.875394  0
1.877106  1.876318  0
1.877106  1.875755  0
1.877106  1.877195  0
1.877106  1.875885  0
1.877106  1.876642  0
1.877106  1.876718  0
1.877106  1.877053  0
1.877106  1.876198  0
1.877106  1.876544  0
1.877106  1.876623  0
1.877106  1.876937  0
1.877106  1.875788  0
1.877106  1.875977  0
1.877106  1.877665  0
1.877106  1.874600  0
1.877106  1.876059  0
1.877106  1.876200  0
1.877106  1.876128  0
1.877106  1.876300  0
1.877106  1.877043  0
1.877106  1.876806  0
1.877106  1.877216  0
1.877106  1.877917  0
1.877106  1.876215  0
1.877106  1.876104  0
1.877106  1.876570  0
1.877106  1.877997  0
1.877106  1.876800  0
1.877106  1.878063  0
1.877106  1.877669  0
1.877106  1.876895  0
1.877106  1.877367  0
1.877106  1.877341  0
1.877106  1.875802  0
1.877106  1.876044  0
1.877106  1.876195  0
1.877106  1.875606  0
1.877106  1.876434  0
1.877106  1.876555  0
1.877106  1.876387  0
1.877106  1.875486  0
1.877106  1.876459  0
1.877106  1.874707  0
1.877106  1.876493  0
1.877106  1.876035  0
1.877106  1.876618  0
1.877106  1.876417  0
1.877106  1.876834  0
1.877106  1.876156  0
1.877106  1.875585  0
1.877106  1.875038  0
1.877106  1.874724  0
1.877106  1.874272  0
1.877106  1.875850  0
1.877106  1.876268  0
1.877106  1.876554  0
1.877106  1.876470  0
1.877106  1.877069  0
1.877106  1.877964  0
1.877106  1.877908  0
1.877106  1.878060  0
1.877106  1.876152  0
1.877106  1.875330  0
1.877106  1.875654  0
1.877106  1.875145  0
1.877106  1.875497  0
1.877106  1.877386  0
1.877106  1.876647  0
1.877106  1.875170  0
1.877106  1.875649  0
1.877106  1.876723  0
1.877106  1.876407  0
1.877106  1.876281  0
1.877106  1.876826  0
1.877106  1.875942  0
1.877106  1.876269  0
1.877106  1.875521  0
1.877106  1.876796  0
1.877106  1.875970  0
1.877106  1.876314  0
1.877106  1.877253  0
1.877106  1.876298  0
1.877106  1.876993  0
1.877106  1.876016  0
1.877106  1.876667  0
1.877106  1.875885  0
1.877106  1.876692  0
1.877106  1.876984  0
1.877106  1.876065  0
1.877106  1.877388  0
1.877106  1.877003  0
1.877106  1.876518  0
1.877106  1.874744  0
1.877106  1.876386  0
1.877106  1.876104  0
1.877106  1.876353  0
1.877106  1.875351  0
1.877106  1.876336  0
1.877106  1.876134  0
1.877106  1.875875  0
1.877106  1.875058  0
1.877106  1.876558  0
1.877106  1.874808  0
1.877106  1.877291  0
1.877106  1.876331  0
1.877106  1.876122  0
1.877106  1.874947  0
1.877106  1.875545  0
1.877106  1.876635  0
1.877106  1.875469  0
1.877106  1.876278  0
1.877106  1.876847  0
1.877106  1.875740  0
1.877106  1.874763  0
1.877106  1.875236  0
1.877106  1.875625  0
1.877106  1.875199  0
1.877106  1.876086  0
1.877106  1.875232  0
1.877106  1.876416  0
1.877106  1.875884  0
1.877106  1.876625  0
1.877106  1.876320  0
1.877106  1.876155  0
1.877106  1.876732  0
1.877106  1.875354  0
1.877106  1.876990  0
1.877106  1.876858  0
1.877106  1.877017  0
1.877106  1.877059  0
1.877106  1.875469  0
1.877106  1.874682  0
1.877106  1.875938  0
1.877106  1.876014  0
1.877106  1.874970  0
1.877106  1.875986  0
1.877106  1.876008  0
1.877106  1.874682  0
1.877106  1.875685  0
1.877106  1.875305  0
1.877106  1.874908  0
1.877106  1.875088  0
1.877106  1.875879  0
1.877106  1.875157  0
1.877106  1.875622  0
1.877106  1.875448  0
1.877106  1.876519  0
1.877106  1.876944  0
1.877106  1.876102  0
1.877106  1.876187  0
1.877106  1.876392  0
1.877106  1.875471  0
1.877106  1.875163  0
1.877106  1.874986  0
1.877106  1.875777  0
1.877106  1.874755  0
1.877106  1.874116  0
1.877106  1.875138  0
1.877106  1.877188  0
1.877106  1.875268  0
1.877106  1.876126  0
1.877106  1.875589  0
1.877106  1.876530  0
1.877106  1.876534  0
1.877106  1.875963  0
1.877106  1.876544  0
1.877106  1.876789  0
1.877106  1.877078  0
1.877106  1.878657  0
1.877106  1.876074  0
1.877106  1.876653  0
1.877106  1.877610  0
1.877106  1.877054  0
1.877106  1.875662  0
1.877106  1.875630  0
1.877106  1.875168  0
1.877106  1.875217  0
1.877106  1.874403  0
1.877106  1.875083  0
1.877106  1.874524  0
1.877106  1.873668  0
1.877106  1.875384  0
1.877106  1.874678  0
1.877106  1.875356  0
1.877106  1.874385  0
1.877106  1.875560  0
1.877106  1.876896  0
1.877106  1.876740  0
1.877106  1.876093  0
1.877106  1.877320  0
1.877106  1.876659  0
1.877106  1.877215  0
1.877106  1.875248  0
1.877106  1.875753  0
1.877106  1.876734  0
1.877106  1.877220  0
1.877106  1.876035  0
1.877106  1.876204  0
1.877106  1.876346  0
1.877106  1.877770  0
1.877106  1.876055  0
1.877106  1.876130  0
1.877106  1.874888  0
1.877106  1.875869  0
1.877106  1.876429  0
1.877106  1.876641  0
1.877106  1.875825  0
1.877106  1.876373  0
1.877106  1.875188  0
1.877106  1.876708  0
1.877106  1.873971  0
1.877106  1.875822  0
1.877106  1.875478  0
1.877106  1.875586  0
1.877106  1.875098  0
1.877106  1.875513  0
1.877106  1.877063  0
1.877106  1.875666  0
1.877106  1.874227  0
1.877106  1.875326  0
1.877106  1.875160  0
1.877106  1.875886  0
1.877106  1.873531  0
1.877106  1.875357  0
1.877106  1.875362  0
1.877106  1.875710  0
1.877106  1.876021  0
1.877106  1.874750  0
1.877106  1.875903  0
1.877106  1.874366  0
1.877106  1.874577  0
1.877106  1.875015  0
1.877106  1.875490  0
1.877106  1.876153  0
1.877106  1.876197  0
1.877106  1.875133  0
1.877106  1.875954  0
1.877106  1.876629  0
1.877106  1.876468  0
1.877106  1.873941  0
1.877106  1.875472  0
1.877106  1.876233  0
1.877106  1.877241  0
1.877106  1.875270  0
1.877106  1.874315  0
1.877106  1.875141  0
1.877106  1.876512  0
1.877106  1.875735  0
1.877106  1.875987  0
1.877106  1.876727  0
1.877106  1.875678  0
1.877106  1.876352  0
1.877106  1.877546  0
1.877106  1.876133  0
1.877106  1.876985  0
1.877106  1.876508  0
1.877106  1.875167  0
1.877106  1.874264  0
1.877106  1.876274  0
1.877106  1.876465  0
1.877106  1.878058  0
1.877106  1.875766  0
1.877106  1.876639  0
1.877106  1.876055  0
1.877106  1.876921  0
1.877106  1.875089  0
1.877106  1.876403  0
1.877106  1.876184  0
1.877106  1.876654  0
1.877106  1.875649  0
1.877106  1.876714  0
1.877106  1.876853  0
1.877106  1.877393  0
1.877106  1.878065  0
1.877106  1.877242  0
1.877106  1.874511  0
1.877106  1.875147  0
1.877106  1.877345  0
1.877106  1.877400  0
1.877106  1.877334  0
1.877106  1.876176  0
1.877106  1.876421  0
1.877106  1.875740  0
1.877106  1.876867  0
1.877106  1.875247  0
1.877106  1.875551  0
1.877106  1.876513  0
1.877106  1.876767  0
1.877106  1.876239  0
1.877106  1.875295  0
1.877106  1.875721  0
1.877106  1.876230  0
1.877106  1.875512  0
1.877106  1.876641  0
1.877106  1.875918  0
1.877106  1.877951  0
1.877106  1.877775  0
1.877106  1.876915  0
1.877106  1.876365  0
1.877106  1.876812  0
1.877106  1.876089  0
1.877106  1.875857  0
1.877106  1.875033  0
1.877106  1.874594  0
1.877106  1.876337  0
1.877106  1.876509  0
1.877106  1.875388  0
1.877106  1.875733  0
1.877106  1.876957  0
1.877106  1.877339  0
1.877106  1.875615  0
1.877106  1.876258  0
1.877106  1.876028  0
1.877106  1.876996  0
1.877106  1.876772  0
1.877106  1.878105  0
1.877106  1.877632  0
1.877106  1.877546  0
1.877106  1.877373  0
1.877106  1.876517  0
1.877106  1.875710  0
1.877106  1.878099  0
1.877106  1.878968  0
1.877106  1.876373  0
1.877106  1.876525  0
1.877106  1.877643  0
1.877106  1.877464  0
1.877106  1.877766  0
1.877106  1.875870  0
1.877106  1.877881  0
1.877106  1.877240  0
1.877106  1.877253  0
1.877106  1.877103  0
1.877106  1.877654  0
1.877106  1.876902  0
1.877106  1.876177  0
1.877106  1.875836  0
1.877106  1.876262  0
1.877106  1.877045  0
1.877106  1.877333  0
1.877106  1.878393  0
1.877106  1.875719  0
1.877106  1.876405  0
1.877106  1.876348  0
1.877106  1.874802  0
1.877106  1.874000  0
1.877106  1.876169  0
1.877106  1.876115  0
1.877106  1.877427  0
1.877106  1.874335  0
1.877106  1.875914  0
1.877106  1.876120  0
1.877106  1.874933  0
1.877106  1.873427  0
1.877106  1.876996  0
1.877106  1.876091  0
1.877106  1.876850  0
1.877106  1.877002  0
1.877106  1.877083  0
1.877106  1.876192  0
1.877106  1.877777  0
1.877106  1.877593  0
1.877106  1.877140  0
1.877106  1.876240  0
1.877106  1.875606  0
1.877106  1.877382  0
1.877106  1.877390  0
1.877106  1.877421  0
1.877106  1.876553  0
1.877106  1.876821  0
1.877106  1.876973  0
1.877106  1.876973  0
1.877106  1.876213  0
1.877106  1.877450  0
1.877106  1.877196  0
1.877106  1.877676  0
1.877106  1.876825  0
1.877106  1.877795  0
1.877106  1.877178  0
1.877106  1.877359  0
1.877106  1.877070  0
1.877106  1.876702  0
1.877106  1.877533  0
1.877106  1.879068  0
1.877106  1.878717  0
1.877106  1.877919  0
1.877106  1.877677  0
1.877106  1.876607  0
1.877106  1.876547  0
1.877106  1.876755  0
1.877106  1.874017  0
1.877106  1.874012  0
1.877106  1.876565  0
1.877106  1.877537  0
1.877106  1.875878  0
1.877106  1.876723  0
1.877106  1.875999  0
1.877106  1.878201  0
1.877106  1.877318  0
1.877106  1.877745  0
1.877106  1.876453  0
1.877106  1.878712  0
1.877106  1.877684  0
1.877106  1.878294  0
1.877106  1.876520  0
1.877106  1.876864  0
1.877106  1.875428  0
1.877106  1.875733  0
1.877106  1.874540  0
1.877106  1.877068  0
1.877106  1.876924  0
1.877106  1.876890  0
1.877106  1.874838  0
1.877106  1.877455  0
1.877106  1.877239  0
1.877106  1.876383  0
1.877106  1.877495  0
1.877106  1.878363  0
1.877106  1.878575  0
1.877106  1.878922  0
1.877106  1.876816  0
1.877106  1.878429  0
1.877106  1.878011  0
1.877106  1.878161  0
1.877106  1.877665  0
1.877106  1.878502  0
1.877106  1.877381  0
1.877106  1.878623  0
1.877106  1.878292  0
1.877106  1.878784  0
1.877106  1.877193  0
1.877106  1.878074  0
1.877106  1.875960  0
1.877106  1.878214  0
1.877106  1.876442  0
1.877106  1.878472  0
1.877106  1.878021  0
1.877106  1.878613  0
1.877106  1.877347  0
1.877106  1.878214  0
1.877106  1.878309  0
1.877106  1.879512  0
1.877106  1.878295  0
1.877106  1.878776  0
1.877106  1.879576  0
1.877106  1.878458  0
1.877106  1.877007  0
1.877106  1.877511  0
1.877106  1.877102  0
1.877106  1.877417  0
1.877106  1.875930  0
1.877106  1.876255  0
1.877106  1.876149  0
1.877106  1.876584  0
1.877106  1.875986  0
1.877106  1.874173  0
1.877106  1.874732  0
1.877106  1.876344  0
