1  -0.369036  -0.369036  50.897486  0.016512  -0.008668  -356.080423  10727262763879939135437108274234512665491000171367726770822582431037429869305912296026801246258963265886467697037436290552022982084116175254932700026522366925368862455783143605874834911307476310136637505628136398966175854401785894331249669943477945311328361047392256.000000  9519341023889961137494276369669658673628061075947885933607530584756041209952385646324191775843062177035188317784980569714264085678276442400104402691451278480388712647569334170466036839894679557067527021187075172420781118867668748567682836126755244172227937394753536.000000
1  -0.368690  -0.368690  55.162872  0.010919  -0.076904  -355.838905  10727262763879939135437108274234512665491000171367726770822582431037429869305912296026801246258963265886467697037436290552022982084116175254932700026522366925368862455783143605874834911307476310136637505628136398966175854401785894331249669943477945311328361047392256.000000  9519341023889961137494276369669658673628061075947885933607530584756041209952385646324191775843062177035188317784980569714264085678276442400104402691451278480388712647569334170466036839894679557067527021187075172420781118867668748567682836126755244172227937394753536.000000
1  -0.367855  -0.367855  59.636109  0.009321  -0.082734  -355.593904  146.899994  0.250000
1  -0.367744  -0.367744  63.872375  0.019308  0.058660  -355.333121  146.699997  0.250000
1  -0.367035  -0.366755  68.153870  0.009587  -0.079826  -355.087555  146.449997  0.260000
1  -0.365350  -0.365350  72.237405  0.008256  -0.150501  -354.828587  146.449997  0.260000
1  -0.367529  -0.367529  76.614707  0.018109  0.021779  -354.562329  146.080002  0.260000
1  -0.368580  -0.368580  80.784953  0.015713  -0.007481  -354.292705  146.009995  0.260000
1  -0.367720  -0.367720  84.888858  0.022237  0.145523  -354.026913  145.979996  0.260000
1  -0.367937  -0.367947  89.034736  0.018243  0.013761  -353.732515  145.979996  0.260000
1  -0.363277  -0.363277  92.441869  0.014248  0.035296  -353.470362  145.970001  0.260000
1  -0.366205  -0.366205  96.245919  0.006658  -0.121219  -353.189924  145.820007  0.260000
1  -0.366731  -0.366731  99.744557  0.015713  0.053537  -352.909882  145.750000  0.260000
1  -0.368143  -0.368143  103.440514  0.007989  -0.165616  -352.599785  145.669998  0.260000
1  -0.369846  -0.369437  106.833843  0.013982  -0.032708  -352.292936  145.529999  0.260000
1  -0.367488  -0.367488  110.218351  0.023702  0.181117  -351.988948  145.500000  0.260000
1  -0.365158  -0.365158  113.099156  0.012916  -0.016044  -351.686326  145.630005  0.260000
1  -0.366477  -0.366477  115.233758  0.015313  0.036633  -351.377482  145.550003  0.260000
1  -0.367179  -0.367179  117.849996  0.006791  -0.140669  -351.048878  145.449997  0.260000
1  -0.369363  -0.369118  120.590032  0.015979  0.002744  -350.709347  145.399994  0.260000
1  -0.368652  -0.368652  122.895093  0.012517  -0.072675  -350.357820  145.250000  0.260000
1  -0.366661  -0.366661  124.960454  0.012916  -0.028715  -350.001708  145.240005  0.270000
1  -0.366586  -0.366586  127.305654  0.011318  -0.047214  -349.645177  145.149994  0.270000
1  -0.363653  -0.363653  129.177990  0.007989  -0.078763  -349.281916  145.149994  0.270000
1  -0.366452  -0.366956  130.942589  0.012916  0.033938  -348.897668  144.720001  0.270000
1  -0.368388  -0.368388  132.778400  0.010919  -0.063001  -348.487712  144.570007  0.270000
1  -0.370076  -0.370076  134.264208  0.013982  0.000098  -348.071753  144.570007  0.270000
1  -0.367297  -0.367297  135.649236  0.021039  0.143155  -347.649419  144.229996  0.270000
1  -0.366379  -0.366379  137.146084  0.011718  -0.032063  -347.226949  143.919998  0.270000
1  -0.365399  -0.365691  138.439813  0.015979  0.026885  -346.782675  143.660004  0.270000
1  -0.366765  -0.366765  139.609152  0.004394  -0.221131  -346.306557  143.240005  0.270000
1  -0.367466  -0.367466  140.770158  0.013582  -0.002817  -345.856900  143.039993  0.270000
1  -0.369789  -0.369789  141.813397  0.011585  -0.016434  -345.377979  142.860001  0.270000
1  -0.367581  -0.367581  142.729451  0.017311  0.095405  -344.906708  142.860001  0.270000
1  -0.367546  -0.367329  143.553653  0.009454  -0.068212  -344.411216  142.619995  0.270000
1  -0.363313  -0.363313  144.421978  0.025700  0.218606  -343.932247  142.610001  0.270000
1  -0.366780  -0.366780  145.252280  0.016378  0.051156  -343.437172  142.600006  0.270000
1  -0.367084  -0.367084  145.894989  0.017577  0.050331  -342.915460  142.580002  0.270000
1  -0.368238  -0.368238  146.612040  0.022770  0.216375  -342.413584  142.559998  0.270000
1  -0.368388  -0.367578  147.206247  0.016911  0.051572  -341.870312  142.559998  0.270000
1  -0.366505  -0.366505  147.754483  0.012384  -0.024617  -341.355233  142.529999  0.270000
1  -0.365704  -0.365704  148.340273  0.007324  -0.134792  -340.822431  142.460007  0.270000
1  -0.366156  -0.366156  148.767359  0.012650  0.013027  -340.302370  142.419998  0.270000
1  -0.367297  -0.367297  149.273788  0.016245  0.064099  -339.750724  142.369995  0.270000
1  -0.369551  -0.369701  149.744074  0.011984  -0.054902  -339.170439  142.320007  0.270000
1  -0.367943  -0.367943  150.091334  0.009321  -0.073524  -338.623667  142.259995  0.270000
1  -0.367659  -0.367659  150.370200  0.010253  -0.058194  -338.073978  142.190002  0.270000
1  -0.367238  -0.367238  150.744129  0.016645  0.056224  -337.493580  142.119995  0.270000
1  -0.363611  -0.363611  151.108661  0.008256  -0.082722  -336.923948  142.119995  0.270000
1  -0.367597  -0.367571  151.419048  0.010386  -0.094994  -336.357011  141.949997  0.270000
1  -0.367468  -0.367468  151.736431  0.009987  -0.096901  -335.763250  141.850006  0.270000
1  -0.367572  -0.367572  151.963971  0.009454  -0.060450  -335.188360  141.850006  0.270000
1  -0.367762  -0.367762  152.167847  0.014514  0.046912  -334.606516  141.750000  0.270000
1  -0.367404  -0.367404  152.403440  0.013715  -0.025765  -333.981586  141.509995  0.270000
1  -0.366120  -0.365774  152.603658  0.014514  -0.014384  -333.399563  141.380005  0.270000
1  -0.365754  -0.365754  152.824356  0.009188  -0.109372  -332.795280  141.380005  0.270000
1  -0.366459  -0.366459  153.048104  0.016245  0.037020  -332.190991  141.250000  0.270000
1  -0.368165  -0.368165  153.186343  0.015579  0.036950  -331.601451  141.119995  0.280000
1  -0.368151  -0.368151  153.383284  0.019707  0.114658  -331.028151  140.869995  0.280000
1  -0.368595  -0.368372  153.501937  0.015846  0.046766  -330.386297  140.740005  0.280000
1  -0.365908  -0.365908  153.661513  0.018376  0.097197  -329.768269  140.600006  0.270000
1  -0.365292  -0.365292  153.780628  0.001997  -0.212750  -329.153049  140.460007  0.280000
1  -0.363670  -0.363670  153.903244  0.015846  0.021508  -328.533939  140.320007  0.280000
1  -0.368573  -0.368573  154.012054  0.019175  0.119933  -327.926774  140.179993  0.280000
1  -0.370127  -0.370127  154.129325  0.011452  -0.062053  -327.296354  140.039993  0.280000
1  -0.366510  -0.366510  154.245010  0.015846  0.076309  -326.638239  139.899994  0.280000
1  -0.366981  -0.367102  154.295036  0.019974  0.170639  -326.010452  139.750000  0.280000
1  -0.365482  -0.365482  154.386113  0.012650  -0.025176  -325.353615  139.610001  0.280000
1  -0.365565  -0.365565  154.425776  0.009987  -0.032630  -324.722149  139.470001  0.280000
1  -0.366760  -0.366760  154.510841  0.013183  0.027647  -324.078199  139.470001  0.280000
1  -0.368365  -0.368365  154.599481  0.023303  0.160287  -323.414445  139.229996  0.280000
1  -0.369758  -0.370077  154.633735  0.011185  -0.047684  -322.759876  139.229996  0.280000
1  -0.367997  -0.367997  154.667338  0.005859  -0.122055  -322.114029  139.009995  0.280000
1  -0.364257  -0.364257  154.722419  -0.002131  -0.306988  -321.454346  138.910004  0.280000
1  -0.365916  -0.365916  154.744438  0.010386  -0.036140  -320.795668  138.809998  0.280000
1  -0.365737  -0.365737  154.782998  0.008389  -0.135971  -320.127194  138.699997  0.280000
1  -0.367580  -0.367414  154.828191  0.010653  -0.064207  -319.448887  138.589996  0.280000
1  -0.369258  -0.369258  154.889322  0.006258  -0.093134  -318.779113  138.479996  0.280000
1  -0.367456  -0.367456  154.908139  0.007457  -0.122160  -318.109662  138.360001  0.280000
1  -0.367949  -0.367949  154.915220  0.012384  0.008708  -317.450544  138.240005  0.280000
1  -0.363007  -0.363007  154.926289  0.022371  0.176113  -316.766309  138.119995  0.280000
1  -0.365557  -0.365563  154.945433  0.012650  0.009148  -316.092326  137.990005  0.280000
1  -0.367470  -0.367470  154.968388  0.010253  -0.039949  -315.416377  137.860001  0.280000
1  -0.368048  -0.368048  155.023802  0.006924  -0.150154  -314.723537  137.729996  0.280000
1  -0.368741  -0.368741  155.037285  0.003063  -0.179280  -314.060541  137.600006  0.280000
1  -0.368388  -0.368388  155.025176  0.014781  0.049763  -313.381902  137.460007  0.280000
1  -0.366049  -0.366251  155.093764  0.013582  -0.038089  -312.676835  137.320007  0.280000
1  -0.366351  -0.366351  155.121200  0.011452  -0.092551  -311.975239  137.179993  0.280000
1  -0.367011  -0.367011  155.127400  0.012117  -0.034958  -311.277568  137.029999  0.280000
1  -0.368093  -0.368093  155.190319  0.011452  -0.026925  -310.587986  136.889999  0.280000
1  -0.367526  -0.367526  155.206784  0.010786  -0.078284  -309.890702  136.729996  0.280000
1  -0.368851  -0.368852  155.186620  0.007989  -0.087003  -309.188403  136.570007  0.280000
1  -0.366574  -0.366574  155.126511  0.012916  -0.022603  -308.496263  136.399994  0.280000
1  -0.364148  -0.364148  155.092673  0.012117  -0.042172  -307.804223  136.229996  0.290000
1  -0.366417  -0.366417  155.118969  0.006258  -0.166679  -307.094811  136.059998  0.290000
1  -0.366681  -0.366681  155.112221  0.013715  0.047796  -306.405791  135.910004  0.290000
1  -0.367691  -0.369359  155.085995  0.005193  -0.144842  -305.710382  135.759995  0.290000
1  -0.369003  -0.369003  155.112765  0.019308  0.107710  -304.987786  135.600006  0.290000
1  -0.365573  -0.365573  155.135213  0.014381  0.018887  -304.288089  135.449997  0.290000
1  -0.366327  -0.366327  155.132110  0.015713  0.062067  -303.591824  135.449997  0.290000
1  -0.363321  -0.363321  155.079891  0.011452  0.002434  -302.900110  135.300003  0.290000
1  -0.366736  -0.366518  155.098784  0.012384  -0.007142  -302.192304  135.149994  0.290000
1  -0.368044  -0.368044  155.105192  0.016245  0.045341  -301.454695  134.869995  0.290000
1  -0.368472  -0.368472  155.098467  0.004394  -0.131749  -300.764780  134.740005  0.290000
1  -0.367116  -0.367116  155.136005  0.013715  -0.012084  -300.042321  134.610001  0.290000
1  -0.365195  -0.365195  155.120812  0.018775  0.094501  -299.325221  134.490005  0.290000
1  -0.365159  -0.365212  155.157967  0.003063  -0.188441  -298.612848  134.369995  0.300000
1  -0.365714  -0.365714  155.155856  0.019574  0.116721  -297.880601  134.259995  0.300000
1  -0.367082  -0.367082  155.144199  0.011718  -0.015160  -297.172954  134.139999  0.300000
1  -0.369053  -0.369053  155.185581  0.017311  0.039640  -296.433240  134.009995  0.300000
1  -0.368896  -0.368896  155.192824  0.013449  -0.001453  -295.718537  133.889999  0.300000
1  -0.366851  -0.366537  155.214874  0.009055  -0.075543  -294.996689  133.759995  0.300000
1  -0.365297  -0.365297  155.244528  0.011984  -0.002480  -294.296881  133.630005  0.300000
1  -0.365798  -0.365798  155.270939  0.011851  -0.047390  -293.570809  133.500000  0.300000
1  -0.367293  -0.367293  155.310665  0.012783  -0.025182  -292.818846  133.360001  0.290000
1  -0.367023  -0.367023  155.286004  0.012251  -0.060374  -292.103262  133.220001  0.290000
1  -0.369692  -0.368930  155.296400  0.020107  0.091710  -291.368207  133.070007  0.290000
1  -0.366690  -0.366690  155.325721  0.009454  -0.096830  -290.637154  132.919998  0.290000
1  -0.365017  -0.365017  155.324835  0.016512  0.058257  -289.915183  132.770004  0.290000
1  -0.366262  -0.366262  155.337501  0.016112  0.062770  -289.188497  132.770004  0.290000
1  -0.365027  -0.365027  155.387146  0.031159  0.264846  -288.425373  132.460007  0.290000
1  -0.365784  -0.366528  155.379164  0.011452  -0.010757  -287.713146  132.309998  0.290000
1  -0.367861  -0.367861  155.356790  0.019175  0.117819  -286.991684  132.149994  0.300000
1  -0.368768  -0.368768  155.352937  0.013715  -0.017629  -286.265211  132.000000  0.290000
1  -0.367628  -0.367628  155.399228  0.020906  0.143645  -285.530835  132.000000  0.290000
1  -0.363775  -0.363775  155.386776  0.016378  0.042780  -284.797524  131.679993  0.290000
1  -0.366532  -0.366340  155.377570  0.004794  -0.151158  -284.054241  131.520004  0.290000
1  -0.364943  -0.364943  155.381809  0.015579  0.029317  -283.341073  131.360001  0.290000
1  -0.366861  -0.366861  155.358523  0.013183  0.002232  -282.612622  131.199997  0.290000
1  -0.367490  -0.367490  155.336838  0.013715  0.016198  -281.885492  131.050003  0.290000
1  -0.366413  -0.366413  155.347090  0.011718  -0.041781  -281.124036  130.889999  0.290000
1  -0.366699  -0.366310  155.335318  0.008522  -0.057915  -280.398745  130.740005  0.290000
1  -0.363081  -0.363081  155.348270  0.015047  0.035390  -279.664137  130.589996  0.290000
1  -0.365749  -0.365749  155.329135  0.019841  0.136287  -278.939642  130.449997  0.300000
1  -0.365523  -0.365523  155.334216  0.012251  -0.039130  -278.197754  130.300003  0.300000
1  -0.366556  -0.366556  155.343411  0.010253  -0.097516  -277.458061  130.160004  0.300000
1  -0.368029  -0.367595  155.293209  0.015446  0.071743  -276.742121  130.020004  0.300000
1  -0.367770  -0.367770  155.295358  0.018243  0.095838  -276.010549  129.880005  0.300000
1  -0.367532  -0.367532  155.305646  0.001065  -0.252773  -275.277691  129.750000  0.300000
1  -0.366015  -0.366015  155.306222  0.020773  0.122488  -274.545442  129.750000  0.300000
1  -0.365549  -0.365549  155.296029  0.015579  0.027363  -273.815704  129.470001  0.300000
1  -0.368139  -0.367262  155.295549  0.013715  0.008758  -273.097725  129.339996  0.310000
1  -0.367239  -0.367239  155.309538  0.011185  -0.072933  -272.351576  129.199997  0.310000
1  -0.367962  -0.367962  155.323519  0.018775  0.083248  -271.649712  129.050003  0.310000
1  -0.367851  -0.367851  155.351542  0.014115  -0.010538  -270.888802  128.899994  0.310000
1  -0.364862  -0.364862  155.347051  0.015579  0.029929  -270.163585  123.389999  0.320000
1  -0.366853  -0.367189  155.358794  0.009854  -0.113609  -269.424978  123.279999  0.320000
1  -0.364508  -0.364508  155.380880  0.018243  0.074312  -268.692286  123.360001  0.320000
1  -0.368174  -0.368174  155.366607  0.007457  -0.073715  -268.011168  123.529999  0.320000
1  -0.368075  -0.368075  155.343668  0.013582  0.041600  -267.265283  123.730003  0.320000
1  -0.369237  -0.369237  155.357676  0.015313  0.077947  -266.553268  123.989998  0.320000
1  -0.366777  -0.366642  155.366721  0.006924  -0.120211  -265.831467  124.199997  0.320000
1  -0.364859  -0.364859  155.410417  0.012384  0.003590  -265.110798  124.279999  0.330000
1  -0.366718  -0.366718  155.383131  0.011585  -0.028250  -264.390222  124.339996  0.330000
1  -0.367338  -0.367338  155.391600  0.026365  0.206695  -263.649891  124.339996  0.330000
1  -0.367210  -0.367210  155.443158  0.016378  0.065174  -262.927793  124.629997  0.330000
1  -0.367512  -0.367512  155.433554  0.014914  0.042286  -262.221539  124.690002  0.330000
1  -0.364511  -0.364511  155.441937  0.015047  0.022659  -261.500096  124.680000  0.330000
1  -0.365368  -0.366092  155.428681  0.012384  0.001782  -260.777262  124.620003  0.330000
1  -0.364994  -0.364994  155.410995  0.006791  -0.088332  -260.092981  124.550003  0.330000
1  -0.370577  -0.370577  155.401374  0.016245  0.060470  -259.380684  124.620003  0.330000
1  -0.367643  -0.367643  155.401426  0.008256  -0.102501  -258.668559  124.669998  0.340000
1  -0.365563  -0.365563  155.368001  0.020373  0.137006  -257.963191  124.760002  0.340000
1  -0.365497  -0.365834  155.332487  0.017311  0.094485  -257.262668  124.870003  0.340000
1  -0.366246  -0.366246  155.283371  0.016112  0.093411  -256.569393  124.949997  0.340000
1  -0.366919  -0.366919  155.230627  0.021305  0.169502  -255.869485  125.040001  0.340000
1  -0.367583  -0.367583  154.948050  -0.005992  0.161108  -255.400541  125.120003  0.340000
1  -0.370108  -0.370108  154.951210  0.011718  0.036098  -254.694206  125.239998  0.340000
1  -0.367646  -0.368055  154.889490  -0.025700  -0.573813  -254.014579  125.330002  0.340000
1  -0.367312  -0.367312  154.378568  -0.156061  -1.470454  -253.868609  125.400002  0.340000
1  -0.363136  -0.363136  153.659226  -0.094809  -0.070275  -253.809509  125.480003  0.340000
1  -0.366277  -0.366277  152.777945  -0.151667  -0.388577  -253.924826  125.540001  0.340000
1  -0.368090  -0.368090  151.419601  -0.169244  0.235311  -254.397939  125.599998  0.340000
1  -0.367361  -0.367333  150.389056  -0.125968  0.009917  -254.505337  125.570000  0.350000
1  -0.367482  -0.367482  149.234975  -0.113983  0.344583  -254.717372  125.559998  0.350000
1  -0.362742  -0.362742  148.165066  -0.107192  0.158338  -254.779046  125.540001  0.350000
1  -0.364375  -0.364375  147.086952  -0.109323  0.206514  -254.876895  125.519997  0.350000
1  -0.362894  -0.362894  146.073459  -0.125968  -0.311309  -254.897563  125.470001  0.350000
1  -0.366460  -0.366668  145.403249  0.000399  0.656873  -254.578039  125.410004  0.350000
1  -0.368920  -0.368920  144.815785  -0.051932  -0.555580  -254.115977  125.360001  0.350000
1  -0.366767  -0.366767  144.303025  0.012916  0.294568  -253.605707  125.290001  0.350000
1  -0.366972  -0.366972  144.195500  0.076699  0.534365  -252.777401  125.230003  0.350000
1  -0.366627  -0.366627  144.719941  0.236489  1.448971  -251.277809  125.190002  0.350000
1  -0.364120  -0.364120  145.454137  0.117179  -0.858920  -249.679516  125.150002  0.350000
1  -0.366911  -0.366911  145.868960  0.125968  0.041226  -248.453982  125.099998  0.360000
1  -0.367320  -0.367320  146.392439  0.111453  -0.164239  -247.190338  125.019997  0.360000
1  -0.368659  -0.368659  146.963366  0.112652  -0.040029  -245.950096  124.940002  0.360000
1  -0.366904  -0.366904  147.651923  0.126101  -0.115581  -244.622165  124.860001  0.360000
1  -0.365748  -0.365748  148.462424  0.147406  0.059846  -243.224539  124.769997  0.360000
1  -0.366875  -0.366875  149.335546  0.138618  -0.046892  -241.794806  124.680000  0.360000
1  -0.364807  -0.364944  150.086133  0.109190  -0.050908  -240.555266  124.610001  0.360000
1  -0.367481  -0.367481  150.830651  0.112918  0.209405  -239.384049  124.529999  0.360000
1  -0.367948  -0.367948  151.791166  0.113717  -0.170167  -238.011317  124.470001  0.370000
1  -0.367686  -0.367686  152.811529  0.128498  -0.063362  -236.652533  124.400002  0.370000
1  -0.366044  -0.366044  153.920529  0.131161  -0.184045  -235.213952  124.349998  0.370000
1  -0.363926  -0.364556  155.076031  0.133824  -0.230050  -233.742147  124.309998  0.370000
1  -0.366115  -0.366115  156.152392  0.117978  -0.213328  -232.402207  124.300003  0.370000
1  -0.365926  -0.365926  156.886529  0.022637  -0.984776  -231.343898  124.269997  0.370000
1  -0.366154  -0.366154  157.300192  0.014381  -0.239914  -230.625017  124.230003  0.370000
1  -0.367438  -0.367438  157.659953  0.014781  0.009533  -229.950172  124.180000  0.370000
1  -0.367579  -0.367720  157.974482  -0.006924  -0.278077  -229.307694  124.120003  0.370000
1  -0.366587  -0.366587  158.024876  -0.051266  -0.311759  -228.904922  124.070000  0.370000
1  -0.363687  -0.363687  157.947272  -0.065247  -0.203820  -228.612537  124.010002  0.380000
1  -0.366625  -0.366625  157.643000  -0.085754  -0.255004  -228.456585  123.949997  0.380000
1  -0.366420  -0.366420  157.172512  -0.087352  0.010799  -228.401227  123.879997  0.380000
1  -0.366345  -0.366345  156.562092  -0.140482  -0.495721  -228.462729  123.809998  0.380000
1  -0.368338  -0.368338  155.692990  -0.162320  -0.408742  -228.700265  123.769997  0.380000
1  -0.366544  -0.366544  154.642692  -0.151401  -0.003150  -229.053800  123.750000  0.380000
1  -0.365383  -0.365383  153.677648  -0.131693  0.056162  -229.283153  123.739998  0.380000
1  -0.366576  -0.366576  152.798100  -0.107059  0.060509  -229.383660  123.739998  0.380000
1  -0.366226  -0.366226  151.922121  -0.096140  0.076359  -229.438800  123.730003  0.380000
1  -0.368348  -0.368348  151.028294  -0.098537  0.039310  -229.494856  123.709999  0.380000
1  -0.367273  -0.367082  150.063569  -0.103197  0.035771  -229.590383  123.709999  0.390000
1  -0.368582  -0.368582  149.084758  -0.079762  0.355843  -229.666966  123.709999  0.390000
1  -0.367581  -0.367581  148.148209  -0.109855  -0.351391  -229.685760  123.720001  0.390000
1  -0.365646  -0.365646  147.145471  -0.065780  0.458095  -229.765201  123.739998  0.390000
1  -0.365899  -0.365899  146.423982  -0.039282  0.228737  -229.565262  123.750000  0.390000
1  -0.366752  -0.367000  145.693047  -0.072571  -0.345975  -229.383618  123.790001  0.390000
1  -0.367360  -0.367360  144.745403  -0.083224  -0.087224  -229.369737  123.809998  0.390000
1  -0.369000  -0.369000  143.802173  -0.045940  0.477359  -229.360425  123.830002  0.390000
1  -0.370521  -0.370521  143.286083  0.006392  0.320981  -228.968412  123.849998  0.390000
1  -0.365575  -0.365575  142.934643  0.014914  0.097944  -228.439347  123.889999  0.390000
1  -0.363709  -0.364485  142.860536  0.085354  0.452623  -227.649644  123.919998  0.390000
1  -0.366836  -0.366836  143.437660  0.161254  0.204482  -226.304349  123.940002  0.390000
1  -0.365378  -0.365378  144.021154  0.173105  0.225210  -224.956022  123.959999  0.390000
1  -0.367227  -0.367227  144.801865  0.189351  0.404505  -223.536417  123.989998  0.390000
1  -0.368623  -0.368623  145.692315  0.181628  0.135441  -222.059275  124.059998  0.390000
1  -0.367090  -0.368718  146.639994  0.157127  -0.225550  -220.591959  124.150002  0.390000
1  -0.366390  -0.366390  147.470262  0.152732  0.008862  -219.270839  124.239998  0.390000
1  -0.364828  -0.364828  148.291173  0.109323  -0.438290  -218.020019  124.330002  0.390000
1  -0.365805  -0.365805  149.173554  0.117978  -0.413230  -216.735169  124.400002  0.390000
1  -0.367739  -0.367739  150.120602  0.133824  -0.151513  -215.467721  124.480003  0.390000
1  -0.367859  -0.367909  151.073778  0.136886  0.139524  -214.256810  124.559998  0.390000
1  -0.368491  -0.368491  152.095463  0.149403  0.339984  -212.985707  124.660004  0.390000
1  -0.366964  -0.366964  153.138557  0.132359  0.072408  -211.740774  124.769997  0.390000
1  -0.367440  -0.367440  154.065083  0.092279  -0.177911  -210.659092  124.860001  0.390000
1  -0.361199  -0.361199  154.945125  0.099602  0.139881  -209.616512  124.970001  0.390000
1  -0.366623  -0.366783  155.882827  0.133824  0.369807  -208.463818  125.089996  0.390000
1  -0.367250  -0.367250  156.840645  0.115182  0.117190  -207.339804  125.230003  0.390000
1  -0.367573  -0.367573  157.697426  0.049135  -0.664220  -206.333771  125.360001  0.390000
1  -0.368978  -0.368978  158.275429  0.020906  -0.349099  -205.612335  125.489998  0.390000
1  -0.367181  -0.367181  158.671399  0.017843  0.048826  -205.038764  125.620003  0.390000
1  -0.365036  -0.365063  158.922791  -0.031558  -0.379723  -204.606433  125.750000  0.390000
1  -0.366506  -0.366506  158.679465  -0.079762  0.071529  -204.621290  125.889999  0.390000
1  -0.365736  -0.365736  158.234060  -0.118910  -0.263752  -204.735830  125.959999  0.390000
1  -0.367782  -0.367782  157.652531  -0.129696  -0.240476  -204.930848  126.040001  0.390000
1  -0.368248  -0.368248  156.874867  -0.127166  0.130068  -205.272391  126.120003  0.390000
1  -0.368383  -0.368247  156.093009  -0.137286  -0.146224  -205.555645  126.220001  0.390000
1  -0.367667  -0.367667  155.322459  -0.098404  0.349017  -205.790999  126.309998  0.390000
1  -0.366022  -0.366022  154.554937  -0.095208  0.066270  -205.911750  126.410004  0.390000
1  -0.365931  -0.365931  153.535720  -0.147006  -0.259442  -206.228178  126.519997  0.390000
1  -0.366433  -0.366433  152.458593  -0.118511  0.369744  -206.628584  126.639999  0.390000
1  -0.365737  -0.367360  151.522690  -0.095341  0.225700  -206.838441  126.779999  0.390000
1  -0.367388  -0.367388  150.545045  -0.111720  -0.114329  -207.063681  126.949997  0.390000
1  -0.368615  -0.368615  149.448620  -0.090814  0.334879  -207.329386  127.120003  0.390000
1  -0.365907  -0.365907  148.542180  -0.053929  0.523284  -207.411805  127.290001  0.400000
1  -0.362952  -0.362952  147.701563  -0.063117  0.227224  -207.449954  127.599998  0.400000
1  -0.365323  -0.365292  146.574214  -0.089083  0.444730  -207.775073  127.949997  0.400000
1  -0.365254  -0.365254  145.792541  0.001731  0.801312  -207.696479  128.169998  0.390000
1  -0.367399  -0.367399  145.383392  0.015846  0.318686  -207.352201  128.380005  0.390000
1  -0.368501  -0.368501  145.026754  0.017577  0.053883  -206.948993  128.600006  0.390000
1  -0.365683  -0.365683  144.769357  0.040613  0.100925  -206.432242  128.830002  0.390000
1  -0.365522  -0.365677  144.769776  0.113051  0.798078  -205.727763  129.220001  0.390000
1  -0.362302  -0.362302  145.182119  0.140881  0.241238  -204.660374  129.440002  0.390000
1  -0.367276  -0.367276  145.851395  0.173105  0.281491  -203.419544  129.649994  0.390000
1  -0.366256  -0.366256  146.656900  0.176301  0.162699  -202.109617  129.860001  0.390000
1  -0.368609  -0.368609  147.597695  0.153132  -0.285365  -200.782817  130.050003  0.390000
1  -0.368806  -0.368806  148.427190  0.136487  -0.223253  -199.625123  130.250000  0.390000
1  -0.366806  -0.366806  149.180492  0.133158  0.146188  -198.545957  130.449997  0.390000
1  -0.365346  -0.365346  149.951619  0.125035  0.076307  -197.510795  130.630005  0.390000
1  -0.366011  -0.366011  150.749336  0.104662  -0.163503  -196.499330  130.789993  0.390000
1  -0.366162  -0.366162  151.530624  0.101466  -0.185880  -195.522791  130.929993  0.390000
1  -0.370032  -0.369916  152.188237  0.073770  -0.052368  -194.714757  131.100006  0.390000
1  -0.368401  -0.368401  152.911118  0.066446  -0.375836  -193.838837  131.279999  0.390000
1  -0.366869  -0.366869  153.315957  0.019974  -0.360360  -193.286110  131.470001  0.390000
1  -0.365833  -0.365833  153.575428  0.001198  -0.162569  -192.888805  131.660004  0.380000
1  -0.364168  -0.364168  153.812786  0.011984  0.014783  -192.474515  131.850006  0.380000
1  -0.365594  -0.365918  154.054929  0.011052  0.037283  -192.071084  132.059998  0.380000
1  -0.366922  -0.366922  154.301552  0.015579  0.078589  -191.654630  132.259995  0.380000
1  -0.369918  -0.369918  154.481577  0.011984  0.021906  -191.230175  132.429993  0.380000
1  -0.367168  -0.367168  154.715400  0.014914  0.050291  -190.804653  132.610001  0.380000
1  -0.366083  -0.366083  154.898240  -0.001864  -0.240423  -190.400950  132.789993  0.380000
1  -0.365678  -0.365702  155.069871  0.003862  -0.166649  -189.998250  132.960007  0.380000
1  -0.362441  -0.362441  155.235727  0.009454  -0.031287  -189.605307  133.149994  0.380000
1  -0.366258  -0.366258  155.387486  0.007191  -0.062978  -189.214897  133.330002  0.370000
1  -0.368838  -0.368838  155.499979  0.006658  -0.114373  -188.820202  133.509995  0.370000
1  -0.367588  -0.367588  155.653850  0.008655  -0.073401  -188.421116  133.699997  0.370000
