1  0.000000  0.000000  26.252675  0.964316  0.359100  0.000000  0.000000  0.000000  0.000000  0.000000
1  26.252675  26.252675  28.152242  0.970536  0.231400  0.000000  0.000000  0.000000  0.000000  0.000000
1  28.152242  28.152242  29.997251  1.165750  0.720908  0.000000  0.000000  0.000000  0.000000  0.000000
1  29.997251  29.997251  31.874096  1.233848  0.703050  0.000000  0.000000  0.000000  0.000000  0.000000
1  31.874096  31.874096  33.746280  1.342198  0.901267  0.000000  0.000000  0.000000  0.000000  0.000000
1  33.746280  33.746280  35.499265  1.382899  0.809059  0.000000  0.000000  0.000000  0.000000  0.000000
1  35.499265  35.499265  37.367627  1.291756  0.286866  0.000000  0.000000  0.000000  0.000000  0.000000
1  37.367627  37.367627  39.141359  1.066629  -0.555333  0.000000  0.000000  0.000000  0.000000  0.000000
1  39.141359  39.141359  40.798443  1.220145  0.079303  0.000000  0.000000  0.000000  0.000000  0.000000
1  40.798443  40.798443  42.703715  1.303253  0.318073  0.000000  0.000000  0.000000  0.000000  0.000000
1  42.703715  42.703715  44.667543  1.357251  0.349181  0.000000  0.000000  0.000000  0.000000  0.000000
1  44.667543  44.667543  46.427747  1.208354  -0.239095  0.000000  0.000000  0.000000  0.000000  0.000000
1  46.427747  46.427747  48.237915  1.272551  0.076700  0.000000  0.000000  0.000000  0.000000  0.000000
1  48.237915  48.237915  50.111229  1.435262  0.537622  0.000000  0.000000  0.000000  0.000000  0.000000
1  50.111229  50.111229  51.909610  1.393179  0.261232  0.000000  0.000000  0.000000  0.000000  0.000000
1  51.909610  51.909610  53.682933  1.346982  0.016821  0.000000  0.000000  0.000000  0.000000  0.000000
1  53.682933  53.682933  55.429383  1.376123  0.144638  0.000000  0.000000  0.000000  0.000000  0.000000
1  55.429383  55.429383  57.278026  1.505584  0.541407  0.000000  0.000000  0.000000  0.000000  0.000000
1  57.278026  57.278026  58.924920  1.494101  0.319749  0.000000  0.000000  0.000000  0.000000  0.000000
1  58.924920  58.924920  60.587223  1.764838  1.150046  0.000000  0.000000  0.000000  0.000000  0.000000
1  60.587223  60.587223  62.299851  1.528558  -0.022639  0.000000  0.000000  0.000000  0.000000  0.000000
1  62.299851  62.299851  63.870880  1.558122  0.098565  0.000000  0.000000  0.000000  0.000000  0.000000
1  63.870880  63.870880  65.503824  1.564170  0.086056  0.000000  0.000000  0.000000  0.000000  0.000000
1  65.503824  65.503824  67.057489  1.526067  -0.126904  0.000000  0.000000  0.000000  0.000000  0.000000
1  67.057489  67.057489  68.564807  1.527524  -0.152058  0.000000  0.000000  0.000000  0.000000  0.000000
1  68.564807  68.564807  70.168033  1.517787  -0.145494  0.000000  0.000000  0.000000  0.000000  0.000000
1  70.168033  70.168033  71.623959  1.521763  -0.136162  0.000000  0.000000  0.000000  0.000000  0.000000
1  71.623959  71.623959  72.985628  1.801809  0.876171  0.000000  0.000000  0.000000  0.000000  0.000000
1  72.985628  72.985628  74.414151  1.660396  0.192774  0.000000  0.000000  0.000000  0.000000  0.000000
1  74.414151  74.414151  75.817517  1.702524  0.303869  0.000000  0.000000  0.000000  0.000000  0.000000
