1  0.000000  0.000000  6.760055  1.326387  -0.071690  0.000000  0.000000  0.000000  0.000000  0.000000
1  6.760055  6.760055  6.827518  1.331667  0.080428  0.000000  0.000000  0.000000  0.000000  0.000000
1  6.827518  6.827518  7.009098  1.212403  -0.322823  0.000000  0.000000  0.000000  0.000000  0.000000
1  7.009098  7.009098  6.659641  1.283305  0.006210  0.000000  0.000000  0.000000  0.000000  0.000000
1  6.659641  6.659641  6.826489  1.459988  0.548464  0.000000  0.000000  0.000000  0.000000  0.000000
1  6.826489  6.826489  6.789880  1.433933  0.260911  0.000000  0.000000  0.000000  0.000000  0.000000
1  6.789880  6.789880  6.826323  1.383698  0.050442  0.000000  0.000000  0.000000  0.000000  0.000000
1  6.826323  6.826323  7.022861  1.442855  0.242328  0.000000  0.000000  0.000000  0.000000  0.000000
1  7.022861  7.022861  7.122191  1.396261  -0.030720  0.000000  0.000000  0.000000  0.000000  0.000000
1  7.122191  7.122191  7.044390  1.422842  0.119538  0.000000  0.000000  0.000000  0.000000  0.000000
1  7.044390  7.044390  7.565024  1.306117  -0.289532  0.000000  0.000000  0.000000  0.000000  0.000000
1  7.565024  7.565024  7.683270  1.431972  0.263932  0.000000  0.000000  0.000000  0.000000  0.000000
1  7.683270  7.683270  7.498814  1.443320  0.213887  0.000000  0.000000  0.000000  0.000000  0.000000
1  7.498814  7.498814  7.489751  1.427648  0.040706  0.000000  0.000000  0.000000  0.000000  0.000000
1  7.489751  7.489751  7.747918  1.541483  0.367309  0.000000  0.000000  0.000000  0.000000  0.000000
1  7.747918  7.747918  7.675178  1.467913  0.010249  0.000000  0.000000  0.000000  0.000000  0.000000
1  7.675178  7.675178  7.529745  1.485692  0.022999  0.000000  0.000000  0.000000  0.000000  0.000000
1  7.529745  7.529745  7.418047  1.418749  -0.208713  0.000000  0.000000  0.000000  0.000000  0.000000
1  7.418047  7.418047  7.242920  1.447216  -0.061198  0.000000  0.000000  0.000000  0.000000  0.000000
1  7.242920  7.242920  7.441790  1.487450  0.012774  0.000000  0.000000  0.000000  0.000000  0.000000
1  7.441790  7.441790  7.418158  1.448424  -0.101891  0.000000  0.000000  0.000000  0.000000  0.000000
1  7.418158  7.418158  7.491548  1.415250  -0.194413  0.000000  0.000000  0.000000  0.000000  0.000000
1  7.491548  7.491548  7.460853  1.480079  0.106855  0.000000  0.000000  0.000000  0.000000  0.000000
1  7.460853  7.460853  7.692296  1.479719  0.066456  0.000000  0.000000  0.000000  0.000000  0.000000
1  7.692296  7.692296  7.716435  1.444514  -0.031647  0.000000  0.000000  0.000000  0.000000  0.000000
1  7.716435  7.716435  7.653316  1.407070  -0.161931  0.000000  0.000000  0.000000  0.000000  0.000000
1  7.653316  7.653316  7.593201  1.464018  0.045882  0.000000  0.000000  0.000000  0.000000  0.000000
1  7.593201  7.593201  7.773206  1.505343  0.214171  0.000000  0.000000  0.000000  0.000000  0.000000
1  7.773206  7.773206  7.599657  1.520635  0.148581  0.000000  0.000000  0.000000  0.000000  0.000000
1  7.599657  7.599657  7.730790  1.509371  0.136198  0.000000  0.000000  0.000000  0.000000  0.000000
1  7.730790  7.730790  7.835153  1.530137  0.195136  0.000000  0.000000  0.000000  0.000000  0.000000
1  7.835153  7.835153  7.881529  1.534509  0.125596  0.000000  0.000000  0.000000  0.000000  0.000000
1  7.881529  7.881529  7.997226  1.536408  0.118351  0.000000  0.000000  0.000000  0.000000  0.000000
1  7.997226  7.997226  8.037054  1.467060  -0.164672  0.000000  0.000000  0.000000  0.000000  0.000000
1  8.037054  8.037054  7.815782  1.502482  0.019161  0.000000  0.000000  0.000000  0.000000  0.000000
1  7.815782  7.815782  7.988408  1.462678  -0.206851  0.000000  0.000000  0.000000  0.000000  0.000000
1  7.988408  7.988408  7.864725  1.472479  -0.096104  0.000000  0.000000  0.000000  0.000000  0.000000
1  7.864725  7.864725  7.987129  1.506566  0.051945  0.000000  0.000000  0.000000  0.000000  0.000000
1  7.987129  7.987129  8.179655  1.400863  -0.367939  0.000000  0.000000  0.000000  0.000000  0.000000
1  8.179655  8.179655  8.079305  1.512577  0.166741  0.000000  0.000000  0.000000  0.000000  0.000000
1  8.079305  8.079305  8.052619  1.498346  0.071839  0.000000  0.000000  0.000000  0.000000  0.000000
1  8.052619  8.052619  7.883308  1.373525  -0.272317  0.000000  0.000000  0.000000  0.000000  0.000000
1  7.883308  7.883308  8.114217  1.427994  0.102625  0.000000  0.000000  0.000000  0.000000  0.000000
1  8.114217  8.114217  8.320877  1.423826  0.052207  0.000000  0.000000  0.000000  0.000000  0.000000
1  8.320877  8.320877  8.561134  1.350050  -0.111715  0.000000  0.000000  0.000000  0.000000  0.000000
