1  0.000000  6.655972  6.655972  41.189506  -0.011052  -0.081597  7.889019  -0.003102  -0.077134  4678995823479763654439884956751122735313406943052848814709175482514113433705117467220401870283992034594705089528700133222080271031227669850800474480691746985553109632830714435967798066994670555936999891954051014637012796439313040835493954571783433583860689055776768.000000  12841344952761835470170421766957025729505783544662881812051848061690389974058661666195827976052551281271075090790063689551851423850921242511982655511950887138925075351602894319125757866572217505023384089411209745474729671077994610693333758654988011715652675725950976.000000
1  41.189506  6.652510  6.652129  42.607430  0.001332  -0.027392  8.329335  0.009748  -0.022917  4678995823479763654439884956751122735313406943052848814709175482514113433705117467220401870283992034594705089528700133222080271031227669850800474480691746985553109632830714435967798066994670555936999891954051014637012796439313040835493954571783433583860689055776768.000000  12841344952761835470170421766957025729505783544662881812051848061690389974058661666195827976052551281271075090790063689551851423850921242511982655511950887138925075351602894319125757866572217505023384089411209745474729671077994610693333758654988011715652675725950976.000000
1  42.607430  6.657693  6.657693  43.864733  0.007057  -0.003154  8.769715  0.015927  0.001323  4678995823479763654439884956751122735313406943052848814709175482514113433705117467220401870283992034594705089528700133222080271031227669850800474480691746985553109632830714435967798066994670555936999891954051014637012796439313040835493954571783433583860689055776768.000000  12841344952761835470170421766957025729505783544662881812051848061690389974058661666195827976052551281271075090790063689551851423850921242511982655511950887138925075351602894319125757866572217505023384089411209745474729671077994610693333758654988011715652675725950976.000000
1  43.864733  6.658984  6.658984  45.187809  -0.001864  -0.037501  9.212910  0.007460  -0.033019  4678995823479763654439884956751122735313406943052848814709175482514113433705117467220401870283992034594705089528700133222080271031227669850800474480691746985553109632830714435967798066994670555936999891954051014637012796439313040835493954571783433583860689055776768.000000  12841344952761835470170421766957025729505783544662881812051848061690389974058661666195827976052551281271075090790063689551851423850921242511982655511950887138925075351602894319125757866572217505023384089411209745474729671077994610693333758654988011715652675725950976.000000
1  45.187809  6.663445  6.663445  46.256398  -0.002929  -0.041406  9.654477  0.006839  -0.036944  185.419998  0.100000
1  46.256398  6.668312  6.668312  47.365315  0.005326  -0.005938  10.096095  0.015550  -0.001466  185.419998  0.100000
1  47.365315  6.667735  6.667735  48.220111  -0.007590  -0.049343  10.513969  0.003086  -0.044861  185.419998  0.100000
1  48.220111  6.662043  6.662043  49.072022  -0.001598  -0.021117  10.942622  0.009537  -0.016618  185.419998  0.100000
1  49.072022  6.658687  6.658687  49.958927  -0.002264  -0.022553  11.383529  0.009332  -0.018040  185.419998  0.100000
1  49.958927  6.661505  6.661505  50.790367  -0.000399  -0.018696  11.848539  0.011662  -0.014151  185.419998  0.100000
1  50.790367  6.662197  6.662197  51.573864  -0.003063  -0.030822  12.317279  0.009469  -0.026275  185.419998  0.100000
1  51.573864  6.655690  6.655690  52.364084  0.005326  0.000190  12.787138  0.018319  0.004739  185.419998  0.100000
1  52.364084  6.660244  6.660244  53.051425  -0.009055  -0.058309  13.247058  0.004388  -0.053796  185.419998  0.100000
1  53.051425  6.659941  6.660009  53.584986  0.011185  0.016096  13.741517  0.025089  0.020626  185.419998  0.100000
1  53.584986  6.663020  6.663020  54.190560  -0.000399  -0.029530  14.223407  0.013976  -0.024948  185.419998  0.040000
1  54.190560  6.659755  6.659755  54.792310  0.008522  0.001426  14.726487  0.023360  0.006000  185.419998  0.040000
1  54.792310  6.661232  6.661232  55.369363  0.013848  0.018450  15.235918  0.029153  0.023044  185.419998  0.040000
1  55.369363  6.660626  6.660626  55.752792  0.012783  0.013760  15.744516  0.028563  0.018386  185.419998  0.040000
1  55.752792  6.655182  6.655182  56.309396  0.012517  0.012171  16.260608  0.028775  0.016833  185.419998  0.040000
1  56.309396  6.655012  6.655012  56.779825  0.002530  -0.026142  16.779188  0.019274  -0.021470  185.419998  0.040000
1  56.779825  6.654617  6.654617  57.111201  0.013049  0.020776  17.265960  0.030262  0.025449  185.419998  0.040000
1  57.111201  6.651632  6.651632  57.534032  0.025833  0.074541  17.760093  0.043518  0.079224  185.419998  0.040000
1  57.534032  6.653804  6.653804  57.877943  0.016378  0.035537  18.273261  0.034537  0.040213  185.419998  0.040000
1  57.877943  6.646868  6.646868  58.290204  0.014781  0.026506  18.794100  0.033409  0.031178  185.419998  0.040000
1  58.290204  6.647299  6.647299  58.626650  0.002530  -0.023635  19.311993  0.021623  -0.018985  185.419998  0.040000
1  58.626650  6.645860  6.645860  58.974388  0.006392  -0.007262  19.833645  0.025959  -0.002596  185.419998  0.040000
1  58.974388  6.654641  6.654641  59.281901  0.003728  -0.014346  20.359614  0.023779  -0.009696  185.419998  0.080000
1  59.281901  6.654096  6.654096  59.515521  0.011318  0.017318  20.874356  0.031835  0.021966  185.419998  0.080000
1  59.515521  6.657903  6.657903  59.757456  0.011585  0.020264  21.391844  0.032574  0.024936  185.419998  0.080000
1  59.757456  6.657534  6.657534  59.989911  0.001198  -0.014103  21.885213  0.022649  -0.009465  185.419998  0.080000
1  59.989911  6.651639  6.651639  60.235021  0.004661  0.007353  22.367949  0.026572  0.011971  185.419998  0.080000
1  60.235021  6.652455  6.652455  60.331756  -0.005193  -0.020438  22.828492  0.017180  -0.015836  185.419998  0.080000
1  60.331756  6.657617  6.657927  60.458076  0.007723  0.034854  23.299321  0.030540  0.039384  185.419998  0.080000
1  60.458076  6.650840  6.650840  60.671229  -0.010653  -0.032570  23.774290  0.012630  -0.028020  185.419998  0.120000
1  60.671229  6.648467  6.648467  60.785928  -0.012251  -0.037594  24.274539  0.011506  -0.033037  185.419998  0.120000
1  60.785928  6.651153  6.651153  60.880389  -0.010120  -0.021526  24.732511  0.014100  -0.016948  185.419998  0.120000
1  60.880389  6.654343  6.654343  60.926634  -0.009321  -0.015958  25.201647  0.015354  -0.011402  185.419998  0.120000
1  60.926634  6.658776  6.658776  60.913287  0.001465  0.026280  25.679431  0.026588  0.030796  185.419998  0.120000
1  60.913287  6.655825  6.655825  61.047269  -0.013049  -0.028797  26.141820  0.012521  -0.024312  185.419998  0.120000
1  61.047269  6.659392  6.659392  61.097441  -0.028363  -0.094735  26.646276  -0.002335  -0.090243  185.419998  0.120000
1  61.097441  6.664096  6.664096  61.118022  -0.007457  -0.014886  27.160043  0.019030  -0.010432  185.419998  0.120000
1  61.118022  6.667097  6.667097  61.146195  0.027830  0.125248  27.634513  0.054742  0.129613  185.419998  0.120000
1  61.146195  6.660203  6.660203  61.268197  0.004261  0.024550  28.146197  0.031605  0.028883  185.419998  0.120000
1  61.268197  6.649540  6.649540  61.351566  0.017044  0.070145  28.668340  0.044826  0.074477  185.419998  0.050000
1  61.351566  6.649599  6.649599  61.366177  0.002397  0.010317  29.200267  0.030636  0.014684  185.419998  0.050000
1  61.366177  6.642774  6.642774  61.479288  -0.009987  -0.044747  29.726639  0.018679  -0.040384  185.419998  0.050000
1  61.479288  6.652438  6.652671  61.577196  0.005726  0.011500  30.295700  0.034841  0.015842  185.419998  0.050000
1  61.577196  6.654319  6.654319  61.590597  0.011185  0.030664  30.827412  0.040731  0.035029  185.419998  0.050000
1  61.590597  6.655833  6.655833  61.645555  0.009188  0.010967  31.423588  0.039171  0.015320  185.419998  0.050000
1  61.645555  6.652479  6.652479  61.687561  0.013982  0.024700  32.028391  0.044420  0.029057  185.419998  0.050000
1  61.687561  6.658183  6.658183  61.769646  -0.001731  -0.041726  32.608523  0.029139  -0.037386  185.419998  0.050000
1  61.769646  6.656355  6.656355  61.802917  -0.001997  -0.041987  33.187965  0.029308  -0.037687  185.419998  0.050000
1  61.802917  6.655922  6.655922  61.892507  -0.009854  -0.073367  33.750536  0.021863  -0.069144  185.419998  0.050000
1  61.892507  6.664041  6.664337  61.949747  0.004261  -0.020086  34.331894  0.036390  -0.015915  185.419998  0.090000
1  61.949747  6.655268  6.655268  62.037551  0.005326  -0.015805  34.893596  0.037857  -0.011705  185.419998  0.090000
1  62.037551  6.650387  6.650387  62.037841  0.001198  -0.033265  35.475172  0.034145  -0.029162  185.419998  0.090000
1  62.037841  6.657272  6.657272  62.083351  0.007457  -0.008489  36.053406  0.040814  -0.004412  185.419998  0.090000
1  62.083351  6.656788  6.656788  62.075029  -0.004794  -0.054597  36.583845  0.028936  -0.050599  185.419998  0.090000
1  62.075029  6.656433  6.656433  62.077582  -0.003196  -0.042949  37.147818  0.030937  -0.039013  185.419998  0.090000
1  62.077582  6.654984  6.654984  62.100772  -0.006658  -0.053200  37.695149  0.027875  -0.049256  185.419998  0.090000
1  62.100772  6.651954  6.651954  62.096303  -0.002397  -0.030608  38.224579  0.032519  -0.026725  185.419998  0.090000
1  62.096303  6.659376  6.659376  62.101339  -0.005593  -0.036977  38.753481  0.029716  -0.033093  185.419998  0.090000
1  62.101339  6.660568  6.660568  62.065209  0.000533  -0.010794  39.295806  0.036234  -0.006913  185.419998  0.090000
1  62.065209  6.663858  6.663858  61.998248  -0.004261  -0.023148  39.805003  0.031814  -0.019329  185.419998  0.110000
1  61.998248  6.658550  6.658550  61.961576  -0.002264  -0.014776  40.335523  0.034188  -0.010987  185.419998  0.110000
1  61.961576  6.657130  6.657130  61.875699  -0.009987  -0.046177  40.858318  0.026825  -0.042455  185.419998  0.110000
1  61.875699  6.648825  6.648825  61.782720  -0.008522  -0.035578  41.367841  0.028657  -0.031891  185.419998  0.110000
1  61.782720  6.653921  6.653921  61.757228  -0.008256  -0.035570  41.884715  0.029277  -0.031937  185.419998  0.110000
1  61.757228  6.654366  6.654366  61.757335  -0.008788  -0.033568  42.376786  0.029086  -0.030018  185.419998  0.110000
1  61.757335  6.653790  6.653790  61.716227  -0.005459  -0.020329  42.841966  0.032720  -0.016898  185.419998  0.110000
1  61.716227  6.654153  6.654153  61.643532  -0.001065  -0.000146  43.336227  0.037450  0.003219  185.419998  0.110000
1  61.643532  6.646421  6.646421  61.562862  0.005726  0.026505  43.835258  0.044573  0.029838  185.419998  0.110000
1  61.562862  6.648168  6.647636  61.539151  -0.005459  -0.019546  44.333283  0.033718  -0.016222  185.419998  0.110000
1  61.539151  6.644681  6.644681  61.506622  -0.007457  -0.033280  44.834066  0.032027  -0.030052  185.419998  0.110000
1  61.506622  6.641866  6.641866  61.501484  0.007457  0.020547  45.343837  0.047242  0.023701  185.419998  0.110000
1  61.501484  6.650991  6.650991  61.498691  -0.002264  -0.024211  45.864797  0.037830  -0.021087  185.419998  0.110000
1  61.498691  6.658707  6.658707  61.499443  0.011185  0.022476  46.387767  0.051568  0.025537  185.419998  0.080000
1  61.499443  6.652269  6.652269  61.500335  0.003995  -0.011339  46.896151  0.044652  -0.008386  185.419998  0.080000
1  61.500335  6.647807  6.647807  61.479718  0.009454  0.009563  47.420599  0.050410  0.012515  185.419998  0.080000
1  61.479718  6.645320  6.645320  61.443574  0.010253  0.010311  47.922332  0.051471  0.013161  185.419998  0.080000
1  61.443574  6.649159  6.649159  61.485361  0.008256  -0.000752  48.446206  0.049759  0.002101  185.419998  0.080000
1  61.485361  6.640245  6.640245  61.488600  0.007191  -0.005142  48.970605  0.048989  -0.002263  185.419998  0.080000
1  61.488600  6.640341  6.640341  61.521668  0.014248  0.023235  49.498462  0.056341  0.026121  185.419998  0.080000
1  61.521668  6.642022  6.642022  61.464142  0.011851  0.015183  49.974495  0.054177  0.017853  185.419998  0.090000
1  61.464142  6.641633  6.641281  61.482733  0.017177  0.035436  50.475955  0.059761  0.038070  185.419998  0.090000
1  61.482733  6.642672  6.642672  61.512244  0.014781  0.027686  50.969906  0.057625  0.030298  185.419998  0.090000
1  61.512244  6.642135  6.642135  61.539358  0.008788  0.005311  51.498356  0.051944  0.008068  185.419998  0.090000
1  61.539358  6.639235  6.639235  61.606929  0.017710  0.041459  52.000850  0.061136  0.044178  185.419998  0.090000
1  61.606929  6.646103  6.646103  61.569219  0.020240  0.054267  52.425350  0.063843  0.056649  185.419998  0.090000
1  61.569219  6.646945  6.646945  61.550213  0.014514  0.034033  52.890341  0.058346  0.036367  185.419998  0.090000
1  61.550213  6.647860  6.647860  61.486734  0.009721  0.018375  53.310081  0.053736  0.020541  185.419998  0.090000
1  61.486734  6.647127  6.647127  61.497614  0.014248  0.036789  53.774071  0.058483  0.038947  185.419998  0.090000
1  61.497614  6.644834  6.644834  61.466637  0.008123  0.017592  54.177731  0.052533  0.019600  185.419998  0.090000
1  61.466637  6.632429  6.632429  61.362125  0.001997  -0.003704  54.540594  0.046525  -0.001998  185.419998  0.140000
