1  0.000000  1.457699  1.457699  nan  1.106262  1.414206  3.091111  1.216351  1.472262  8149512580858527930558448722528142274032107126633686336648411302875672950629267655789800472606155824700301676774573147309713646858248552057837563275492943403841160599843618075609491751038654623261558366757137277657777429679899557313385551639218027291720764224438272.000000  0.000000
1  3.091111  1.479614  1.479614  -nan  0.518799  -0.905899  3.273651  0.634608  -0.848437  8149512580858527930558448722528142274032107126633686336648411302875672950629267655789800472606155824700301676774573147309713646858248552057837563275492943403841160599843618075609491751038654623261558366757137277657777429679899557313385551639218027291720764224438272.000000  0.000000
1  3.273651  1.480196  1.480196  nan  0.427246  -1.247898  3.455875  0.548641  -1.191245  8149512580858527930558448722528142274032107126633686336648411302875672950629267655789800472606155824700301676774573147309713646858248552057837563275492943403841160599843618075609491751038654623261558366757137277657777429679899557313385551639218027291720764224438272.000000  0.000000
1  3.455875  1.481170  1.481170  -nan  0.793457  0.345782  3.628324  0.920384  0.401759  8149512580858527930558448722528142274032107126633686336648411302875672950629267655789800472606155824700301676774573147309713646858248552057837563275492943403841160599843618075609491751038654623261558366757137277657777429679899557313385551639218027291720764224438272.000000  0.000000
1  3.628324  1.479324  1.479976  -nan  0.457764  -0.967567  3.805869  0.590108  -0.912438  8149512580858527930558448722528142274032107126633686336648411302875672950629267655789800472606155824700301676774573147309713646858248552057837563275492943403841160599843618075609491751038654623261558366757137277657777429679899557313385551639218027291720764224438272.000000  0.000000
1  3.805869  1.478239  1.478239  nan  0.602722  -0.465017  3.991999  0.740369  -0.410799  8149512580858527930558448722528142274032107126633686336648411302875672950629267655789800472606155824700301676774573147309713646858248552057837563275492943403841160599843618075609491751038654623261558366757137277657777429679899557313385551639218027291720764224438272.000000  0.000000
1  3.991999  1.479812  1.479812  nan  0.389099  -1.140110  4.162206  0.532061  -1.086545  8149512580858527930558448722528142274032107126633686336648411302875672950629267655789800472606155824700301676774573147309713646858248552057837563275492943403841160599843618075609491751038654623261558366757137277657777429679899557313385551639218027291720764224438272.000000  0.000000
1  4.162206  1.479323  1.479323  nan  0.823975  0.472380  4.349603  0.972034  0.524868  212.460007  0.360000
1  4.349603  1.478748  1.478748  nan  -0.190735  -3.241615  4.505877  -0.037639  -3.190128  212.460007  0.360000
1  4.505877  1.479932  1.479527  nan  0.633240  0.033288  4.680254  0.791145  0.083514  212.460007  0.360000
1  4.680254  1.479938  1.479938  nan  0.999451  1.514587  4.856676  1.162414  1.564275  212.460007  0.360000
1  4.856676  1.478073  1.478073  nan  0.450134  -0.518162  5.015797  0.617720  -0.469725  212.460007  0.360000
1  5.015797  1.479345  1.479345  -nan  0.389099  -0.862692  5.190773  0.561178  -0.815576  212.460007  0.360000
1  5.190773  1.478831  1.478831  nan  1.312256  2.743032  5.370075  1.488853  2.789251  212.460007  0.360000
1  5.370075  1.481262  1.481311  nan  0.427246  -0.685002  5.533798  0.608002  -0.640584  212.460007  0.360000
1  5.533798  1.479668  1.479668  -nan  1.136780  2.083685  5.710002  1.321696  2.127006  212.460007  0.360000
1  5.710002  1.480165  1.480165  -nan  0.244141  -1.612350  5.888273  0.432923  -1.570659  212.460007  0.360000
1  5.888273  1.479620  1.479620  -nan  0.480652  -0.691295  6.066331  0.673462  -0.650324  237.529999  0.190000
1  6.066331  1.479115  1.479115  nan  1.136780  2.047514  6.231271  1.333282  2.087016  237.529999  0.190000
1  6.231271  1.479767  1.480565  -nan  0.625610  0.365064  6.374815  0.825721  0.403327  237.529999  0.190000
1  6.374815  1.478530  1.478530  -nan  0.732422  0.636437  6.549315  0.935853  0.672890  237.529999  0.190000
1  6.549315  1.479916  1.479916  nan  0.785828  0.587874  6.738141  0.992552  0.622827  237.529999  0.190000
1  6.738141  1.479920  1.479920  -nan  0.946045  1.191435  6.912185  1.155931  1.225126  237.529999  0.190000
1  6.912185  1.478407  1.478407  -nan  0.335693  -1.132478  7.072876  0.548525  -1.100246  237.529999  0.190000
1  7.072876  1.479722  1.479511  nan  0.495911  -0.491044  7.241539  0.711551  -0.460532  237.529999  0.190000
1  7.241539  1.480325  1.480325  -nan  0.671387  0.560379  7.371804  0.889424  0.588623  237.529999  0.190000
1  7.371804  1.479419  1.479419  nan  0.305176  -1.068955  7.539015  0.525550  -1.042591  237.529999  0.190000
1  7.539015  1.478594  1.478594  -nan  0.991821  1.643206  7.691263  1.214052  1.666819  40.020000  0.300000
1  7.691263  1.479432  1.479432  nan  0.808716  0.816157  7.846968  1.032811  0.838053  40.020000  0.300000
1  7.846968  1.478223  1.478223  -nan  0.007629  -1.731922  7.942957  0.233287  -1.712282  40.020000  0.300000
1  7.942957  1.480977  1.480977  nan  0.007629  -1.631854  8.058712  0.234395  -1.615162  40.020000  0.300000
1  8.058712  1.479241  1.479241  -nan  0.564575  0.449404  8.188423  0.792276  0.463623  40.020000  0.300000
1  8.188423  1.479888  1.480037  nan  0.045776  -1.678621  8.312646  0.274174  -1.666868  40.020000  0.300000
1  8.312646  1.478719  1.478719  -nan  -0.534058  -4.125038  8.442593  -0.305003  -4.115092  40.020000  0.300000
1  8.442593  1.478223  1.478223  nan  -0.602722  -4.384018  8.550999  -0.373566  -4.377094  40.020000  0.300000
1  8.550999  1.479381  1.479381  -nan  1.335144  3.377180  8.657212  1.564268  3.381816  40.020000  0.300000
1  8.657212  1.479593  1.479593  nan  0.183105  -0.921958  8.721385  0.411479  -0.921276  40.020000  0.300000
1  8.721385  1.479754  1.480484  -nan  0.137329  -1.142737  8.801287  0.364536  -1.146142  40.020000  0.300000
1  8.801287  1.479558  1.479558  -nan  1.220703  2.925851  8.901200  1.446885  2.920092  40.020000  0.300000
1  8.901200  1.480106  1.480106  nan  -0.022888  -2.314721  9.006487  0.202253  -2.321948  21.670000  0.350000
1  9.006487  1.478234  1.478234  nan  0.602722  0.706444  9.037030  0.826279  0.696555  21.670000  0.350000
1  9.037030  1.479196  1.479196  -nan  0.488281  -0.187018  9.130376  0.710121  -0.199217  21.670000  0.350000
1  9.130376  1.479492  1.479813  nan  0.129700  -1.362349  9.164831  0.349460  -1.377314  21.670000  0.350000
1  9.164831  1.479770  1.479770  -nan  0.587463  0.418979  9.225194  0.805409  0.403137  21.670000  0.350000
1  9.225194  1.479700  1.479700  nan  -0.526428  -3.762686  9.256599  -0.310374  -3.779515  21.670000  0.350000
1  9.256599  1.479046  1.479046  -nan  -0.244141  -2.608380  9.288838  -0.030696  -2.628360  21.670000  0.350000
1  9.288838  1.478286  1.478286  -nan  0.961304  2.214597  9.319975  1.172424  2.193644  21.670000  0.350000
1  9.319975  1.479582  1.479463  -nan  0.633240  0.328178  9.411003  0.842529  0.308217  235.229996  0.050000
1  9.411003  1.479928  1.479928  nan  0.541687  -0.003999  9.482246  0.750058  -0.020509  235.229996  0.050000
1  9.482246  1.479495  1.479495  -nan  0.946045  1.658607  9.543247  1.153165  1.643325  235.229996  0.050000
1  9.543247  1.480165  1.480165  -nan  0.411987  -0.245186  9.586124  0.617976  -0.259175  235.229996  0.050000
1  9.586124  1.479182  1.479182  -nan  0.503540  -0.289860  9.698769  0.709211  -0.300308  235.229996  0.050000
1  9.698769  1.480203  1.480446  nan  1.037598  1.513302  9.824931  1.243148  1.506062  235.229996  0.050000
1  9.824931  1.478900  1.478900  nan  0.495911  -0.879590  9.943604  0.700966  -0.886116  235.229996  0.050000
1  9.943604  1.480017  1.480017  -nan  1.449585  2.790747  10.074632  1.655111  2.787812  235.229996  0.050000
1  10.074632  1.478474  1.478474  -nan  0.595093  -0.877841  10.238436  0.802078  -0.874784  235.229996  0.050000
1  10.238436  1.479702  1.479702  -nan  0.640869  -0.872923  10.406111  0.849356  -0.865708  235.229996  0.050000
1  10.406111  1.479572  1.479468  -nan  0.923157  0.431855  10.546695  1.133197  0.441938  150.940002  0.140000
1  10.546695  1.483395  1.483395  -nan  0.625610  -0.586603  10.671434  0.836634  -0.576524  150.940002  0.140000
1  10.671434  1.477963  1.477963  -nan  0.968933  0.587695  10.854534  1.182434  0.602706  150.940002  0.140000
1  10.854534  1.479042  1.479042  -nan  0.106812  -2.890473  11.033320  0.322807  -2.872374  150.940002  0.140000
1  11.033320  1.479232  1.479232  -nan  1.083374  0.648855  11.241029  1.301768  0.668721  150.940002  0.140000
1  11.241029  1.478140  1.478534  nan  0.671387  -0.893812  11.425309  0.892605  -0.871238  150.940002  0.140000
1  11.425309  1.480286  1.480286  nan  1.205444  1.125206  11.636488  1.430094  1.151934  150.940002  0.140000
1  11.636488  1.478489  1.478489  nan  0.701904  -0.885278  11.839362  0.929796  -0.856829  150.940002  0.140000
1  11.839362  1.480514  1.480514  nan  0.953674  0.127379  12.055802  1.185584  0.159755  150.940002  0.140000
1  12.055802  1.479604  1.479604  nan  0.328064  -2.422735  12.288061  0.564554  -2.386049  150.940002  0.140000
1  12.288061  1.479387  1.479224  nan  1.304626  1.765632  12.481415  1.545098  1.803341  226.250000  0.090000
1  12.481415  1.477606  1.477606  nan  1.152039  1.062680  12.710596  1.396713  1.101333  226.250000  0.090000
1  12.710596  1.478803  1.478803  nan  1.228333  1.193398  12.942956  1.477007  1.232441  226.250000  0.090000
1  12.942956  1.479302  1.479302  nan  0.732422  -0.790562  13.175689  0.985746  -0.749295  226.250000  0.090000
1  13.175689  1.479328  1.479328  nan  0.907898  0.029582  13.403066  1.166179  0.073385  226.250000  0.090000
1  13.403066  1.478980  1.479105  nan  0.282288  -2.352662  13.629448  0.545379  -2.307482  226.250000  0.090000
1  13.629448  1.482208  1.482208  -nan  0.801086  -0.171186  13.843835  1.068693  -0.126215  226.250000  0.090000
1  13.843835  1.479247  1.479247  -nan  0.778198  -0.206712  14.080456  1.051332  -0.158548  226.250000  0.090000
1  14.080456  1.478745  1.478745  -nan  0.816345  -0.173714  14.358344  1.096602  -0.118074  226.250000  0.090000
1  14.358344  1.479042  1.479042  nan  0.740051  -0.518194  14.625603  1.026604  -0.460810  226.250000  0.090000
1  14.625603  1.479321  1.478919  -nan  1.350403  1.775100  14.920108  1.644539  1.838729  271.910004  0.190000
1  14.920108  1.479110  1.479110  nan  1.060486  0.550968  15.184380  1.360602  0.613400  271.910004  0.190000
1  15.184380  1.480662  1.480662  nan  0.900269  0.067345  15.444485  1.207075  0.131017  271.910004  0.190000
1  15.444485  1.480009  1.480009  nan  0.526428  -1.381738  15.712542  0.839982  -1.317107  271.910004  0.190000
1  15.712542  1.478260  1.478260  nan  1.144409  1.166433  15.988331  1.465484  1.234381  271.910004  0.190000
1  15.988331  1.480347  1.480593  -nan  0.892639  0.336456  16.270209  1.221955  0.409005  271.910004  0.190000
1  16.270209  1.479399  1.479399  -nan  0.846863  0.124306  16.550572  1.183646  0.197461  271.910004  0.190000
1  16.550572  1.480021  1.480021  -nan  1.106262  0.952660  16.859765  1.450794  1.026221  271.910004  0.190000
1  16.859765  1.479243  1.479243  -nan  0.671387  -0.701813  17.155424  1.024052  -0.626223  271.910004  0.190000
1  17.155424  1.479327  1.479327  -nan  1.098633  1.025091  17.467287  1.460225  1.105005  271.910004  0.190000
1  17.467287  1.478551  1.478601  -nan  0.740051  -0.428309  17.786685  1.110825  -0.344785  271.910004  0.190000
1  17.786685  1.480556  1.480556  nan  0.900269  0.341581  18.102996  1.280809  0.429491  271.910004  0.190000
1  18.102996  1.477634  1.477634  -nan  0.572205  -0.983506  18.464689  0.964446  -0.886629  205.580002  0.340000
1  18.464689  1.478628  1.478628  nan  1.152039  1.228121  18.804220  1.553908  1.323338  205.580002  0.340000
1  18.804220  1.479669  1.479669  nan  0.747681  -0.498337  19.146635  1.159209  -0.402344  205.580002  0.340000
1  19.146635  1.479837  1.479997  nan  0.907898  0.222018  19.467120  1.328696  0.316704  205.580002  0.340000
1  19.467120  1.478279  1.478279  nan  0.724792  -0.360136  19.836395  1.158235  -0.255532  205.580002  0.340000
1  19.836395  1.478647  1.478647  nan  0.045776  -2.962575  20.179472  0.490146  -2.856859  205.580002  0.340000
1  20.179472  1.479218  1.479218  nan  1.258850  1.780526  20.554560  1.715053  1.889971  205.580002  0.340000
1  20.554560  1.479572  1.479572  nan  0.434875  -1.538701  20.927610  0.902843  -1.426598  205.580002  0.340000
1  20.927610  1.478849  1.478690  -nan  0.831604  0.272856  21.280309  1.311436  0.386532  165.270004  0.360000
1  21.280309  1.479741  1.479741  nan  0.694275  -0.264801  21.661216  1.186563  -0.149430  165.270004  0.360000
1  21.661216  1.479424  1.479424  nan  0.877380  0.486151  22.028146  1.381521  0.602100  165.270004  0.360000
1  22.028146  1.479750  1.479750  -nan  1.098633  1.538098  22.401392  1.615984  1.659921  165.270004  0.360000
1  22.401392  1.479989  1.479989  nan  0.953674  0.797189  22.803767  1.484273  0.922542  165.270004  0.360000
1  22.803767  1.479315  1.479163  -nan  0.587463  -0.785630  23.251611  1.133422  -0.653284  165.270004  0.360000
1  23.251611  1.479419  1.479419  -nan  0.976562  0.709851  23.671489  1.536744  0.846197  165.270004  0.360000
1  23.671489  1.480538  1.480538  -nan  0.854492  0.178855  24.091439  1.428213  0.313520  165.270004  0.360000
1  24.091439  1.479668  1.479668  nan  0.335693  -1.728486  24.512269  0.924342  -1.589247  165.270004  0.360000
1  24.512269  1.479182  1.479182  -nan  0.915527  0.549860  24.970123  1.520542  0.697399  165.270004  0.360000
1  24.970123  1.479811  1.480373  nan  1.235962  1.880355  25.409286  1.856510  2.029884  96.029999  0.270000
1  25.409286  1.478539  1.478539  nan  0.175476  -2.451868  25.881036  0.812493  -2.298039  96.029999  0.270000
1  25.881036  1.480055  1.480055  nan  1.190186  1.589145  26.345867  1.843568  1.745859  96.029999  0.270000
1  26.345867  1.480022  1.480022  -nan  0.900269  0.340603  26.869542  1.572988  0.508813  96.029999  0.270000
1  26.869542  1.479574  1.479574  -nan  0.404358  -1.654640  27.354602  1.093869  -1.488227  96.029999  0.270000
1  27.354602  1.479351  1.478969  nan  0.991821  0.642660  27.849829  1.698570  0.810158  96.029999  0.270000
1  27.849829  1.480519  1.480519  nan  0.785828  -0.070118  28.340833  1.510358  0.100045  96.029999  0.270000
1  28.340833  1.480257  1.480257  -nan  0.602722  -0.811206  28.823632  1.343875  -0.642095  96.029999  0.270000
1  28.823632  1.479587  1.479587  nan  0.633240  -0.559726  29.364157  1.395109  -0.378912  96.029999  0.270000
1  29.364157  1.479481  1.479481  -nan  0.595093  -0.788695  29.913421  1.377202  -0.601460  96.029999  0.270000
1  29.913421  1.480289  1.479993  -nan  0.556946  -1.037288  30.435804  1.357352  -0.851730  74.150002  0.430000
1  30.435804  1.478155  1.478155  -nan  1.380920  2.347321  30.947040  2.199883  2.532603  74.150002  0.430000
1  30.947040  1.479933  1.479933  nan  0.900269  0.622236  31.443941  1.737169  0.803983  74.150002  0.430000
1  31.443941  1.478778  1.478778  -nan  0.541687  -0.849945  31.988413  1.398485  -0.663662  74.150002  0.430000
1  31.988413  1.479715  1.479715  nan  0.801086  0.289313  32.524005  1.677685  0.478630  74.150002  0.430000
1  32.524005  1.479113  1.479335  nan  0.053406  -2.562188  33.090751  0.951977  -2.363496  74.150002  0.430000
1  33.090751  1.479515  1.479515  nan  0.579834  -0.414867  33.648875  1.499572  -0.212664  74.150002  0.430000
1  33.648875  1.479346  1.479346  -nan  0.228882  -1.893999  34.209299  1.169162  -1.691500  74.150002  0.430000
1  34.209299  1.479137  1.479137  nan  0.747681  0.235091  34.788021  1.710079  0.442672  74.150002  0.430000
1  34.788021  1.478483  1.478483  nan  1.091003  1.604167  35.365626  2.075011  1.813707  74.150002  0.430000
1  35.365626  1.478719  1.478552  -nan  0.999451  1.015506  35.986927  2.006316  1.230977  80.199997  0.510000
1  35.986927  1.479142  1.479142  -nan  0.823975  0.165433  36.585899  1.852089  0.379182  80.199997  0.510000
1  36.585899  1.480393  1.480393  nan  0.656128  -0.472572  37.172535  1.705492  -0.259669  80.199997  0.510000
1  37.172535  1.479508  1.479508  nan  0.656128  -0.467903  37.770989  1.727060  -0.255026  80.199997  0.510000
1  37.770989  1.479677  1.479677  nan  1.258850  1.895504  38.422710  2.354332  2.118664  80.199997  0.510000
1  38.422710  1.479301  1.479608  nan  0.579834  -0.766058  39.067328  1.699512  -0.538269  80.199997  0.510000
1  39.067328  1.479221  1.479221  nan  0.694275  -0.467761  39.713976  1.837319  -0.238429  80.199997  0.510000
1  39.713976  1.479212  1.479212  -nan  0.900269  0.539115  40.329204  2.066244  0.767689  80.199997  0.510000
1  40.329204  1.478840  1.478840  nan  0.740051  0.102601  40.937976  1.928915  0.330990  80.199997  0.510000
1  40.937976  1.479391  1.479391  nan  0.343323  -1.432999  41.572711  1.555819  -1.203756  80.199997  0.510000
1  41.572711  1.479821  1.479994  nan  0.503540  -0.786304  42.210963  1.739750  -0.554727  80.199997  0.510000
1  42.210963  1.479821  1.479821  nan  0.457764  -0.878706  42.878588  1.719644  -0.639748  80.199997  0.510000
1  42.878588  1.479062  1.479062  -nan  0.633240  -0.228471  43.570550  1.921486  0.017317  52.689999  0.620000
1  43.570550  1.479576  1.479576  -nan  0.617981  -0.354006  44.244140  1.931275  -0.107439  52.689999  0.620000
1  44.244140  1.480139  1.480139  nan  0.640869  -0.452058  44.950992  1.980112  -0.202267  52.689999  0.620000
1  44.950992  1.479550  1.480063  -nan  0.556946  -0.611130  45.623798  1.921660  -0.361123  52.689999  0.620000
1  45.623798  1.480117  1.480117  nan  0.549316  -0.610768  46.305595  1.939490  -0.360218  52.689999  0.620000
1  46.305595  1.478829  1.478829  -nan  1.205444  1.945877  46.985343  2.620319  2.194277  52.689999  0.620000
1  46.985343  1.480035  1.480035  -nan  0.526428  -0.741466  47.700525  1.968109  -0.487781  52.689999  0.620000
1  47.700525  1.479381  1.479381  -nan  0.900269  0.675198  48.421675  2.368576  0.932024  52.689999  0.620000
1  48.421675  1.477198  1.477681  nan  0.679016  -0.236394  49.146842  2.174310  0.024265  57.959999  0.670000
1  49.146842  1.480301  1.480301  -nan  0.839233  0.294351  49.878607  2.361267  0.555529  57.959999  0.670000
1  49.878607  1.478769  1.478769  -nan  0.663757  -0.393299  50.611946  2.212889  -0.130258  57.959999  0.670000
1  50.611946  1.479449  1.479449  nan  0.328064  -1.589037  51.345447  1.904850  -1.322680  57.959999  0.670000
1  51.345447  1.479300  1.479300  -nan  0.991821  0.975296  52.085100  2.595453  1.240524  57.959999  0.670000
1  52.085100  1.479048  1.479246  -nan  0.724792  -0.043249  52.821416  2.355682  0.223800  57.959999  0.670000
1  52.821416  1.478992  1.478992  nan  0.373840  -1.323680  53.562573  2.032317  -1.055963  57.959999  0.670000
1  53.562573  1.479430  1.479430  nan  0.991821  1.105609  54.318557  2.678332  1.377647  57.959999  0.670000
1  54.318557  1.478673  1.478673  nan  0.511169  -0.983743  55.081538  2.225156  -0.712003  57.959999  0.670000
1  55.081538  1.481087  1.481087  -nan  0.839233  0.304141  55.852814  2.581407  0.578478  57.959999  0.670000
1  55.852814  1.480183  1.480180  -nan  0.747681  -0.188623  56.632818  2.517928  0.086762  55.590000  0.500000
1  56.632818  1.478971  1.478971  nan  1.258850  1.819801  57.413232  3.057325  2.095921  55.590000  0.500000
1  57.413232  1.478547  1.478547  -nan  0.160217  -2.474520  58.180819  1.986628  -2.198028  55.590000  0.500000
1  58.180819  1.478869  1.478869  -nan  0.457764  -1.136153  58.941424  2.311944  -0.860098  55.590000  0.500000
1  58.941424  1.480177  1.480177  -nan  0.564575  -0.618121  59.720081  2.447406  -0.339864  55.590000  0.500000
1  59.720081  1.479726  1.479356  -nan  0.785828  0.182464  60.531296  2.697767  0.460962  55.590000  0.500000
1  60.531296  1.479073  1.479073  -nan  0.770569  0.150177  61.316231  2.711143  0.430991  55.590000  0.500000
1  61.316231  1.479895  1.479895  -nan  0.785828  0.251810  62.097944  2.754764  0.532744  55.590000  0.500000
1  62.097944  1.479556  1.479556  -nan  0.694275  0.029550  62.890238  2.692604  0.314423  55.590000  0.500000
1  62.890238  1.479355  1.479355  nan  0.747681  0.202830  63.679378  2.774426  0.486412  55.590000  0.500000
1  63.679378  1.478867  1.478646  nan  0.846863  0.534876  64.484091  2.902531  0.819347  30.940001  0.380000
1  64.484091  1.479365  1.479365  -nan  0.877380  0.500549  65.299725  2.961931  0.785196  30.940001  0.380000
1  65.299725  1.480361  1.480361  -nan  0.930786  0.803861  66.113808  3.045012  1.091399  30.940001  0.380000
1  66.113808  1.480709  1.480709  -nan  0.679016  -0.188139  66.924014  2.822314  0.099549  30.940001  0.380000
1  66.924014  1.479617  1.479617  nan  0.427246  -1.068970  67.731553  2.600042  -0.780132  30.940001  0.380000
1  67.731553  1.477660  1.477844  nan  0.549316  -0.620267  68.542437  2.751045  -0.332461  30.940001  0.380000
1  68.542437  1.478633  1.478633  -nan  0.717163  0.223334  69.352501  2.948741  0.514075  30.940001  0.380000
1  69.352501  1.479234  1.479234  -nan  0.801086  0.472400  70.184026  3.062497  0.764504  30.940001  0.380000
1  70.184026  1.479111  1.479111  nan  1.274109  2.218065  70.994551  3.563856  2.506008  30.940001  0.380000
1  70.994551  1.480354  1.480354  nan  0.564575  -0.596344  71.820846  2.883851  -0.307033  30.940001  0.380000
1  71.820846  1.480966  1.480359  nan  0.511169  -0.788373  72.694181  2.861800  -0.496298  39.410000  0.210000
1  72.694181  1.479415  1.479415  -nan  1.205444  1.938815  73.531127  3.585898  2.231713  39.410000  0.210000
1  73.531127  1.478586  1.478586  -nan  0.656128  -0.611014  74.369991  3.065415  -0.317042  39.410000  0.210000
1  74.369991  1.479029  1.479029  -nan  0.579834  -0.597355  75.187315  3.018787  -0.303625  39.410000  0.210000
1  75.187315  1.479203  1.479203  nan  1.220703  1.766853  76.062528  3.689938  2.059464  39.410000  0.210000
1  76.062528  1.479568  1.479292  nan  0.709534  -0.264691  76.878521  3.207395  0.027413  39.410000  0.210000
1  76.878521  1.479216  1.479216  -nan  0.915527  0.604677  77.745113  3.443965  0.897557  39.410000  0.210000
1  77.745113  1.479656  1.479656  nan  1.197815  1.875848  78.580614  3.756047  2.169405  39.410000  0.210000
1  78.580614  1.478048  1.478048  nan  0.885010  0.618134  79.427747  3.473141  0.912130  39.410000  0.210000
1  79.427747  1.480362  1.480362  nan  0.297546  -1.648352  80.284876  2.916145  -1.353307  39.410000  0.210000
1  80.284876  1.479096  1.479467  -nan  0.396729  -1.199407  81.133830  3.045633  -0.902558  39.410000  0.210000
1  81.133830  1.479788  1.479788  -nan  0.831604  0.535280  81.978432  3.510141  0.830822  39.410000  0.210000
1  81.978432  1.479288  1.479288  -nan  0.839233  0.436030  82.836968  3.547591  0.731009  45.810001  0.190000
1  82.836968  1.479306  1.479306  -nan  -0.030518  -2.967720  83.700551  2.708491  -2.670079  45.810001  0.190000
1  83.700551  1.479739  1.479739  nan  0.518799  -0.625516  84.537381  3.287726  -0.328643  45.810001  0.190000
1  84.537381  1.479968  1.480118  nan  0.892639  0.744522  85.388539  3.691170  1.040297  45.810001  0.190000
1  85.388539  1.478763  1.478763  nan  0.495911  -0.722183  86.247666  3.324913  -0.425061  45.810001  0.190000
1  86.247666  1.478511  1.478511  -nan  0.381470  -1.403675  87.122869  3.240604  -1.106077  45.810001  0.190000
1  87.122869  1.480637  1.480637  -nan  0.724792  -0.125748  87.991926  3.613953  0.171593  45.810001  0.190000
1  87.991926  1.479184  1.479184  -nan  1.335144  2.309816  88.860149  4.254447  2.607652  41.709999  0.120000
1  88.860149  1.479332  1.479520  nan  0.534058  -0.887654  89.719983  3.483138  -0.590864  41.709999  0.120000
1  89.719983  1.478812  1.478812  nan  1.007080  0.976128  90.598339  3.986748  1.274748  41.709999  0.120000
1  90.598339  1.479872  1.479872  nan  0.915527  0.585091  91.472209  3.925362  0.883374  41.709999  0.120000
1  91.472209  1.479254  1.479254  nan  0.915527  0.576790  92.336537  3.955201  0.873968  41.709999  0.120000
1  92.336537  1.479617  1.479617  nan  0.694275  -0.252791  93.194785  3.763604  0.043391  41.709999  0.120000
1  93.194785  1.480258  1.480184  -nan  0.450134  -1.391803  94.071639  3.549113  -1.096845  41.709999  0.120000
1  94.071639  1.480093  1.480093  -nan  0.968933  0.830045  94.939134  4.098144  1.126265  41.709999  0.120000
1  94.939134  1.478376  1.478376  nan  0.595093  -0.556872  95.794548  3.753884  -0.261829  41.709999  0.120000
1  95.794548  1.480104  1.480104  -nan  0.801086  0.181277  96.666230  3.989759  0.476144  41.709999  0.120000
1  96.666230  1.478682  1.478682  -nan  0.747681  -0.038060  97.540958  3.966564  0.258095  216.009995  0.080000
1  97.540958  1.480116  1.479936  -nan  0.854492  0.582385  98.396723  4.103332  0.878303  216.009995  0.080000
1  98.396723  1.479021  1.479021  -nan  0.488281  -0.844238  99.249993  3.766557  -0.550017  216.009995  0.080000
1  99.249993  1.479112  1.479112  nan  0.129700  -2.234221  100.115717  3.438024  -1.939194  216.009995  0.080000
1  100.115717  1.478866  1.478866  nan  0.564575  -0.489616  100.975925  3.902661  -0.194843  216.009995  0.080000
1  100.975925  1.480081  1.480081  -nan  0.885010  0.863545  101.836632  4.253072  1.158915  216.009995  0.080000
1  101.836632  1.478786  1.479019  nan  0.762939  0.075790  102.742128  4.161448  0.372080  216.009995  0.080000
1  102.742128  1.478623  1.478623  -nan  0.816345  0.180096  103.634196  4.245210  0.477577  216.009995  0.080000
1  103.634196  1.479632  1.479632  -nan  1.068115  1.103621  104.515232  4.526661  1.400253  216.009995  0.080000
1  104.515232  1.478077  1.478077  -nan  0.267029  -1.788827  105.356564  3.754874  -1.494860  216.009995  0.080000
1  105.356564  1.479103  1.479103  -nan  0.740051  0.057343  106.231930  4.257792  0.351497  216.009995  0.080000
1  106.231930  1.480053  1.479602  nan  0.549316  -0.653150  107.094459  4.096836  -0.358412  213.699997  0.350000
1  107.094459  1.479462  1.479462  -nan  0.785828  0.234623  107.968772  4.363171  0.529140  213.699997  0.350000
1  107.968772  1.479012  1.479012  nan  0.694275  -0.148529  108.842952  4.301347  0.145716  213.699997  0.350000
1  108.842952  1.479768  1.479768  nan  0.366211  -1.365211  109.708831  4.003069  -1.071250  213.699997  0.350000
1  109.708831  1.480026  1.480026  -nan  0.480652  -0.822950  110.567813  4.147063  -0.529804  213.699997  0.350000
1  110.567813  1.479568  1.479626  -nan  0.503540  -0.990903  111.451845  4.199201  -0.699169  213.699997  0.350000
1  111.451845  1.478790  1.478790  nan  0.923157  0.793865  112.335406  4.649112  1.086456  213.699997  0.350000
1  112.335406  1.479381  1.479381  -nan  0.732422  0.273049  113.175590  4.487502  0.565526  213.699997  0.350000
1  113.175590  1.479446  1.479446  nan  0.709534  0.226213  114.038488  4.494130  0.518386  213.699997  0.350000
1  114.038488  1.479045  1.479045  nan  0.846863  0.564009  114.922275  4.661118  0.856583  213.699997  0.350000
1  114.922275  1.478940  1.478763  nan  0.694275  -0.139638  115.795555  4.537712  0.151281  202.080002  0.570000
1  115.795555  1.477790  1.477790  -nan  0.907898  0.733014  116.660266  4.780292  1.022950  202.080002  0.570000
1  116.660266  1.479891  1.479891  -nan  1.144409  1.711161  117.524168  5.045771  1.999636  202.080002  0.570000
1  117.524168  1.478982  1.478982  nan  0.465393  -0.917859  118.400073  4.396207  -0.630676  202.080002  0.570000
1  118.400073  1.480374  1.480374  nan  0.740051  0.004512  119.259526  4.699418  0.292133  202.080002  0.570000
1  119.259526  1.478719  1.478397  nan  0.717163  0.058328  120.113113  4.705374  0.345220  202.080002  0.570000
1  120.113113  1.479079  1.479079  nan  0.480652  -0.882642  120.993754  4.498070  -0.597594  202.080002  0.570000
1  120.993754  1.478165  1.478165  -nan  0.808716  0.446548  121.827313  4.853897  0.730123  202.080002  0.570000
1  121.827313  1.479892  1.479892  nan  0.808716  0.225421  122.716686  4.883032  0.510472  202.080002  0.570000
1  122.716686  1.478794  1.478794  nan  0.556946  -0.915447  123.603883  4.660135  -0.630647  202.080002  0.570000
1  123.603883  1.479566  1.479354  -nan  0.686646  -0.274547  124.457934  4.818030  0.008629  202.080002  0.570000
1  124.457934  1.478998  1.478998  -nan  0.251770  -1.901485  125.320646  4.411683  -1.619047  202.080002  0.570000
1  125.320646  1.479814  1.479814  -nan  0.930786  0.871336  126.191046  5.119642  1.154620  211.429993  0.770000
1  126.191046  1.478911  1.478911  -nan  0.640869  -0.218537  127.057767  4.858206  0.063781  211.429993  0.770000
1  127.057767  1.479342  1.479342  nan  1.045227  1.312792  127.932346  5.290946  1.594661  211.429993  0.770000
1  127.932346  1.478253  1.478083  -nan  0.846863  0.420950  128.805845  5.120886  0.702148  211.429993  0.770000
1  128.805845  1.479345  1.479345  nan  0.442505  -1.105521  129.656973  4.744147  -0.826615  211.429993  0.770000
1  129.656973  1.479215  1.479215  nan  0.701904  0.004527  130.513389  5.031345  0.281647  211.429993  0.770000
1  130.513389  1.478474  1.478474  nan  0.518799  -0.654536  131.391517  4.876836  -0.377506  211.429993  0.770000
1  131.391517  1.478894  1.478894  nan  1.098633  1.531678  132.262140  5.484225  1.806910  207.880005  0.710000
1  132.262140  1.477057  1.477970  nan  0.602722  -0.311387  133.126662  5.016384  -0.036213  207.880005  0.710000
1  133.126662  1.479492  1.479492  -nan  0.450134  -0.881942  133.966095  4.890873  -0.606667  207.880005  0.710000
1  133.966095  1.480892  1.480892  nan  0.801086  0.632766  134.820935  5.269333  0.906722  207.880005  0.710000
1  134.820935  1.479512  1.479512  -nan  0.572205  -0.126688  135.662422  5.067307  0.143821  207.880005  0.710000
1  135.662422  1.478107  1.478107  nan  0.518799  -0.396451  136.521377  5.040970  -0.126628  207.880005  0.710000
1  136.521377  1.479103  1.479156  -nan  0.656128  -0.083520  137.404125  5.205802  0.186885  207.880005  0.710000
1  137.404125  1.478709  1.478709  nan  0.244141  -1.917773  138.275432  4.820326  -1.650531  207.880005  0.710000
1  138.275432  1.479457  1.479457  -nan  0.473022  -0.961470  139.140249  5.075891  -0.695565  207.880005  0.710000
1  139.140249  1.479111  1.479111  -nan  0.946045  0.920818  140.008026  5.575476  1.185170  207.880005  0.710000
1  140.008026  1.479491  1.479491  -nan  0.419617  -1.147729  140.874632  5.075537  -0.884181  207.880005  0.710000
1  140.874632  1.477325  1.477309  -nan  1.022339  1.332467  141.728110  5.704276  1.594389  212.259995  0.650000
1  141.728110  1.479645  1.479645  -nan  1.136780  1.927586  142.624649  5.846482  2.189691  212.259995  0.650000
1  142.624649  1.478272  1.478272  -nan  0.511169  -0.660289  143.488654  5.246610  -0.400991  212.259995  0.650000
1  143.488654  1.477680  1.477680  nan  0.816345  0.442695  144.357341  5.577450  0.700079  212.259995  0.650000
1  144.357341  1.479499  1.479499  nan  1.121521  1.640736  145.178676  5.906425  1.893965  212.259995  0.650000
1  145.178676  1.478560  1.478497  nan  0.793457  0.250128  146.056363  5.603980  0.503743  212.259995  0.650000
1  146.056363  1.481642  1.481642  -nan  0.968933  0.986231  146.963380  5.805887  1.238756  212.259995  0.650000
1  146.963380  1.477884  1.477884  -nan  0.869751  0.543919  147.830640  5.731646  0.794368  212.259995  0.650000
1  147.830640  1.478330  1.478330  nan  0.663757  -0.121917  148.706301  5.551531  0.130110  212.259995  0.650000
1  148.706301  1.478222  1.478222  nan  0.312805  -1.507788  149.571142  5.225335  -1.257634  202.080002  0.630000
1  149.571142  1.479894  1.479944  -nan  0.663757  -0.340702  150.475562  5.601980  -0.089350  202.080002  0.630000
1  150.475562  1.479084  1.479084  nan  0.160217  -2.311880  151.360683  5.123605  -2.061198  202.080002  0.630000
1  151.360683  1.478559  1.478559  -nan  0.320435  -1.461801  152.244125  5.309488  -1.210376  202.080002  0.630000
1  152.244125  1.478790  1.478790  -nan  0.686646  0.021474  153.102531  5.698933  0.265316  202.080002  0.630000
1  153.102531  1.479863  1.479863  -nan  0.289917  -1.499537  153.954244  5.324938  -1.262234  202.080002  0.630000
1  153.954244  1.478826  1.478579  -nan  1.144409  1.933838  154.827279  6.203244  2.169817  202.080002  0.630000
1  154.827279  1.479665  1.479665  -nan  0.549316  -0.469067  155.673235  5.631246  -0.232078  202.080002  0.630000
1  155.673235  1.480785  1.480785  nan  0.595093  -0.333155  156.549019  5.698289  -0.108671  202.080002  0.630000
1  156.549019  1.479125  1.479125  -nan  0.923157  0.852864  157.404792  6.047199  1.071965  202.080002  0.630000
1  157.404792  1.477178  1.477178  -nan  0.503540  -0.939114  158.292697  5.650084  -0.719602  207.179993  0.550000
1  158.292697  1.479196  1.479080  -nan  0.984192  0.924606  159.149033  6.151070  1.137758  207.179993  0.550000
1  159.149033  1.477932  1.477932  -nan  0.892639  0.598258  160.014674  6.080455  0.809493  207.179993  0.550000
1  160.014674  1.479055  1.479055  nan  0.495911  -0.970796  160.815012  5.699587  -0.778555  207.179993  0.550000
1  160.815012  1.478456  1.478456  nan  0.091553  -2.633555  161.649772  5.312567  -2.452060  207.179993  0.550000
1  161.649772  1.480029  1.480029  nan  0.366211  -1.355786  162.408996  5.600321  -1.195253  207.179993  0.550000
1  162.408996  1.478276  1.478576  nan  0.587463  -0.409285  163.125472  5.830735  -0.271771  207.179993  0.550000
1  163.125472  1.480482  1.480482  nan  1.068115  1.393812  163.634474  6.305202  1.465746  207.179993  0.550000
1  163.634474  1.479142  1.479142  -nan  0.137329  -2.423661  164.170830  5.369431  -2.393463  207.179993  0.550000
1  164.170830  1.479809  1.479809  nan  0.976562  1.131697  164.635375  6.200024  1.119784  207.179993  0.550000
1  164.635375  1.478782  1.478782  nan  0.862122  0.663792  165.050987  6.072342  0.610570  207.179993  0.550000
1  165.050987  1.479997  1.480019  -nan  1.129150  1.576794  165.300038  6.313455  1.457090  207.179993  0.550000
1  165.300038  1.479121  1.479121  -nan  -0.061035  -3.053603  165.595305  5.102604  -3.201379  207.179993  0.550000
1  165.595305  1.479362  1.479362  -nan  0.595093  -0.564475  165.925026  5.739140  -0.727175  229.910004  0.470000
1  165.925026  1.478169  1.478169  nan  0.473022  -0.819923  166.222512  5.597457  -0.994083  229.910004  0.470000
1  166.222512  1.478967  1.478967  nan  1.022339  1.330575  166.449408  6.120718  1.128308  229.910004  0.470000
1  166.449408  1.477278  1.477956  -nan  0.450134  -1.069887  166.664032  5.521224  -1.292969  229.910004  0.470000
1  166.664032  1.479539  1.479539  -nan  0.503540  -0.759848  166.907571  5.550007  -0.988468  229.910004  0.470000
1  166.907571  1.479572  1.479572  nan  0.671387  -0.227479  167.123724  5.691506  -0.467027  229.910004  0.470000
1  167.123724  1.478722  1.478722  -nan  0.221252  -1.896772  167.317430  5.214330  -2.146363  229.910004  0.470000
1  167.317430  1.478587  1.478587  -nan  0.976562  1.162292  167.477131  5.940165  0.898296  229.910004  0.470000
1  167.477131  1.478274  1.478274  nan  0.526428  -0.688783  167.626342  5.459504  -0.964946  235.830002  0.200000
1  167.626342  1.480064  1.480064  nan  0.976562  1.230202  167.782566  5.880379  0.950685  235.830002  0.200000
1  167.782566  1.480387  1.480387  nan  0.946045  1.098268  167.936331  5.820764  0.814558  235.830002  0.200000
1  167.936331  1.479990  1.479990  -nan  0.877380  0.839077  168.107253  5.723951  0.558401  235.830002  0.200000
1  168.107253  1.478745  1.478745  nan  0.663757  -0.008219  168.318565  5.485714  -0.276123  235.830002  0.200000
1  168.318565  1.478813  1.478813  -nan  0.595093  -0.470290  168.502118  5.389492  -0.739546  235.830002  0.200000
1  168.502118  1.479558  1.479558  nan  0.495911  -0.938433  168.675733  5.262181  -1.211007  235.830002  0.200000
1  168.675733  1.479557  1.479674  nan  0.602722  -0.328583  168.806614  5.339593  -0.607279  235.830002  0.200000
1  168.806614  1.477021  1.477021  -nan  0.610352  -0.271923  168.949842  5.317898  -0.552380  235.830002  0.200000
1  168.949842  1.477542  1.477542  nan  1.075745  1.491668  169.093639  5.753405  1.209056  286.220001  0.100000
1  169.093639  1.479193  1.479193  -nan  0.381470  -1.163732  169.211518  5.029904  -1.450508  286.220001  0.100000
1  169.211518  1.480756  1.480756  -nan  0.900269  0.857126  169.335283  5.518972  0.568074  286.220001  0.100000
1  169.335283  1.478646  1.478739  -nan  0.404358  -1.158457  169.493616  4.995893  -1.440769  286.220001  0.100000
1  169.493616  1.480725  1.480725  nan  0.671387  0.018097  169.612164  5.233642  -0.266226  286.220001  0.100000
1  169.612164  1.477997  1.477997  -nan  0.854492  0.600382  169.753883  5.387989  0.316913  286.220001  0.100000
1  169.753883  1.478803  1.478803  -nan  0.328064  -1.473637  169.842965  4.829569  -1.767242  286.220001  0.100000
1  169.842965  1.478349  1.478349  nan  0.877380  0.753457  169.955731  5.349204  0.460001  286.220001  0.100000
1  169.955731  1.479980  1.479554  nan  0.297546  -1.469527  170.068796  4.740237  -1.759744  286.220001  0.100000
1  170.068796  1.479721  1.479721  -nan  0.663757  -0.036549  170.162100  5.076664  -0.330212  286.220001  0.100000
1  170.162100  1.479300  1.479300  -nan  0.900269  0.712915  170.277370  5.282436  0.418655  343.630005  0.040000
1  170.277370  1.477905  1.477905  -nan  0.564575  -0.616387  170.382503  4.917274  -0.909289  343.630005  0.040000
1  170.382503  1.479174  1.479174  nan  0.923157  0.760828  170.478757  5.245416  0.465956  343.630005  0.040000
1  170.478757  1.478323  1.478459  nan  0.679016  -0.209807  170.567937  4.970889  -0.507173  343.630005  0.040000
1  170.567937  1.479052  1.479052  nan  1.274109  1.963722  170.651889  5.534496  1.661790  343.630005  0.040000
1  170.651889  1.479122  1.479122  nan  0.328064  -1.674639  170.717039  4.557094  -1.979089  343.630005  0.040000
1  170.717039  1.479945  1.479945  -nan  0.404358  -1.245883  170.809006  4.604400  -1.543717  343.630005  0.040000
1  170.809006  1.478392  1.478392  -nan  1.014709  1.074632  170.894718  5.184514  0.776473  343.630005  0.040000
1  170.894718  1.478900  1.479777  -nan  0.526428  -0.735088  170.978321  4.667120  -1.029489  343.630005  0.040000
1  170.978321  1.477359  1.477359  -nan  1.007080  1.121175  171.032747  5.116120  0.820818  343.630005  0.040000
1  171.032747  1.480528  1.480528  -nan  0.816345  0.384467  171.110849  4.895954  0.087419  205.320007  0.080000
1  171.110849  1.478680  1.478680  -nan  0.213623  -1.954401  171.195942  4.265076  -2.244866  205.320007  0.080000
1  171.195942  1.480760  1.480760  -nan  0.915527  0.949733  171.265725  4.937886  0.660256  205.320007  0.080000
1  171.265725  1.478857  1.479452  -nan  0.694275  0.173857  171.319555  4.686635  -0.117954  205.320007  0.080000
1  171.319555  1.477878  1.477878  nan  0.755310  0.406224  171.395554  4.719526  0.119107  205.320007  0.080000
1  171.395554  1.478673  1.478673  nan  0.389099  -1.106971  171.450459  4.323223  -1.397576  205.320007  0.080000
1  171.450459  1.479918  1.479918  -nan  0.793457  0.394238  171.506769  4.698334  0.101814  205.320007  0.080000
1  171.506769  1.479999  1.479999  nan  0.854492  0.638864  171.569830  4.730540  0.349337  205.320007  0.080000
1  171.569830  1.479635  1.480033  -nan  1.060486  1.392071  171.609519  4.905581  1.097884  205.320007  0.080000
1  171.609519  1.479973  1.479973  -nan  0.846863  0.414104  171.674741  4.662928  0.121693  205.320007  0.080000
1  171.674741  1.478674  1.478674  -nan  1.319885  2.298396  171.715912  5.105767  2.003438  205.320007  0.080000
1  171.715912  1.479813  1.479813  nan  0.549316  -0.690943  171.767557  4.305591  -0.982289  205.320007  0.080000
1  171.767557  1.478955  1.478955  -nan  0.770569  0.404944  171.787854  4.496997  0.112467  89.739998  0.040000
1  171.787854  1.478984  1.479409  -nan  0.259399  -1.703933  171.827942  3.956173  -1.995903  89.739998  0.040000
1  171.827942  1.478623  1.478623  -nan  0.656128  -0.290289  171.859046  4.322241  -0.586089  89.739998  0.040000
1  171.859046  1.478986  1.478986  -nan  0.579834  -0.495332  171.871278  4.215274  -0.793603  89.739998  0.040000
1  171.871278  1.478547  1.478547  -nan  0.961304  1.073154  171.894014  4.566534  0.776722  89.739998  0.040000
1  171.894014  1.479749  1.479749  -nan  0.617981  -0.163215  171.896205  4.192750  -0.461116  89.739998  0.040000
1  171.896205  1.478934  1.479133  nan  0.350952  -1.334889  171.904712  3.894749  -1.635396  89.739998  0.040000
1  171.904712  1.479709  1.479709  nan  0.648499  -0.280065  171.926621  4.162542  -0.578327  89.739998  0.040000
1  171.926621  1.480016  1.480016  nan  0.572205  -0.588830  171.929212  4.055513  -0.888707  104.809998  0.050000
1  171.929212  1.479132  1.479132  nan  0.549316  -0.628430  171.932185  4.002480  -0.927481  104.809998  0.050000
1  171.932185  1.477444  1.477444  -nan  0.724792  0.037830  171.947872  4.148739  -0.257127  104.809998  0.050000
1  171.947872  1.478871  1.478803  nan  0.152588  -2.140625  171.945715  3.546945  -2.435006  104.809998  0.050000
1  171.945715  1.478969  1.478969  -nan  0.373840  -1.311478  171.935616  3.737469  -1.608892  104.809998  0.050000
1  171.935616  1.480857  1.480857  nan  0.839233  0.599025  171.938397  4.173745  0.304125  104.809998  0.050000
1  171.938397  1.479715  1.479715  nan  0.610352  -0.408168  171.950306  3.915926  -0.700326  104.809998  0.050000
1  171.950306  1.481064  1.481064  -nan  1.007080  1.184122  171.935775  4.282350  0.889539  104.809998  0.050000
1  171.935775  1.478515  1.478682  nan  0.907898  0.837614  171.921756  4.153499  0.543657  104.809998  0.050000
1  171.921756  1.477290  1.477290  -nan  0.724792  0.052615  171.909814  3.940443  -0.242211  104.809998  0.050000
1  171.909814  1.479530  1.479530  -nan  0.305176  -1.686269  171.872181  3.488863  -1.987826  57.389999  0.100000
1  171.872181  1.479041  1.479041  nan  1.136780  1.373126  171.869052  4.290493  1.073445  57.389999  0.100000
1  171.869052  1.479247  1.479247  -nan  0.679016  -0.281088  171.828124  3.801919  -0.581152  57.389999  0.100000
1  171.828124  1.479545  1.480015  nan  0.778198  0.162649  171.784611  3.870019  -0.139938  57.389999  0.100000
1  171.784611  1.479677  1.479677  -nan  0.968933  0.869472  171.772312  4.031713  0.572244  57.389999  0.100000
1  171.772312  1.477399  1.477399  -nan  0.129700  -2.443262  171.750128  3.163412  -2.737023  57.389999  0.100000
1  171.750128  1.479583  1.479583  nan  0.717163  -0.045518  171.710555  3.720650  -0.339845  57.389999  0.100000
1  171.710555  1.479431  1.479431  nan  0.778198  0.369652  171.652217  3.751009  0.072326  57.389999  0.100000
1  171.652217  1.481745  1.481816  -nan  0.541687  -0.613153  171.605813  3.484585  -0.910766  57.389999  0.100000
1  171.605813  1.478480  1.478480  -nan  0.717163  0.071909  171.568789  3.630795  -0.223383  57.389999  0.100000
1  171.568789  1.480187  1.480187  -nan  0.747681  0.209974  171.536895  3.632646  -0.080521  25.459999  0.170000
1  171.536895  1.478846  1.478846  -nan  0.877380  0.750380  171.476252  3.732080  0.457138  25.459999  0.170000
1  171.476252  1.478150  1.478150  nan  0.854492  0.492789  171.432264  3.679423  0.199669  25.459999  0.170000
1  171.432264  1.479811  1.478592  nan  0.900269  0.679532  171.371572  3.694833  0.384154  25.459999  0.170000
1  171.371572  1.479767  1.479767  -nan  0.404358  -1.277222  171.303085  3.168413  -1.574302  25.459999  0.170000
1  171.303085  1.480241  1.480241  nan  0.831604  0.568036  171.254104  3.567543  0.277372  25.459999  0.170000
1  171.254104  1.480157  1.480157  -nan  0.991821  1.187160  171.168897  3.696497  0.890679  25.459999  0.170000
1  171.168897  1.479290  1.479290  nan  0.579834  -0.372148  171.081520  3.253800  -0.671262  25.459999  0.170000
1  171.081520  1.478585  1.478690  -nan  0.320435  -1.411569  170.992496  2.963620  -1.712539  25.459999  0.170000
1  170.992496  1.478529  1.478529  -nan  0.831604  0.633353  170.922256  3.445465  0.336286  25.459999  0.170000
1  170.922256  1.479346  1.479346  nan  0.679016  0.150918  170.849135  3.264474  -0.140602  4.360000  0.280000
1  170.849135  1.478863  1.478863  -nan  0.213623  -1.540220  170.753730  2.769242  -1.830876  4.360000  0.280000
1  170.753730  1.479965  1.479965  -nan  0.099182  -1.996078  170.675646  2.626536  -2.284721  4.360000  0.280000
1  170.675646  1.479510  1.479390  -nan  0.686646  0.263338  170.586418  3.183838  -0.027256  4.360000  0.280000
1  170.586418  1.476283  1.476283  -nan  0.762939  0.545673  170.517896  3.232255  0.261210  4.360000  0.280000
1  170.517896  1.478934  1.478934  -nan  1.335144  2.706580  170.431745  3.775446  2.419277  4.360000  0.280000
1  170.431745  1.479229  1.479229  nan  0.373840  -1.246445  170.357899  2.785814  -1.531674  4.360000  0.280000
1  170.357899  1.480293  1.480293  nan  0.808716  0.389846  170.283872  3.192202  0.105849  4.360000  0.280000
1  170.283872  1.479378  1.478998  nan  0.923157  0.827443  170.187431  3.276956  0.540934  4.360000  0.280000
1  170.187431  1.479672  1.479672  -nan  1.243591  2.055733  170.092344  3.567744  1.767240  4.360000  0.280000
1  170.092344  1.478213  1.478213  nan  1.068115  1.406691  170.000072  3.363167  1.120027  4.360000  0.280000
1  170.000072  1.479335  1.479335  nan  0.122070  -2.342311  169.882072  2.386832  -2.633863  4.360000  0.280000
1  169.882072  1.478423  1.478423  -nan  0.228882  -1.741736  169.755866  2.463942  -2.034543  4.360000  0.280000
1  169.755866  1.480393  1.480393  -nan  1.052856  1.729690  169.630626  3.258821  1.438706  305.600006  0.250000
1  169.630626  1.479376  1.479376  nan  0.434875  -0.869559  169.525220  2.611791  -1.159016  305.600006  0.250000
1  169.525220  1.480835  1.480835  -nan  0.518799  -0.555168  169.406044  2.666354  -0.844241  305.600006  0.250000
1  169.406044  1.478943  1.478943  nan  1.098633  1.653291  169.284643  3.216192  1.362058  305.600006  0.250000
1  169.284643  1.479053  1.479053  nan  0.671387  -0.061531  169.183565  2.761315  -0.345908  305.600006  0.250000
1  169.183565  1.479077  1.479077  nan  0.389099  -1.353364  169.082990  2.450424  -1.636628  305.600006  0.250000
1  169.082990  1.479120  1.479120  nan  0.373840  -1.376459  168.963691  2.406253  -1.660127  305.600006  0.250000
1  168.963691  1.480224  1.480671  -nan  0.488281  -0.910435  168.818353  2.490165  -1.200457  225.250000  0.110000
1  168.818353  1.479735  1.479735  nan  0.968933  0.967162  168.708747  2.942920  0.682570  225.250000  0.110000
1  168.708747  1.478859  1.478859  nan  0.511169  -0.692826  168.570737  2.456404  -0.976215  225.250000  0.110000
1  168.570737  1.478964  1.478964  nan  0.381470  -1.065773  168.459516  2.300272  -1.341941  225.250000  0.110000
1  168.459516  1.479833  1.479833  nan  0.434875  -0.943385  168.331640  2.324986  -1.222249  225.250000  0.110000
1  168.331640  1.479608  1.479709  -nan  1.113892  1.721031  168.212081  2.976485  1.443877  225.250000  0.110000
1  168.212081  1.479540  1.479540  nan  0.885010  0.919926  168.080110  2.720077  0.646021  225.250000  0.110000
1  168.080110  1.479049  1.479049  -nan  0.701904  0.008042  167.949703  2.508414  -0.269344  225.250000  0.110000
1  167.949703  1.478994  1.478994  -nan  -0.000000  -2.784487  167.803191  1.777609  -3.064559  225.250000  0.110000
1  167.803191  1.477634  1.477634  -nan  1.060486  1.404749  167.643086  2.808181  1.119986  225.250000  0.110000
1  167.643086  1.479829  1.479671  nan  1.152039  1.877282  167.500608  2.872204  1.597872  232.020004  0.130000
1  167.500608  1.479769  1.479769  -nan  0.770569  0.611118  167.345604  2.463371  0.336620  232.020004  0.130000
1  167.345604  1.479772  1.479772  -nan  0.282288  -1.331793  167.180151  1.946298  -1.609423  232.020004  0.130000
1  167.180151  1.479311  1.479311  nan  1.045227  1.513377  167.044742  2.681586  1.238020  232.020004  0.130000
1  167.044742  1.479500  1.479500  nan  0.442505  -0.846262  166.937573  2.054301  -1.110878  232.020004  0.130000
1  166.937573  1.478154  1.478389  nan  0.526428  -0.531733  166.824134  2.113415  -0.788066  232.020004  0.130000
1  166.824134  1.478840  1.478840  -nan  0.717163  0.115549  166.710597  2.278817  -0.138161  232.020004  0.130000
1  166.710597  1.478627  1.478627  -nan  0.442505  -0.923740  166.625489  1.982333  -1.167357  232.020004  0.130000
1  166.625489  1.480725  1.480725  -nan  1.098633  1.613805  166.446041  2.608900  1.353714  232.020004  0.130000
1  166.446041  1.479417  1.479417  -nan  1.243591  2.097624  166.368967  2.731654  1.851488  232.020004  0.130000
1  166.368967  1.479454  1.479134  -nan  0.541687  -0.645268  166.240678  2.004120  -0.891130  167.699997  0.230000
1  166.240678  1.478126  1.478126  -nan  0.358582  -1.406759  166.101275  1.794933  -1.655833  167.699997  0.230000
1  166.101275  1.478782  1.478782  nan  1.098633  1.597086  166.036873  2.514913  1.362337  167.699997  0.230000
1  166.036873  1.479677  1.479677  nan  1.159668  1.779312  166.035069  2.560253  1.571273  167.699997  0.230000
1  166.035069  1.479537  1.479537  nan  0.083923  -2.361403  165.917945  1.461351  -2.577437  167.699997  0.230000
1  165.917945  1.479646  1.479866  nan  1.335144  2.605626  165.773218  2.686905  2.377733  167.699997  0.230000
1  165.773218  1.479647  1.479647  -nan  0.663757  -0.012951  165.725047  1.997630  -0.221126  167.699997  0.230000
1  165.725047  1.479594  1.479594  -nan  0.694275  0.335901  165.536923  2.001194  0.108669  167.699997  0.230000
1  165.536923  1.478262  1.478262  nan  0.526428  -0.283831  165.395987  1.809234  -0.514487  167.699997  0.230000
1  165.395987  1.479410  1.479410  nan  1.129150  2.121354  165.302272  2.391459  1.901978  167.699997  0.230000
1  165.302272  1.479596  1.479777  nan  0.946045  1.281306  165.303803  2.194388  1.088773  158.710007  0.430000
1  165.303803  1.480797  1.480797  -nan  0.961304  1.069333  165.232383  2.189348  0.875269  158.710007  0.430000
1  165.232383  1.479810  1.479810  -nan  1.045227  1.313134  165.151759  2.252742  1.118229  158.710007  0.430000
1  165.151759  1.479489  1.479489  -nan  0.823975  0.509296  165.057199  2.011048  0.312602  158.710007  0.430000
1  165.057199  1.477945  1.477945  nan  0.465393  -0.900247  164.956870  1.631533  -1.097869  158.710007  0.430000
1  164.956870  1.478452  1.478967  -nan  0.534058  -0.666991  164.873008  1.680300  -0.867236  158.710007  0.430000
1  164.873008  1.476850  1.476850  nan  0.961304  1.199052  164.830421  2.091971  1.015762  158.710007  0.430000
1  164.830421  1.480149  1.480149  -nan  0.495911  -0.565327  164.706114  1.604940  -0.757568  158.710007  0.430000
1  164.706114  1.479482  1.479482  nan  0.999451  1.272043  164.760295  2.098739  1.109907  158.710007  0.430000
1  164.760295  1.479276  1.479276  nan  0.503540  -0.635219  164.748962  1.589415  -0.791298  158.710007  0.430000
1  164.748962  1.478987  1.478989  nan  0.907898  0.830781  164.696174  1.976362  0.670825  158.710007  0.430000
1  164.696174  1.479428  1.479428  -nan  0.785828  0.349402  164.754601  1.845784  0.211147  158.710007  0.430000
1  164.754601  1.479249  1.479249  -nan  0.907898  0.743744  164.835333  1.960331  0.624738  158.710007  0.430000
1  164.835333  1.480244  1.480244  -nan  0.648499  -0.275179  164.723289  1.679799  -0.425554  157.839996  0.300000
1  164.723289  1.478954  1.478954  -nan  0.625610  -0.306079  164.742335  1.645986  -0.439370  157.839996  0.300000
1  164.742335  1.482679  1.481870  -nan  0.724792  -0.061343  164.604962  1.721764  -0.228969  157.839996  0.300000
1  164.604962  1.479839  1.479839  -nan  1.113892  1.636797  164.571409  2.096648  1.479580  157.839996  0.300000
1  164.571409  1.479155  1.479155  -nan  1.289368  2.239641  164.651347  2.265171  2.110749  157.839996  0.300000
1  164.651347  1.479248  1.479248  nan  0.709534  -0.093783  164.554911  1.665796  -0.242453  157.839996  0.300000
1  164.554911  1.478786  1.478786  nan  0.663757  -0.254026  164.538513  1.606674  -0.397584  157.839996  0.300000
1  164.538513  1.479472  1.479620  nan  1.014709  1.238795  164.441326  1.938771  1.081123  184.169998  0.280000
1  164.441326  1.479927  1.479927  -nan  0.907898  0.583212  164.521843  1.824689  0.452074  184.169998  0.280000
1  164.521843  1.479336  1.479336  -nan  0.167847  -2.354904  164.534406  1.073291  -2.481908  184.169998  0.280000
1  164.534406  1.479208  1.479208  -nan  0.236511  -1.984591  164.524228  1.129529  -2.114559  184.169998  0.280000
1  164.524228  1.480735  1.480735  -nan  0.495911  -0.713772  164.439286  1.372253  -0.854513  184.169998  0.280000
1  164.439286  1.478724  1.478873  -nan  0.808716  0.546053  164.493150  1.677546  0.427609  184.169998  0.280000
1  164.493150  1.479532  1.479532  nan  0.465393  -0.933922  164.571805  1.328120  -1.032963  184.169998  0.280000
1  164.571805  1.479584  1.479584  -nan  0.694275  -0.138136  164.582888  1.545757  -0.239405  184.169998  0.280000
1  164.582888  1.479564  1.479564  nan  0.617981  -0.446282  164.555143  1.455890  -0.559795  184.169998  0.280000
1  164.555143  1.478644  1.478644  -nan  0.335693  -1.308336  164.576945  1.165310  -1.411857  184.169998  0.280000
1  164.576945  1.479741  1.479543  -nan  0.801086  0.509892  164.489974  1.613264  0.383355  184.169998  0.280000
1  164.489974  1.477601  1.477601  -nan  0.602722  -0.218016  164.454484  1.401978  -0.345159  221.139999  0.290000
1  164.454484  1.479914  1.479914  nan  0.892639  0.951129  164.506280  1.685194  0.847328  221.139999  0.290000
1  164.506280  1.477944  1.477944  nan  0.885010  0.933563  164.481842  1.665339  0.821533  221.139999  0.290000
1  164.481842  1.480779  1.480779  -nan  0.091553  -2.313531  164.452207  0.858676  -2.432211  221.139999  0.290000
1  164.452207  1.479688  1.479762  -nan  0.450134  -0.950052  164.498812  1.209740  -1.054657  221.139999  0.290000
1  164.498812  1.480284  1.480284  nan  0.350952  -1.345319  164.472104  1.098062  -1.453378  221.139999  0.290000
1  164.472104  1.479901  1.479901  -nan  0.564575  -0.259812  164.459841  1.301590  -0.365461  221.139999  0.290000
1  164.459841  1.478503  1.478503  nan  1.113892  1.872426  164.460972  1.840585  1.767055  221.139999  0.290000
1  164.460972  1.477627  1.477627  nan  1.159668  1.969468  164.458648  1.875679  1.864357  221.139999  0.290000
1  164.458648  1.479922  1.481150  -nan  0.061035  -2.582251  164.458611  0.766076  -2.692001  221.139999  0.290000
1  164.458611  1.479108  1.479108  nan  1.037598  1.555147  164.432930  1.731765  1.447126  215.240005  0.120000
1  164.432930  1.479193  1.479193  -nan  0.335693  -1.290281  164.448996  1.021193  -1.394169  215.240005  0.120000
1  164.448996  1.480376  1.480376  nan  0.679016  0.201006  164.439170  1.354760  0.100215  215.240005  0.120000
1  164.439170  1.480031  1.480031  nan  -0.083923  -2.927380  164.365976  0.576454  -3.045668  215.240005  0.120000
1  164.365976  1.479010  1.478731  -nan  0.862122  0.775919  164.385924  1.513917  0.665695  215.240005  0.120000
1  164.385924  1.479541  1.479541  nan  0.511169  -0.555654  164.357031  1.151569  -0.669237  215.240005  0.120000
1  164.357031  1.479398  1.479398  -nan  0.144958  -1.932057  164.303647  0.772574  -2.052343  215.240005  0.120000
1  164.303647  1.478904  1.478904  nan  1.075745  1.856888  164.201620  1.687185  1.725790  215.240005  0.120000
1  164.201620  1.481011  1.481011  -nan  0.740051  0.558511  164.230738  1.344902  0.448136  215.240005  0.120000
1  164.230738  1.479397  1.479200  -nan  0.442505  -0.581314  164.207628  1.037173  -0.689651  67.629997  0.300000
1  164.207628  1.479784  1.479784  -nan  0.457764  -0.663643  164.169123  1.040197  -0.772175  67.629997  0.300000
1  164.169123  1.479202  1.479202  -nan  0.694275  0.103048  164.089753  1.261237  -0.019010  67.629997  0.300000
1  164.089753  1.479387  1.479387  -nan  0.839233  0.664996  164.173776  1.403132  0.569871  67.629997  0.300000
1  164.173776  1.479043  1.479043  nan  0.930786  0.965941  164.172095  1.485326  0.871326  67.629997  0.300000
1  164.172095  1.480346  1.480197  nan  0.900269  0.813811  164.210491  1.448366  0.729258  67.629997  0.300000
1  164.210491  1.479521  1.479521  nan  0.846863  0.610896  164.277645  1.390833  0.542441  67.629997  0.300000
1  164.277645  1.480183  1.480183  nan  0.579834  -0.384513  164.314334  1.117959  -0.451779  67.629997  0.300000
1  164.314334  1.478455  1.478455  nan  1.022339  1.252759  164.310675  1.550581  1.173616  67.629997  0.300000
1  164.310675  1.479649  1.479649  -nan  0.701904  -0.037357  164.315155  1.221552  -0.118558  67.629997  0.300000
1  164.315155  1.479310  1.479144  -nan  0.854492  0.718030  164.178638  1.355979  0.604216  67.629997  0.300000
1  164.178638  1.479731  1.479731  -nan  0.694275  0.009109  164.198348  1.188246  -0.089707  67.629997  0.300000
1  164.198348  1.479967  1.479967  -nan  0.717163  0.121452  164.280128  1.208609  0.050793  67.629997  0.300000
1  164.280128  1.479080  1.479080  -nan  0.869751  0.837650  164.284502  1.353583  0.763189  69.309998  0.280000
1  164.284502  1.478660  1.478660  -nan  0.961304  1.124399  164.225463  1.431992  1.031967  69.309998  0.280000
1  164.225463  1.478418  1.479770  nan  0.427246  -1.008867  164.198303  0.887538  -1.104588  69.309998  0.280000
1  164.198303  1.478811  1.478811  -nan  0.434875  -0.784904  164.256312  0.892230  -0.858687  69.309998  0.280000
1  164.256312  1.481196  1.481196  -nan  1.083374  1.682154  164.295905  1.534923  1.611710  69.309998  0.280000
1  164.295905  1.480703  1.480703  nan  1.342773  2.609687  164.269612  1.783590  2.528430  69.309998  0.280000
1  164.269612  1.479171  1.479171  -nan  0.869751  0.508323  164.265656  1.300951  0.424392  69.309998  0.280000
1  164.265656  1.481155  1.481130  -nan  0.747681  -0.122626  164.163846  1.162096  -0.234477  328.809998  0.090000
1  164.163846  1.479229  1.479229  nan  0.480652  -1.189971  164.221956  0.890718  -1.277100  328.809998  0.090000
1  164.221956  1.479896  1.479740  -nan  0.419617  -1.153934  164.223253  0.822370  -1.235454  328.809998  0.090000
1  164.223253  1.481011  1.481011  nan  0.923157  0.818475  164.214442  1.317348  0.735693  328.809998  0.090000
1  164.214442  1.479586  1.479586  nan  1.441956  2.906439  164.123195  1.821534  2.802078  328.809998  0.090000
1  164.123195  1.479805  1.479750  nan  0.495911  -0.747329  164.114963  0.867341  -0.844095  328.809998  0.090000
1  164.114963  1.479143  1.479143  nan  0.617981  -0.238421  164.112917  0.981719  -0.329495  328.809998  0.090000
1  164.112917  1.479751  1.479751  -nan  0.350952  -1.140689  164.034956  0.702180  -1.243569  328.809998  0.090000
1  164.034956  1.479568  1.479720  -nan  0.862122  0.903477  164.167258  1.215914  0.842708  328.809998  0.090000
1  164.167258  1.479438  1.479438  -nan  0.663757  0.096599  164.012025  0.998850  -0.006832  328.809998  0.090000
1  164.012025  1.479936  1.479936  -nan  0.595093  -0.119664  163.989356  0.921825  -0.214408  328.809998  0.090000
1  163.989356  1.479160  1.479160  -nan  0.808716  0.781848  163.878533  1.120691  0.672883  272.630005  0.490000
1  163.878533  1.479099  1.479099  -nan  0.549316  -0.344266  163.866830  0.853219  -0.447521  272.630005  0.490000
1  163.866830  1.478655  1.478180  nan  0.892639  0.799116  163.984346  1.197049  0.734821  272.630005  0.490000
1  163.984346  1.479724  1.479724  nan  0.907898  0.909777  164.049389  1.210019  0.861419  272.630005  0.490000
1  164.049389  1.480511  1.480511  nan  0.900269  0.901745  164.066327  1.196684  0.853418  272.630005  0.490000
1  164.066327  1.480013  1.480013  -nan  0.442505  -0.867023  164.173113  0.739985  -0.895160  272.630005  0.490000
1  164.173113  1.480313  1.480313  nan  0.717163  0.202146  164.161734  1.006685  0.154063  272.630005  0.490000
1  164.161734  1.478713  1.479021  -nan  0.785828  0.358783  164.097137  1.063100  0.285452  272.630005  0.490000
1  164.097137  1.478812  1.478812  nan  0.289917  -1.526443  164.050729  0.557180  -1.611747  272.630005  0.490000
1  164.050729  1.479529  1.479529  -nan  1.136780  1.828036  164.013762  1.394405  1.740122  272.630005  0.490000
1  164.013762  1.480304  1.480304  -nan  0.320435  -1.455721  164.094304  0.576828  -1.521121  278.179993  0.270000
1  164.094304  1.480869  1.480869  -nan  0.877380  0.608933  164.153484  1.130419  0.557487  278.179993  0.270000
1  164.153484  1.480094  1.479546  nan  0.724792  0.088741  164.051264  0.963658  0.010513  278.179993  0.270000
1  164.051264  1.478977  1.478977  nan  0.976562  1.136016  164.156529  1.216421  1.086703  278.179993  0.270000
1  164.156529  1.479540  1.479540  -nan  1.098633  1.517918  164.124636  1.328753  1.452300  278.179993  0.270000
1  164.124636  1.478751  1.478751  -nan  0.762939  0.263419  164.085450  0.983805  0.190278  278.179993  0.270000
1  164.085450  1.480152  1.480152  -nan  0.602722  -0.380651  164.163014  0.822323  -0.431770  278.179993  0.270000
1  164.163014  1.479217  1.479414  -nan  0.511169  -0.770131  164.197313  0.726604  -0.817899  278.179993  0.270000
1  164.197313  1.479851  1.479851  nan  0.808716  0.341992  164.044597  1.005851  0.246506  278.179993  0.270000
1  164.044597  1.480246  1.480246  nan  1.251221  2.090498  163.977334  1.436621  1.988208  278.179993  0.270000
1  163.977334  1.479376  1.479376  -nan  1.091003  1.490168  163.949572  1.267985  1.393601  237.690002  0.570000
1  163.949572  1.478674  1.478674  nan  1.045227  1.476150  163.996916  1.220094  1.407735  237.690002  0.570000
1  163.996916  1.480926  1.480494  -nan  0.320435  -1.439049  164.122615  0.498177  -1.473873  237.690002  0.570000
1  164.122615  1.479485  1.479485  -nan  0.663757  -0.028368  164.079871  0.832360  -0.083571  237.690002  0.570000
1  164.079871  1.478441  1.478441  -nan  1.266479  2.285849  163.964628  1.420071  2.197748  237.690002  0.570000
1  163.964628  1.478649  1.478649  nan  1.266479  2.069889  163.818120  1.401899  1.947989  237.690002  0.570000
1  163.818120  1.479974  1.479974  -nan  0.900269  0.896289  163.731083  1.024510  0.781317  237.690002  0.570000
1  163.731083  1.479843  1.479943  -nan  0.717163  0.281898  163.719790  0.835464  0.185914  237.690002  0.570000
1  163.719790  1.479742  1.479742  nan  0.785828  0.486476  163.739967  0.899626  0.404870  237.690002  0.570000
1  163.739967  1.479032  1.479032  -nan  0.587463  -0.233711  163.781596  0.698975  -0.294531  237.690002  0.570000
1  163.781596  1.478949  1.478949  nan  0.610352  -0.060157  163.749276  0.714489  -0.123431  237.690002  0.570000
1  163.749276  1.480057  1.480057  nan  0.801086  0.749684  163.838606  0.906725  0.712310  237.690002  0.570000
1  163.838606  1.479007  1.479500  nan  0.541687  -0.277209  163.871276  0.644561  -0.311115  235.100006  0.830000
1  163.871276  1.480541  1.480541  nan  0.877380  1.063891  163.915629  0.978314  1.034665  235.100006  0.830000
1  163.915629  1.479656  1.479656  -nan  0.373840  -0.918212  163.813544  0.462372  -0.977567  235.100006  0.830000
1  163.813544  1.479826  1.479826  nan  0.610352  0.029900  163.758332  0.689756  -0.042018  235.100006  0.830000
1  163.758332  1.479277  1.479277  nan  0.541687  -0.243040  163.830481  0.621369  -0.292608  235.100006  0.830000
1  163.830481  1.479872  1.479739  -nan  0.442505  -0.699861  163.934033  0.524487  -0.724531  235.100006  0.830000
1  163.934033  1.479570  1.479570  -nan  0.518799  -0.477870  163.853757  0.589325  -0.532394  235.100006  0.830000
1  163.853757  1.479354  1.479354  -nan  0.381470  -1.131344  163.842034  0.445445  -1.188570  231.919998  0.720000
1  163.842034  1.479911  1.479911  -nan  0.755310  0.474237  163.783416  0.810333  0.405565  231.919998  0.720000
1  163.783416  1.480145  1.480145  -nan  0.083923  -2.149686  163.760660  0.132579  -2.213465  231.919998  0.720000
1  163.760660  1.479545  1.479479  nan  1.029968  1.574207  163.887299  1.082659  1.544325  231.919998  0.720000
1  163.887299  1.478266  1.478266  nan  0.381470  -0.871492  163.921402  0.432508  -0.895779  231.919998  0.720000
1  163.921402  1.479554  1.479554  -nan  0.915527  1.138216  163.906702  0.960103  1.097084  231.919998  0.720000
1  163.906702  1.479578  1.479578  -nan  1.136780  1.741888  163.973050  1.179773  1.709508  231.919998  0.720000
1  163.973050  1.480501  1.480501  nan  1.068115  1.546008  163.996265  1.107847  1.515022  231.919998  0.720000
1  163.996265  1.479660  1.479302  nan  0.526428  -0.703866  164.106475  0.568546  -0.713403  231.919998  0.720000
1  164.106475  1.479619  1.479619  nan  0.656128  -0.047838  164.029485  0.687905  -0.085805  231.919998  0.720000
1  164.029485  1.478299  1.478299  -nan  0.526428  -0.766659  164.007836  0.550411  -0.816964  231.919998  0.720000
1  164.007836  1.479075  1.479075  -nan  0.999451  1.159290  163.950395  1.014009  1.094771  235.160004  0.810000
1  163.950395  1.478209  1.478209  nan  0.915527  0.998250  164.044326  0.932660  0.962990  235.160004  0.810000
1  164.044326  1.479954  1.479637  nan  0.648499  0.011573  163.942582  0.653592  -0.055569  235.160004  0.810000
1  163.942582  1.479974  1.479974  -nan  0.480652  -0.800753  163.865002  0.474521  -0.882277  235.160004  0.810000
1  163.865002  1.480338  1.480338  -nan  0.457764  -0.821345  163.916572  0.450869  -0.877736  235.160004  0.810000
1  163.916572  1.478866  1.478866  nan  0.892639  0.862289  163.806390  0.872681  0.782950  235.160004  0.810000
1  163.806390  1.477413  1.477413  nan  0.839233  0.719455  163.715814  0.808381  0.628237  235.160004  0.810000
1  163.715814  1.479334  1.479496  -nan  1.190186  2.038662  163.764654  1.157927  1.972905  235.160004  0.810000
1  163.764654  1.480788  1.480788  -nan  0.633240  -0.072093  163.747985  0.595778  -0.131935  235.160004  0.810000
1  163.747985  1.479129  1.479129  nan  0.976562  1.254346  163.817401  0.939523  1.215685  223.320007  0.880000
1  163.817401  1.480211  1.480211  nan  0.808716  0.501626  163.776110  0.763515  0.447562  223.320007  0.880000
1  163.776110  1.480159  1.480159  -nan  0.808716  0.427282  163.832709  0.762646  0.388155  223.320007  0.880000
1  163.832709  1.478502  1.478924  nan  0.892639  0.826027  163.777705  0.838133  0.772347  223.320007  0.880000
1  163.777705  1.479933  1.479933  -nan  0.404358  -1.238233  163.880531  0.352074  -1.263741  223.320007  0.880000
1  163.880531  1.478399  1.478399  -nan  0.381470  -1.341950  163.971884  0.330956  -1.356655  223.320007  0.880000
1  163.971884  1.480463  1.480463  nan  0.473022  -0.831188  163.801233  0.406015  -0.896234  223.320007  0.880000
1  163.801233  1.478890  1.478890  -nan  0.793457  0.529704  163.755819  0.719154  0.461183  223.320007  0.880000
1  163.755819  1.480433  1.480502  -nan  1.251221  2.411005  163.712823  1.169681  2.343533  223.320007  0.880000
1  163.712823  1.478668  1.478668  -nan  0.259399  -1.515032  163.717225  0.174314  -1.568327  223.320007  0.880000
1  163.717225  1.479711  1.479711  -nan  0.358582  -0.990774  163.638766  0.264330  -1.059454  218.369995  0.840000
1  163.638766  1.479193  1.479193  nan  0.396729  -0.866248  163.648285  0.299311  -0.918252  218.369995  0.840000
1  163.648285  1.480703  1.480703  -nan  0.679016  0.226641  163.856677  0.592927  0.227604  218.369995  0.840000
1  163.856677  1.479864  1.479329  -nan  0.991821  1.425741  163.827222  0.899419  1.408656  218.369995  0.840000
1  163.827222  1.479563  1.479563  nan  0.961304  1.303432  163.822379  0.864734  1.278565  218.369995  0.840000
1  163.822379  1.478487  1.478487  nan  1.083374  1.610264  163.717646  0.974197  1.551224  218.369995  0.840000
1  163.717646  1.478886  1.478886  nan  0.534058  -0.623874  163.860433  0.430842  -0.642040  218.369995  0.840000
1  163.860433  1.480055  1.480055  -nan  0.976562  1.057608  163.963726  0.876167  1.053755  218.369995  0.840000
1  163.963726  1.479682  1.479682  -nan  0.404358  -1.206257  163.969638  0.300025  -1.218852  218.369995  0.840000
1  163.969638  1.478647  1.478647  -nan  0.167847  -2.057519  163.809842  0.048008  -2.120236  218.369995  0.840000
1  163.809842  1.479870  1.479870  nan  1.152039  1.965553  163.762316  1.025105  1.897779  218.369995  0.840000
1  163.762316  1.478813  1.478813  -nan  0.991821  1.249651  163.731069  0.858356  1.183770  218.369995  0.840000
1  163.731069  1.478358  1.478358  nan  0.839233  0.788978  163.722354  0.701879  0.732886  218.369995  0.840000
1  163.722354  1.479584  1.479742  nan  0.480652  -0.592083  163.726069  0.340152  -0.645581  209.740005  0.870000
1  163.726069  1.479548  1.479548  -nan  -0.183105  -3.368832  163.770139  -0.324579  -3.407070  209.740005  0.870000
1  163.770139  1.479316  1.479316  -nan  0.434875  -0.878640  163.787477  0.291034  -0.913298  209.740005  0.870000
1  163.787477  1.479463  1.479463  nan  0.503540  -0.783507  163.726162  0.350511  -0.836150  209.740005  0.870000
1  163.726162  1.479409  1.479409  -nan  0.755310  0.197972  163.739189  0.599035  0.150576  209.740005  0.870000
1  163.739189  1.478540  1.478871  nan  0.259399  -1.615348  163.811841  0.105451  -1.641259  209.740005  0.870000
1  163.811841  1.479357  1.479357  nan  0.595093  -0.099372  163.796533  0.437339  -0.127256  209.740005  0.870000
1  163.796533  1.479908  1.479908  nan  0.740051  0.333709  163.712134  0.572014  0.279838  202.979996  0.930000
1  163.712134  1.480226  1.480226  nan  0.877380  0.847654  163.672412  0.702636  0.791214  202.979996  0.930000
1  163.672412  1.480837  1.480837  nan  0.274658  -1.501173  163.703157  0.098759  -1.542323  202.979996  0.930000
1  163.703157  1.479409  1.479596  -nan  0.816345  0.709035  163.727372  0.639059  0.678505  202.979996  0.930000
1  163.727372  1.480202  1.480202  nan  0.274658  -1.491148  163.735835  0.094420  -1.520100  202.979996  0.930000
1  163.735835  1.477945  1.477945  nan  1.220703  2.327660  163.741202  1.037666  2.302289  202.979996  0.930000
1  163.741202  1.478938  1.478938  -nan  0.816345  0.713039  163.764247  0.631654  0.689949  202.979996  0.930000
1  163.764247  1.479441  1.479441  nan  1.091003  1.745854  163.623992  0.892383  1.688191  202.979996  0.930000
1  163.623992  1.479414  1.479921  -nan  0.625610  -0.360769  163.581742  0.419191  -0.424664  202.979996  0.930000
1  163.581742  1.479733  1.479733  nan  0.656128  -0.118877  163.678639  0.453726  -0.151367  202.979996  0.930000
1  163.678639  1.480499  1.480499  -nan  0.839233  0.606669  163.667365  0.632378  0.569924  182.410004  0.730000
1  163.667365  1.479415  1.479415  -nan  0.984192  1.119419  163.683616  0.774626  1.087034  182.410004  0.730000
1  163.683616  1.480367  1.480367  nan  1.129150  1.876433  163.835939  0.928143  1.883418  182.410004  0.730000
1  163.835939  1.480228  1.479807  -nan  0.389099  -1.029423  163.940313  0.192655  -1.008868  182.410004  0.730000
1  163.940313  1.478863  1.478863  -nan  0.465393  -0.711360  163.912123  0.263602  -0.717350  182.410004  0.730000
1  163.912123  1.479954  1.479954  -nan  0.442505  -0.838216  163.860556  0.233349  -0.869347  182.410004  0.730000
1  163.860556  1.478224  1.478224  nan  0.381470  -1.072863  163.786182  0.163708  -1.122205  182.410004  0.730000
1  163.786182  1.479948  1.479948  -nan  0.747681  0.401570  163.817988  0.529095  0.364039  182.410004  0.730000
1  163.817988  1.479587  1.479568  nan  0.602722  -0.225490  163.951199  0.390500  -0.229884  182.410004  0.730000
1  163.951199  1.480366  1.480366  -nan  0.144958  -1.908107  163.932006  -0.071058  -1.923131  182.410004  0.730000
1  163.932006  1.479044  1.479044  -nan  0.999451  1.345772  163.872945  0.775209  1.306647  180.259995  0.820000
1  163.872945  1.480276  1.480276  -nan  0.686646  0.103391  163.930750  0.463560  0.083498  180.259995  0.820000
1  163.930750  1.479363  1.479363  nan  0.724792  0.148668  163.943931  0.498974  0.132626  180.259995  0.820000
1  163.943931  1.479753  1.478967  nan  0.381470  -1.294545  163.868905  0.146432  -1.337815  180.259995  0.820000
1  163.868905  1.478849  1.478849  -nan  0.114441  -2.055139  163.802119  -0.127251  -2.108794  180.259995  0.820000
1  163.802119  1.480902  1.480902  nan  0.846863  0.742285  163.786793  0.600455  0.689647  180.259995  0.820000
1  163.786793  1.478894  1.478894  -nan  0.816345  0.674894  163.775437  0.566346  0.628607  180.259995  0.820000
1  163.775437  1.479045  1.479045  nan  0.205994  -1.854534  163.863086  -0.041073  -1.878706  180.259995  0.820000
1  163.863086  1.478762  1.478648  nan  1.052856  1.653764  163.887900  0.805262  1.637712  180.259995  0.820000
1  163.887900  1.478790  1.478790  nan  0.450134  -0.697477  163.927572  0.202903  -0.705384  180.259995  0.820000
1  163.927572  1.477812  1.477812  nan  0.045776  -2.385409  163.781066  -0.215275  -2.438709  191.949997  1.100000
1  163.781066  1.479514  1.479514  -nan  0.198364  -1.890270  163.760135  -0.067641  -1.941684  191.949997  1.100000
1  163.760135  1.479159  1.479159  -nan  0.236511  -1.913942  163.838157  -0.027766  -1.943981  191.949997  1.100000
1  163.838157  1.479621  1.479433  -nan  0.679016  -0.113225  163.777244  0.407157  -0.161119  191.949997  1.100000
1  163.777244  1.479694  1.479694  -nan  0.267029  -1.852235  163.806843  -0.006412  -1.886566  191.949997  1.100000
1  163.806843  1.480253  1.480253  -nan  0.564575  -0.637496  163.711939  0.281056  -0.694250  191.949997  1.100000
1  163.711939  1.478119  1.478119  nan  0.564575  -0.664874  163.650228  0.273209  -0.729710  191.949997  1.100000
1  163.650228  1.480338  1.480338  nan  0.602722  -0.517011  163.779021  0.317636  -0.534876  191.949997  1.100000
1  163.779021  1.479961  1.479788  -nan  0.640869  -0.166829  163.695522  0.347567  -0.207756  191.949997  1.100000
1  163.695522  1.480345  1.480345  -nan  0.946045  1.254845  163.872488  0.663837  1.261857  191.949997  1.100000
1  163.872488  1.479322  1.479322  -nan  1.129150  1.915600  163.864767  0.843567  1.911487  191.949997  1.100000
1  163.864767  1.478662  1.478662  nan  0.602722  -0.147328  163.801553  0.310134  -0.171355  191.949997  1.100000
1  163.801553  1.479398  1.479398  -nan  0.411987  -1.038553  163.858132  0.120288  -1.049194  191.949997  1.100000
1  163.858132  1.478638  1.478795  -nan  0.274658  -1.537414  163.801689  -0.023653  -1.567081  199.889999  1.290000
1  163.801689  1.479153  1.479153  nan  0.305176  -1.476362  163.841621  0.006715  -1.496324  199.889999  1.290000
1  163.841621  1.479649  1.479649  nan  0.808716  0.589400  163.868358  0.509761  0.576110  199.889999  1.290000
1  163.868358  1.480381  1.480381  -nan  1.037598  1.306233  163.919633  0.738639  1.300591  199.889999  1.290000
1  163.919633  1.478513  1.478513  nan  0.396729  -1.313452  163.938240  0.095691  -1.324331  199.889999  1.290000
1  163.938240  1.480030  1.480585  nan  1.091003  1.451306  163.991014  0.790780  1.451642  199.889999  1.290000
1  163.991014  1.478276  1.478276  -nan  0.564575  -0.608732  164.043810  0.265237  -0.608336  199.889999  1.290000
1  164.043810  1.478840  1.478840  -nan  0.465393  -0.971754  164.058201  0.164325  -0.973810  201.350006  1.340000
1  164.058201  1.479599  1.479599  -nan  0.740051  0.296730  163.884267  0.424256  0.243115  201.350006  1.340000
1  163.884267  1.478688  1.478688  nan  0.808716  0.546022  163.889464  0.490680  0.500742  201.350006  1.340000
1  163.889464  1.479996  1.479996  -nan  0.862122  0.732187  163.892063  0.541565  0.696888  201.350006  1.340000
1  163.892063  1.479086  1.479086  nan  0.495911  -0.609351  163.901918  0.174137  -0.636492  201.350006  1.340000
1  163.901918  1.477737  1.477737  -nan  0.816345  0.596604  163.868427  0.489334  0.562498  201.350006  1.340000
1  163.868427  1.480469  1.480469  nan  0.938416  1.043060  163.826469  0.605714  1.000409  201.350006  1.340000
1  163.826469  1.478960  1.478960  nan  0.724792  0.311487  163.842330  0.391522  0.284252  201.350006  1.340000
1  163.842330  1.478928  1.479263  -nan  0.572205  -0.312983  163.822885  0.235102  -0.348598  201.350006  1.340000
1  163.822885  1.479849  1.479849  -nan  0.602722  -0.067281  163.820861  0.263985  -0.098398  201.350006  1.340000
1  163.820861  1.479170  1.479170  -nan  0.534058  -0.526770  163.908241  0.198642  -0.538692  201.880005  1.150000
1  163.908241  1.479667  1.479440  -nan  0.343323  -1.365342  163.837708  -0.000113  -1.398428  201.880005  1.150000
1  163.837708  1.481192  1.481192  -nan  0.427246  -0.797721  163.759776  0.076914  -0.842284  201.880005  1.150000
1  163.759776  1.479911  1.479911  -nan  0.823975  0.735927  163.864741  0.478968  0.722505  201.880005  1.150000
1  163.864741  1.480403  1.480403  nan  0.663757  0.219609  163.817074  0.313943  0.191785  201.880005  1.150000
1  163.817074  1.480010  1.480010  -nan  0.427246  -0.810797  163.897158  0.080879  -0.820576  201.880005  1.150000
1  163.897158  1.479630  1.479664  -nan  0.312805  -1.178465  163.796188  -0.042595  -1.214179  201.880005  1.150000
1  163.796188  1.479819  1.479819  -nan  0.305176  -1.345842  163.808935  -0.051970  -1.375858  201.880005  1.150000
1  163.808935  1.478395  1.478395  -nan  0.679016  0.163525  163.767680  0.316829  0.128213  201.880005  1.150000
1  163.767680  1.479484  1.479484  -nan  0.427246  -0.926524  163.718195  0.059036  -0.969372  201.880005  1.150000
1  163.718195  1.479293  1.479293  -nan  0.907898  1.040312  163.780128  0.542430  1.022681  161.789993  0.690000
1  163.780128  1.479791  1.479954  -nan  0.518799  -0.671855  163.819079  0.153280  -0.686305  161.789993  0.690000
1  163.819079  1.479412  1.479412  nan  0.129700  -2.164722  163.765229  -0.241795  -2.196793  161.789993  0.690000
1  163.765229  1.480228  1.480228  -nan  0.419617  -1.076047  163.850657  0.051783  -1.081343  161.789993  0.690000
1  163.850657  1.480171  1.480171  -nan  0.152588  -2.066223  163.866313  -0.215991  -2.068947  161.789993  0.690000
1  163.866313  1.479745  1.479745  -nan  0.419617  -0.986252  163.832128  0.046402  -1.000029  161.789993  0.690000
1  163.832128  1.480197  1.479847  nan  0.778198  0.552397  163.803510  0.401380  0.527375  161.789993  0.690000
1  163.803510  1.479258  1.479258  -nan  1.014709  1.475908  163.804579  0.635966  1.451707  161.789993  0.690000
1  163.804579  1.479339  1.479339  -nan  0.823975  0.608774  163.789254  0.441637  0.577450  161.789993  0.690000
1  163.789254  1.479166  1.479166  -nan  0.717163  0.186257  163.704420  0.326557  0.136299  161.789993  0.690000
1  163.704420  1.479165  1.479165  nan  0.923157  0.961546  163.779853  0.535877  0.935510  134.600006  0.600000
1  163.779853  1.478684  1.478631  nan  1.220703  2.253484  163.680799  0.824589  2.209138  134.600006  0.600000
1  163.680799  1.480461  1.480461  nan  0.534058  -0.454045  163.627723  0.132283  -0.502967  134.600006  0.600000
1  163.627723  1.479293  1.479293  nan  1.075745  1.690302  163.611012  0.670956  1.647816  134.600006  0.600000
1  163.611012  1.479732  1.479732  nan  0.648499  -0.000859  163.648640  0.244647  -0.025883  134.600006  0.600000
1  163.648640  1.479478  1.479478  -nan  0.213623  -1.597613  163.562918  -0.197470  -1.638264  134.600006  0.600000
1  163.562918  1.479854  1.479813  -nan  -0.053406  -2.431035  163.480428  -0.470691  -2.482165  134.600006  0.600000
1  163.480428  1.479805  1.479805  -nan  0.495911  -0.387453  163.584842  0.084244  -0.404878  134.600006  0.600000
1  163.584842  1.480356  1.480356  nan  0.625610  -0.197744  163.585316  0.210867  -0.222348  134.600006  0.600000
1  163.585316  1.478271  1.478271  nan  0.915527  0.974365  163.705725  0.507684  0.976470  134.600006  0.600000
1  163.705725  1.480034  1.480034  nan  0.938416  1.048175  163.590776  0.520156  1.015291  134.600006  0.600000
1  163.590776  1.478456  1.478224  nan  0.816345  0.364194  163.550839  0.392195  0.327796  134.600006  0.600000
1  163.550839  1.478462  1.478462  nan  0.946045  0.999129  163.573483  0.522057  0.975402  134.600006  0.600000
1  163.573483  1.478667  1.478667  -nan  0.511169  -0.715288  163.524702  0.081710  -0.747502  129.029999  0.420000
