0.000000  -0.593380  200
0.000000  -0.594542  200
0.000000  -0.593986  200
0.000000  -0.594162  200
0.000000  -0.593928  200
0.000000  -0.595037  200
0.000000  -0.593589  200
0.000000  -0.594588  200
0.000000  -0.594186  200
0.000000  -0.594450  200
0.000000  -0.594135  200
0.000000  -0.594025  200
0.000000  -0.593911  200
0.000000  -0.593438  200
0.000000  -0.593453  200
0.000000  -0.594145  200
0.000000  -0.594106  200
0.000000  -0.593923  200
0.000000  -0.593109  200
0.000000  -0.593205  200
0.000000  -0.593393  200
0.000000  -0.593157  200
0.000000  -0.593725  200
0.000000  -0.594093  200
0.000000  -0.592991  200
0.000000  -0.593403  200
0.000000  -0.592733  200
0.000000  -0.593980  200
0.000000  -0.592890  200
0.000000  -0.593112  200
0.000000  -0.593381  200
0.000000  -0.593559  200
0.000000  -0.593350  200
0.000000  -0.593347  200
0.000000  -0.593947  200
0.000000  -0.594421  200
0.000000  -0.594414  200
0.000000  -0.594418  200
0.000000  -0.593979  200
0.000000  -0.593869  200
0.000000  -0.594022  200
0.000000  -0.594461  200
0.000000  -0.594241  200
0.000000  -0.594086  200
0.000000  -0.593735  200
0.000000  -0.593880  200
0.000000  -0.593771  200
0.000000  -0.593730  200
0.000000  -0.594478  200
0.000000  -0.593121  200
0.000000  -0.593511  200
0.000000  -0.593241  200
0.000000  -0.593430  200
0.000000  -0.593738  200
0.000000  -0.593736  200
0.000000  -0.593970  200
0.000000  -0.593448  200
0.000000  -0.593794  200
0.000000  -0.592681  200
0.000000  -0.593624  200
0.000000  -0.593311  200
0.000000  -0.593938  200
0.000000  -0.592516  200
0.000000  -0.592803  200
0.000000  -0.593076  200
0.000000  -0.594690  200
0.000000  -0.593736  200
0.000000  -0.593737  200
0.000000  -0.593695  200
0.000000  -0.594138  200
0.000000  -0.594272  200
0.000000  -0.594147  200
0.000000  -0.593313  200
0.000000  -0.594667  200
0.000000  -0.593883  200
0.000000  -0.594329  200
0.000000  -0.595422  200
0.000000  -0.593561  200
0.000000  -0.594749  200
0.000000  -0.594564  200
0.000000  -0.594333  200
0.000000  -0.593887  200
0.000000  -0.593411  200
0.000000  -0.594476  200
0.000000  -0.593784  200
0.000000  -0.594885  200
0.000000  -0.594301  200
0.000000  -0.593541  200
0.000000  -0.593869  200
0.000000  -0.593126  200
0.000000  -0.593856  200
0.000000  -0.593498  200
0.000000  -0.593769  200
0.000000  -0.594694  200
0.000000  -0.593517  200
0.000000  -0.594273  200
0.000000  -0.593829  200
0.000000  -0.594300  200
0.000000  -0.594443  200
0.000000  -0.594781  200
0.000000  -0.594422  200
0.000000  -0.593611  200
0.000000  -0.593823  200
0.000000  -0.594154  200
0.000000  -0.593506  200
0.000000  -0.593640  200
0.000000  -0.592893  200
0.000000  -0.593552  200
0.000000  -0.593708  200
0.000000  -0.594241  200
0.000000  -0.595326  200
0.000000  -0.594877  200
0.000000  -0.595085  200
0.000000  -0.594645  200
0.000000  -0.595352  200
0.000000  -0.594066  200
0.000000  -0.594942  200
0.000000  -0.594552  200
0.000000  -0.595020  200
0.000000  -0.593862  200
0.000000  -0.594061  200
0.000000  -0.594238  200
0.000000  -0.594210  200
0.000000  -0.593118  200
0.000000  -0.594127  200
0.000000  -0.594329  200
0.000000  -0.593592  200
0.000000  -0.594055  200
0.000000  -0.592999  200
0.000000  -0.593434  200
0.000000  -0.594504  200
0.000000  -0.593825  200
0.000000  -0.593521  200
0.000000  -0.593555  200
0.000000  -0.594193  200
0.000000  -0.593792  200
0.000000  -0.593570  200
0.000000  -0.592588  200
0.000000  -0.594387  200
0.000000  -0.594638  200
0.000000  -0.595386  200
0.000000  -0.593445  200
0.000000  -0.593688  200
0.000000  -0.593218  200
0.000000  -0.593681  200
0.000000  -0.593929  200
0.000000  -0.594734  200
0.000000  -0.594517  200
0.000000  -0.594481  200
0.000000  -0.593723  200
0.000000  -0.593653  200
0.000000  -0.593495  200
0.000000  -0.593777  200
0.000000  -0.593577  200
0.000000  -0.593991  200
0.000000  -0.593665  200
0.000000  -0.594441  200
0.000000  -0.593772  200
0.000000  -0.593437  200
0.000000  -0.593948  200
0.000000  -0.593759  200
0.000000  -0.593720  200
0.000000  -0.592892  200
0.000000  -0.593631  200
0.000000  -0.595020  200
0.000000  -0.594724  200
0.000000  -0.595093  200
0.000000  -0.594645  200
0.000000  -0.593865  200
0.000000  -0.594388  200
0.000000  -0.593895  200
0.000000  -0.593406  200
0.000000  -0.593098  200
0.000000  -0.592421  200
0.000000  -0.594423  200
0.000000  -0.593736  200
0.000000  -0.593198  200
0.000000  -0.593515  200
0.000000  -0.594437  200
0.000000  -0.593619  200
0.000000  -0.592668  200
0.000000  -0.593828  200
0.000000  -0.593753  200
0.000000  -0.593551  200
0.000000  -0.593516  200
0.000000  -0.593435  200
0.000000  -0.593618  200
0.000000  -0.592528  200
0.000000  -0.593558  200
0.000000  -0.592979  200
0.000000  -0.593756  200
0.000000  -0.593459  200
0.000000  -0.593528  200
0.000000  -0.593124  200
0.000000  -0.593324  200
0.000000  -0.594263  200
0.000000  -0.593249  200
0.000000  -0.593316  200
0.000000  -0.593265  200
0.000000  -0.593521  200
0.000000  -0.593944  200
0.000000  -0.593522  200
0.000000  -0.594165  200
0.000000  -0.593247  200
0.000000  -0.593839  200
0.000000  -0.593578  200
0.000000  -0.593770  200
0.000000  -0.593280  200
0.000000  -0.593819  200
0.000000  -0.593288  200
0.000000  -0.594022  200
0.000000  -0.593915  200
0.000000  -0.594235  200
0.000000  -0.593611  200
0.000000  -0.594523  200
0.000000  -0.593665  200
0.000000  -0.593552  200
0.000000  -0.593558  200
0.000000  -0.593204  200
0.000000  -0.593298  200
0.000000  -0.592128  200
0.000000  -0.592638  200
0.000000  -0.594098  200
0.000000  -0.592721  200
0.000000  -0.593379  200
0.000000  -0.593554  200
0.000000  -0.593687  200
0.000000  -0.593944  200
0.000000  -0.592811  200
0.000000  -0.593419  200
0.000000  -0.593763  200
0.000000  -0.592779  200
0.000000  -0.593247  200
0.000000  -0.593641  200
0.000000  -0.594546  200
0.000000  -0.593964  200
0.000000  -0.594373  200
0.000000  -0.593732  200
0.000000  -0.594621  200
0.000000  -0.593791  200
0.000000  -0.594375  200
0.000000  -0.593642  200
0.000000  -0.594090  200
0.000000  -0.593653  200
0.000000  -0.593695  200
0.000000  -0.593728  200
0.000000  -0.593442  200
0.000000  -0.593747  200
0.000000  -0.594875  200
0.000000  -0.593338  200
0.000000  -0.594741  200
0.000000  -0.594851  200
0.000000  -0.594762  200
0.000000  -0.593628  200
0.000000  -0.593841  200
0.000000  -0.593201  200
0.000000  -0.593102  200
0.000000  -0.592332  200
0.000000  -0.593697  200
0.000000  -0.591893  200
0.000000  -0.593631  200
0.000000  -0.592993  200
0.000000  -0.594525  200
0.000000  -0.593434  200
0.000000  -0.593631  200
0.000000  -0.593051  200
0.000000  -0.594072  200
0.000000  -0.593689  200
0.000000  -0.594526  200
0.000000  -0.593745  200
0.000000  -0.593420  200
0.000000  -0.593781  200
0.000000  -0.593656  200
0.000000  -0.593480  200
0.000000  -0.593859  200
0.000000  -0.593519  200
0.000000  -0.594393  200
0.000000  -0.594246  200
0.000000  -0.594451  200
0.000000  -0.594764  200
0.000000  -0.594328  200
0.000000  -0.593141  200
0.000000  -0.593833  200
0.000000  -0.593954  200
0.000000  -0.593830  200
0.000000  -0.594450  200
0.000000  -0.594412  200
0.000000  -0.593781  200
0.000000  -0.594113  200
0.000000  -0.593831  200
0.000000  -0.593394  200
0.000000  -0.591549  200
0.000000  -0.593265  200
0.000000  -0.592787  200
0.000000  -0.593332  200
0.000000  -0.592652  200
0.000000  -0.593195  200
0.000000  -0.593109  200
0.000000  -0.593746  200
0.000000  -0.593136  200
0.000000  -0.593875  200
0.000000  -0.592669  200
0.000000  -0.593741  200
0.000000  -0.594473  200
0.000000  -0.594389  200
0.000000  -0.593544  200
0.000000  -0.594569  200
0.000000  -0.593674  200
0.000000  -0.594056  200
0.000000  -0.593334  200
0.000000  -0.593900  200
0.000000  -0.593827  200
0.000000  -0.594462  200
0.000000  -0.594254  200
0.000000  -0.593779  200
0.000000  -0.594284  200
0.000000  -0.594361  200
0.000000  -0.594393  200
0.000000  -0.593622  200
0.000000  -0.593441  200
0.000000  -0.593497  200
0.000000  -0.593852  200
0.000000  -0.594070  200
0.000000  -0.593629  200
0.000000  -0.593925  200
0.000000  -0.594285  200
0.000000  -0.593307  200
0.000000  -0.591869  200
0.000000  -0.593353  200
0.000000  -0.592349  200
0.000000  -0.593732  200
0.000000  -0.593098  200
0.000000  -0.593473  200
0.000000  -0.593317  200
0.000000  -0.593231  200
0.000000  -0.593218  200
0.000000  -0.593456  200
0.000000  -0.592782  200
0.000000  -0.593791  200
0.000000  -0.593497  200
0.000000  -0.593405  200
0.000000  -0.593165  200
0.000000  -0.592891  200
0.000000  -0.593013  200
0.000000  -0.592975  200
0.000000  -0.593619  200
0.000000  -0.592786  200
0.000000  -0.594373  200
0.000000  -0.594909  200
0.000000  -0.593563  200
0.000000  -0.593663  200
0.000000  -0.594541  200
0.000000  -0.594527  200
0.000000  -0.594349  200
0.000000  -0.594281  200
0.000000  -0.593897  200
0.000000  -0.593043  200
0.000000  -0.593815  200
0.000000  -0.593692  200
0.000000  -0.593104  200
0.000000  -0.593375  200
0.000000  -0.593815  200
0.000000  -0.593737  200
0.000000  -0.594705  200
0.000000  -0.593668  200
0.000000  -0.593767  200
0.000000  -0.593261  200
0.000000  -0.593162  200
0.000000  -0.593245  200
0.000000  -0.593796  200
0.000000  -0.594281  200
0.000000  -0.594590  200
0.000000  -0.594013  200
0.000000  -0.593969  200
0.000000  -0.593386  200
0.000000  -0.592944  200
0.000000  -0.593952  200
0.000000  -0.593622  200
0.000000  -0.592469  200
0.000000  -0.593011  200
0.000000  -0.593034  200
0.000000  -0.593851  200
0.000000  -0.593339  200
0.000000  -0.594547  200
0.000000  -0.593900  200
0.000000  -0.594167  200
0.000000  -0.594132  200
0.000000  -0.594350  200
0.000000  -0.593251  200
0.000000  -0.594378  200
0.000000  -0.594004  200
0.000000  -0.593650  200
0.000000  -0.592636  200
0.000000  -0.593090  200
0.000000  -0.593532  200
0.000000  -0.592543  200
0.000000  -0.593239  200
0.000000  -0.593295  200
0.000000  -0.592653  200
0.000000  -0.592743  200
0.000000  -0.594031  200
0.000000  -0.594077  200
0.000000  -0.593993  200
0.000000  -0.593979  200
0.000000  -0.592704  200
0.000000  -0.594033  200
0.000000  -0.593906  200
0.000000  -0.593817  200
0.000000  -0.593695  200
0.000000  -0.593662  200
0.000000  -0.592554  200
0.000000  -0.593539  200
0.000000  -0.593439  200
0.000000  -0.593362  200
0.000000  -0.592878  200
0.000000  -0.592708  200
0.000000  -0.592930  200
0.000000  -0.593470  200
0.000000  -0.592944  200
0.000000  -0.593195  200
0.000000  -0.593676  200
0.000000  -0.594182  200
0.000000  -0.593089  200
0.000000  -0.593658  200
0.000000  -0.592784  200
0.000000  -0.592425  200
0.000000  -0.593706  200
0.000000  -0.594219  200
0.000000  -0.594127  200
0.000000  -0.593436  200
0.000000  -0.592140  200
0.000000  -0.593774  200
0.000000  -0.592713  200
0.000000  -0.593066  200
0.000000  -0.591165  200
0.000000  -0.593728  200
0.000000  -0.594502  200
0.000000  -0.593990  200
0.000000  -0.592401  200
0.000000  -0.593884  200
0.000000  -0.592951  200
0.000000  -0.593399  200
0.000000  -0.593820  200
0.000000  -0.594025  200
0.000000  -0.592839  200
0.000000  -0.593328  200
0.000000  -0.593984  200
0.000000  -0.593363  200
0.000000  -0.593208  200
0.000000  -0.593830  200
0.000000  -0.592774  200
0.000000  -0.593134  200
0.000000  -0.593222  200
0.000000  -0.594584  200
0.000000  -0.593601  200
0.000000  -0.593696  200
0.000000  -0.593008  200
0.000000  -0.593553  200
0.000000  -0.593153  200
0.000000  -0.593455  200
0.000000  -0.593534  200
0.000000  -0.592330  200
0.000000  -0.593208  200
0.000000  -0.593370  200
0.000000  -0.592905  200
0.000000  -0.593330  200
0.000000  -0.593080  200
0.000000  -0.593839  200
0.000000  -0.593758  200
0.000000  -0.593200  200
0.000000  -0.593143  200
0.000000  -0.592707  200
0.000000  -0.593552  200
0.000000  -0.594279  200
0.000000  -0.593608  200
0.000000  -0.593563  200
0.000000  -0.592945  200
0.000000  -0.593669  200
0.000000  -0.593074  200
0.000000  -0.593506  200
0.000000  -0.593117  200
0.000000  -0.593244  200
0.000000  -0.593398  200
0.000000  -0.593402  200
0.000000  -0.593241  200
0.000000  -0.593473  200
0.000000  -0.592925  200
0.000000  -0.593453  200
0.000000  -0.593575  200
0.000000  -0.594467  200
0.000000  -0.593782  200
0.000000  -0.594193  200
0.000000  -0.592348  200
0.000000  -0.592798  200
0.000000  -0.592893  200
0.000000  -0.593109  200
0.000000  -0.593539  200
0.000000  -0.593152  200
0.000000  -0.593264  200
0.000000  -0.594159  200
0.000000  -0.593029  200
0.000000  -0.592944  200
0.000000  -0.593270  200
0.000000  -0.593126  200
0.000000  -0.593165  200
0.000000  -0.593554  200
0.000000  -0.593553  200
0.000000  -0.593265  200
0.000000  -0.592847  200
0.000000  -0.593681  200
0.000000  -0.592739  200
0.000000  -0.593867  200
0.000000  -0.592848  200
0.000000  -0.592761  200
0.000000  -0.594017  200
0.000000  -0.593854  200
0.000000  -0.593587  200
0.000000  -0.594316  200
0.000000  -0.593019  200
0.000000  -0.594658  200
0.000000  -0.593858  200
0.000000  -0.593725  200
0.000000  -0.593132  200
0.000000  -0.594153  200
0.000000  -0.593416  200
0.000000  -0.593376  200
0.000000  -0.592783  200
0.000000  -0.593740  200
0.000000  -0.593372  200
0.000000  -0.593935  200
0.000000  -0.592896  200
0.000000  -0.593457  200
0.000000  -0.593721  200
0.000000  -0.592868  200
0.000000  -0.593887  200
0.000000  -0.593452  200
0.000000  -0.592888  200
0.000000  -0.592581  200
0.000000  -0.592998  200
0.000000  -0.593224  200
0.000000  -0.593719  200
0.000000  -0.594246  200
0.000000  -0.593242  200
0.000000  -0.593070  200
0.000000  -0.593704  200
0.000000  -0.593007  200
0.000000  -0.593623  200
0.000000  -0.593688  200
0.000000  -0.594214  200
0.000000  -0.594374  200
0.000000  -0.593779  200
0.000000  -0.595259  200
0.000000  -0.593652  200
0.000000  -0.594972  200
0.000000  -0.593380  200
0.000000  -0.594489  200
0.000000  -0.592647  200
0.000000  -0.594005  200
0.000000  -0.593419  200
0.000000  -0.593575  200
0.000000  -0.594102  200
0.000000  -0.593446  200
0.000000  -0.592740  200
0.000000  -0.593194  200
0.000000  -0.593657  200
0.000000  -0.594318  200
0.000000  -0.594097  200
0.000000  -0.593132  200
0.000000  -0.593714  200
0.000000  -0.593857  200
0.000000  -0.593517  200
0.000000  -0.593918  200
0.000000  -0.593504  200
0.000000  -0.593175  200
0.000000  -0.592943  200
0.000000  -0.593608  200
0.000000  -0.593728  200
0.000000  -0.593922  200
0.000000  -0.593767  200
0.000000  -0.594072  200
0.000000  -0.593464  200
0.000000  -0.593735  200
0.000000  -0.593892  200
0.000000  -0.593448  200
0.000000  -0.594645  200
0.000000  -0.595287  200
0.000000  -0.594232  200
0.000000  -0.595118  200
0.000000  -0.593945  200
0.000000  -0.594435  200
0.000000  -0.593289  200
0.000000  -0.593802  200
0.000000  -0.593763  200
0.000000  -0.594123  200
0.000000  -0.594428  200
0.000000  -0.592640  200
0.000000  -0.593454  200
0.000000  -0.592967  200
0.000000  -0.592772  200
0.000000  -0.594007  200
0.000000  -0.593408  200
0.000000  -0.592432  200
0.000000  -0.593943  200
0.000000  -0.593561  200
0.000000  -0.593992  200
0.000000  -0.594470  200
0.000000  -0.593555  200
0.000000  -0.592969  200
0.000000  -0.593543  200
0.000000  -0.593492  200
0.000000  -0.592728  200
0.000000  -0.593127  200
0.000000  -0.592951  200
0.000000  -0.592959  200
0.000000  -0.593416  200
0.000000  -0.593518  200
0.000000  -0.593299  200
0.000000  -0.593238  200
0.000000  -0.593472  200
0.000000  -0.593765  200
0.000000  -0.593816  200
0.000000  -0.594106  200
0.000000  -0.593304  200
0.000000  -0.593678  200
0.000000  -0.593206  200
0.000000  -0.594474  200
0.000000  -0.593603  200
0.000000  -0.593853  200
0.000000  -0.593208  200
0.000000  -0.593485  200
0.000000  -0.593220  200
0.000000  -0.593088  200
0.000000  -0.593306  200
0.000000  -0.592948  200
0.000000  -0.593532  200
0.000000  -0.593674  200
0.000000  -0.594010  200
0.000000  -0.593495  200
0.000000  -0.593626  200
0.000000  -0.594207  200
0.000000  -0.594507  200
0.000000  -0.593018  200
0.000000  -0.594334  200
0.000000  -0.592494  200
0.000000  -0.593059  200
0.000000  -0.593417  200
0.000000  -0.592968  200
0.000000  -0.592455  200
0.000000  -0.592749  200
0.000000  -0.593606  200
0.000000  -0.593592  200
0.000000  -0.593561  200
0.000000  -0.593816  200
0.000000  -0.592904  200
0.000000  -0.593501  200
0.000000  -0.593159  200
0.000000  -0.593940  200
0.000000  -0.593681  200
0.000000  -0.593797  200
0.000000  -0.593875  200
0.000000  -0.594589  200
0.000000  -0.593254  200
0.000000  -0.594440  200
0.000000  -0.594057  200
0.000000  -0.594049  200
0.000000  -0.593461  200
0.000000  -0.593792  200
0.000000  -0.593938  200
0.000000  -0.593166  200
0.000000  -0.594185  200
0.000000  -0.594206  200
0.000000  -0.593699  200
0.000000  -0.593071  200
0.000000  -0.592702  200
0.000000  -0.593421  200
0.000000  -0.593693  200
0.000000  -0.594032  200
0.000000  -0.592860  200
0.000000  -0.593266  200
0.000000  -0.592981  200
0.000000  -0.593626  200
0.000000  -0.594008  200
0.000000  -0.593952  200
0.000000  -0.594215  200
0.000000  -0.594386  200
0.000000  -0.593129  200
0.000000  -0.593763  200
0.000000  -0.593426  200
0.000000  -0.593951  200
0.000000  -0.594411  200
0.000000  -0.594714  200
0.000000  -0.593472  200
0.000000  -0.593441  200
0.000000  -0.593747  200
0.000000  -0.594214  200
0.000000  -0.593051  200
0.000000  -0.592708  200
0.000000  -0.593205  200
0.000000  -0.593864  200
0.000000  -0.593382  200
0.000000  -0.593909  200
0.000000  -0.594048  200
0.000000  -0.593363  200
0.000000  -0.593435  200
0.000000  -0.594106  200
0.000000  -0.593833  200
0.000000  -0.593601  200
0.000000  -0.592929  200
0.000000  -0.594234  200
0.000000  -0.593873  200
0.000000  -0.593751  200
0.000000  -0.593746  200
0.000000  -0.593584  200
0.000000  -0.593310  200
0.000000  -0.593467  200
0.000000  -0.593294  200
0.000000  -0.593688  200
0.000000  -0.592998  200
0.000000  -0.593083  200
0.000000  -0.593186  200
0.000000  -0.594694  200
0.000000  -0.593161  200
0.000000  -0.594497  200
0.000000  -0.594155  200
0.000000  -0.593506  200
0.000000  -0.593122  200
0.000000  -0.593944  200
0.000000  -0.593476  200
0.000000  -0.594084  200
0.000000  -0.592775  200
0.000000  -0.593303  200
0.000000  -0.593119  200
0.000000  -0.593199  200
0.000000  -0.593071  200
0.000000  -0.593323  200
0.000000  -0.593478  200
0.000000  -0.593552  200
0.000000  -0.592919  200
0.000000  -0.593282  200
0.000000  -0.593387  200
0.000000  -0.593358  200
0.000000  -0.592628  200
0.000000  -0.593043  200
0.000000  -0.593699  200
0.000000  -0.594212  200
0.000000  -0.593642  200
0.000000  -0.593837  200
0.000000  -0.593076  200
0.000000  -0.593564  200
0.000000  -0.592830  200
0.000000  -0.593639  200
0.000000  -0.593542  200
0.000000  -0.595169  200
0.000000  -0.593899  200
0.000000  -0.594700  200
0.000000  -0.593289  200
0.000000  -0.593602  200
0.000000  -0.593399  200
0.000000  -0.593486  200
0.000000  -0.593430  200
0.000000  -0.594283  200
0.000000  -0.593790  200
0.000000  -0.593630  200
0.000000  -0.594168  200
0.000000  -0.594955  200
0.000000  -0.593008  200
0.000000  -0.592744  200
0.000000  -0.593314  200
0.000000  -0.593414  200
0.000000  -0.592877  200
0.000000  -0.593574  200
0.000000  -0.593460  200
0.000000  -0.593400  200
0.000000  -0.592966  200
0.000000  -0.593511  200
0.000000  -0.592832  200
0.000000  -0.593875  200
0.000000  -0.593223  200
0.000000  -0.592977  200
0.000000  -0.593413  200
0.000000  -0.593193  200
0.000000  -0.593697  200
0.000000  -0.593760  200
0.000000  -0.593613  200
0.000000  -0.593555  200
0.000000  -0.593350  200
0.000000  -0.594502  200
0.000000  -0.593819  200
0.000000  -0.594188  200
0.000000  -0.594284  200
0.000000  -0.594485  200
0.000000  -0.592740  200
0.000000  -0.594011  200
0.000000  -0.593914  200
0.000000  -0.593637  200
0.000000  -0.593428  200
0.000000  -0.593482  200
0.000000  -0.593061  200
0.000000  -0.593493  200
0.000000  -0.593401  200
0.000000  -0.593390  200
0.000000  -0.592794  200
0.000000  -0.592942  200
0.000000  -0.593689  200
0.000000  -0.593495  200
0.000000  -0.593935  200
0.000000  -0.594132  200
0.000000  -0.592999  200
0.000000  -0.593058  200
0.000000  -0.592286  200
0.000000  -0.594047  200
0.000000  -0.593368  200
0.000000  -0.593172  200
0.000000  -0.593272  200
0.000000  -0.592988  200
0.000000  -0.593461  200
0.000000  -0.593448  200
0.000000  -0.592723  200
0.000000  -0.592729  200
0.000000  -0.592659  200
0.000000  -0.593466  200
0.000000  -0.594012  200
0.000000  -0.593586  200
0.000000  -0.593990  200
0.000000  -0.594740  200
0.000000  -0.593765  200
0.000000  -0.593367  200
0.000000  -0.593292  200
0.000000  -0.593650  200
0.000000  -0.593176  200
0.000000  -0.593334  200
0.000000  -0.593370  200
0.000000  -0.592750  200
0.000000  -0.593580  200
0.000000  -0.593921  200
0.000000  -0.594208  200
0.000000  -0.593464  200
0.000000  -0.593367  200
0.000000  -0.593662  200
0.000000  -0.593506  200
0.000000  -0.592993  200
0.000000  -0.593431  200
0.000000  -0.593796  200
0.000000  -0.593847  200
0.000000  -0.594619  200
0.000000  -0.593089  200
0.000000  -0.593430  200
0.000000  -0.593655  200
0.000000  -0.593591  200
0.000000  -0.592425  200
0.000000  -0.592650  200
0.000000  -0.593264  200
0.000000  -0.593688  200
0.000000  -0.592752  200
0.000000  -0.592214  200
0.000000  -0.593250  200
0.000000  -0.593721  200
0.000000  -0.593672  200
0.000000  -0.594936  200
0.000000  -0.594052  200
0.000000  -0.593404  200
0.000000  -0.592931  200
0.000000  -0.593728  200
0.000000  -0.593082  200
0.000000  -0.593824  200
0.000000  -0.593543  200
0.000000  -0.593402  200
0.000000  -0.592968  200
0.000000  -0.593641  200
0.000000  -0.593719  200
0.000000  -0.593957  200
0.000000  -0.593163  200
0.000000  -0.592866  200
0.000000  -0.593287  200
0.000000  -0.593188  200
0.000000  -0.593058  200
0.000000  -0.593666  200
0.000000  -0.593505  200
0.000000  -0.593674  200
0.000000  -0.593449  200
0.000000  -0.593746  200
0.000000  -0.593939  200
0.000000  -0.593805  200
0.000000  -0.593014  200
0.000000  -0.593194  200
0.000000  -0.592255  200
0.000000  -0.592601  200
0.000000  -0.592336  200
0.000000  -0.591816  200
0.000000  -0.593031  200
0.000000  -0.592978  200
0.000000  -0.592973  200
0.000000  -0.592754  200
0.000000  -0.593535  200
0.000000  -0.593250  200
0.000000  -0.593228  200
0.000000  -0.593281  200
0.000000  -0.593824  200
0.000000  -0.593398  200
0.000000  -0.592989  200
0.000000  -0.593419  200
0.000000  -0.593323  200
0.000000  -0.593241  200
0.000000  -0.592784  200
0.000000  -0.593221  200
0.000000  -0.592548  200
0.000000  -0.593992  200
0.000000  -0.592683  200
0.000000  -0.594544  200
0.000000  -0.593601  200
0.000000  -0.592927  200
0.000000  -0.593182  200
0.000000  -0.594488  200
0.000000  -0.593425  200
0.000000  -0.593179  200
0.000000  -0.592495  200
0.000000  -0.592893  200
0.000000  -0.593351  200
0.000000  -0.592570  200
0.000000  -0.592511  200
0.000000  -0.592413  200
0.000000  -0.592997  200
0.000000  -0.592915  200
0.000000  -0.593748  200
0.000000  -0.593520  200
0.000000  -0.594086  200
0.000000  -0.594546  200
0.000000  -0.593602  200
0.000000  -0.593295  200
0.000000  -0.593782  200
0.000000  -0.593053  200
0.000000  -0.592989  200
0.000000  -0.593546  200
0.000000  -0.593369  200
0.000000  -0.593226  200
0.000000  -0.592333  200
0.000000  -0.593074  200
0.000000  -0.593435  200
0.000000  -0.592991  200
0.000000  -0.593834  200
0.000000  -0.593424  200
0.000000  -0.593017  200
0.000000  -0.593357  200
0.000000  -0.594124  200
0.000000  -0.592631  200
0.000000  -0.593196  200
0.000000  -0.593637  200
0.000000  -0.593745  200
0.000000  -0.593937  200
0.000000  -0.592987  200
0.000000  -0.593526  200
0.000000  -0.593684  200
0.000000  -0.593274  200
0.000000  -0.594003  200
0.000000  -0.593631  200
0.000000  -0.593688  200
0.000000  -0.593566  200
0.000000  -0.593571  200
0.000000  -0.592205  200
0.000000  -0.592773  200
0.000000  -0.593256  200
0.000000  -0.593843  200
0.000000  -0.593550  200
0.000000  -0.593575  200
0.000000  -0.593721  200
0.000000  -0.593447  200
0.000000  -0.592771  200
0.000000  -0.593095  200
0.000000  -0.592962  200
0.000000  -0.593337  200
0.000000  -0.593781  200
0.000000  -0.593153  200
0.000000  -0.592635  200
0.000000  -0.592191  200
0.000000  -0.592622  200
0.000000  -0.592693  200
0.000000  -0.593367  200
0.000000  -0.593146  200
0.000000  -0.593801  200
0.000000  -0.594002  200
0.000000  -0.592879  200
0.000000  -0.593327  200
0.000000  -0.593266  200
0.000000  -0.593846  200
0.000000  -0.593387  200
0.000000  -0.594136  200
0.000000  -0.593490  200
0.000000  -0.593508  200
0.000000  -0.593105  200
0.000000  -0.593294  200
0.000000  -0.593078  200
0.000000  -0.594046  200
0.000000  -0.593516  200
0.000000  -0.593159  200
0.000000  -0.593106  200
0.000000  -0.593569  200
0.000000  -0.593135  200
0.000000  -0.592672  200
0.000000  -0.593561  200
0.000000  -0.593047  200
0.000000  -0.592683  200
0.000000  -0.593263  200
0.000000  -0.593513  200
0.000000  -0.593053  200
0.000000  -0.593175  200
0.000000  -0.592935  200
0.000000  -0.592854  200
0.000000  -0.592564  200
0.000000  -0.592046  200
0.000000  -0.592850  200
0.000000  -0.593043  200
0.000000  -0.593651  200
0.000000  -0.592837  200
0.000000  -0.593537  200
0.000000  -0.593169  200
0.000000  -0.594121  200
0.000000  -0.593951  200
0.000000  -0.593507  200
0.000000  -0.593312  200
0.000000  -0.593835  200
0.000000  -0.593844  200
0.000000  -0.593344  200
0.000000  -0.593414  200
0.000000  -0.593951  200
0.000000  -0.593563  200
0.000000  -0.593516  200
0.000000  -0.593992  200
0.000000  -0.594024  200
0.000000  -0.593813  200
0.000000  -0.593191  200
0.000000  -0.594009  200
0.000000  -0.593362  200
0.000000  -0.592962  200
0.000000  -0.592995  200
0.000000  -0.593519  200
0.000000  -0.593497  200
0.000000  -0.593235  200
0.000000  -0.592670  200
0.000000  -0.592487  200
0.000000  -0.593800  200
0.000000  -0.593478  200
0.000000  -0.594091  200
0.000000  -0.592505  200
0.000000  -0.592489  200
0.000000  -0.592767  200
0.000000  -0.592925  200
0.000000  -0.591908  200
0.000000  -0.593825  200
0.000000  -0.593321  200
0.000000  -0.592611  200
0.000000  -0.592827  200
0.000000  -0.593834  200
0.000000  -0.592720  200
0.000000  -0.592850  200
0.000000  -0.594134  200
0.000000  -0.593799  200
0.000000  -0.592514  200
0.000000  -0.593370  200
0.000000  -0.593728  200
0.000000  -0.594596  200
0.000000  -0.592870  200
0.000000  -0.593482  200
0.000000  -0.593615  200
0.000000  -0.593980  200
0.000000  -0.594302  200
0.000000  -0.594033  200
0.000000  -0.593187  200
0.000000  -0.593515  200
0.000000  -0.593229  200
0.000000  -0.592939  200
0.000000  -0.593604  200
0.000000  -0.593255  200
0.000000  -0.593320  200
0.000000  -0.592630  200
0.000000  -0.592613  200
0.000000  -0.592942  200
0.000000  -0.593226  200
0.000000  -0.593191  200
0.000000  -0.592088  200
0.000000  -0.592627  200
0.000000  -0.593325  200
0.000000  -0.592657  200
0.000000  -0.592008  200
0.000000  -0.592798  200
0.000000  -0.593598  200
0.000000  -0.593699  200
0.000000  -0.593747  200
0.000000  -0.593366  200
0.000000  -0.592458  200
0.000000  -0.593238  200
0.000000  -0.593348  200
0.000000  -0.592293  200
0.000000  -0.592473  200
0.000000  -0.593146  200
0.000000  -0.592731  200
0.000000  -0.593586  200
0.000000  -0.594035  200
0.000000  -0.594500  200
0.000000  -0.593507  200
0.000000  -0.593850  200
0.000000  -0.594339  200
0.000000  -0.593534  200
0.000000  -0.593426  200
0.000000  -0.593064  200
0.000000  -0.593278  200
0.000000  -0.593429  200
0.000000  -0.592861  200
0.000000  -0.592243  200
0.000000  -0.592912  200
0.000000  -0.593066  200
0.000000  -0.592961  200
0.000000  -0.593198  200
0.000000  -0.593247  200
0.000000  -0.592609  200
0.000000  -0.594303  200
0.000000  -0.593562  200
0.000000  -0.592679  200
0.000000  -0.593893  200
0.000000  -0.593069  200
0.000000  -0.592032  200
0.000000  -0.592917  200
0.000000  -0.593353  200
0.000000  -0.592968  200
0.000000  -0.592282  200
0.000000  -0.593240  200
0.000000  -0.592327  200
0.000000  -0.592713  200
0.000000  -0.592249  200
0.000000  -0.592130  200
0.000000  -0.592515  200
0.000000  -0.592397  200
0.000000  -0.593098  200
0.000000  -0.592259  200
0.000000  -0.593269  200
0.000000  -0.593351  200
0.000000  -0.593776  200
0.000000  -0.593022  200
0.000000  -0.592956  200
0.000000  -0.593127  200
0.000000  -0.593998  200
0.000000  -0.593114  200
0.000000  -0.592665  200
0.000000  -0.593235  200
0.000000  -0.591780  200
0.000000  -0.592636  200
0.000000  -0.593917  200
0.000000  -0.593358  200
0.000000  -0.592471  200
0.000000  -0.593056  200
0.000000  -0.592958  200
0.000000  -0.593368  200
0.000000  -0.592865  200
0.000000  -0.593423  200
0.000000  -0.593112  200
0.000000  -0.593502  200
0.000000  -0.592318  200
0.000000  -0.593153  200
0.000000  -0.593186  200
0.000000  -0.592947  200
0.000000  -0.592804  200
0.000000  -0.592376  200
0.000000  -0.592759  200
0.000000  -0.593378  200
0.000000  -0.593327  200
0.000000  -0.594704  200
0.000000  -0.592977  200
0.000000  -0.592707  200
0.000000  -0.593044  200
0.000000  -0.593477  200
0.000000  -0.593482  200
0.000000  -0.593462  200
0.000000  -0.593703  200
0.000000  -0.593126  200
0.000000  -0.593752  200
0.000000  -0.592570  200
0.000000  -0.593256  200
0.000000  -0.593090  200
0.000000  -0.593142  200
0.000000  -0.592724  200
0.000000  -0.593365  200
0.000000  -0.592642  200
0.000000  -0.592875  200
0.000000  -0.593293  200
0.000000  -0.593852  200
0.000000  -0.593027  200
0.000000  -0.593350  200
0.000000  -0.593518  200
0.000000  -0.593553  200
0.000000  -0.593459  200
0.000000  -0.593340  200
0.000000  -0.592214  200
0.000000  -0.593187  200
0.000000  -0.593099  200
0.000000  -0.593625  200
0.000000  -0.593382  200
0.000000  -0.593862  200
0.000000  -0.593807  200
0.000000  -0.593972  200
0.000000  -0.593115  200
0.000000  -0.593357  200
0.000000  -0.593043  200
0.000000  -0.593136  200
0.000000  -0.592688  200
0.000000  -0.592486  200
0.000000  -0.593182  200
0.000000  -0.592896  200
0.000000  -0.591640  200
0.000000  -0.593330  200
0.000000  -0.591729  200
0.000000  -0.592234  200
0.000000  -0.592442  200
0.000000  -0.592797  200
0.000000  -0.592322  200
0.000000  -0.593060  200
0.000000  -0.592496  200
0.000000  -0.592997  200
0.000000  -0.592652  200
0.000000  -0.593351  200
0.000000  -0.592689  200
0.000000  -0.592898  200
0.000000  -0.592195  200
0.000000  -0.593034  200
0.000000  -0.592737  200
0.000000  -0.593835  200
0.000000  -0.592622  200
0.000000  -0.594076  200
0.000000  -0.593491  200
0.000000  -0.593821  200
0.000000  -0.593910  200
0.000000  -0.593724  200
0.000000  -0.593560  200
0.000000  -0.592885  200
0.000000  -0.594075  200
0.000000  -0.593343  200
0.000000  -0.592729  200
0.000000  -0.593840  200
0.000000  -0.593160  200
0.000000  -0.594805  200
0.000000  -0.593529  200
0.000000  -0.593371  200
0.000000  -0.592350  200
0.000000  -0.592940  200
0.000000  -0.592981  200
0.000000  -0.593252  200
0.000000  -0.592889  200
0.000000  -0.593229  200
0.000000  -0.593640  200
0.000000  -0.592601  200
0.000000  -0.592424  200
0.000000  -0.593232  200
0.000000  -0.592984  200
0.000000  -0.593217  200
0.000000  -0.593300  200
0.000000  -0.593474  200
0.000000  -0.592761  200
0.000000  -0.592433  200
0.000000  -0.593269  200
0.000000  -0.593058  200
0.000000  -0.592627  200
0.000000  -0.593339  200
0.000000  -0.594062  200
0.000000  -0.593461  200
0.000000  -0.593228  200
0.000000  -0.593410  200
0.000000  -0.593701  200
0.000000  -0.593509  200
0.000000  -0.593407  200
0.000000  -0.593365  200
0.000000  -0.592958  200
0.000000  -0.593352  200
0.000000  -0.593088  200
0.000000  -0.593175  200
0.000000  -0.592994  200
0.000000  -0.592960  200
0.000000  -0.592874  200
0.000000  -0.592138  200
0.000000  -0.592464  200
0.000000  -0.592825  200
0.000000  -0.592485  200
0.000000  -0.593742  200
0.000000  -0.592896  200
0.000000  -0.593267  200
0.000000  -0.592680  200
0.000000  -0.593111  200
0.000000  -0.592441  200
0.000000  -0.594238  200
0.000000  -0.593279  200
0.000000  -0.593113  200
0.000000  -0.592957  200
0.000000  -0.592249  200
0.000000  -0.592842  200
0.000000  -0.593842  200
0.000000  -0.593795  200
0.000000  -0.593144  200
0.000000  -0.592240  200
0.000000  -0.592696  200
0.000000  -0.593740  200
0.000000  -0.593193  200
0.000000  -0.593596  200
0.000000  -0.592705  200
0.000000  -0.593349  200
0.000000  -0.593676  200
0.000000  -0.593732  200
0.000000  -0.593024  200
0.000000  -0.593023  200
0.000000  -0.593017  200
0.000000  -0.592812  200
0.000000  -0.592881  200
0.000000  -0.593116  200
0.000000  -0.592720  200
0.000000  -0.593034  200
0.000000  -0.592928  200
0.000000  -0.593343  200
0.000000  -0.594242  200
0.000000  -0.592383  200
0.000000  -0.593920  200
0.000000  -0.592752  200
0.000000  -0.592953  200
0.000000  -0.592551  200
0.000000  -0.592834  200
0.000000  -0.592883  200
0.000000  -0.592114  200
0.000000  -0.592483  200
0.000000  -0.592543  200
0.000000  -0.593017  200
0.000000  -0.592546  200
0.000000  -0.593487  200
0.000000  -0.592617  200
0.000000  -0.593232  200
0.000000  -0.593286  200
0.000000  -0.592801  200
0.000000  -0.592290  200
0.000000  -0.592686  200
0.000000  -0.592756  200
0.000000  -0.593047  200
0.000000  -0.593435  200
0.000000  -0.592955  200
0.000000  -0.593059  200
0.000000  -0.592891  200
0.000000  -0.592971  200
0.000000  -0.593775  200
0.000000  -0.593214  200
0.000000  -0.592335  200
0.000000  -0.592956  200
0.000000  -0.593517  200
0.000000  -0.593073  200
0.000000  -0.593376  200
0.000000  -0.593426  200
0.000000  -0.593766  200
0.000000  -0.593517  200
0.000000  -0.593706  200
0.000000  -0.593152  200
0.000000  -0.593543  200
0.000000  -0.592315  200
0.000000  -0.593578  200
0.000000  -0.594195  200
0.000000  -0.593017  200
0.000000  -0.594419  200
0.000000  -0.593480  200
0.000000  -0.593674  200
0.000000  -0.593397  200
0.000000  -0.593795  200
0.000000  -0.592645  200
0.000000  -0.592397  200
0.000000  -0.592959  200
0.000000  -0.593189  200
0.000000  -0.592588  200
0.000000  -0.592939  200
0.000000  -0.593413  200
0.000000  -0.592596  200
0.000000  -0.593734  200
0.000000  -0.592318  200
0.000000  -0.592766  200
0.000000  -0.593252  200
0.000000  -0.593718  200
0.000000  -0.592623  200
0.000000  -0.593412  200
0.000000  -0.592169  200
0.000000  -0.593580  200
0.000000  -0.593219  200
0.000000  -0.592777  200
0.000000  -0.592407  200
0.000000  -0.593004  200
0.000000  -0.592729  200
0.000000  -0.592657  200
0.000000  -0.592661  200
0.000000  -0.593871  200
0.000000  -0.593514  200
0.000000  -0.593139  200
0.000000  -0.592893  200
0.000000  -0.593300  200
0.000000  -0.592606  200
0.000000  -0.593157  200
0.000000  -0.592798  200
0.000000  -0.592925  200
0.000000  -0.593275  200
0.000000  -0.593855  200
0.000000  -0.593693  200
0.000000  -0.593623  200
0.000000  -0.593284  200
0.000000  -0.593824  200
0.000000  -0.592985  200
0.000000  -0.593471  200
0.000000  -0.593451  200
0.000000  -0.593100  200
0.000000  -0.592654  200
0.000000  -0.594225  200
0.000000  -0.592760  200
0.000000  -0.593568  200
0.000000  -0.592605  200
0.000000  -0.593731  200
0.000000  -0.593364  200
0.000000  -0.592967  200
0.000000  -0.592093  200
0.000000  -0.593467  200
0.000000  -0.593023  200
0.000000  -0.592151  200
0.000000  -0.593029  200
0.000000  -0.593424  200
0.000000  -0.592762  200
0.000000  -0.593306  200
0.000000  -0.592573  200
0.000000  -0.592835  200
0.000000  -0.593177  200
0.000000  -0.593824  200
0.000000  -0.593171  200
0.000000  -0.593208  200
0.000000  -0.593438  200
0.000000  -0.593792  200
0.000000  -0.593697  200
0.000000  -0.593348  200
0.000000  -0.594380  200
0.000000  -0.593825  200
0.000000  -0.594164  200
0.000000  -0.594894  200
0.000000  -0.594242  200
0.000000  -0.592969  200
0.000000  -0.593885  200
0.000000  -0.593753  200
0.000000  -0.593161  200
0.000000  -0.593916  200
0.000000  -0.592643  200
0.000000  -0.592488  200
0.000000  -0.592329  200
0.000000  -0.593363  200
0.000000  -0.592768  200
0.000000  -0.593091  200
0.000000  -0.591803  200
0.000000  -0.593042  200
0.000000  -0.593027  200
0.000000  -0.593033  200
0.000000  -0.592438  200
0.000000  -0.593059  200
0.000000  -0.593032  200
0.000000  -0.593563  200
0.000000  -0.593102  200
0.000000  -0.592914  200
0.000000  -0.593891  200
0.000000  -0.593351  200
0.000000  -0.593453  200
0.000000  -0.593071  200
0.000000  -0.592054  200
0.000000  -0.592727  200
0.000000  -0.593435  200
0.000000  -0.593406  200
0.000000  -0.593090  200
0.000000  -0.593473  200
0.000000  -0.593147  200
0.000000  -0.594350  200
0.000000  -0.594230  200
0.000000  -0.594153  200
0.000000  -0.593293  200
0.000000  -0.593314  200
0.000000  -0.593377  200
0.000000  -0.593147  200
0.000000  -0.592543  200
0.000000  -0.594023  200
0.000000  -0.591919  200
0.000000  -0.592712  200
0.000000  -0.592093  200
0.000000  -0.593016  200
0.000000  -0.593003  200
0.000000  -0.592767  200
0.000000  -0.592315  200
0.000000  -0.593191  200
0.000000  -0.592762  200
0.000000  -0.591084  200
0.000000  -0.592738  200
0.000000  -0.592354  200
0.000000  -0.592470  200
0.000000  -0.593062  200
0.000000  -0.593113  200
0.000000  -0.593033  200
0.000000  -0.591897  200
0.000000  -0.593255  200
0.000000  -0.592194  200
0.000000  -0.592177  200
0.000000  -0.592177  200
0.000000  -0.592964  200
0.000000  -0.592622  200
0.000000  -0.593525  200
0.000000  -0.593204  200
0.000000  -0.592962  200
0.000000  -0.592319  200
0.000000  -0.593488  200
0.000000  -0.592215  200
0.000000  -0.592321  200
0.000000  -0.592958  200
0.000000  -0.592583  200
0.000000  -0.592583  200
0.000000  -0.593859  200
0.000000  -0.592527  200
0.000000  -0.593884  200
0.000000  -0.593152  200
0.000000  -0.593826  200
0.000000  -0.594373  200
0.000000  -0.593240  200
0.000000  -0.592339  200
0.000000  -0.593746  200
0.000000  -0.592914  200
0.000000  -0.593092  200
0.000000  -0.593362  200
0.000000  -0.593103  200
0.000000  -0.593127  200
0.000000  -0.592753  200
0.000000  -0.592848  200
0.000000  -0.593281  200
0.000000  -0.592774  200
0.000000  -0.593208  200
0.000000  -0.592959  200
0.000000  -0.591878  200
0.000000  -0.592750  200
0.000000  -0.593245  200
0.000000  -0.592883  200
0.000000  -0.592483  200
0.000000  -0.592864  200
0.000000  -0.592986  200
0.000000  -0.593355  200
0.000000  -0.592486  200
0.000000  -0.592348  200
0.000000  -0.592831  200
0.000000  -0.592991  200
0.000000  -0.592877  200
0.000000  -0.592612  200
0.000000  -0.592452  200
0.000000  -0.592851  200
0.000000  -0.593405  200
0.000000  -0.592558  200
0.000000  -0.592872  200
0.000000  -0.593277  200
0.000000  -0.593726  200
0.000000  -0.593232  200
0.000000  -0.592110  200
0.000000  -0.593246  200
0.000000  -0.593863  200
0.000000  -0.593143  200
0.000000  -0.593283  200
0.000000  -0.593018  200
0.000000  -0.593354  200
0.000000  -0.592693  200
0.000000  -0.593345  200
0.000000  -0.593459  200
0.000000  -0.593308  200
0.000000  -0.593136  200
0.000000  -0.593635  200
0.000000  -0.592766  200
0.000000  -0.592912  200
0.000000  -0.593571  200
0.000000  -0.594016  200
0.000000  -0.592939  200
0.000000  -0.593370  200
0.000000  -0.593665  200
0.000000  -0.593222  200
0.000000  -0.592658  200
0.000000  -0.592737  200
0.000000  -0.591302  200
0.000000  -0.591921  200
0.000000  -0.593094  200
0.000000  -0.592189  200
0.000000  -0.593531  200
0.000000  -0.592876  200
0.000000  -0.592978  200
0.000000  -0.592813  200
0.000000  -0.592611  200
0.000000  -0.592507  200
0.000000  -0.593129  200
0.000000  -0.592151  200
0.000000  -0.592423  200
0.000000  -0.592157  200
0.000000  -0.592714  200
0.000000  -0.593159  200
0.000000  -0.593136  200
0.000000  -0.594016  200
0.000000  -0.593244  200
0.000000  -0.592781  200
0.000000  -0.594059  200
0.000000  -0.594120  200
0.000000  -0.593173  200
0.000000  -0.592583  200
0.000000  -0.594218  200
0.000000  -0.593279  200
0.000000  -0.593360  200
0.000000  -0.594101  200
0.000000  -0.593904  200
0.000000  -0.592932  200
0.000000  -0.593562  200
0.000000  -0.592965  200
0.000000  -0.592503  200
0.000000  -0.591824  200
0.000000  -0.593563  200
0.000000  -0.592177  200
0.000000  -0.592104  200
0.000000  -0.592846  200
0.000000  -0.593564  200
0.000000  -0.593499  200
0.000000  -0.592014  200
0.000000  -0.592941  200
0.000000  -0.592965  200
0.000000  -0.593159  200
0.000000  -0.591972  200
0.000000  -0.592834  200
0.000000  -0.592949  200
0.000000  -0.592721  200
0.000000  -0.593332  200
0.000000  -0.592184  200
0.000000  -0.592659  200
0.000000  -0.591907  200
0.000000  -0.593651  200
0.000000  -0.592421  200
0.000000  -0.593780  200
0.000000  -0.592798  200
0.000000  -0.593127  200
0.000000  -0.593436  200
0.000000  -0.594531  200
0.000000  -0.594028  200
0.000000  -0.594191  200
0.000000  -0.593387  200
0.000000  -0.593824  200
0.000000  -0.593086  200
0.000000  -0.592634  200
0.000000  -0.592197  200
0.000000  -0.592976  200
0.000000  -0.593447  200
0.000000  -0.593335  200
0.000000  -0.593186  200
0.000000  -0.592658  200
0.000000  -0.593068  200
0.000000  -0.593551  200
0.000000  -0.592310  200
0.000000  -0.592613  200
0.000000  -0.592520  200
0.000000  -0.593377  200
0.000000  -0.593074  200
0.000000  -0.592279  200
0.000000  -0.592596  200
0.000000  -0.592641  200
0.000000  -0.592691  200
0.000000  -0.593105  200
0.000000  -0.593816  200
0.000000  -0.593123  200
0.000000  -0.592039  200
0.000000  -0.593071  200
0.000000  -0.592612  200
0.000000  -0.593274  200
0.000000  -0.592203  200
0.000000  -0.592822  200
0.000000  -0.593132  200
0.000000  -0.593039  200
0.000000  -0.593373  200
0.000000  -0.593928  200
0.000000  -0.593083  200
0.000000  -0.593163  200
0.000000  -0.593443  200
0.000000  -0.593742  200
0.000000  -0.593186  200
0.000000  -0.593176  200
0.000000  -0.592748  200
0.000000  -0.592905  200
0.000000  -0.592557  200
0.000000  -0.592747  200
0.000000  -0.591906  200
0.000000  -0.592518  200
0.000000  -0.592829  200
0.000000  -0.593718  200
0.000000  -0.593461  200
0.000000  -0.591779  200
0.000000  -0.592554  200
0.000000  -0.593913  200
0.000000  -0.592656  200
0.000000  -0.591798  200
0.000000  -0.592948  200
0.000000  -0.592624  200
0.000000  -0.591442  200
0.000000  -0.593402  200
0.000000  -0.592335  200
0.000000  -0.592095  200
0.000000  -0.592293  200
0.000000  -0.593552  200
0.000000  -0.591931  200
0.000000  -0.593619  200
0.000000  -0.593280  200
0.000000  -0.592946  200
0.000000  -0.592848  200
0.000000  -0.592981  200
