mode yawCmd rudderSet rudderIs gpsCourse gpsSpeed cY cW cWd mY mW mWd accGyroCount magCount psid psiTilde rTilde integralPsiTilde rudderMoment tauFF 
1  0.000000  -6.672564  -6.672564  10764440240708326001007596767480551741458887946827864364362509791694973162038523249900832494614673612589678105488400507182493605556786237115154799047180166305481836417011259144451827528750464100174452685660277745992715789747260014201443187024120518328429481736273920.000000  0.000000 -nan  -nan  5.395199  36.850609  0.961452  -0.364753 435 208 0.000000  0.000000  0.000000  0.000000  0.000000  0.000000 
1  36.850609  -6.668848  -6.668848  10764440240708326001007596767480551741458887946827864364362509791694973162038523249900832494614673612589678105488400507182493605556786237115154799047180166305481836417011259144451827528750464100174452685660277745992715789747260014201443187024120518328429481736273920.000000  0.000000 nan  -nan  -1.422127  38.676458  1.162883  0.387015 25 12 36.850609  0.000000  0.000000  0.000000  0.000000  0.000000 
1  38.676458  -6.667633  -6.667633  10764440240708326001007596767480551741458887946827864364362509791694973162038523249900832494614673612589678105488400507182493605556786237115154799047180166305481836417011259144451827528750464100174452685660277745992715789747260014201443187024120518328429481736273920.000000  0.000000 nan  -nan  -1.053179  40.637267  1.125996  0.100893 24 13 38.676458  0.000000  0.000000  0.000000  0.000000  0.000000 
1  40.637267  -6.668025  -6.668025  10764440240708326001007596767480551741458887946827864364362509791694973162038523249900832494614673612589678105488400507182493605556786237115154799047180166305481836417011259144451827528750464100174452685660277745992715789747260014201443187024120518328429481736273920.000000  0.000000 -nan  -nan  -2.282422  42.514260  1.189440  0.091477 26 12 40.637267  0.000000  0.000000  0.000000  0.000000  0.000000 
1  42.514260  -6.668942  -6.668942  10764440240708326001007596767480551741458887946827864364362509791694973162038523249900832494614673612589678105488400507182493605556786237115154799047180166305481836417011259144451827528750464100174452685660277745992715789747260014201443187024120518328429481736273920.000000  0.000000 nan  -nan  -2.730871  44.403741  1.337519  0.479783 25 12 42.514260  0.000000  0.000000  0.000000  0.000000  0.000000 
1  44.403741  -6.668192  -6.668192  10764440240708326001007596767480551741458887946827864364362509791694973162038523249900832494614673612589678105488400507182493605556786237115154799047180166305481836417011259144451827528750464100174452685660277745992715789747260014201443187024120518328429481736273920.000000  0.000000 nan  -nan  -0.820297  46.252397  1.327044  0.311828 25 12 44.403741  0.000000  0.000000  0.000000  0.000000  0.000000 
1  46.252397  -6.668098  -6.668098  10764440240708326001007596767480551741458887946827864364362509791694973162038523249900832494614673612589678105488400507182493605556786237115154799047180166305481836417011259144451827528750464100174452685660277745992715789747260014201443187024120518328429481736273920.000000  0.000000 nan  -nan  -2.068195  48.130329  1.358982  0.263269 25 12 46.252397  0.000000  0.000000  0.000000  0.000000  0.000000 
1  48.130329  -6.667305  -6.667305  10764440240708326001007596767480551741458887946827864364362509791694973162038523249900832494614673612589678105488400507182493605556786237115154799047180166305481836417011259144451827528750464100174452685660277745992715789747260014201443187024120518328429481736273920.000000  0.000000 -nan  -nan  -0.709690  49.994515  1.425972  0.399290 24 12 48.130329  0.000000  0.000000  0.000000  0.000000  0.000000 
1  49.994515  -6.667857  -6.667779  10764440240708326001007596767480551741458887946827864364362509791694973162038523249900832494614673612589678105488400507182493605556786237115154799047180166305481836417011259144451827528750464100174452685660277745992715789747260014201443187024120518328429481736273920.000000  0.000000 nan  -nan  -2.353777  51.891264  1.362828  0.081037 25 12 49.994515  0.000000  0.000000  0.000000  0.000000  0.000000 
1  51.891264  -6.667906  -6.667906  169.009995  0.030000 -nan  -nan  -1.598480  53.744223  1.551652  0.757742 25 12 51.891264  0.000000  0.000000  0.000000  0.000000  0.000000 
1  53.744223  -6.667229  -6.667229  169.009995  0.030000 nan  -nan  -2.792690  55.589088  1.465345  0.235267 25 12 53.744223  0.000000  0.000000  0.000000  0.000000  0.000000 
1  55.589088  -6.666714  -6.666714  169.009995  0.030000 -nan  -nan  0.715824  57.289038  1.574009  0.516429 26 11 55.589088  0.000000  0.000000  0.000000  0.000000  0.000000 
1  57.289038  -6.665383  -6.665383  169.009995  0.030000 nan  -nan  -3.595655  59.059810  1.455168  -0.029500 25 12 57.289038  0.000000  0.000000  0.000000  0.000000  0.000000 
1  59.059810  -6.665350  -6.665350  169.009995  0.030000 -nan  -nan  -2.096999  60.789564  1.555205  0.359295 25 12 59.059810  0.000000  0.000000  0.000000  0.000000  0.000000 
1  60.789564  -6.665920  -6.665920  169.009995  0.030000 -nan  -nan  1.602704  62.434738  1.792769  1.091218 25 12 60.789564  0.000000  0.000000  0.000000  0.000000  0.000000 
1  62.434738  -6.666115  -6.666021  169.009995  0.030000 -nan  -nan  -0.653925  64.122815  1.580102  0.241685 25 12 62.434738  0.000000  0.000000  0.000000  0.000000  0.000000 
1  64.122815  -6.665400  -6.665400  251.419998  0.020000 -nan  -nan  1.721493  65.749431  1.752597  0.948374 25 12 64.122815  0.000000  0.000000  0.000000  0.000000  0.000000 
1  65.749431  -6.665812  -6.665812  251.419998  0.020000 -nan  -nan  -4.678014  67.554295  1.713682  0.483274 25 12 65.749431  0.000000  0.000000  0.000000  0.000000  0.000000 
1  67.554295  -6.664956  -6.664956  251.419998  0.020000 nan  -nan  1.104321  69.209074  1.906681  0.994202 25 12 67.554295  0.000000  0.000000  0.000000  0.000000  0.000000 
1  69.209074  -6.666298  -6.666298  251.419998  0.020000 -nan  -nan  0.601728  70.735010  1.854181  0.595907 25 12 69.209074  0.000000  0.000000  0.000000  0.000000  0.000000 
1  70.735010  -6.667139  -6.667139  251.419998  0.020000 nan  -nan  -1.081753  72.399701  1.925532  0.631519 25 12 70.735010  0.000000  0.000000  0.000000  0.000000  0.000000 
1  72.399701  -6.662686  -6.662686  251.419998  0.020000 -nan  -nan  -3.523030  74.095105  1.829144  0.080075 25 12 72.399701  0.000000  0.000000  0.000000  0.000000  0.000000 
1  74.095105  -6.660309  -6.660185  251.419998  0.020000 -nan  -nan  -2.567756  75.690236  1.743763  -0.149087 25 12 74.095105  0.000000  0.000000  0.000000  0.000000  0.000000 
1  75.690236  -6.660825  -6.660825  251.419998  0.020000 nan  -nan  -0.506410  77.134448  1.976582  0.687957 25 12 75.690236  0.000000  0.000000  0.000000  0.000000  0.000000 
1  77.134448  -6.659513  -6.659513  251.419998  0.020000 nan  -nan  3.877466  78.543338  2.000378  0.729788 24 12 77.134448  0.000000  0.000000  0.000000  0.000000  0.000000 
1  78.543338  -6.660823  -6.660823  251.419998  0.020000 -nan  -nan  0.283364  79.884967  1.923030  0.259935 25 12 78.543338  0.000000  0.000000  0.000000  0.000000  0.000000 
