1  -1.535808  -1.535808  -nan  0.015979  0.029597  4.624320  0.020219  0.032057  3772238668074342249065710019742693599527320104462629945427359827591023619461717659605949097275137783881544095615585725608156530303678582553171639670541553607925078453550909482411067106694374112091925963948789696709406126196510948697075654165237885173274111960416256.000000  10511173170742743135061119718046036630814159014903415602791080812346168096650774708007599551522126692101697690540759661861125279572681114366970998964985196961769305609118421553889491473622662785222208898294422076894498356558135322437520555170645871800411323705065472.000000
1  -1.510139  -1.510139  nan  0.007057  -0.006896  4.877157  0.011548  -0.004426  3772238668074342249065710019742693599527320104462629945427359827591023619461717659605949097275137783881544095615585725608156530303678582553171639670541553607925078453550909482411067106694374112091925963948789696709406126196510948697075654165237885173274111960416256.000000  10511173170742743135061119718046036630814159014903415602791080812346168096650774708007599551522126692101697690540759661861125279572681114366970998964985196961769305609118421553889491473622662785222208898294422076894498356558135322437520555170645871800411323705065472.000000
1  -1.499659  -1.501434  -nan  0.009055  0.004481  5.116354  0.013800  0.006967  3772238668074342249065710019742693599527320104462629945427359827591023619461717659605949097275137783881544095615585725608156530303678582553171639670541553607925078453550909482411067106694374112091925963948789696709406126196510948697075654165237885173274111960416256.000000  10511173170742743135061119718046036630814159014903415602791080812346168096650774708007599551522126692101697690540759661861125279572681114366970998964985196961769305609118421553889491473622662785222208898294422076894498356558135322437520555170645871800411323705065472.000000
1  -1.530677  -1.530677  nan  0.011718  0.018086  5.360278  0.016716  0.020582  3772238668074342249065710019742693599527320104462629945427359827591023619461717659605949097275137783881544095615585725608156530303678582553171639670541553607925078453550909482411067106694374112091925963948789696709406126196510948697075654165237885173274111960416256.000000  10511173170742743135061119718046036630814159014903415602791080812346168096650774708007599551522126692101697690540759661861125279572681114366970998964985196961769305609118421553889491473622662785222208898294422076894498356558135322437520555170645871800411323705065472.000000
1  -1.268285  -1.268285  -nan  0.009987  0.011137  5.613664  0.015242  0.013644  237.220001  0.010000
1  -1.090421  -1.090421  nan  0.004394  -0.010297  5.868996  0.009910  -0.007763  237.220001  0.010000
1  -1.206029  -1.206029  nan  0.010120  0.013947  6.124905  0.015897  0.016497  237.220001  0.010000
1  -1.245531  -1.245531  nan  0.025300  0.076105  6.376329  0.031333  0.078650  237.220001  0.010000
1  -1.209689  -1.209689  nan  0.015313  0.033912  6.652473  0.021610  0.036473  237.220001  0.010000
1  -1.144543  -1.144543  -nan  0.006525  -0.003626  6.931799  0.013086  -0.001054  237.220001  0.010000
1  -1.277600  -1.277600  -nan  0.014514  0.027070  7.216601  0.021338  0.029647  237.220001  0.010000
1  -1.281241  -1.281241  nan  0.005726  -0.009204  7.509625  0.012821  -0.006594  237.220001  0.010000
1  -1.287688  -1.287688  nan  0.011585  0.017451  7.795350  0.018964  0.020122  237.220001  0.010000
1  -1.292022  -1.292022  -nan  0.005859  -0.003958  8.078548  0.013505  -0.001298  237.220001  0.010000
1  -1.304152  -1.305022  nan  0.017577  0.038431  8.397378  0.025499  0.041109  237.220001  0.010000
1  -1.295263  -1.295263  -nan  0.003995  -0.016331  8.709322  0.012200  -0.013623  237.220001  0.010000
1  -1.299734  -1.299734  nan  0.005726  -0.008599  9.025575  0.014222  -0.005841  237.220001  0.010000
1  -1.294654  -1.294654  -nan  0.008123  0.000457  9.358653  0.016921  0.003283  256.609985  0.020000
1  -1.285170  -1.285170  nan  0.015579  0.029075  9.701564  0.024679  0.031946  256.609985  0.020000
1  -1.270860  -1.270860  nan  0.009188  0.003734  10.057822  0.018610  0.006702  256.609985  0.020000
1  -1.284383  -1.284383  nan  0.009321  0.006592  10.398651  0.019051  0.009577  256.609985  0.020000
1  -1.284501  -1.284872  -nan  0.014914  0.027550  10.749349  0.024947  0.030523  256.609985  0.020000
1  -1.272527  -1.272527  -nan  -0.000000  -0.033184  11.126542  0.010370  -0.030098  256.609985  0.020000
1  -1.267708  -1.267708  -nan  0.005326  -0.013283  11.528456  0.016050  -0.010076  256.609985  0.020000
1  -1.261543  -1.261543  nan  0.016378  0.030035  11.921262  0.027437  0.033272  281.380005  0.010000
1  -1.258047  -1.258047  nan  0.017710  0.031642  12.316053  0.029098  0.034874  281.380005  0.010000
1  -1.249043  -1.249043  -nan  0.002929  -0.023551  12.693504  0.014633  -0.020363  281.380005  0.010000
1  -1.251180  -1.251180  nan  0.009454  0.003150  13.102889  0.021503  0.006413  281.380005  0.010000
1  -1.268997  -1.268997  -nan  0.005193  -0.014296  13.524601  0.017598  -0.010957  281.380005  0.010000
1  -1.267365  -1.267365  -nan  0.016778  0.032444  13.946305  0.029546  0.035858  281.380005  0.010000
1  -1.267324  -1.267324  -nan  0.016245  0.028901  14.369643  0.029352  0.032290  281.380005  0.010000
1  -1.272466  -1.272466  nan  0.010519  0.005479  14.780784  0.023945  0.008785  281.380005  0.010000
1  -1.270814  -1.270814  nan  0.006525  -0.009847  15.192543  0.020288  -0.006534  281.380005  0.010000
1  -1.274365  -1.274365  -nan  0.003196  -0.021361  15.606731  0.017305  -0.018007  281.380005  0.010000
1  -1.278078  -1.278078  -nan  0.005193  -0.012193  16.015115  0.019638  -0.008850  296.640015  0.010000
1  -1.297164  -1.297803  nan  -0.000533  -0.038703  16.477652  0.014283  -0.035258  296.640015  0.010000
1  -1.301754  -1.301754  nan  0.011452  0.007172  16.923704  0.026617  0.010629  296.640015  0.010000
1  -1.282231  -1.282231  nan  0.000266  -0.038426  17.395848  0.015803  -0.034893  296.640015  0.010000
1  -1.406191  -1.406191  -nan  0.003728  -0.025323  17.890965  0.019685  -0.021579  296.640015  0.010000
