mode yawCmd rudderSet rudderIs gpsCourse gpsSpeed cY cW cWd mY mW mWd accGyroCount magCount psid psiTilde rTilde integralPsiTilde rudderMoment tauFF 
1  0.000000  1.217160  1.217160  9945731236024510852298634813924403605245236900566780989503083165175905888865818363112366550505868166483865427582598031911309244078967763342789460946171356312067425638508526913920851322501986774831689751992665362629195372062271821860269940443348370811769394873499648.000000  0.000000 32.893201  0.282327  -0.162316  78.040354  1.094859  0.062914 445 221 0.000000  0.000000  0.000000  0.000000  0.000000  0.000000 
1  78.040354  1.217006  1.217599  9945731236024510852298634813924403605245236900566780989503083165175905888865818363112366550505868166483865427582598031911309244078967763342789460946171356312067425638508526913920851322501986774831689751992665362629195372062271821860269940443348370811769394873499648.000000  0.000000 36.664949  0.715922  -0.110858  83.889904  1.129618  0.056165 24 13 78.040354  0.000000  0.000000  0.000000  0.000000  0.000000 
1  83.889904  1.217895  1.217895  9945731236024510852298634813924403605245236900566780989503083165175905888865818363112366550505868166483865427582598031911309244078967763342789460946171356312067425638508526913920851322501986774831689751992665362629195372062271821860269940443348370811769394873499648.000000  0.000000 40.428327  0.976306  -1.259803  89.504089  1.108691  -0.001572 26 12 83.889904  0.000000  0.000000  0.000000  0.000000  0.000000 
1  89.504089  1.217597  1.217597  9945731236024510852298634813924403605245236900566780989503083165175905888865818363112366550505868166483865427582598031911309244078967763342789460946171356312067425638508526913920851322501986774831689751992665362629195372062271821860269940443348370811769394873499648.000000  0.000000 44.388326  0.519523  -0.839296  95.193542  1.205813  0.268082 24 13 89.504089  0.000000  0.000000  0.000000  0.000000  0.000000 
1  95.193542  1.217724  1.217724  9945731236024510852298634813924403605245236900566780989503083165175905888865818363112366550505868166483865427582598031911309244078967763342789460946171356312067425638508526913920851322501986774831689751992665362629195372062271821860269940443348370811769394873499648.000000  0.000000 48.186421  0.868977  0.562153  100.459793  1.255603  0.350782 26 12 95.193542  0.000000  0.000000  0.000000  0.000000  0.000000 
1  100.459793  1.218582  1.218582  9945731236024510852298634813924403605245236900566780989503083165175905888865818363112366550505868166483865427582598031911309244078967763342789460946171356312067425638508526913920851322501986774831689751992665362629195372062271821860269940443348370811769394873499648.000000  0.000000 52.395829  0.617956  -0.287666  105.761107  1.171557  -0.106774 25 12 100.459793  0.000000  0.000000  0.000000  0.000000  0.000000 
1  105.761107  1.217499  1.217499  173.500000  0.120000 56.728596  0.679066  0.098290  111.051261  1.163622  -0.087141 24 13 105.761107  0.000000  0.000000  0.000000  0.000000  0.000000 
1  111.051261  1.218801  1.218801  173.500000  0.120000 61.051815  1.006948  0.232260  116.102436  1.374857  0.622897 26 12 111.051261  0.000000  0.000000  0.000000  0.000000  0.000000 
1  116.102436  1.219505  1.219324  173.500000  0.120000 65.187803  0.892439  0.025341  121.072376  1.318482  0.280484 24 12 116.102436  0.000000  0.000000  0.000000  0.000000  0.000000 
1  121.072376  1.218095  1.218095  173.500000  0.120000 69.812720  0.849183  0.548309  126.177442  1.435801  0.603460 25 13 121.072376  0.000000  0.000000  0.000000  0.000000  0.000000 
1  126.177442  1.219195  1.219195  173.500000  0.120000 74.223422  0.282371  0.137882  130.959888  1.394319  0.253769 26 12 126.177442  0.000000  0.000000  0.000000  0.000000  0.000000 
1  130.959888  1.217716  1.217716  173.500000  0.120000 78.828544  0.381080  -1.104463  136.006637  1.283945  -0.220111 24 13 130.959888  0.000000  0.000000  0.000000  0.000000  0.000000 
1  136.006637  1.218407  1.218407  173.500000  0.120000 83.041374  0.368382  -1.209927  140.819702  1.410849  0.303887 26 12 136.006637  0.000000  0.000000  0.000000  0.000000  0.000000 
1  140.819702  1.216680  1.216931  135.880005  0.220000 87.512490  0.293806  -0.228451  145.725921  1.412874  0.160409 25 12 140.819702  0.000000  0.000000  0.000000  0.000000  0.000000 
1  145.725921  1.217940  1.217940  135.880005  0.220000 91.839683  0.791371  0.557580  150.403998  1.472536  0.336592 24 13 145.725921  0.000000  0.000000  0.000000  0.000000  0.000000 
1  150.403998  1.217974  1.217974  135.880005  0.220000 96.142230  0.131946  0.117321  155.084189  1.612542  0.609592 25 12 150.403998  0.000000  0.000000  0.000000  0.000000  0.000000 
1  155.084189  1.218846  1.218846  135.880005  0.220000 99.913205  1.058086  1.858486  158.826719  1.509855  0.138045 25 12 155.084189  0.000000  0.000000  0.000000  0.000000  0.000000 
1  158.826719  1.219222  1.219222  135.880005  0.220000 103.845863  0.313057  0.017081  159.688171  1.654538  0.529955 25 13 158.826719  0.000000  0.000000  0.000000  0.000000  0.000000 
1  159.688171  1.219901  1.219388  135.880005  0.220000 107.472434  1.161013  0.543034  159.532614  1.609134  0.227283 25 12 159.688171  0.000000  0.000000  0.000000  0.000000  0.000000 
1  159.532614  1.218423  1.218423  135.880005  0.220000 111.061426  1.063360  1.244809  159.584390  1.746528  0.658261 24 13 159.532614  0.000000  0.000000  0.000000  0.000000  0.000000 
1  159.584390  1.218712  1.218712  135.880005  0.220000 114.279903  1.106256  0.207329  158.812654  1.587354  0.005887 26 12 159.584390  0.000000  0.000000  0.000000  0.000000  0.000000 
1  158.812654  1.218079  1.218079  135.880005  0.220000 117.498742  0.183104  -0.189442  159.362460  1.633834  0.137549 25 12 158.812654  0.000000  0.000000  0.000000  0.000000  0.000000 
1  159.362460  1.218482  1.218482  135.880005  0.220000 120.651330  0.922896  1.249559  160.193099  1.627536  0.073714 25 13 159.362460  0.000000  0.000000  0.000000  0.000000  0.000000 
1  160.193099  1.217950  1.217983  82.699997  0.160000 123.478325  1.212027  0.571860  159.000502  1.645196  0.192235 25 12 160.193099  0.000000  0.000000  0.000000  0.000000  0.000000 
1  159.000502  1.217264  1.217264  82.699997  0.160000 126.008535  0.480624  -0.722007  159.841919  1.528605  -0.292423 25 12 159.000502  0.000000  0.000000  0.000000  0.000000  0.000000 
1  159.841919  1.218469  1.218469  82.699997  0.160000 128.615011  0.587652  -0.074205  159.775158  1.639086  0.115373 25 13 159.841919  0.000000  0.000000  0.000000  0.000000  0.000000 
1  159.775158  1.218895  1.218895  82.699997  0.160000 130.956996  0.642961  -1.349828  159.132513  1.676935  0.230632 25 12 159.775158  0.000000  0.000000  0.000000  0.000000  0.000000 
1  159.132513  1.219340  1.219340  82.699997  0.160000 133.158021  0.953635  -0.674615  159.339257  1.631736  0.094827 25 13 159.132513  0.000000  0.000000  0.000000  0.000000  0.000000 
1  159.339257  1.218144  1.218144  82.699997  0.160000 135.229037  0.964293  0.238873  160.213889  1.644802  0.050408 25 12 159.339257  0.000000  0.000000  0.000000  0.000000  0.000000 
1  160.213889  1.218725  1.218725  82.699997  0.160000 136.901755  0.995561  -1.025037  159.152976  1.573908  -0.251150 25 12 160.213889  0.000000  0.000000  0.000000  0.000000  0.000000 
1  159.152976  1.219156  1.218955  82.699997  0.160000 138.691320  1.037622  0.141629  158.747998  1.517703  -0.345349 25 13 159.152976  0.000000  0.000000  0.000000  0.000000  0.000000 
1  158.747998  1.218264  1.218264  82.699997  0.160000 140.343268  0.223647  -1.903908  158.903568  1.486518  -0.325623 25 12 158.747998  0.000000  0.000000  0.000000  0.000000  0.000000 
1  158.903568  1.219095  1.219095  82.699997  0.160000 141.864594  0.721847  0.031511  159.542047  1.618205  0.182007 25 13 158.903568  0.000000  0.000000  0.000000  0.000000  0.000000 
1  159.542047  1.217787  1.217787  68.970001  0.040000 143.256352  0.412151  1.114558  159.375917  1.687633  0.400767 25 12 159.542047  0.000000  0.000000  0.000000  0.000000  0.000000 
1  159.375917  1.217940  1.217940  68.970001  0.040000 144.551611  1.223394  0.604988  159.120035  1.674161  0.232347 25 12 159.375917  0.000000  0.000000  0.000000  0.000000  0.000000 
1  159.120035  1.218921  1.218921  68.970001  0.040000 145.817665  0.167910  -0.976869  159.361290  1.548585  -0.339571 25 13 159.120035  0.000000  0.000000  0.000000  0.000000  0.000000 
1  159.361290  1.219919  1.219919  68.970001  0.040000 146.922340  0.702502  -0.221306  159.031419  1.598821  -0.052593 25 12 159.361290  0.000000  0.000000  0.000000  0.000000  0.000000 
1  159.031419  1.218768  1.218704  68.970001  0.040000 147.963196  0.400767  -0.494029  159.324099  1.605384  -0.062543 25 12 159.031419  0.000000  0.000000  0.000000  0.000000  0.000000 
1  159.324099  1.218211  1.218211  68.970001  0.040000 148.947277  0.472982  1.513956  160.089228  1.556773  -0.142803 25 13 159.324099  0.000000  0.000000  0.000000  0.000000  0.000000 
1  160.089228  1.218838  1.218838  68.970001  0.040000 149.838890  0.453279  0.580389  159.850620  1.658285  0.193825 25 12 160.089228  0.000000  0.000000  0.000000  0.000000  0.000000 
1  159.850620  1.218855  1.218855  68.970001  0.040000 150.668983  0.869799  0.596301  159.824440  1.587648  -0.102922 25 13 159.850620  0.000000  0.000000  0.000000  0.000000  0.000000 
1  159.824440  1.217598  1.217598  68.970001  0.040000 151.363560  0.900343  0.157584  159.840925  1.653018  0.116149 25 12 159.824440  0.000000  0.000000  0.000000  0.000000  0.000000 
1  159.840925  1.217215  1.217215  68.970001  0.040000 152.032486  1.322578  -0.284303  159.923700  1.574569  -0.132892 25 12 159.840925  0.000000  0.000000  0.000000  0.000000  0.000000 
1  159.923700  1.218795  1.218795  20.340000  0.150000 152.684829  1.029821  -0.616941  158.872340  1.619986  0.072650 25 13 159.923700  0.000000  0.000000  0.000000  0.000000  0.000000 
1  158.872340  1.217940  1.217952  20.340000  0.150000 153.312303  0.718665  -0.952349  159.965187  1.555758  -0.175478 25 12 158.872340  0.000000  0.000000  0.000000  0.000000  0.000000 
1  159.965187  1.220041  1.220041  20.340000  0.150000 153.772066  1.109701  1.979526  158.889369  1.574321  0.064448 25 12 159.965187  0.000000  0.000000  0.000000  0.000000  0.000000 
1  158.889369  1.218562  1.218562  20.340000  0.150000 154.294716  1.152244  1.630425  159.259205  1.686473  0.455469 25 13 158.889369  0.000000  0.000000  0.000000  0.000000  0.000000 
1  159.259205  1.218296  1.218296  20.340000  0.150000 154.755212  1.190483  0.532668  158.810694  1.612618  0.191990 25 12 159.259205  0.000000  0.000000  0.000000  0.000000  0.000000 
1  158.810694  1.218273  1.218273  20.340000  0.150000 155.183210  0.884906  -0.477190  159.538986  1.588637  0.014291 25 13 158.810694  0.000000  0.000000  0.000000  0.000000  0.000000 
1  159.538986  1.218391  1.218391  20.340000  0.150000 155.549544  0.427337  -0.189303  159.336649  1.550505  -0.113191 25 12 159.538986  0.000000  0.000000  0.000000  0.000000  0.000000 
1  159.336649  1.217927  1.217927  20.340000  0.150000 155.915413  0.914480  -0.212170  159.384909  1.650223  0.176115 25 12 159.336649  0.000000  0.000000  0.000000  0.000000  0.000000 
1  159.384909  1.217529  1.217705  20.340000  0.150000 156.266108  1.014533  1.871371  159.087457  1.689668  0.220602 25 13 159.384909  0.000000  0.000000  0.000000  0.000000  0.000000 
1  159.087457  1.217333  1.217333  20.340000  0.150000 156.557254  0.460455  -0.690159  158.972119  1.461625  -0.615746 25 12 159.087457  0.000000  0.000000  0.000000  0.000000  0.000000 
1  158.972119  1.218447  1.218447  20.340000  0.150000 156.805547  0.692625  -1.813669  159.133784  1.595734  0.005169 25 12 158.972119  0.000000  0.000000  0.000000  0.000000  0.000000 
1  159.133784  1.218901  1.218901  20.340000  0.150000 157.063589  0.656250  0.718016  159.132720  1.556161  -0.149087 25 13 159.133784  0.000000  0.000000  0.000000  0.000000  0.000000 
1  159.132720  1.218412  1.218412  20.340000  0.150000 157.284099  0.626959  0.589974  159.402045  1.616633  0.018875 25 12 159.132720  0.000000  0.000000  0.000000  0.000000  0.000000 
1  159.402045  1.219290  1.219290  32.790001  0.040000 157.558649  0.566688  -0.310257  159.780461  1.693731  0.197587 25 13 159.402045  0.000000  0.000000  0.000000  0.000000  0.000000 
1  159.780461  1.218772  1.218772  32.790001  0.040000 157.757595  0.862154  -0.722486  159.617141  1.516100  -0.405721 25 12 159.780461  0.000000  0.000000  0.000000  0.000000  0.000000 
1  159.617141  1.217493  1.217612  32.790001  0.040000 157.906113  0.801239  -1.673329  158.509423  1.568899  -0.163015 25 12 159.617141  0.000000  0.000000  0.000000  0.000000  0.000000 
1  158.509423  1.220114  1.220114  32.790001  0.040000 158.069568  0.480809  0.946781  158.885440  1.720520  0.379268 25 13 158.509423  0.000000  0.000000  0.000000  0.000000  0.000000 
1  158.885440  1.218805  1.218805  32.790001  0.040000 158.242801  1.083313  2.207853  159.551198  1.721350  0.311362 25 12 158.885440  0.000000  0.000000  0.000000  0.000000  0.000000 
1  159.551198  1.217814  1.217814  32.790001  0.040000 158.372599  0.940357  -1.219942  159.249090  1.611886  -0.094720 25 12 159.551198  0.000000  0.000000  0.000000  0.000000  0.000000 
1  159.249090  1.218000  1.218000  32.790001  0.040000 158.471012  0.389269  -0.929422  158.892272  1.570417  -0.217310 25 13 159.249090  0.000000  0.000000  0.000000  0.000000  0.000000 
1  158.892272  1.219552  1.219552  249.820007  0.240000 158.625808  0.718062  0.084706  159.861366  1.572207  -0.206480 25 12 158.892272  0.000000  0.000000  0.000000  0.000000  0.000000 
1  159.861366  1.218796  1.218796  249.820007  0.240000 158.727834  0.644131  -0.437843  158.873805  1.554697  -0.182553 25 13 159.861366  0.000000  0.000000  0.000000  0.000000  0.000000 
1  158.873805  1.219568  1.219439  249.820007  0.240000 158.763189  0.518913  -0.774464  158.896140  1.556176  -0.045422 25 12 158.873805  0.000000  0.000000  0.000000  0.000000  0.000000 
1  158.896140  1.217856  1.217856  249.820007  0.240000 158.921193  1.022039  -1.569542  160.079282  1.562417  -0.022993 25 12 158.896140  0.000000  0.000000  0.000000  0.000000  0.000000 
1  160.079282  1.218246  1.218246  249.820007  0.240000 159.046372  0.976466  1.231375  160.015364  1.566339  0.046261 25 13 160.079282  0.000000  0.000000  0.000000  0.000000  0.000000 
1  160.015364  1.218881  1.218881  249.820007  0.240000 159.098631  0.345119  -2.207804  158.392769  1.565209  -0.047445 25 12 160.015364  0.000000  0.000000  0.000000  0.000000  0.000000 
1  158.392769  1.218866  1.218866  249.820007  0.240000 159.233126  1.024812  1.322160  159.741842  1.495739  -0.233467 25 13 158.392769  0.000000  0.000000  0.000000  0.000000  0.000000 
1  159.741842  1.215657  1.215657  249.820007  0.240000 159.294884  0.778232  -1.221914  159.449682  1.631078  0.258116 25 12 159.741842  0.000000  0.000000  0.000000  0.000000  0.000000 
1  159.449682  1.219463  1.219463  249.820007  0.240000 159.336442  0.346309  -1.332424  158.456535  1.606104  0.030192 25 12 159.449682  0.000000  0.000000  0.000000  0.000000  0.000000 
1  158.456535  1.218573  1.218750  249.820007  0.240000 159.368442  0.595227  0.784401  158.950571  1.657190  0.208607 25 13 158.456535  0.000000  0.000000  0.000000  0.000000  0.000000 
1  158.950571  1.218900  1.218900  278.209991  0.170000 159.467181  0.702145  -0.865193  159.536636  1.688339  0.318598 25 12 158.950571  0.000000  0.000000  0.000000  0.000000  0.000000 
1  159.536636  1.218486  1.218486  278.209991  0.170000 159.561461  0.430688  -2.071709  159.647982  1.551028  -0.256971 25 13 159.536636  0.000000  0.000000  0.000000  0.000000  0.000000 
1  159.647982  1.217920  1.217920  278.209991  0.170000 159.613844  0.892607  0.607835  159.647332  1.560859  -0.097911 25 12 159.647982  0.000000  0.000000  0.000000  0.000000  0.000000 
1  159.647332  1.218839  1.218839  278.209991  0.170000 159.726059  0.564874  -1.224836  159.813267  1.555619  -0.133049 25 12 159.647332  0.000000  0.000000  0.000000  0.000000  0.000000 
1  159.813267  1.218750  1.218519  278.209991  0.170000 159.777704  0.645172  -0.312694  159.609591  1.514459  -0.182935 25 13 159.813267  0.000000  0.000000  0.000000  0.000000  0.000000 
1  159.609591  1.218383  1.218383  278.209991  0.170000 159.770205  0.450197  -0.262634  158.962913  1.518111  -0.115077 25 12 159.609591  0.000000  0.000000  0.000000  0.000000  0.000000 
1  158.962913  1.218231  1.218231  278.209991  0.170000 159.809258  0.877083  -0.205058  159.640309  1.616533  0.269073 25 12 158.962913  0.000000  0.000000  0.000000  0.000000  0.000000 
1  159.640309  1.217770  1.217770  278.209991  0.170000 159.816241  0.518881  1.946172  158.792744  1.620744  0.187565 25 13 159.640309  0.000000  0.000000  0.000000  0.000000  0.000000 
1  158.792744  1.217146  1.217146  278.209991  0.170000 159.842798  1.090852  1.592778  158.954653  1.618704  0.190603 25 12 158.792744  0.000000  0.000000  0.000000  0.000000  0.000000 
1  158.954653  1.218379  1.218379  278.209991  0.170000 159.861710  0.519603  -0.929206  159.153108  1.531754  -0.225796 25 13 158.954653  0.000000  0.000000  0.000000  0.000000  0.000000 
1  159.153108  1.219156  1.219156  111.160004  0.160000 159.918278  1.121447  -0.077906  159.630989  1.630308  0.236935 25 12 159.153108  0.000000  0.000000  0.000000  0.000000  0.000000 
1  159.630989  1.218391  1.218218  111.160004  0.160000 159.957663  0.976415  1.109699  159.859713  1.591833  -0.014928 25 12 159.630989  0.000000  0.000000  0.000000  0.000000  0.000000 
1  159.859713  1.217997  1.217997  111.160004  0.160000 159.994569  0.431229  -1.329067  159.264749  1.531591  -0.296948 25 13 159.859713  0.000000  0.000000  0.000000  0.000000  0.000000 
1  159.264749  1.218966  1.218966  111.160004  0.160000 159.960172  0.900071  0.724158  158.838281  1.479739  -0.360808 25 12 159.264749  0.000000  0.000000  0.000000  0.000000  0.000000 
1  158.838281  1.217893  1.217893  111.160004  0.160000 159.959138  0.692081  -0.154774  158.884071  1.550535  -0.021213 25 13 158.838281  0.000000  0.000000  0.000000  0.000000  0.000000 
1  158.884071  1.217762  1.217762  111.160004  0.160000 159.996460  0.473073  -1.073120  159.768483  1.547696  -0.072080 25 12 158.884071  0.000000  0.000000  0.000000  0.000000  0.000000 
1  159.768483  1.218230  1.218230  111.160004  0.160000 159.989716  0.945881  -0.958800  159.363898  1.519469  -0.205520 25 12 159.768483  0.000000  0.000000  0.000000  0.000000  0.000000 
1  159.363898  1.217825  1.217825  111.160004  0.160000 159.992476  0.599757  -0.535785  159.362419  1.494875  -0.276296 25 13 159.363898  0.000000  0.000000  0.000000  0.000000  0.000000 
1  159.362419  1.218243  1.218557  111.160004  0.160000 159.988545  0.289894  -0.945831  159.925961  1.373916  -0.626705 25 12 159.362419  0.000000  0.000000  0.000000  0.000000  0.000000 
1  159.925961  1.218721  1.218721  111.160004  0.160000 160.021084  0.983934  1.274848  160.088116  1.503661  0.085227 25 13 159.925961  0.000000  0.000000  0.000000  0.000000  0.000000 
1  160.088116  1.218628  1.218628  99.220001  0.110000 160.058083  0.976613  -0.184080  159.877519  1.547294  0.322244 25 12 160.088116  0.000000  0.000000  0.000000  0.000000  0.000000 
1  159.877519  1.219698  1.219698  99.220001  0.110000 160.038065  0.793365  0.769812  158.778051  1.593454  0.348269 25 12 159.877519  0.000000  0.000000  0.000000  0.000000  0.000000 
1  158.778051  1.220030  1.220030  99.220001  0.110000 160.101778  0.614493  -0.421879  160.084319  1.560560  0.181863 25 13 158.778051  0.000000  0.000000  0.000000  0.000000  0.000000 
1  160.084319  1.219111  1.219372  99.220001  0.110000 160.094216  0.175687  -2.063389  158.923174  1.429013  -0.371954 25 12 160.084319  0.000000  0.000000  0.000000  0.000000  0.000000 
1  158.923174  1.218731  1.218731  99.220001  0.110000 160.090152  0.843715  -1.521168  159.084647  1.578956  0.344038 25 12 158.923174  0.000000  0.000000  0.000000  0.000000  0.000000 
1  159.084647  1.217635  1.217635  99.220001  0.110000 160.121530  0.144143  -2.307050  159.416329  1.509422  -0.037356 25 13 159.084647  0.000000  0.000000  0.000000  0.000000  0.000000 
1  159.416329  1.217808  1.217808  99.220001  0.110000 160.104312  0.968989  0.338096  159.352487  1.482075  -0.103221 25 12 159.416329  0.000000  0.000000  0.000000  0.000000  0.000000 
1  159.352487  1.218261  1.218261  99.220001  0.110000 160.125282  0.637469  -0.277251  159.824984  1.518223  0.049702 25 13 159.352487  0.000000  0.000000  0.000000  0.000000  0.000000 
1  159.824984  1.215565  1.215565  99.220001  0.110000 160.099374  1.174754  0.538711  159.623342  1.488984  0.010312 25 12 159.824984  0.000000  0.000000  0.000000  0.000000  0.000000 
1  159.623342  1.218147  1.218147  99.220001  0.110000 160.116482  1.472158  -2.542454  159.293161  1.535042  0.162811 25 12 159.623342  0.000000  0.000000  0.000000  0.000000  0.000000 
1  159.293161  1.217831  1.217898  99.220001  0.110000 160.062526  0.894760  0.786875  158.717706  1.499388  0.026430 25 13 159.293161  0.000000  0.000000  0.000000  0.000000  0.000000 
1  158.717706  1.218846  1.218846  99.220001  0.110000 160.073979  0.305327  -0.787276  159.436939  1.435141  -0.228148 25 12 158.717706  0.000000  0.000000  0.000000  0.000000  0.000000 
1  159.436939  1.218882  1.218882  99.220001  0.110000 160.085031  0.663942  -0.509326  159.642912  1.536570  0.134787 25 12 159.436939  0.000000  0.000000  0.000000  0.000000  0.000000 
1  159.642912  1.217358  1.217358  42.220001  0.260000 160.069030  0.835051  0.549420  159.079161  1.480997  -0.041543 25 13 159.642912  0.000000  0.000000  0.000000  0.000000  0.000000 
1  159.079161  1.217991  1.217991  42.220001  0.260000 160.074397  0.755491  -0.812351  159.385825  1.448862  -0.134960 25 12 159.079161  0.000000  0.000000  0.000000  0.000000  0.000000 
1  159.385825  1.217880  1.218251  42.220001  0.260000 160.092197  0.766905  0.383183  159.757396  1.476224  0.025820 25 13 159.385825  0.000000  0.000000  0.000000  0.000000  0.000000 
1  159.757396  1.217770  1.217770  42.220001  0.260000 160.076059  0.640963  -0.883845  159.214616  1.415154  -0.173118 25 12 159.757396  0.000000  0.000000  0.000000  0.000000  0.000000 
1  159.214616  1.220002  1.220002  42.220001  0.260000 160.109282  0.770568  1.630767  159.758773  1.439625  -0.009743 25 12 159.214616  0.000000  0.000000  0.000000  0.000000  0.000000 
1  159.758773  1.219407  1.219407  42.220001  0.260000 160.122373  0.452199  -0.627266  159.822338  1.303261  -0.532189 25 13 159.758773  0.000000  0.000000  0.000000  0.000000  0.000000 
1  159.822338  1.218058  1.218058  42.220001  0.260000 160.064661  0.335865  0.127424  159.133450  1.437044  0.056999 25 12 159.822338  0.000000  0.000000  0.000000  0.000000  0.000000 
1  159.133450  1.218090  1.218090  45.410000  0.200000 160.054060  0.587745  -0.231993  158.684613  1.448637  0.020872 24 13 159.133450  0.000000  0.000000  0.000000  0.000000  0.000000 
1  158.684613  1.218837  1.218837  45.410000  0.200000 159.997950  0.943666  1.287754  158.980969  1.378320  -0.192855 25 12 158.684613  0.000000  0.000000  0.000000  0.000000  0.000000 
1  158.980969  1.219024  1.218739  45.410000  0.200000 160.011614  0.862095  -0.304390  159.437437  1.454202  0.136892 24 12 158.980969  0.000000  0.000000  0.000000  0.000000  0.000000 
1  159.437437  1.218461  1.218461  45.410000  0.200000 159.944274  0.548621  -0.363676  158.480355  1.451368  0.141710 25 13 159.437437  0.000000  0.000000  0.000000  0.000000  0.000000 
1  158.480355  1.217376  1.217376  45.410000  0.200000 159.963850  1.045019  0.526059  159.298897  1.400870  -0.069203 25 12 158.480355  0.000000  0.000000  0.000000  0.000000  0.000000 
1  159.298897  1.218046  1.218046  45.410000  0.200000 159.962279  0.442681  0.491136  159.390067  1.474192  0.183456 25 12 159.298897  0.000000  0.000000  0.000000  0.000000  0.000000 
1  159.390067  1.219549  1.219549  45.410000  0.200000 159.976852  0.499938  -0.586121  159.472611  1.417412  -0.057077 24 13 159.390067  0.000000  0.000000  0.000000  0.000000  0.000000 
1  159.472611  1.218960  1.218960  45.410000  0.200000 159.984195  0.663848  0.472345  159.335866  1.460188  0.158777 26 12 159.472611  0.000000  0.000000  0.000000  0.000000  0.000000 
1  159.335866  1.218601  1.218601  45.410000  0.200000 159.986685  0.808583  1.834472  159.316021  1.560704  0.467193 25 12 159.335866  0.000000  0.000000  0.000000  0.000000  0.000000 
1  159.316021  1.217576  1.217469  45.410000  0.200000 159.941756  0.732435  -0.143982  158.990387  1.444141  0.003357 25 13 159.316021  0.000000  0.000000  0.000000  0.000000  0.000000 
1  158.990387  1.218119  1.218119  58.740002  0.280000 159.957890  0.403012  1.266264  159.350372  1.391001  -0.208776 25 12 158.990387  0.000000  0.000000  0.000000  0.000000  0.000000 
1  159.350372  1.217637  1.217637  58.740002  0.280000 159.925543  0.618101  -0.240590  159.262141  1.465259  0.068779 24 13 159.350372  0.000000  0.000000  0.000000  0.000000  0.000000 
1  159.262141  1.218561  1.218539  58.740002  0.280000 159.918047  1.075629  0.673183  159.902407  1.443990  -0.021412 26 12 159.262141  0.000000  0.000000  0.000000  0.000000  0.000000 
1  159.902407  1.218304  1.218304  58.740002  0.280000 159.914726  1.073798  -0.509544  159.630074  1.462391  0.050498 25 12 159.902407  0.000000  0.000000  0.000000  0.000000  0.000000 
1  159.630074  1.219225  1.219225  58.740002  0.280000 159.880922  0.503684  -0.264469  158.595766  1.385715  -0.184422 25 13 159.630074  0.000000  0.000000  0.000000  0.000000  0.000000 
1  158.595766  1.219214  1.219214  58.740002  0.280000 159.881339  0.544529  1.454742  158.845538  1.442979  0.118266 25 12 158.595766  0.000000  0.000000  0.000000  0.000000  0.000000 
1  158.845538  1.218357  1.218357  58.740002  0.280000 159.842621  0.654629  0.196704  158.610934  1.385689  -0.159498 25 12 158.845538  0.000000  0.000000  0.000000  0.000000  0.000000 
1  158.610934  1.217124  1.217124  58.740002  0.280000 159.852521  0.709656  -2.006641  159.165099  1.387352  -0.137931 25 13 158.610934  0.000000  0.000000  0.000000  0.000000  0.000000 
1  159.165099  1.218995  1.218995  58.740002  0.280000 159.859523  0.388948  -0.508094  159.365199  1.463538  0.169668 25 12 159.165099  0.000000  0.000000  0.000000  0.000000  0.000000 
1  159.365199  1.217744  1.217936  58.740002  0.280000 159.886863  0.857736  0.754692  159.454787  1.521257  0.341611 24 13 159.365199  0.000000  0.000000  0.000000  0.000000  0.000000 
1  159.454787  1.217645  1.217645  72.099998  0.200000 159.913120  0.686642  0.433166  160.063924  1.365792  -0.275333 26 12 159.454787  0.000000  0.000000  0.000000  0.000000  0.000000 
1  160.063924  1.217974  1.217974  72.099998  0.200000 159.967180  0.261643  0.525502  160.036489  1.455522  0.074997 25 12 160.063924  0.000000  0.000000  0.000000  0.000000  0.000000 
1  160.036489  1.218060  1.218060  72.099998  0.200000 159.941956  0.633104  0.277255  159.073106  1.338709  -0.360710 25 13 160.036489  0.000000  0.000000  0.000000  0.000000  0.000000 
1  159.073106  1.219143  1.219143  72.099998  0.200000 159.961671  0.914028  -2.088268  159.043434  1.514754  0.337936 25 12 159.073106  0.000000  0.000000  0.000000  0.000000  0.000000 
1  159.043434  1.219673  1.219673  72.099998  0.200000 159.935058  0.744089  -2.233357  159.316681  1.240518  -0.631121 25 12 159.043434  0.000000  0.000000  0.000000  0.000000  0.000000 
1  159.316681  1.220259  1.220259  72.099998  0.200000 159.961505  0.755204  1.567945  159.798401  1.351887  -0.068922 25 13 159.316681  0.000000  0.000000  0.000000  0.000000  0.000000 
1  159.798401  1.218742  1.218449  72.099998  0.200000 159.970112  0.812312  2.222952  159.512885  1.389827  0.059675 25 12 159.798401  0.000000  0.000000  0.000000  0.000000  0.000000 
1  159.512885  1.217298  1.217298  72.099998  0.200000 159.893734  0.090245  -1.954783  158.238420  1.271257  -0.428023 25 13 159.512885  0.000000  0.000000  0.000000  0.000000  0.000000 
1  158.238420  1.217686  1.217686  72.099998  0.200000 159.905148  0.648643  0.878293  159.504479  1.370438  0.046406 25 12 158.238420  0.000000  0.000000  0.000000  0.000000  0.000000 
1  159.504479  1.217306  1.217306  72.099998  0.200000 159.959666  0.506232  0.825006  160.175766  1.360040  0.047545 25 12 159.504479  0.000000  0.000000  0.000000  0.000000  0.000000 
1  160.175766  1.218637  1.218637  10.100000  0.160000 159.975993  0.541664  -0.648815  159.532311  1.374057  0.037834 25 13 160.175766  0.000000  0.000000  0.000000  0.000000  0.000000 
1  159.532311  1.219237  1.219237  10.100000  0.160000 159.979564  1.050006  1.328853  159.109997  1.506536  0.496484 25 12 159.532311  0.000000  0.000000  0.000000  0.000000  0.000000 
1  159.109997  1.218998  1.218998  10.100000  0.160000 160.005402  0.982996  0.324108  159.090123  1.659557  0.880550 25 12 159.109997  0.000000  0.000000  0.000000  0.000000  0.000000 
1  159.090123  1.219076  1.218744  10.100000  0.160000 160.011287  1.289033  0.836541  158.661697  1.373766  -0.247890 25 13 159.090123  0.000000  0.000000  0.000000  0.000000  0.000000 
1  158.661697  1.218043  1.218043  10.100000  0.160000 160.036266  0.655080  -1.062655  159.655405  1.374909  -0.135613 25 12 158.661697  0.000000  0.000000  0.000000  0.000000  0.000000 
1  159.655405  1.218261  1.218261  10.100000  0.160000 160.010498  0.694261  -0.378847  159.068504  1.445664  0.139738 25 13 159.655405  0.000000  0.000000  0.000000  0.000000  0.000000 
1  159.068504  1.217716  1.217716  10.100000  0.160000 160.017604  0.648464  0.145479  159.527128  1.364734  -0.116743 25 12 159.068504  0.000000  0.000000  0.000000  0.000000  0.000000 
1  159.527128  1.218002  1.218002  10.100000  0.160000 159.993433  0.766083  -0.263704  159.174659  1.389073  -0.086690 25 12 159.527128  0.000000  0.000000  0.000000  0.000000  0.000000 
1  159.174659  1.218819  1.218931  10.100000  0.160000 159.945359  0.282294  0.038248  158.784163  1.324809  -0.304711 25 13 159.174659  0.000000  0.000000  0.000000  0.000000  0.000000 
1  158.784163  1.218542  1.218542  10.100000  0.160000 159.964465  0.250268  -1.151643  160.123504  1.299542  -0.404425 25 12 158.784163  0.000000  0.000000  0.000000  0.000000  0.000000 
1  160.123504  1.216419  1.216419  10.100000  0.160000 159.985893  0.265084  -0.332354  159.980211  1.277208  -0.384762 25 12 160.123504  0.000000  0.000000  0.000000  0.000000  0.000000 
1  159.980211  1.218552  1.218552  10.100000  0.160000 160.004818  0.877334  0.591566  159.729153  1.462590  0.377851 25 13 159.980211  0.000000  0.000000  0.000000  0.000000  0.000000 
1  159.729153  1.218373  1.218373  10.100000  0.160000 159.953186  0.346162  0.377848  158.487192  1.312204  -0.227823 25 12 159.729153  0.000000  0.000000  0.000000  0.000000  0.000000 
1  158.487192  1.217831  1.217831  11.210000  0.160000 159.951719  0.480795  -3.250457  158.892536  1.363430  -0.053223 25 13 158.487192  0.000000  0.000000  0.000000  0.000000  0.000000 
1  158.892536  1.218167  1.218167  11.210000  0.160000 159.962521  0.419742  2.538097  159.524547  1.451481  0.324945 25 12 158.892536  0.000000  0.000000  0.000000  0.000000  0.000000 
1  159.524547  1.217218  1.216966  11.210000  0.160000 159.943955  0.432334  0.736927  158.831252  1.373376  0.034587 25 12 159.524547  0.000000  0.000000  0.000000  0.000000  0.000000 
1  158.831252  1.218012  1.218012  11.210000  0.160000 159.931550  0.518882  -1.494585  158.931298  1.349417  -0.042338 25 13 158.831252  0.000000  0.000000  0.000000  0.000000  0.000000 
1  158.931298  1.222659  1.222659  11.210000  0.160000 159.968249  0.419616  0.009396  159.298268  1.414521  0.160563 25 12 158.931298  0.000000  0.000000  0.000000  0.000000  0.000000 
1  159.298268  1.216517  1.216517  11.210000  0.160000 159.973071  0.682607  -0.901741  159.390962  1.451120  0.206874 25 12 159.298268  0.000000  0.000000  0.000000  0.000000  0.000000 
1  159.390962  1.217676  1.217676  11.210000  0.160000 159.997909  0.991793  2.823151  159.688445  1.430303  0.135235 25 13 159.390962  0.000000  0.000000  0.000000  0.000000  0.000000 
1  159.688445  1.217217  1.217217  45.549999  0.160000 160.009473  0.423508  -0.153496  159.009482  1.443684  0.108731 25 12 159.688445  0.000000  0.000000  0.000000  0.000000  0.000000 
1  159.009482  1.218721  1.218884  45.549999  0.160000 160.028151  0.145100  -2.107504  159.695424  1.352025  -0.264617 28 14 159.009482  0.000000  0.000000  0.000000  0.000000  0.000000 
1  159.695424  1.217884  1.217616  45.549999  0.160000 160.038203  0.992412  0.214852  159.131625  1.475071  0.230121 25 12 159.695424  0.000000  0.000000  0.000000  0.000000  0.000000 
1  159.131625  1.218609  1.218609  45.549999  0.160000 160.058200  0.709660  -1.978150  159.382042  1.406463  -0.067695 25 13 159.131625  0.000000  0.000000  0.000000  0.000000  0.000000 
1  159.382042  1.218124  1.218124  45.549999  0.160000 160.088722  0.565177  -0.824556  160.172425  1.306739  -0.344262 25 12 159.382042  0.000000  0.000000  0.000000  0.000000  0.000000 
1  160.172425  1.217582  1.217582  45.549999  0.160000 160.128197  0.461850  -0.677205  160.195355  1.325491  -0.227442 25 13 160.172425  0.000000  0.000000  0.000000  0.000000  0.000000 
1  160.195355  1.217821  1.217821  45.549999  0.160000 160.111946  0.915455  0.639732  159.860724  1.399454  0.073602 25 12 160.195355  0.000000  0.000000  0.000000  0.000000  0.000000 
1  159.860724  1.220367  1.220367  45.549999  0.160000 160.078363  0.575644  0.079601  159.348793  1.364010  0.005300 25 12 159.860724  0.000000  0.000000  0.000000  0.000000  0.000000 
1  159.348793  1.218468  1.218468  45.549999  0.160000 160.036451  0.816385  0.088527  159.002507  1.414547  0.132447 25 13 159.348793  0.000000  0.000000  0.000000  0.000000  0.000000 
1  159.002507  1.218398  1.218348  45.549999  0.160000 160.023727  0.709443  -0.638080  159.386977  1.376026  -0.008155 25 12 159.002507  0.000000  0.000000  0.000000  0.000000  0.000000 
1  159.386977  1.216261  1.216261  134.839996  0.080000 159.997548  0.764406  0.491697  158.980338  1.427214  0.239470 25 13 159.386977  0.000000  0.000000  0.000000  0.000000  0.000000 
1  158.980338  1.217899  1.217899  134.839996  0.080000 159.954754  0.846703  2.203922  159.107914  1.306781  -0.178532 25 12 158.980338  0.000000  0.000000  0.000000  0.000000  0.000000 
1  159.107914  1.219334  1.219334  134.839996  0.080000 159.922863  0.577893  1.092078  159.446572  1.387059  0.136787 25 12 159.107914  0.000000  0.000000  0.000000  0.000000  0.000000 
1  159.446572  1.218461  1.218461  134.839996  0.080000 159.924481  0.793472  -1.159224  159.618450  1.370882  0.058067 25 13 159.446572  0.000000  0.000000  0.000000  0.000000  0.000000 
1  159.618450  1.220258  1.220361  134.839996  0.080000 159.988031  0.663773  -2.684631  160.186997  1.271653  -0.292458 25 12 159.618450  0.000000  0.000000  0.000000  0.000000  0.000000 
1  160.186997  1.217860  1.217860  134.839996  0.080000 159.982938  0.638021  0.044762  159.534357  1.400893  0.152384 25 13 160.186997  0.000000  0.000000  0.000000  0.000000  0.000000 
1  159.534357  1.217422  1.217422  134.839996  0.080000 159.950562  0.465422  0.870017  158.726491  1.363278  -0.080096 25 12 159.534357  0.000000  0.000000  0.000000  0.000000  0.000000 
1  158.726491  1.219437  1.219437  134.839996  0.080000 159.976278  0.562634  -0.127707  159.358332  1.407003  0.084999 25 12 158.726491  0.000000  0.000000  0.000000  0.000000  0.000000 
1  159.358332  1.216810  1.216810  134.839996  0.080000 159.988185  0.530376  -0.425106  159.677165  1.353203  -0.140521 25 13 159.358332  0.000000  0.000000  0.000000  0.000000  0.000000 
1  159.677165  1.217491  1.217491  134.839996  0.080000 159.991716  0.435001  -1.241307  159.083506  1.192958  -0.637568 25 12 159.677165  0.000000  0.000000  0.000000  0.000000  0.000000 
1  159.083506  1.218386  1.218386  233.699997  0.080000 160.009502  0.560537  1.948244  159.166053  1.354533  0.027957 25 13 159.083506  0.000000  0.000000  0.000000  0.000000  0.000000 
1  159.166053  1.217565  1.217565  233.699997  0.080000 160.062479  0.961099  -1.108326  159.633280  1.386397  0.124557 25 12 159.166053  0.000000  0.000000  0.000000  0.000000  0.000000 
1  159.633280  1.219703  1.219703  233.699997  0.080000 160.079574  0.793400  2.070480  159.038817  1.311235  0.024582 25 12 159.633280  0.000000  0.000000  0.000000  0.000000  0.000000 
1  159.038817  1.219149  1.219149  233.699997  0.080000 160.059922  0.878178  1.133907  158.640596  1.366209  0.225139 25 13 159.038817  0.000000  0.000000  0.000000  0.000000  0.000000 
1  158.640596  1.218687  1.218687  233.699997  0.080000 160.012846  1.090892  0.471302  158.793932  1.299915  -0.120061 25 12 158.640596  0.000000  0.000000  0.000000  0.000000  0.000000 
1  158.793932  1.217436  1.217436  233.699997  0.080000 160.009041  0.494114  0.209319  159.447622  1.439546  0.324756 25 12 158.793932  0.000000  0.000000  0.000000  0.000000  0.000000 
1  159.447622  1.217019  1.217019  233.699997  0.080000 160.041355  0.228994  -0.838337  159.551996  1.383569  -0.033120 25 13 159.447622  0.000000  0.000000  0.000000  0.000000  0.000000 
1  159.551996  1.218749  1.218749  233.699997  0.080000 160.065026  0.945865  1.635409  159.312126  1.449392  0.168949 25 12 159.551996  0.000000  0.000000  0.000000  0.000000  0.000000 
1  159.312126  1.218011  1.217469  233.699997  0.080000 160.066706  1.090323  1.762578  159.711574  1.343956  -0.189530 25 13 159.312126  0.000000  0.000000  0.000000  0.000000  0.000000 
1  159.711574  1.217952  1.217952  233.699997  0.080000 160.066670  0.473092  -0.629352  159.323443  1.283453  -0.366322 25 12 159.711574  0.000000  0.000000  0.000000  0.000000  0.000000 
1  159.323443  1.218586  1.218586  331.260010  0.170000 160.092000  0.802581  -1.586957  159.346055  1.382876  0.070507 25 12 159.323443  0.000000  0.000000  0.000000  0.000000  0.000000 
1  159.346055  1.218209  1.218209  331.260010  0.170000 160.010997  0.170839  -1.719123  158.438806  1.238711  -0.468267 25 13 159.346055  0.000000  0.000000  0.000000  0.000000  0.000000 
1  158.438806  1.218838  1.218838  331.260010  0.170000 159.989470  0.511256  2.272663  159.896521  1.309334  -0.071687 25 12 158.438806  0.000000  0.000000  0.000000  0.000000  0.000000 
1  159.896521  1.219172  1.219172  331.260010  0.170000 160.008633  0.232736  -1.446345  159.878682  1.287356  -0.151312 25 13 159.896521  0.000000  0.000000  0.000000  0.000000  0.000000 
1  159.878682  1.218646  1.218646  331.260010  0.170000 160.023568  0.251988  -0.390516  159.509923  1.351075  0.093770 25 12 159.878682  0.000000  0.000000  0.000000  0.000000  0.000000 
1  159.509923  1.219249  1.219249  331.260010  0.170000 160.045076  1.136781  -0.257774  159.151606  1.427685  0.373724 25 12 159.509923  0.000000  0.000000  0.000000  0.000000  0.000000 
1  159.151606  1.217832  1.217832  331.260010  0.170000 160.062026  0.509665  -0.531930  160.064198  1.381322  0.068889 25 13 159.151606  0.000000  0.000000  0.000000  0.000000  0.000000 
1  160.064198  1.217846  1.217846  331.260010  0.170000 160.092646  0.907946  -1.188466  159.801747  1.309495  -0.137726 25 12 160.064198  0.000000  0.000000  0.000000  0.000000  0.000000 
1  159.801747  1.218792  1.218792  331.260010  0.170000 160.141935  1.144191  1.178539  159.720639  1.385742  0.155840 25 12 159.801747  0.000000  0.000000  0.000000  0.000000  0.000000 
1  159.720639  1.217238  1.217238  331.260010  0.170000 160.143104  0.677280  0.142108  159.472407  1.397872  0.155737 25 13 159.720639  0.000000  0.000000  0.000000  0.000000  0.000000 
1  159.472407  1.217778  1.218220  331.260010  0.170000 160.124153  0.709562  0.224978  158.577047  1.301238  -0.183533 25 12 159.472407  0.000000  0.000000  0.000000  0.000000  0.000000 
1  158.577047  1.218152  1.218152  331.260010  0.170000 160.046700  0.529450  -0.310566  158.199644  1.293836  -0.137369 25 13 158.577047  0.000000  0.000000  0.000000  0.000000  0.000000 
1  158.199644  1.218082  1.218082  331.260010  0.170000 160.044907  0.837432  1.155043  159.901535  1.181835  -0.398248 25 12 158.199644  0.000000  0.000000  0.000000  0.000000  0.000000 
1  159.901535  1.219263  1.219263  320.200012  0.290000 159.955207  0.564250  -0.215887  158.524319  1.181334  -0.321722 25 12 159.901535  0.000000  0.000000  0.000000  0.000000  0.000000 
1  158.524319  1.220205  1.220205  320.200012  0.290000 159.968592  0.564326  0.139306  159.164750  1.232462  -0.038708 25 13 158.524319  0.000000  0.000000  0.000000  0.000000  0.000000 
1  159.164750  1.218535  1.218516  320.200012  0.290000 159.973990  1.022120  1.884523  159.618643  1.436473  0.598665 25 12 159.164750  0.000000  0.000000  0.000000  0.000000  0.000000 
1  159.618643  1.219585  1.219585  320.200012  0.290000 160.003052  0.770726  1.209114  160.024015  1.445748  0.544917 25 12 159.618643  0.000000  0.000000  0.000000  0.000000  0.000000 
1  160.024015  1.217773  1.217773  320.200012  0.290000 160.004184  0.516690  -0.288836  159.837513  1.238806  -0.328268 25 13 160.024015  0.000000  0.000000  0.000000  0.000000  0.000000 
1  159.837513  1.220773  1.220773  320.200012  0.290000 160.027821  0.976558  1.274511  159.533945  1.414480  0.447860 25 12 159.837513  0.000000  0.000000  0.000000  0.000000  0.000000 
1  159.533945  1.217301  1.217301  320.200012  0.290000 160.073049  0.382080  -1.099850  159.949446  1.391396  0.150384 25 13 159.533945  0.000000  0.000000  0.000000  0.000000  0.000000 
1  159.949446  1.216642  1.216558  352.470001  0.160000 160.096202  1.157873  2.072939  159.677007  1.377610  0.156597 25 12 159.949446  0.000000  0.000000  0.000000  0.000000  0.000000 
1  159.677007  1.218652  1.218652  352.470001  0.160000 160.100164  0.289973  -0.244496  159.546057  1.319569  -0.060200 25 12 159.677007  0.000000  0.000000  0.000000  0.000000  0.000000 
1  159.546057  1.219077  1.219077  352.470001  0.160000 160.069321  0.688194  0.277412  159.317152  1.294147  -0.179440 25 13 159.546057  0.000000  0.000000  0.000000  0.000000  0.000000 
1  159.317152  1.220390  1.220390  352.470001  0.160000 160.067259  1.022157  1.712034  158.997227  1.371900  0.173758 25 12 159.317152  0.000000  0.000000  0.000000  0.000000  0.000000 
1  158.997227  1.218516  1.218516  352.470001  0.160000 160.049996  0.293735  -1.924663  159.555644  1.239143  -0.282163 25 12 158.997227  0.000000  0.000000  0.000000  0.000000  0.000000 
1  159.555644  1.219897  1.219897  352.470001  0.160000 159.996167  0.531931  -0.191983  157.953424  1.219679  -0.312359 26 13 159.555644  0.000000  0.000000  0.000000  0.000000  0.000000 
1  157.953424  1.219518  1.219518  352.470001  0.160000 159.997759  0.274680  -0.667077  158.870527  1.219258  -0.308332 25 12 157.953424  0.000000  0.000000  0.000000  0.000000  0.000000 
1  158.870527  1.218618  1.218889  352.470001  0.160000 160.015109  0.565496  -0.171812  159.647601  1.361157  0.261995 24 13 158.870527  0.000000  0.000000  0.000000  0.000000  0.000000 
1  159.647601  1.215340  1.215340  352.470001  0.160000 159.963089  0.542778  -0.287510  159.185303  1.278136  -0.054792 26 12 159.647601  0.000000  0.000000  0.000000  0.000000  0.000000 
1  159.185303  1.216943  1.216943  352.470001  0.160000 159.988307  0.533867  0.321753  159.934274  1.329557  0.154758 25 12 159.185303  0.000000  0.000000  0.000000  0.000000  0.000000 
1  159.934274  1.218026  1.218026  327.369995  0.170000 159.979263  0.727673  0.403254  159.081884  1.372809  0.218422 25 13 159.934274  0.000000  0.000000  0.000000  0.000000  0.000000 
1  159.081884  1.218900  1.218900  327.369995  0.170000 160.031922  0.488335  1.579877  159.875647  1.271075  -0.297875 25 12 159.081884  0.000000  0.000000  0.000000  0.000000  0.000000 
1  159.875647  1.219439  1.219439  327.369995  0.170000 160.037650  1.090557  -2.514348  160.450609  1.289920  -0.145077 25 12 159.875647  0.000000  0.000000  0.000000  0.000000  0.000000 
1  160.450609  1.219466  1.219466  327.369995  0.170000 159.925552  -0.274517  -0.169509  158.233040  1.203505  -0.398486 25 13 160.450609  0.000000  0.000000  0.000000  0.000000  0.000000 
1  158.233040  1.219991  1.219991  327.369995  0.170000 159.899732  0.811262  0.549616  158.989566  1.286166  0.039713 25 12 158.233040  0.000000  0.000000  0.000000  0.000000  0.000000 
1  158.989566  1.219448  1.219448  327.369995  0.170000 159.832537  -0.082639  -2.479017  158.570020  1.141324  -0.468897 25 13 158.989566  0.000000  0.000000  0.000000  0.000000  0.000000 
1  158.570020  1.218655  1.218655  327.369995  0.170000 159.881148  0.475712  0.520172  159.752521  1.370667  0.391573 25 12 158.570020  0.000000  0.000000  0.000000  0.000000  0.000000 
1  159.752521  1.218204  1.218452  327.369995  0.170000 159.877914  0.348557  -0.440982  159.197026  1.198054  -0.279356 25 12 159.752521  0.000000  0.000000  0.000000  0.000000  0.000000 
1  159.197026  1.218816  1.218816  327.369995  0.170000 159.865180  1.083248  -1.355990  159.130529  1.306633  0.136241 25 13 159.197026  0.000000  0.000000  0.000000  0.000000  0.000000 
1  159.130529  1.218459  1.218459  327.369995  0.170000 159.859330  0.558737  -0.570178  159.448779  1.294175  0.028949 25 12 159.130529  0.000000  0.000000  0.000000  0.000000  0.000000 
1  159.448779  1.216992  1.216992  320.619995  0.230000 159.874555  1.130535  2.247041  159.312581  1.231622  -0.203896 24 13 159.448779  0.000000  0.000000  0.000000  0.000000  0.000000 
1  159.312581  1.217720  1.217720  320.619995  0.230000 159.806724  0.343342  -1.346079  158.134055  1.308637  0.074039 26 12 159.312581  0.000000  0.000000  0.000000  0.000000  0.000000 
1  158.134055  1.218808  1.218808  320.619995  0.230000 159.816496  1.147399  0.242912  159.286408  1.377934  0.350918 25 12 158.134055  0.000000  0.000000  0.000000  0.000000  0.000000 
1  159.286408  1.218267  1.218267  320.619995  0.230000 159.832521  0.740057  1.743492  159.396737  1.311354  0.073725 25 13 159.286408  0.000000  0.000000  0.000000  0.000000  0.000000 
1  159.396737  1.218261  1.218388  320.619995  0.230000 159.865918  0.279741  0.340911  159.711017  1.279320  -0.136869 25 12 159.396737  0.000000  0.000000  0.000000  0.000000  0.000000 
1  159.711017  1.218324  1.218324  320.619995  0.230000 159.886902  0.516406  -1.673746  159.653875  1.269338  -0.159561 25 12 159.711017  0.000000  0.000000  0.000000  0.000000  0.000000 
1  159.653875  1.218976  1.218976  320.619995  0.230000 159.909543  0.770464  -0.975408  159.793780  1.252317  -0.138656 25 13 159.653875  0.000000  0.000000  0.000000  0.000000  0.000000 
1  159.793780  1.219885  1.219885  320.619995  0.230000 159.896012  0.800490  -0.824127  159.826233  1.301818  0.027401 25 12 159.793780  0.000000  0.000000  0.000000  0.000000  0.000000 
1  159.826233  1.218381  1.218381  320.619995  0.230000 159.829429  1.137158  1.918340  158.772256  1.476436  0.626469 25 13 159.826233  0.000000  0.000000  0.000000  0.000000  0.000000 
1  158.772256  1.217538  1.217322  320.619995  0.230000 159.861213  0.625590  -0.519900  159.490701  1.342585  -0.031848 25 12 158.772256  0.000000  0.000000  0.000000  0.000000  0.000000 
1  159.490701  1.218426  1.218426  323.690002  0.240000 159.914984  0.288123  0.085631  160.166211  1.289854  -0.260989 25 12 159.490701  0.000000  0.000000  0.000000  0.000000  0.000000 
1  160.166211  1.217318  1.217318  323.690002  0.240000 159.932578  0.770580  0.347336  159.935871  1.236242  -0.308118 25 13 160.166211  0.000000  0.000000  0.000000  0.000000  0.000000 
1  159.935871  1.219361  1.219361  323.690002  0.240000 159.915955  0.677970  -0.449997  159.381136  1.293628  -0.050463 25 12 159.935871  0.000000  0.000000  0.000000  0.000000  0.000000 
1  159.381136  1.217514  1.217514  323.690002  0.240000 159.923486  0.757702  1.055202  159.599444  1.256363  -0.140485 25 12 159.381136  0.000000  0.000000  0.000000  0.000000  0.000000 
1  159.599444  1.218172  1.218279  323.690002  0.240000 159.963179  0.671432  -0.855655  159.664886  1.256761  -0.088453 25 13 159.599444  0.000000  0.000000  0.000000  0.000000  0.000000 
1  159.664886  1.219357  1.219357  323.690002  0.240000 159.933185  0.186251  1.885127  158.978825  1.192787  -0.283728 25 12 159.664886  0.000000  0.000000  0.000000  0.000000  0.000000 
1  158.978825  1.219658  1.219658  323.690002  0.240000 159.903035  0.259284  -0.785310  159.184680  1.242428  -0.085144 25 13 158.978825  0.000000  0.000000  0.000000  0.000000  0.000000 
1  159.184680  1.220000  1.220000  323.690002  0.240000 159.896392  0.167946  -0.542592  159.268205  1.291467  0.055292 25 12 159.184680  0.000000  0.000000  0.000000  0.000000  0.000000 
1  159.268205  1.220200  1.220200  323.690002  0.240000 159.960739  0.938569  2.080009  159.626931  1.476048  0.668924 25 12 159.268205  0.000000  0.000000  0.000000  0.000000  0.000000 
1  159.626931  1.217960  1.217960  323.690002  0.240000 159.881961  0.023077  -0.204722  158.272143  1.251738  -0.331634 25 13 159.626931  0.000000  0.000000  0.000000  0.000000  0.000000 
1  158.272143  1.217909  1.217909  323.690002  0.240000 159.876860  0.533525  -0.937991  158.663312  1.158116  -0.564509 25 12 158.272143  0.000000  0.000000  0.000000  0.000000  0.000000 
1  158.663312  1.216822  1.216822  323.690002  0.240000 159.883640  0.372947  -1.831467  159.602124  1.225577  -0.139840 25 12 158.663312  0.000000  0.000000  0.000000  0.000000  0.000000 
1  159.602124  1.218080  1.218080  323.690002  0.240000 159.926371  0.274720  -1.354018  160.090298  1.288058  0.097761 25 13 159.602124  0.000000  0.000000  0.000000  0.000000  0.000000 
1  160.090298  1.218339  1.218339  318.200012  0.240000 159.966221  0.886055  -0.486860  159.727266  1.406199  0.429399 25 12 160.090298  0.000000  0.000000  0.000000  0.000000  0.000000 
1  159.727266  1.218874  1.218874  318.200012  0.240000 159.998553  0.821449  0.814671  159.433529  1.274167  -0.138476 25 13 159.727266  0.000000  0.000000  0.000000  0.000000  0.000000 
1  159.433529  1.218022  1.218022  318.200012  0.240000 159.962997  0.229255  -1.157223  159.109012  1.227506  -0.247284 25 12 159.433529  0.000000  0.000000  0.000000  0.000000  0.000000 
1  159.109012  1.218271  1.219392  318.200012  0.240000 159.981864  0.800939  1.797173  159.713124  1.371560  0.336529 25 12 159.109012  0.000000  0.000000  0.000000  0.000000  0.000000 
1  159.713124  1.219134  1.219134  318.200012  0.240000 160.000233  1.433986  0.326749  159.963540  1.373340  0.354901 25 13 159.713124  0.000000  0.000000  0.000000  0.000000  0.000000 
1  159.963540  1.218314  1.218314  318.200012  0.240000 160.004417  0.708785  2.228488  159.181121  1.325079  0.156297 25 12 159.963540  0.000000  0.000000  0.000000  0.000000  0.000000 
1  159.181121  1.219157  1.219157  318.200012  0.240000 160.006012  1.396477  1.007699  159.250193  1.470526  0.618860 25 13 159.181121  0.000000  0.000000  0.000000  0.000000  0.000000 
1  159.250193  1.219860  1.219860  314.160004  0.180000 160.009345  1.182507  0.408024  159.199503  1.448007  0.428172 25 12 159.250193  0.000000  0.000000  0.000000  0.000000  0.000000 
1  159.199503  1.218502  1.218502  314.160004  0.180000 160.035049  0.280497  -0.024496  159.654210  1.398800  0.137333 25 12 159.199503  0.000000  0.000000  0.000000  0.000000  0.000000 
1  159.654210  1.218376  1.218376  314.160004  0.180000 159.997653  0.648538  -0.386705  158.448420  1.322121  -0.087530 25 13 159.654210  0.000000  0.000000  0.000000  0.000000  0.000000 
1  158.448420  1.218515  1.218523  314.160004  0.180000 159.946734  0.549283  2.110712  158.543705  1.231506  -0.438809 25 12 158.448420  0.000000  0.000000  0.000000  0.000000  0.000000 
1  158.543705  1.217159  1.217159  314.160004  0.180000 159.968723  0.296802  0.131861  159.387099  1.291656  -0.115734 25 12 158.543705  0.000000  0.000000  0.000000  0.000000  0.000000 
1  159.387099  1.218379  1.218379  314.160004  0.180000 160.021730  0.930477  -0.132518  159.875890  1.324672  -0.014187 25 13 159.387099  0.000000  0.000000  0.000000  0.000000  0.000000 
1  159.875890  1.218760  1.218760  314.160004  0.180000 160.034964  0.973421  -0.549604  159.319526  1.337222  0.030849 25 12 159.875890  0.000000  0.000000  0.000000  0.000000  0.000000 
1  159.319526  1.219115  1.219115  314.160004  0.180000 160.068373  0.532852  -0.404129  159.423195  1.201062  -0.492173 25 13 159.319526  0.000000  0.000000  0.000000  0.000000  0.000000 
1  159.423195  1.219435  1.219435  314.160004  0.180000 160.044594  0.442568  -1.819494  159.746948  1.189288  -0.409222 25 12 159.423195  0.000000  0.000000  0.000000  0.000000  0.000000 
1  159.746948  1.219795  1.219795  314.160004  0.180000 160.048446  0.529419  1.573183  159.131550  1.293192  0.113192 25 12 159.746948  0.000000  0.000000  0.000000  0.000000  0.000000 
1  159.131550  1.218172  1.217860  303.160004  0.230000 160.055463  0.691192  0.262837  159.289327  1.349804  0.280932 25 13 159.131550  0.000000  0.000000  0.000000  0.000000  0.000000 
1  159.289327  1.217503  1.217503  303.160004  0.230000 160.079064  0.457883  -0.954207  159.275068  1.317151  0.077177 25 12 159.289327  0.000000  0.000000  0.000000  0.000000  0.000000 
1  159.275068  1.217260  1.217260  303.160004  0.230000 160.090235  0.475116  -0.104005  159.587856  1.279247  -0.061631 25 12 159.275068  0.000000  0.000000  0.000000  0.000000  0.000000 
1  159.587856  1.218402  1.218402  303.160004  0.230000 160.044236  1.007024  0.631332  158.794150  1.417705  0.416535 25 13 159.587856  0.000000  0.000000  0.000000  0.000000  0.000000 
1  158.794150  1.218894  1.218894  303.160004  0.230000 160.016472  0.579869  -1.412142  158.786566  1.269787  -0.168273 25 12 158.794150  0.000000  0.000000  0.000000  0.000000  0.000000 
1  158.786566  1.217514  1.216864  303.160004  0.230000 160.075889  0.514748  -0.484214  160.225257  1.250410  -0.191947 25 13 158.786566  0.000000  0.000000  0.000000  0.000000  0.000000 
1  160.225257  1.219706  1.219706  303.160004  0.230000 160.072490  0.465333  -0.566053  159.961151  1.331581  0.043768 25 12 160.225257  0.000000  0.000000  0.000000  0.000000  0.000000 
1  159.961151  1.218837  1.218837  303.160004  0.230000 160.038453  0.743937  0.032198  158.923825  1.266349  -0.160039 25 12 159.961151  0.000000  0.000000  0.000000  0.000000  0.000000 
1  158.923825  1.219272  1.219432  303.160004  0.230000 159.957337  0.556130  -0.123113  157.889253  1.210315  -0.305115 25 13 158.923825  0.000000  0.000000  0.000000  0.000000  0.000000 
1  157.889253  1.217888  1.217465  303.160004  0.230000 159.958987  0.884848  -0.892853  158.875287  1.272306  0.011280 25 12 157.889253  0.000000  0.000000  0.000000  0.000000  0.000000 
1  158.875287  1.219479  1.219479  320.510010  0.280000 159.916689  0.698294  0.320565  158.749620  1.298908  0.144311 25 13 158.875287  0.000000  0.000000  0.000000  0.000000  0.000000 
1  158.749620  1.219774  1.219774  320.510010  0.280000 159.919780  0.740072  0.213193  159.047842  1.198160  -0.152673 25 12 158.749620  0.000000  0.000000  0.000000  0.000000  0.000000 
1  159.047842  1.218378  1.218378  320.510010  0.280000 159.937168  0.497762  0.384343  159.555435  1.334312  0.340150 25 12 159.047842  0.000000  0.000000  0.000000  0.000000  0.000000 
1  159.555435  1.216952  1.216952  320.510010  0.280000 159.931544  1.020491  1.605299  159.052741  1.313086  0.199241 25 13 159.555435  0.000000  0.000000  0.000000  0.000000  0.000000 
1  159.052741  1.218131  1.218131  320.510010  0.280000 159.909038  0.701950  -0.038772  159.613677  1.265598  -0.018238 25 12 159.052741  0.000000  0.000000  0.000000  0.000000  0.000000 
1  159.613677  1.216982  1.216982  320.510010  0.280000 159.885998  0.274482  -1.459367  158.879111  1.286403  0.022295 25 13 159.613677  0.000000  0.000000  0.000000  0.000000  0.000000 
1  158.879111  1.218622  1.219049  320.510010  0.280000 159.915238  0.319525  0.545250  159.439214  1.363301  0.192443 25 12 158.879111  0.000000  0.000000  0.000000  0.000000  0.000000 
1  159.439214  1.219123  1.219123  320.510010  0.280000 159.943740  0.923217  1.795390  159.306288  1.297292  -0.002552 25 12 159.439214  0.000000  0.000000  0.000000  0.000000  0.000000 
1  159.306288  1.217757  1.217757  320.510010  0.280000 159.907341  0.742222  0.426420  158.962634  1.257740  -0.097948 25 13 159.306288  0.000000  0.000000  0.000000  0.000000  0.000000 
1  158.962634  1.219380  1.219380  320.510010  0.280000 159.928363  -0.060946  0.518170  159.808739  1.112776  -0.578206 25 12 158.962634  0.000000  0.000000  0.000000  0.000000  0.000000 
1  159.808739  1.217894  1.217894  306.989990  0.350000 159.989825  0.635302  0.033034  159.410321  1.313243  0.195476 25 13 159.808739  0.000000  0.000000  0.000000  0.000000  0.000000 
1  159.410321  1.217576  1.217576  306.989990  0.350000 159.960436  0.522923  -0.526543  158.618697  1.292278  -0.048001 25 12 159.410321  0.000000  0.000000  0.000000  0.000000  0.000000 
