1  0.000000  1.478661  1.478661  43.341164  0.770569  -0.168856  3.188384  1.064063  -0.110185  14195363690962118854085286471053951827394159960604193257973645247120140524444325709467366114631041245247875472016010624561327426607195911569219158640593112512137211823587114980006291040853715517880823727492586363703783002488183116031171160679673309233968596494843904.000000  0.000000
1  3.188384  1.480122  1.480122  47.324783  0.663757  -0.464058  3.365001  0.926032  -0.406286  14195363690962118854085286471053951827394159960604193257973645247120140524444325709467366114631041245247875472016010624561327426607195911569219158640593112512137211823587114980006291040853715517880823727492586363703783002488183116031171160679673309233968596494843904.000000  0.000000
1  3.365001  1.481564  1.481058  51.744672  0.450134  -1.429279  3.561784  0.876987  -1.371975  14195363690962118854085286471053951827394159960604193257973645247120140524444325709467366114631041245247875472016010624561327426607195911569219158640593112512137211823587114980006291040853715517880823727492586363703783002488183116031171160679673309233968596494843904.000000  0.000000
1  3.561784  1.481718  1.481718  56.271182  0.976562  0.754356  3.743975  0.975843  0.810715  14195363690962118854085286471053951827394159960604193257973645247120140524444325709467366114631041245247875472016010624561327426607195911569219158640593112512137211823587114980006291040853715517880823727492586363703783002488183116031171160679673309233968596494843904.000000  0.000000
1  3.743975  1.481257  1.481257  61.351594  1.182556  1.701087  3.926318  0.992077  1.757278  14195363690962118854085286471053951827394159960604193257973645247120140524444325709467366114631041245247875472016010624561327426607195911569219158640593112512137211823587114980006291040853715517880823727492586363703783002488183116031171160679673309233968596494843904.000000  0.000000
1  3.926318  1.479416  1.479416  65.965788  1.312256  2.062860  4.121125  1.122212  2.117489  14195363690962118854085286471053951827394159960604193257973645247120140524444325709467366114631041245247875472016010624561327426607195911569219158640593112512137211823587114980006291040853715517880823727492586363703783002488183116031171160679673309233968596494843904.000000  0.000000
1  4.121125  1.479624  1.479624  70.780150  0.587463  -0.829019  4.308448  0.972068  -0.775251  14195363690962118854085286471053951827394159960604193257973645247120140524444325709467366114631041245247875472016010624561327426607195911569219158640593112512137211823587114980006291040853715517880823727492586363703783002488183116031171160679673309233968596494843904.000000  0.000000
1  4.308448  1.480781  1.480864  75.363482  0.167847  -2.460227  4.495192  0.806335  -2.407215  14195363690962118854085286471053951827394159960604193257973645247120140524444325709467366114631041245247875472016010624561327426607195911569219158640593112512137211823587114980006291040853715517880823727492586363703783002488183116031171160679673309233968596494843904.000000  0.000000
1  4.495192  1.479907  1.479907  80.238518  0.259399  -2.017340  4.679360  0.691322  -1.965022  14195363690962118854085286471053951827394159960604193257973645247120140524444325709467366114631041245247875472016010624561327426607195911569219158640593112512137211823587114980006291040853715517880823727492586363703783002488183116031171160679673309233968596494843904.000000  0.000000
1  4.679360  1.479348  1.479348  85.083610  0.846863  0.377896  4.861683  0.961394  0.429221  328.720001  0.010000
1  4.861683  1.480807  1.480807  89.736291  0.572205  -0.817926  5.057703  0.887728  -0.767399  328.720001  0.010000
1  5.057703  1.480087  1.480087  94.388100  1.113892  1.439372  5.240563  0.936632  1.489237  328.720001  0.010000
1  5.240563  1.480380  1.479838  98.721763  0.755310  -0.044806  5.431452  1.090757  0.004194  328.720001  0.010000
1  5.431452  1.481005  1.481005  102.891829  0.976562  0.950917  5.610776  0.949047  0.998531  328.720001  0.010000
1  5.610776  1.480061  1.480061  106.842636  0.778198  0.087966  5.803102  1.067247  0.135070  328.720001  0.010000
1  5.803102  1.479628  1.479628  110.935304  0.930786  0.689547  5.990169  1.048624  0.735639  328.720001  0.010000
1  5.990169  1.479883  1.479883  114.801233  1.014709  1.024194  6.180167  0.992454  1.069434  328.720001  0.010000
1  6.180167  1.480898  1.480976  118.337280  0.091553  -2.449128  6.353795  0.472694  -2.404711  328.720001  0.010000
1  6.353795  1.479573  1.479573  121.656955  0.373840  -1.442102  6.547958  0.987182  -1.398168  328.720001  0.010000
1  6.547958  1.481506  1.481506  124.898876  0.930786  0.788411  6.729310  1.117159  0.830591  92.250000  0.120000
1  6.729310  1.480655  1.480655  127.777097  1.113892  1.337243  6.927800  1.171763  1.377979  92.250000  0.120000
1  6.927800  1.479682  1.479682  130.509039  0.694275  -0.313961  7.115746  0.952081  -0.274393  92.250000  0.120000
1  7.115746  1.479593  1.479705  133.248251  1.205444  1.646502  7.310832  1.287984  1.684483  92.250000  0.120000
1  7.310832  1.482024  1.482024  135.772075  1.068115  1.131238  7.493996  1.192043  1.167905  92.250000  0.120000
1  7.493996  1.480364  1.480364  138.024638  1.022339  1.134848  7.660070  0.973791  1.169825  92.250000  0.120000
1  7.660070  1.481352  1.481352  140.055585  0.610352  -0.590896  7.843176  1.053852  -0.557216  92.250000  0.120000
1  7.843176  1.480853  1.480853  142.031662  0.740051  -0.112741  8.023862  1.029368  -0.080469  92.250000  0.120000
1  8.023862  1.480805  1.480984  143.910752  1.014709  0.794476  8.217705  1.170993  0.825662  92.250000  0.120000
1  8.217705  1.479900  1.479900  145.561671  0.709534  -0.454610  8.405195  1.070895  -0.424165  92.250000  0.120000
1  8.405195  1.480322  1.480322  147.026669  0.251770  -1.920021  8.550728  0.858050  -1.891599  92.250000  0.120000
1  8.550728  1.480220  1.480220  148.379002  0.877380  0.682440  8.706461  1.030429  0.709115  92.250000  0.120000
1  8.706461  1.481010  1.481010  149.664625  0.679016  -0.118841  8.867366  0.900363  -0.093948  92.250000  0.120000
1  8.867366  1.482010  1.481924  150.897843  0.053406  -2.655582  9.026368  0.882437  -2.632754  78.849998  0.190000
1  9.026368  1.480952  1.480952  151.992428  0.808716  0.304401  9.186556  1.102664  0.325915  78.849998  0.190000
1  9.186556  1.479041  1.479041  153.011187  0.694275  -0.218970  9.350702  0.831875  -0.199265  78.849998  0.190000
1  9.350702  1.479055  1.479055  153.859898  0.946045  0.720891  9.504774  1.011030  0.738862  78.849998  0.190000
1  9.504774  1.479595  1.479595  154.714729  0.915527  0.404364  9.661932  1.163389  0.419067  78.849998  0.190000
1  9.661932  1.480909  1.481309  155.489892  0.541687  -1.001074  9.797089  0.677355  -0.989175  78.849998  0.190000
1  9.797089  1.481057  1.481057  156.191140  0.419617  -1.274239  9.930060  0.777284  -1.261117  78.849998  0.190000
1  9.930060  1.480959  1.480959  156.884416  0.686646  -0.267607  10.075989  0.825021  -0.254704  76.639999  0.340000
1  10.075989  1.479438  1.479438  157.490139  0.450134  -1.000441  10.198494  0.680343  -0.987678  76.639999  0.340000
1  10.198494  1.481156  1.481156  158.033973  0.915527  0.870621  10.326242  1.004891  0.882383  76.639999  0.340000
1  10.326242  1.479061  1.479061  158.579878  0.762939  0.133592  10.471819  1.076140  0.145662  76.639999  0.340000
1  10.471819  1.481342  1.481342  159.096608  1.380920  2.507998  10.616170  1.289211  2.520982  76.639999  0.340000
1  10.616170  1.480140  1.480140  159.527545  1.060486  1.035599  10.768264  1.239707  1.047734  76.639999  0.340000
1  10.768264  1.481379  1.481379  159.970677  0.602722  -0.803630  10.918309  0.915545  -0.790141  76.639999  0.340000
1  10.918309  1.480273  1.480273  160.326033  0.167847  -2.359721  11.049888  0.856480  -2.345992  76.639999  0.340000
1  11.049888  1.480300  1.480300  160.664477  0.465393  -1.228242  11.201744  0.923453  -1.214323  76.639999  0.340000
1  11.201744  1.477705  1.477705  161.003720  1.213074  1.863454  11.359467  1.168454  1.881868  76.639999  0.340000
1  11.359467  1.480551  1.480404  161.255071  1.068115  1.198778  11.521286  1.234089  1.217484  66.180000  0.390000
1  11.521286  1.479927  1.479927  161.493487  0.755310  -0.119573  11.688935  1.048200  -0.100251  66.180000  0.390000
1  11.688935  1.480708  1.480708  161.685728  1.426697  2.424192  11.852764  1.251469  2.442287  66.180000  0.390000
1  11.852764  1.480098  1.480098  161.933473  0.831604  0.147629  12.025883  1.184539  0.169188  66.180000  0.390000
1  12.025883  1.480151  1.480151  162.106727  0.816345  0.296811  12.187969  1.021093  0.321421  66.180000  0.390000
1  12.187969  1.480150  1.480307  162.301002  0.564575  -0.549163  12.358884  0.909189  -0.520709  66.180000  0.390000
1  12.358884  1.481143  1.481143  162.430465  0.885010  0.964063  12.522450  0.728889  0.995619  66.180000  0.390000
1  12.522450  1.480308  1.480308  162.587321  0.556946  -0.471746  12.732841  0.984421  -0.436224  66.180000  0.390000
1  12.732841  1.481895  1.481895  162.746686  0.938416  0.895807  12.947459  1.304592  0.935052  66.180000  0.390000
1  12.947459  1.479259  1.479259  162.931951  0.579834  -0.599002  13.169924  0.866065  -0.556051  66.180000  0.390000
1  13.169924  1.479963  1.479858  163.071308  0.625610  -0.393015  13.360053  1.162687  -0.352459  69.230003  0.430000
1  13.360053  1.480559  1.480559  163.196432  0.579834  -0.479654  13.571214  0.857314  -0.433824  69.230003  0.430000
1  13.571214  1.479991  1.479991  163.269342  0.938416  0.869147  13.805583  1.048955  0.918815  69.230003  0.430000
1  13.805583  1.479708  1.479708  163.297171  0.495911  -0.751478  14.012677  0.855823  -0.702458  69.230003  0.430000
1  14.012677  1.480134  1.480134  163.418795  0.541687  -0.729227  14.256448  0.980425  -0.676572  69.230003  0.430000
1  14.256448  1.480265  1.479950  163.458318  0.953674  0.724718  14.486291  1.163138  0.774386  69.230003  0.430000
1  14.486291  1.480244  1.480244  163.496147  0.946045  0.768394  14.716571  1.110831  0.819988  69.230003  0.430000
1  14.716571  1.480975  1.480975  163.577797  0.892639  0.585495  14.945803  1.333978  0.639755  69.230003  0.430000
1  14.945803  1.479688  1.479688  163.593929  0.679016  -0.250164  15.196041  1.022563  -0.193616  69.230003  0.430000
1  15.196041  1.479192  1.479192  163.600203  0.724792  0.058393  15.411741  1.210594  0.113329  69.230003  0.430000
1  15.411741  1.480375  1.480438  163.646927  1.167297  1.866029  15.664268  1.155904  1.924690  69.540001  0.310000
1  15.664268  1.480171  1.480171  163.656180  0.976562  1.230283  15.915312  1.082769  1.294575  69.540001  0.310000
1  15.915312  1.479965  1.479965  163.709211  0.465393  -0.923366  16.163914  1.028954  -0.859366  69.540001  0.310000
1  16.163914  1.480709  1.480709  163.783882  0.938416  1.006653  16.435500  1.173842  1.073728  69.540001  0.310000
1  16.435500  1.482404  1.482404  163.810912  0.801086  0.302381  16.708513  1.199019  0.369533  69.540001  0.310000
1  16.708513  1.480270  1.480671  163.820945  0.961304  1.066176  16.962937  1.084072  1.134118  69.540001  0.310000
1  16.962937  1.478850  1.478850  163.867617  0.831604  0.412699  17.232283  1.299899  0.479175  69.540001  0.310000
1  17.232283  1.480328  1.480328  163.918526  1.152039  1.585235  17.516147  1.353068  1.653825  69.540001  0.310000
1  17.516147  1.480666  1.480666  163.967333  1.091003  1.257953  17.807482  1.306521  1.328388  69.540001  0.310000
1  17.807482  1.480290  1.480290  163.967626  0.755310  0.022942  18.100928  1.100764  0.098458  69.540001  0.310000
1  18.100928  1.479899  1.479991  164.007624  0.473022  -1.036337  18.407024  1.071488  -0.955978  69.540001  0.310000
1  18.407024  1.480789  1.480789  164.021677  0.862122  0.420921  18.738020  1.304878  0.506677  69.540001  0.310000
1  18.738020  1.479571  1.479571  164.070674  0.595093  -0.615250  19.043926  1.164209  -0.528859  69.540001  0.310000
1  19.043926  1.481630  1.481630  164.080703  0.648499  -0.300894  19.334099  1.192425  -0.215764  76.570000  0.090000
1  19.334099  1.480532  1.480532  164.119881  0.709534  -0.050522  19.659240  1.094207  0.039524  76.570000  0.090000
1  19.659240  1.480237  1.479691  164.155673  0.511169  -0.709560  20.002907  1.132343  -0.610952  76.570000  0.090000
1  20.002907  1.479553  1.479553  164.176772  0.373840  -1.358558  20.346756  1.229544  -1.257936  76.570000  0.090000
1  20.346756  1.480902  1.480902  164.162388  0.633240  -0.169605  20.659554  0.943792  -0.070458  76.570000  0.090000
1  20.659554  1.484458  1.484458  164.182513  0.808716  0.599519  20.994113  1.240094  0.701014  76.570000  0.090000
1  20.994113  1.479868  1.479868  164.205579  0.976562  0.931876  21.362471  1.485324  1.034994  76.570000  0.090000
1  21.362471  1.481467  1.481467  164.230076  0.877380  0.535934  21.713672  1.324215  0.639778  203.589996  0.110000
1  21.713672  1.481104  1.481104  164.212675  0.610352  -0.506069  22.058698  1.183503  -0.401383  203.589996  0.110000
1  22.058698  1.479699  1.479699  164.182614  0.190735  -2.044301  22.396497  1.069007  -1.939806  203.589996  0.110000
1  22.396497  1.480228  1.480228  164.180585  0.976562  1.109503  22.767776  1.351040  1.217985  203.589996  0.110000
1  22.767776  1.479074  1.479074  164.158241  0.808716  0.504121  23.144217  1.231375  0.618545  203.589996  0.110000
1  23.144217  1.477463  1.477552  164.101219  0.625610  -0.238850  23.503310  1.311704  -0.125270  203.589996  0.110000
1  23.503310  1.478276  1.478276  164.114805  0.961304  0.977500  23.931023  1.464680  1.101515  203.589996  0.110000
1  23.931023  1.480153  1.480153  164.091104  0.999451  1.151360  24.351150  1.357185  1.282480  203.589996  0.110000
1  24.351150  1.479909  1.479909  164.095681  1.205444  1.966516  24.775505  1.434936  2.103179  203.589996  0.110000
1  24.775505  1.479970  1.479970  164.054761  0.595093  -0.424152  25.208125  1.145259  -0.283541  203.589996  0.110000
1  25.208125  1.479596  1.479509  164.100679  0.602722  -0.456563  25.616080  1.144211  -0.319277  193.899994  0.140000
1  25.616080  1.481034  1.481034  164.068967  0.778198  0.333132  26.023352  1.434343  0.470268  193.899994  0.140000
1  26.023352  1.480061  1.480061  164.056969  0.411987  -1.101515  26.440607  1.240637  -0.963853  193.899994  0.140000
1  26.440607  1.481615  1.481615  164.083548  0.625610  -0.208382  26.865671  1.306660  -0.068237  193.899994  0.140000
1  26.865671  1.478896  1.478896  164.125730  0.556946  -0.565362  27.328968  1.566660  -0.417770  193.899994  0.140000
1  27.328968  1.480793  1.480816  164.171163  0.862122  0.432311  27.803447  1.775260  0.583419  193.899994  0.140000
1  27.803447  1.479879  1.479879  164.253433  0.946045  0.744418  28.310210  1.601355  0.906437  193.899994  0.140000
1  28.310210  1.480376  1.480376  164.256178  0.144958  -2.417906  28.765441  1.397691  -2.257913  193.899994  0.140000
1  28.765441  1.480449  1.480449  164.222425  0.808716  0.394142  29.246821  1.452256  0.556161  193.899994  0.140000
1  29.246821  1.481168  1.481168  164.198688  0.328064  -1.486711  29.716617  1.406627  -1.320763  193.899994  0.140000
1  29.716617  1.477334  1.477494  164.205917  0.785828  0.364079  30.235644  1.473649  0.535036  173.779999  0.130000
1  30.235644  1.479696  1.479696  164.180955  0.450134  -1.009859  30.716105  1.593089  -0.841442  173.779999  0.130000
1  30.716105  1.480052  1.480052  164.187725  0.885010  0.652752  31.218277  1.750448  0.822812  173.779999  0.130000
1  31.218277  1.479758  1.479758  164.165832  1.327515  2.578099  31.715914  1.765313  2.750906  173.779999  0.130000
1  31.715914  1.480154  1.480154  164.112165  0.694275  0.263164  32.204263  1.548625  0.436719  173.779999  0.130000
1  32.204263  1.480221  1.480460  164.139253  0.617981  -0.263541  32.741574  1.685308  -0.085679  173.779999  0.130000
1  32.741574  1.479457  1.479457  164.103703  0.320435  -1.353185  33.233256  1.456864  -1.178112  173.779999  0.130000
1  33.233256  1.481095  1.481095  164.137081  0.831604  0.615573  33.779464  1.677561  0.798390  173.779999  0.130000
1  33.779464  1.480175  1.480175  164.183727  1.037598  1.240829  34.355728  1.871861  1.430647  173.779999  0.130000
1  34.355728  1.481500  1.481500  164.184840  0.396729  -1.273125  34.915563  1.434915  -1.079647  173.779999  0.130000
1  34.915563  1.480303  1.480019  164.146214  0.900269  0.677522  35.488447  1.841397  0.873727  98.320000  0.190000
1  35.488447  1.480107  1.480107  164.164835  0.511169  -0.977097  36.079095  1.729761  -0.776187  98.320000  0.190000
1  36.079095  1.479150  1.479150  164.187919  0.801086  0.158260  36.641075  1.780148  0.357278  98.320000  0.190000
1  36.641075  1.479213  1.479213  164.180307  0.289917  -1.593379  37.186959  1.599102  -1.393448  98.320000  0.190000
1  37.186959  1.480081  1.480081  164.199887  0.671387  -0.173930  37.784569  1.871297  0.030447  98.320000  0.190000
1  37.784569  1.480606  1.480089  164.196619  1.632690  3.514439  38.362523  2.177932  3.721078  98.320000  0.190000
1  38.362523  1.479552  1.479552  164.204618  0.717163  0.012855  38.949894  1.819873  0.221945  98.320000  0.190000
1  38.949894  1.480430  1.480430  164.234097  0.633240  -0.384203  39.613066  2.011293  -0.167137  98.320000  0.190000
1  39.613066  1.479279  1.479279  164.288972  1.152039  1.639329  40.245864  2.053349  1.862096  98.320000  0.190000
1  40.245864  1.479521  1.479521  164.244477  1.113892  1.670391  40.885652  1.964747  1.897901  98.320000  0.190000
1  40.885652  1.479900  1.480054  164.217872  0.549316  -0.510022  41.491445  1.779310  -0.286350  98.320000  0.190000
1  41.491445  1.481128  1.481128  164.226718  0.625610  -0.122843  42.130605  1.719414  0.105477  98.320000  0.190000
1  42.130605  1.479924  1.479924  164.218920  0.801086  0.409401  42.800086  1.915633  0.641211  98.320000  0.190000
1  42.800086  1.479934  1.479934  164.254085  0.831604  0.714815  43.434708  1.941072  0.949250  105.980003  0.220000
1  43.434708  1.480753  1.480753  164.233766  0.404358  -0.997766  44.082460  1.886455  -0.762713  105.980003  0.220000
1  44.082460  1.478871  1.478420  164.196242  0.503540  -0.719924  44.751412  1.993259  -0.482484  105.980003  0.220000
1  44.751412  1.479783  1.479783  164.188748  0.228882  -1.866835  45.426621  2.099098  -1.626938  105.980003  0.220000
1  45.426621  1.480035  1.480035  164.137748  1.052856  1.449980  46.096859  2.216389  1.690795  105.980003  0.220000
1  46.096859  1.479513  1.479513  164.146500  0.984192  1.026907  46.777988  2.076391  1.267035  105.980003  0.220000
1  46.777988  1.480502  1.480502  164.195481  0.885010  0.575037  47.451625  2.383409  0.813787  105.980003  0.220000
1  47.451625  1.479834  1.480118  164.185517  0.381470  -1.268881  48.123335  1.914651  -1.028944  126.769997  0.280000
1  48.123335  1.477839  1.477839  164.180090  0.633240  -0.192418  48.819534  2.006561  0.053167  126.769997  0.280000
1  48.819534  1.481072  1.481072  164.187187  0.518799  -0.420413  49.500256  1.941199  -0.171717  126.769997  0.280000
1  49.500256  1.479126  1.479126  164.136960  1.174927  2.167386  50.192329  2.109109  2.416230  126.769997  0.280000
1  50.192329  1.482673  1.482673  164.136732  0.267029  -1.497105  50.887348  2.243811  -1.248077  126.769997  0.280000
1  50.887348  1.479746  1.479574  164.146007  0.701904  0.226296  51.594280  2.330465  0.478413  126.769997  0.280000
1  51.594280  1.480626  1.480626  164.147756  0.686646  0.026999  52.329544  2.507026  0.282561  126.769997  0.280000
1  52.329544  1.479929  1.479929  164.118774  0.015259  -2.473225  53.050858  2.011933  -2.212889  126.769997  0.280000
1  53.050858  1.479573  1.479573  164.095574  0.152588  -2.089569  53.772895  2.346117  -1.831692  126.769997  0.280000
1  53.772895  1.479157  1.479157  164.099131  0.770569  0.373682  54.499171  2.571632  0.632631  126.769997  0.280000
1  54.499171  1.480347  1.479818  164.138699  0.717163  0.158302  55.219753  2.325920  0.413773  123.650002  0.260000
1  55.219753  1.480300  1.480300  164.135075  0.419617  -1.086380  55.964269  2.428858  -0.826257  123.650002  0.260000
1  55.964269  1.481611  1.481611  164.124829  0.617981  -0.300237  56.701075  2.537371  -0.039420  123.650002  0.260000
1  56.701075  1.479732  1.479732  164.112283  0.457764  -0.865165  57.427967  2.523718  -0.604504  123.650002  0.260000
1  57.427967  1.479559  1.479559  164.108798  1.007080  1.331631  58.193231  2.487040  1.597192  123.650002  0.260000
1  58.193231  1.484123  1.483665  164.112016  0.595093  -0.090737  58.940994  2.464118  0.179201  123.650002  0.260000
1  58.940994  1.477873  1.477873  164.192268  0.404358  -0.824220  59.691694  2.589057  -0.553711  123.650002  0.260000
1  59.691694  1.477143  1.477143  164.224635  0.686646  0.270193  60.458819  2.523033  0.542567  123.650002  0.260000
1  60.458819  1.482493  1.482493  164.235861  1.037598  1.503453  61.222349  2.862583  1.773880  123.650002  0.260000
1  61.222349  1.479221  1.479221  164.215109  1.068115  1.677543  62.009157  2.727654  1.953579  123.650002  0.260000
1  62.009157  1.479623  1.482569  164.209313  0.648499  -0.003281  62.781652  2.750955  0.272805  120.570000  0.280000
1  62.781652  1.478360  1.478360  164.244713  1.029968  1.340329  63.586298  2.767979  1.615015  120.570000  0.280000
1  63.586298  1.480205  1.480205  164.204955  0.808716  0.464423  64.366256  2.748375  0.739543  120.570000  0.280000
1  64.366256  1.478162  1.478162  164.227468  0.930786  0.954837  65.158882  2.837174  1.232512  120.570000  0.280000
1  65.158882  1.479775  1.479775  164.197826  0.701904  0.105252  65.940021  2.767961  0.382432  120.570000  0.280000
1  65.940021  1.480146  1.479688  164.228074  0.579834  -0.199123  66.729338  2.551715  0.081204  120.570000  0.280000
1  66.729338  1.481254  1.481254  164.189782  0.549316  -0.141525  67.500975  2.619375  0.138390  120.570000  0.280000
1  67.500975  1.480355  1.480355  164.199471  0.770569  0.594370  68.300979  2.866135  0.874109  120.570000  0.280000
1  68.300979  1.479440  1.479440  164.218689  1.258850  2.398239  69.128086  3.021131  2.682172  120.570000  0.280000
1  69.128086  1.478338  1.478338  164.235538  0.480652  -0.831660  69.936900  3.025497  -0.548716  120.570000  0.280000
1  69.936900  1.480220  1.480224  164.219939  0.785828  0.575400  70.713893  2.873167  0.855484  154.419998  0.250000
1  70.713893  1.479909  1.479909  164.203791  0.473022  -0.773506  71.516838  2.967853  -0.494178  154.419998  0.250000
1  71.516838  1.481011  1.481011  164.230107  0.488281  -0.605024  72.312154  2.922320  -0.325383  154.419998  0.250000
1  72.312154  1.479472  1.479472  164.227351  0.709534  0.271262  73.132900  3.060162  0.550749  154.419998  0.250000
1  73.132900  1.480148  1.480148  164.203090  0.938416  1.390505  73.936971  2.913536  1.673869  154.419998  0.250000
1  73.936971  1.478583  1.478341  164.189092  0.595093  -0.171218  74.760777  3.201911  0.111838  154.419998  0.250000
1  74.760777  1.479124  1.479124  164.197603  0.701904  0.136923  75.602469  3.251227  0.423391  154.419998  0.250000
1  75.602469  1.479653  1.479653  164.168608  0.770569  0.393000  76.427151  3.285253  0.680276  154.419998  0.250000
1  76.427151  1.480240  1.480240  164.175521  0.129700  -2.269463  77.274630  3.014204  -1.980234  154.419998  0.250000
1  77.274630  1.479242  1.479242  164.138849  0.663757  -0.152838  78.101700  3.257339  0.135070  154.419998  0.250000
1  78.101700  1.481587  1.481587  164.094158  0.396729  -1.310125  78.931701  3.330822  -1.022438  154.419998  0.250000
1  78.931701  1.479454  1.479454  164.150524  -0.045776  -3.071377  79.771010  3.264543  -2.781894  154.419998  0.250000
1  79.771010  1.480221  1.480221  164.173972  0.823975  0.596941  80.602222  3.206353  0.887212  154.419998  0.250000
1  80.602222  1.479903  1.479903  164.183465  0.701904  0.129778  81.458610  3.364174  0.419976  163.190002  0.230000
1  81.458610  1.480412  1.480412  164.138121  1.365662  2.760782  82.303593  3.704675  3.051916  163.190002  0.230000
1  82.303593  1.478863  1.478863  164.093698  0.381470  -0.978103  83.121525  3.032432  -0.688869  163.190002  0.230000
1  83.121525  1.480084  1.480084  164.101181  -0.068665  -2.696907  83.962034  3.152461  -2.405751  163.190002  0.230000
1  83.962034  1.479566  1.479771  164.090492  0.556946  -0.287601  84.805771  3.544887  0.003822  163.190002  0.230000
1  84.805771  1.479374  1.479374  164.077184  0.984192  1.403361  85.633926  3.557275  1.692479  163.190002  0.230000
1  85.633926  1.481867  1.481867  164.066171  0.175476  -1.804991  86.470836  3.262244  -1.516030  163.190002  0.230000
1  86.470836  1.479744  1.479744  164.047234  0.137329  -1.815549  87.296594  3.273697  -1.525876  201.190002  0.230000
1  87.296594  1.477641  1.477641  164.026949  0.556946  -0.271453  88.151698  3.516717  0.018648  201.190002  0.230000
1  88.151698  1.480264  1.480487  164.011766  0.358582  -1.064898  88.994853  3.411021  -0.774163  201.190002  0.230000
1  88.994853  1.478706  1.478706  164.000397  0.640869  -0.066482  89.847830  3.737435  0.223990  201.190002  0.230000
1  89.847830  1.479850  1.479850  164.037395  0.999451  1.399177  90.684802  3.883193  1.689555  201.190002  0.230000
1  90.684802  1.479853  1.479853  164.028533  0.846863  0.914846  91.537025  3.606105  1.205885  201.190002  0.230000
1  91.537025  1.482004  1.482004  164.014507  0.289917  -1.148944  92.372519  3.364699  -0.857283  201.190002  0.230000
1  92.372519  1.479563  1.479662  163.965697  0.556946  0.040305  93.202058  3.738122  0.331268  201.190002  0.230000
1  93.202058  1.480310  1.480310  164.032003  0.701904  0.502948  94.061160  3.817747  0.795399  201.190002  0.230000
1  94.061160  1.479869  1.479869  164.027748  0.610352  0.187724  94.898876  3.737984  0.479595  201.190002  0.230000
1  94.898876  1.481200  1.481200  164.047311  0.419617  -0.798218  95.748626  3.869589  -0.508402  225.669998  0.210000
1  95.748626  1.480234  1.480234  164.095788  0.610352  -0.105777  96.601113  3.750497  0.184127  225.669998  0.210000
1  96.601113  1.480624  1.480826  164.103040  0.427246  -0.920424  97.449381  3.982201  -0.631446  225.669998  0.210000
1  97.449381  1.479639  1.479639  164.147773  0.930786  0.952692  98.309970  4.184860  1.242210  225.669998  0.210000
1  98.309970  1.483065  1.483065  164.169190  0.480652  -0.844976  99.171747  3.906837  -0.554465  225.669998  0.210000
1  99.171747  1.479412  1.479412  164.147516  0.297546  -1.290633  100.012856  3.755459  -0.999714  225.669998  0.210000
1  100.012856  1.479335  1.479335  164.133878  0.785828  0.701137  100.828677  4.006471  0.991692  225.669998  0.210000
1  100.828677  1.480009  1.479894  164.141062  0.885010  0.973995  101.729516  4.163150  1.265132  225.669998  0.210000
1  101.729516  1.480838  1.480838  164.155731  0.633240  -0.009894  102.580987  4.205803  0.280889  225.669998  0.210000
1  102.580987  1.479736  1.479736  164.128556  0.572205  -0.148355  103.417418  3.853480  0.142036  225.669998  0.210000
1  103.417418  1.479232  1.479232  164.167962  0.915527  1.358178  104.279079  4.070738  1.649316  232.869995  0.220000
1  104.279079  1.479159  1.479159  164.151436  0.770569  0.775586  105.124363  4.042452  1.066824  232.869995  0.220000
1  105.124363  1.478895  1.479527  164.099606  1.068115  1.819302  105.973650  4.426880  2.108121  232.869995  0.220000
1  105.973650  1.480149  1.480149  164.100198  1.007080  1.398672  106.838680  4.338942  1.687026  232.869995  0.220000
1  106.838680  1.482991  1.482991  164.103246  0.595093  -0.272078  107.695488  4.361478  0.015881  232.869995  0.220000
1  107.695488  1.479609  1.479609  164.056284  0.801086  0.741827  108.536808  4.352313  1.030501  232.869995  0.220000
1  108.536808  1.479939  1.479939  164.110743  1.045227  1.701691  109.392716  4.512038  1.990869  232.869995  0.220000
1  109.392716  1.480449  1.480492  164.095508  1.060486  1.833364  110.239939  4.393576  2.122285  232.869995  0.220000
1  110.239939  1.480358  1.480358  164.096380  0.770569  0.537920  111.092178  4.600616  0.825320  232.869995  0.220000
1  111.092178  1.480256  1.480256  164.080564  0.816345  0.854164  111.924639  4.329339  1.139250  232.869995  0.220000
1  111.924639  1.480147  1.480147  164.041939  0.846863  1.054879  112.763169  4.337275  1.339656  318.950012  0.150000
1  112.763169  1.480426  1.480426  164.083336  0.694275  0.335144  113.623744  4.531286  0.621434  318.950012  0.150000
1  113.623744  1.480858  1.480927  164.091489  0.274658  -1.257958  114.462572  4.344006  -0.972289  318.950012  0.150000
1  114.462572  1.481327  1.481327  164.093512  0.793457  0.854751  115.308680  4.372600  1.140429  318.950012  0.150000
1  115.308680  1.480577  1.480577  164.079802  0.488281  -0.500070  116.167584  4.531152  -0.214797  318.950012  0.150000
1  116.167584  1.478989  1.478989  164.098759  0.617981  -0.011335  117.030734  4.478706  0.274265  318.950012  0.150000
1  117.030734  1.479904  1.479904  164.122675  0.389099  -0.884907  117.884478  4.517248  -0.599067  318.950012  0.150000
1  117.884478  1.480780  1.480119  164.118835  1.365662  2.628823  118.760190  4.929952  2.912948  318.950012  0.150000
1  118.760190  1.480588  1.480588  164.096931  0.343323  -1.324125  119.615106  4.831500  -1.039636  318.950012  0.150000
1  119.615106  1.481250  1.481250  164.086602  0.495911  -0.681266  120.467144  4.832701  -0.398075  318.950012  0.150000
1  120.467144  1.480598  1.480598  164.055626  0.679016  0.199440  121.304472  4.865468  0.480506  318.950012  0.150000
1  121.304472  1.478976  1.478976  164.094044  0.617981  -0.153163  122.169713  4.846624  0.128092  318.950012  0.150000
1  122.169713  1.479998  1.478982  164.112356  1.014709  1.452316  123.019136  4.607575  1.731551  318.950012  0.150000
1  123.019136  1.478743  1.478743  164.122049  0.648499  -0.038092  123.875239  4.794597  0.241430  340.239990  0.110000
1  123.875239  1.480691  1.480691  164.130108  0.823975  0.749661  124.739444  4.931911  1.028317  340.239990  0.110000
1  124.739444  1.479039  1.479039  164.069229  0.831604  0.840826  125.572169  4.876895  1.117644  340.239990  0.110000
1  125.572169  1.480725  1.480725  164.078017  0.282288  -1.411423  126.427043  4.654257  -1.134766  340.239990  0.110000
1  126.427043  1.479933  1.480173  164.046356  0.343323  -0.944325  127.256584  4.639280  -0.668786  340.239990  0.110000
1  127.256584  1.480284  1.480284  164.035176  0.793457  0.947842  128.090931  4.830838  1.222266  340.239990  0.110000
1  128.090931  1.479903  1.479903  164.016477  0.183105  -1.448891  128.911838  4.724694  -1.177469  340.239990  0.110000
1  128.911838  1.479772  1.479772  164.045157  0.740051  0.717791  129.765649  4.793244  0.990515  250.839996  0.130000
1  129.765649  1.479714  1.479714  164.064303  0.190735  -1.391368  130.605043  4.781704  -1.118674  250.839996  0.130000
1  130.605043  1.479887  1.480032  164.051305  0.396729  -0.715308  131.478841  5.052136  -0.442741  250.839996  0.130000
1  131.478841  1.479193  1.479193  164.049373  0.373840  -0.633417  132.313003  4.714037  -0.362140  250.839996  0.130000
1  132.313003  1.479042  1.479042  164.109592  0.221252  -1.658960  133.184214  4.926279  -1.387868  250.839996  0.130000
1  133.184214  1.481215  1.481215  164.154352  1.045227  1.603528  134.044609  5.248639  1.874614  250.839996  0.130000
1  134.044609  1.480526  1.480526  164.133021  0.740051  0.632970  134.873518  5.049474  0.902785  250.839996  0.130000
1  134.873518  1.480975  1.481044  164.107986  0.511169  -0.296395  135.710417  5.111165  -0.029363  250.839996  0.130000
1  135.710417  1.480362  1.480362  164.096537  -0.022888  -2.164610  136.542354  4.644912  -1.898881  250.839996  0.130000
1  136.542354  1.479813  1.479813  164.086760  0.907898  1.384843  137.374098  5.458739  1.646475  250.839996  0.130000
1  137.374098  1.478658  1.478658  164.132294  0.427246  -0.686785  138.232626  5.495305  -0.423224  256.799988  0.110000
1  138.232626  1.480718  1.480718  164.085838  0.556946  -0.170180  139.071121  5.131175  0.090323  256.799988  0.110000
1  139.071121  1.477948  1.478532  164.075902  0.770569  0.731412  139.923846  5.183235  0.992282  256.799988  0.110000
1  139.923846  1.487587  1.487587  164.085768  0.610352  -0.159193  140.795460  5.359265  0.101070  256.799988  0.110000
1  140.795460  1.479511  1.479511  164.098794  0.503540  -0.416020  141.642919  5.246304  -0.155945  256.799988  0.110000
1  141.642919  1.479454  1.479454  164.083730  0.747681  0.531759  142.496665  5.354069  0.789404  256.799988  0.110000
1  142.496665  1.478838  1.478838  164.177779  -0.228882  -3.347289  143.402157  5.059879  -3.084551  256.799988  0.110000
1  143.402157  1.480831  1.481230  164.147336  0.114441  -1.842433  144.229163  5.074243  -1.587112  256.799988  0.110000
1  144.229163  1.479948  1.479948  164.112158  0.648499  0.070856  145.079230  5.404492  0.319697  256.799988  0.110000
1  145.079230  1.480337  1.480337  164.114354  0.366211  -0.843594  145.924724  5.227310  -0.592048  256.799988  0.110000
1  145.924724  1.479128  1.479128  164.103916  0.846863  0.909026  146.789518  5.580950  1.159573  250.490005  0.110000
1  146.789518  1.480519  1.480519  164.097364  0.663757  0.286187  147.634561  5.612538  0.534479  250.490005  0.110000
1  147.634561  1.480211  1.480224  164.087990  0.511169  -0.322260  148.483327  5.517451  -0.075748  250.490005  0.110000
1  148.483327  1.480415  1.480415  164.074973  0.862122  1.013106  149.336565  5.696420  1.257263  250.490005  0.110000
1  149.336565  1.480424  1.480424  164.107516  0.656128  0.493135  150.186461  5.448053  0.739227  250.490005  0.110000
1  150.186461  1.479680  1.479680  164.087665  -0.045776  -2.222474  151.047160  5.139870  -1.981808  250.490005  0.110000
1  151.047160  1.478758  1.478758  164.062579  0.747681  0.774820  151.895778  5.765900  1.011005  250.490005  0.110000
1  151.895778  1.479201  1.479896  164.023635  0.892639  1.566074  152.702362  5.698051  1.794470  250.490005  0.110000
1  152.702362  1.481152  1.481152  164.010460  0.823975  1.320267  153.532719  5.748547  1.545957  250.490005  0.110000
1  153.532719  1.479172  1.479172  163.998238  0.244141  -1.070250  154.345714  5.657026  -0.847405  250.490005  0.110000
1  154.345714  1.479638  1.479638  163.986913  0.495911  -0.091491  155.197814  5.646003  0.126650  276.299988  0.070000
1  155.197814  1.480101  1.480101  164.006243  0.778198  1.002579  156.059164  5.809774  1.222223  276.299988  0.070000
1  156.059164  1.479062  1.478744  164.018628  0.640869  0.572626  156.885741  5.621778  0.788266  276.299988  0.070000
1  156.885741  1.480600  1.480600  164.023216  0.068665  -1.690853  157.722281  5.607003  -1.477379  276.299988  0.070000
1  157.722281  1.479827  1.479827  163.989876  1.213074  2.850366  158.522345  6.021702  3.052475  276.299988  0.070000
1  158.522345  1.480135  1.480135  164.018184  0.091553  -1.729993  159.375128  5.413152  -1.526931  276.299988  0.070000
1  159.375128  1.479669  1.479669  164.012872  0.457764  -0.090113  160.163101  5.442811  0.100568  276.299988  0.070000
1  160.163101  1.481707  1.481726  164.043350  -0.083923  -2.353355  160.983031  5.727610  -2.165659  276.299988  0.070000
1  160.983031  1.479882  1.479882  164.001229  0.473022  -0.031490  161.700402  5.729290  0.131666  276.299988  0.070000
1  161.700402  1.479905  1.479905  163.978817  0.335693  -0.508149  162.431259  5.548811  -0.360872  276.299988  0.070000
1  162.431259  1.478945  1.478945  163.928917  0.259399  -0.984834  163.029286  5.704545  -0.876108  276.299988  0.070000
1  163.029286  1.480556  1.480556  163.936318  0.053406  -1.639456  163.675536  5.571665  -1.554444  276.299988  0.070000
1  163.675536  1.479474  1.480653  163.947228  0.534058  0.382793  164.140723  5.477491  0.421275  276.299988  0.070000
1  164.140723  1.479613  1.479613  163.952331  0.564575  0.080244  164.554335  5.966089  0.057669  217.500000  0.180000
1  164.554335  1.482050  1.482050  163.886266  0.106812  -1.616190  164.748166  5.378006  -1.719650  217.500000  0.180000
1  164.748166  1.480332  1.480332  163.872642  -0.282288  -3.225841  165.054179  5.580389  -3.357349  217.500000  0.180000
1  165.054179  1.480765  1.480765  163.902377  -0.007629  -1.938582  165.374014  5.289244  -2.082807  217.500000  0.180000
1  165.374014  1.479918  1.480033  163.912151  0.846863  1.357017  165.640545  5.700061  1.186349  217.500000  0.180000
1  165.640545  1.478652  1.478652  163.932510  0.923157  1.604794  165.882530  5.609024  1.411746  217.500000  0.180000
1  165.882530  1.480995  1.480995  163.944937  0.724792  0.862474  166.132799  5.568246  0.660245  217.500000  0.180000
1  166.132799  1.480435  1.480435  163.972221  0.236511  -1.225446  166.384603  5.436790  -1.436372  172.419998  0.100000
1  166.384603  1.480346  1.480346  163.981959  0.106812  -1.778842  166.575580  5.452779  -2.009636  172.419998  0.100000
1  166.575580  1.480952  1.480647  163.999642  0.282288  -0.882013  166.776474  5.544421  -1.120025  172.419998  0.100000
1  166.776474  1.480193  1.480193  164.022946  0.976562  1.630525  167.004511  5.720630  1.389183  172.419998  0.100000
1  167.004511  1.479976  1.479976  164.013336  0.297546  -1.071635  167.168781  5.465623  -1.325646  172.419998  0.100000
1  167.168781  1.480163  1.480163  164.027299  0.923157  1.380453  167.354517  5.243844  1.122641  172.419998  0.100000
1  167.354517  1.476559  1.476559  163.999000  0.366211  -0.815051  167.491709  5.179707  -1.086991  172.419998  0.100000
1  167.491709  1.478337  1.478429  164.012504  0.328064  -0.743021  167.650732  5.197735  -1.014823  172.419998  0.100000
1  167.650732  1.480950  1.480950  164.007235  0.198364  -1.498330  167.820552  5.464132  -1.772844  172.419998  0.100000
1  167.820552  1.479275  1.479275  163.988074  0.022888  -1.954901  167.937358  5.124725  -2.236075  172.419998  0.100000
1  167.937358  1.480353  1.480353  163.944457  -0.045776  -1.913997  168.032830  5.148975  -2.201153  161.809998  0.010000
1  168.032830  1.476878  1.476878  163.919619  -0.114441  -1.840460  168.157003  4.864400  -2.121286  161.809998  0.010000
1  168.157003  1.481357  1.481318  163.878050  0.419617  0.401880  168.261765  4.904159  0.119370  161.809998  0.010000
1  168.261765  1.480171  1.480171  163.887813  0.099182  -1.043109  168.369650  5.256321  -1.329586  161.809998  0.010000
1  168.369650  1.480461  1.480461  163.869435  0.984192  2.432459  168.482707  5.333382  2.145991  161.809998  0.010000
1  168.482707  1.480245  1.480245  163.908989  0.450134  0.002035  168.611742  5.455543  -0.284907  161.809998  0.010000
1  168.611742  1.481923  1.481923  163.905194  0.175476  -1.195778  168.715291  4.976353  -1.487010  161.809998  0.010000
1  168.715291  1.480799  1.481008  163.870509  1.091003  2.448881  168.789865  5.056308  2.150214  161.809998  0.010000
1  168.789865  1.480469  1.480469  163.892165  1.167297  3.051274  168.916465  4.993664  2.765874  161.809998  0.010000
1  168.916465  1.478899  1.478899  163.885405  0.251770  -0.445178  168.986379  4.861096  -0.734701  161.809998  0.010000
1  168.986379  1.480457  1.480457  163.880664  1.174927  3.164106  169.064323  5.141049  2.870783  345.700012  0.020000
1  169.064323  1.479091  1.479091  163.851822  0.381470  -0.110647  169.132139  5.035072  -0.409005  345.700012  0.020000
1  169.132139  1.480098  1.480098  163.850876  0.083923  -1.591124  169.223162  4.911964  -1.890752  345.700012  0.020000
1  169.223162  1.480463  1.480463  163.843548  0.831604  1.282702  169.307344  5.047144  0.982803  345.700012  0.020000
1  169.307344  1.480466  1.480466  163.822394  1.228333  2.883858  169.395453  4.931896  2.586507  345.700012  0.020000
1  169.395453  1.478843  1.478843  163.843192  0.862122  1.311366  169.482737  4.967900  1.014436  345.700012  0.020000
1  169.482737  1.480595  1.480595  163.853983  -0.129700  -2.386481  169.541697  4.797085  -2.682714  345.700012  0.020000
1  169.541697  1.478727  1.478727  163.880555  0.480652  -0.088648  169.623181  5.149363  -0.383374  345.700012  0.020000
1  169.623181  1.479850  1.479850  163.866310  0.045776  -1.909053  169.689437  4.726212  -2.206702  345.700012  0.020000
1  169.689437  1.480018  1.479878  163.812262  -0.022888  -1.897831  169.736169  4.564907  -2.195243  345.700012  0.020000
1  169.736169  1.481405  1.481405  163.807112  -0.167847  -2.541977  169.794234  4.404393  -2.840247  287.029999  0.070000
1  169.794234  1.480719  1.480719  163.824283  0.411987  -0.191390  169.855645  4.676158  -0.487109  287.029999  0.070000
1  169.855645  1.481454  1.481454  163.840623  0.610352  0.747204  169.911664  4.523129  0.455159  287.029999  0.070000
1  169.911664  1.480636  1.480636  163.852547  0.068665  -1.379390  169.964956  4.484510  -1.669938  287.029999  0.070000
1  169.964956  1.480601  1.480372  163.866977  0.724792  1.309159  170.006656  4.470400  1.017824  287.029999  0.070000
1  170.006656  1.479918  1.479918  163.917857  0.343323  -0.540346  170.071632  4.633137  -0.832845  287.029999  0.070000
1  170.071632  1.480416  1.480416  163.975321  -0.022888  -1.941163  170.117412  4.493986  -2.232571  287.029999  0.070000
1  170.117412  1.482006  1.482006  163.980020  -0.076294  -1.940705  170.146230  4.061709  -2.232147  287.029999  0.070000
1  170.146230  1.481510  1.481510  163.937043  0.991821  2.344101  170.158337  4.567966  2.048038  287.029999  0.070000
1  170.158337  1.482297  1.481839  163.896912  0.205994  -0.582510  170.147019  3.914653  -0.884314  287.029999  0.070000
1  170.147019  1.481915  1.481915  163.837089  0.419617  0.390375  170.138253  4.144108  0.085924  287.029999  0.070000
1  170.138253  1.480145  1.480145  163.823511  1.510620  4.238414  170.169647  4.618478  3.932189  287.029999  0.070000
1  170.169647  1.481472  1.481472  163.840777  -0.221252  -2.867841  170.199876  4.042971  -3.172315  287.029999  0.070000
1  170.199876  1.480944  1.480944  163.814421  0.198364  -1.160395  170.217861  4.126831  -1.462954  239.449997  0.020000
1  170.217861  1.481044  1.481113  163.880632  0.030518  -1.909723  170.277654  4.282889  -2.201669  239.449997  0.020000
1  170.277654  1.482336  1.482336  163.874710  0.915527  1.674314  170.312708  4.097033  1.387058  239.449997  0.020000
1  170.312708  1.476182  1.476182  163.808187  0.106812  -1.421465  170.293628  4.057568  -1.717688  239.449997  0.020000
1  170.293628  1.481014  1.481014  163.796467  0.793457  1.559979  170.287006  4.245689  1.264865  239.449997  0.020000
1  170.287006  1.482549  1.482549  163.839784  0.709534  1.111538  170.302947  4.438467  0.819376  239.449997  0.020000
1  170.302947  1.480255  1.480264  163.846491  1.724243  5.215062  170.298163  4.133590  4.921090  239.449997  0.020000
1  170.298163  1.479265  1.479265  163.878617  0.511169  0.380141  170.288448  4.178890  0.084646  335.630005  0.060000
1  170.288448  1.480429  1.480429  163.850027  0.656128  0.878329  170.266706  4.250530  0.578366  335.630005  0.060000
1  170.266706  1.479508  1.479508  163.831928  -0.381470  -2.681350  170.217060  3.301219  -2.979839  335.630005  0.060000
1  170.217060  1.479851  1.479851  163.810654  0.389099  0.125524  170.195739  3.831298  -0.175881  335.630005  0.060000
1  170.195739  1.480510  1.480317  163.789830  1.235962  3.474096  170.157553  4.464290  3.171368  335.630005  0.060000
1  170.157553  1.480717  1.480717  163.754505  -0.518799  -3.256262  170.105724  3.298443  -3.558304  335.630005  0.060000
1  170.105724  1.479979  1.479979  163.783607  0.541687  0.484545  170.105674  3.929420  0.183943  335.630005  0.060000
1  170.105674  1.481332  1.481332  163.720469  0.396729  0.323926  170.025543  3.816907  0.020287  335.630005  0.060000
1  170.025543  1.480322  1.480322  163.730333  0.236511  -0.192149  169.965615  3.707955  -0.494915  335.630005  0.060000
1  169.965615  1.481835  1.481393  163.718775  0.663757  1.236182  169.925209  3.927710  0.932368  335.630005  0.060000
1  169.925209  1.480955  1.480955  163.767851  0.251770  -0.416165  169.899094  3.498543  -0.713434  342.640015  0.170000
1  169.899094  1.480838  1.480838  163.829654  -0.595093  -3.950112  169.874789  3.766336  -4.243891  342.640015  0.170000
1  169.874789  1.480137  1.480137  163.820809  -0.259399  -2.717429  169.818573  3.563954  -3.016968  342.640015  0.170000
1  169.818573  1.480835  1.480835  163.831595  -0.183105  -2.638074  169.780794  3.952008  -2.938520  342.640015  0.170000
1  169.780794  1.479986  1.479163  163.809004  1.296997  3.582488  169.716826  3.546249  3.284487  342.640015  0.170000
1  169.716826  1.480372  1.480372  163.841361  0.732422  1.155128  169.690900  3.423391  0.860108  342.640015  0.170000
1  169.690900  1.480441  1.480441  163.779756  0.251770  -0.136402  169.582638  3.261145  -0.433130  342.640015  0.170000
1  169.582638  1.480972  1.480972  163.766886  0.312805  0.060726  169.530640  3.436405  -0.231545  342.640015  0.170000
1  169.530640  1.480757  1.480757  163.775550  -0.427246  -3.041670  169.470488  3.379026  -3.334686  342.640015  0.170000
1  169.470488  1.480376  1.480323  163.760743  0.282288  -0.325296  169.404243  3.418538  -0.620734  342.640015  0.170000
1  169.404243  1.480377  1.480377  163.783106  -0.129700  -1.772167  169.352255  3.287512  -2.059379  319.269989  0.150000
1  169.352255  1.480437  1.480437  163.838659  1.487732  4.464309  169.304254  3.691553  4.179196  319.269989  0.150000
1  169.304254  1.487184  1.487184  163.885429  0.152588  -0.969013  169.250063  3.376484  -1.253823  319.269989  0.150000
1  169.250063  1.481242  1.481242  163.839532  -0.503540  -3.396413  169.141601  3.069334  -3.689048  319.269989  0.150000
1  169.141601  1.482208  1.481839  163.831090  -0.480652  -3.136339  169.056306  2.778692  -3.426352  319.269989  0.150000
1  169.056306  1.479139  1.479139  163.822020  0.114441  -1.000092  168.978523  3.615050  -1.292820  319.269989  0.150000
1  168.978523  1.480205  1.480205  163.830883  -0.236511  -2.362251  168.892212  3.075906  -2.654299  319.269989  0.150000
1  168.892212  1.480852  1.480852  163.843947  1.075745  2.817858  168.836216  3.198299  2.532538  319.269989  0.150000
1  168.836216  1.480169  1.480169  163.914692  2.166748  6.934276  168.821297  3.937072  6.660625  319.269989  0.150000
1  168.821297  1.481059  1.480525  163.913010  0.099182  -1.548819  168.729702  3.398476  -1.834291  319.269989  0.150000
1  168.729702  1.480225  1.480225  163.904325  1.495361  3.618515  168.661638  3.679270  3.327304  302.859985  0.100000
1  168.661638  1.481288  1.481288  163.954491  1.243591  2.399499  168.618305  3.728253  2.111934  302.859985  0.100000
1  168.618305  1.481451  1.481451  163.956341  1.327515  2.307506  168.572395  3.921142  2.017062  302.859985  0.100000
1  168.572395  1.480936  1.480936  164.033882  0.869751  0.165459  168.575918  3.664415  -0.113997  302.859985  0.100000
1  168.575918  1.478713  1.478668  164.056280  1.998901  4.658699  168.540677  3.784675  4.381813  302.859985  0.100000
1  168.540677  1.480295  1.480295  164.101604  0.343323  -1.878691  168.514713  3.268324  -2.150614  302.859985  0.100000
1  168.514713  1.480304  1.480304  163.959801  -3.646851  -15.150129  168.373789  -0.873584  -15.401743  302.859985  0.100000
1  168.373789  1.480047  1.480047  163.622717  -0.854492  -1.400063  168.069257  1.401800  -1.659532  302.859985  0.100000
1  168.069257  1.478111  1.478111  163.459795  -2.777100  -8.410221  167.857891  0.201383  -8.670530  302.859985  0.100000
1  167.857891  1.475311  1.474833  162.925746  -2.487183  -3.653471  167.356045  -0.525709  -3.926325  302.859985  0.100000
1  167.356045  1.473808  1.473808  162.317261  -4.753113  -9.012799  166.769050  -2.598948  -9.291115  302.859985  0.100000
1  166.769050  1.476534  1.476534  161.660935  -4.226685  -5.067294  166.210382  -1.520289  -5.353323  302.859985  0.100000
1  166.210382  1.476270  1.476270  161.137797  -0.144958  10.168334  165.818491  1.592712  9.877772  302.859985  0.100000
1  165.818491  1.476593  1.476593  160.899804  0.610352  8.619256  165.702257  3.066428  8.321980  340.989990  0.130000
1  165.702257  1.474631  1.474727  160.830375  3.059387  13.815107  165.711931  5.257580  13.518564  340.989990  0.130000
1  165.711931  1.475291  1.475291  161.172422  4.341125  11.404511  166.088269  6.908084  11.113897  340.989990  0.130000
1  166.088269  1.475130  1.475130  161.567459  5.554199  10.740845  166.526140  7.381603  10.462284  340.989990  0.130000
1  166.526140  1.476082  1.476082  162.156070  5.546570  5.655165  167.122082  7.770803  5.396554  340.989990  0.130000
1  167.122082  1.476693  1.476693  162.631370  4.806519  1.199726  167.563630  7.308834  0.955188  340.989990  0.130000
1  167.563630  1.474623  1.474413  163.033324  2.761841  -6.067587  167.920901  5.190089  -6.289297  340.989990  0.130000
1  167.920901  1.474477  1.474477  163.203186  0.694275  -11.151840  168.036135  3.398673  -11.370512  298.029999  0.120000
1  168.036135  1.474627  1.474627  163.308883  0.480652  -8.265280  168.075529  2.723370  -8.470587  298.029999  0.120000
1  168.075529  1.476852  1.476852  163.190536  -1.502991  -11.090194  167.894602  0.522410  -11.291802  298.029999  0.120000
1  167.894602  1.475421  1.475421  163.056075  0.610352  0.322792  167.672594  2.194554  0.106303  298.029999  0.120000
1  167.672594  1.477617  1.476550  163.074809  1.457214  3.532608  167.576387  3.034138  3.299704  298.029999  0.120000
1  167.576387  1.474791  1.474791  163.130961  0.740051  0.150743  167.558999  3.151431  -0.082592  298.029999  0.120000
1  167.558999  1.474405  1.474405  163.259570  4.203796  11.798602  167.626502  6.148262  11.555984  298.029999  0.120000
1  167.626502  1.475036  1.475036  163.659211  3.028870  3.514280  167.949451  5.383517  3.286858  298.029999  0.120000
1  167.949451  1.475101  1.475101  163.791133  0.892639  -3.958959  167.988420  2.880004  -4.184113  298.029999  0.120000
1  167.988420  1.473852  1.474004  163.892435  -1.213074  -10.749995  168.008389  1.947762  -10.959580  298.029999  0.120000
1  168.008389  1.476603  1.476603  163.806930  -1.243591  -7.989110  167.822294  1.094739  -8.205468  283.049988  0.150000
1  167.822294  1.474504  1.474504  163.585690  -0.762939  -3.145685  167.475714  0.950366  -3.384773  283.049988  0.150000
1  167.475714  1.475402  1.475402  163.313266  -1.190186  -2.367759  167.148271  0.177256  -2.608813  283.049988  0.150000
1  167.148271  1.475239  1.475239  163.105947  -0.419617  0.697484  166.898652  1.163728  0.445650  283.049988  0.150000
1  166.898652  1.475232  1.474911  163.005227  1.457214  6.469681  166.748424  2.784645  6.203629  283.049988  0.150000
1  166.748424  1.474333  1.474333  163.002744  2.777100  9.412242  166.697558  4.578433  9.142054  283.049988  0.150000
1  166.697558  1.476058  1.476058  163.200497  2.593994  5.116902  166.815612  4.462515  4.847425  283.049988  0.150000
1  166.815612  1.474977  1.474977  163.485072  4.005432  7.450531  167.033142  5.704671  7.188710  283.049988  0.150000
1  167.033142  1.475717  1.475717  163.824345  2.395630  -0.612306  167.279448  4.701357  -0.851511  283.049988  0.150000
1  167.279448  1.475726  1.475785  163.995335  1.304626  -4.318946  167.387284  3.275959  -4.543045  283.049988  0.150000
1  167.387284  1.475308  1.475308  164.079517  -0.823975  -10.430190  167.357884  1.732304  -10.641257  261.970001  0.100000
1  167.357884  1.474954  1.474954  163.578901  -3.608704  -13.349338  166.799739  -2.098165  -13.561557  261.970001  0.100000
1  166.799739  1.476034  1.476034  163.132739  -3.219604  -8.377913  166.303766  -1.244794  -8.610946  261.970001  0.100000
1  166.303766  1.475357  1.475357  162.784060  0.770569  8.342617  165.956892  1.557036  8.107030  261.970001  0.100000
1  165.956892  1.475440  1.475358  162.718832  0.503540  4.511701  165.840364  2.413459  4.270887  261.970001  0.100000
1  165.840364  1.476934  1.476934  162.710625  4.470825  17.218768  165.803168  5.012249  16.972318  261.970001  0.100000
1  165.803168  1.476095  1.476095  163.075336  3.677368  8.173582  166.120960  5.025734  7.935778  261.970001  0.100000
1  166.120960  1.477248  1.477248  163.283533  1.823425  -0.541788  166.247303  3.412714  -0.770256  261.970001  0.100000
1  166.247303  1.476428  1.476428  163.307686  -0.640869  -8.591094  166.178020  1.413777  -8.812203  261.970001  0.100000
1  166.178020  1.476826  1.476819  162.903087  -5.172729  -20.173327  165.698737  -2.694775  -20.389978  261.970001  0.100000
1  165.698737  1.475859  1.475859  162.468110  0.625610  6.165270  165.267601  2.030375  5.946733  256.429993  0.140000
1  165.267601  1.475895  1.475895  162.390476  1.510620  7.224420  165.092977  2.652677  6.978464  256.429993  0.140000
1  165.092977  1.475223  1.475223  162.634137  5.981445  19.827973  165.290757  7.310545  19.594070  256.429993  0.140000
1  165.290757  1.475751  1.475751  162.767253  1.754761  1.149307  165.361949  3.320595  0.916528  256.429993  0.140000
1  165.361949  1.477570  1.476469  162.893384  2.014160  1.040002  165.380102  3.524673  0.799254  256.429993  0.140000
1  165.380102  1.476136  1.476136  163.071467  2.235413  1.947854  165.522032  3.335786  1.747205  256.429993  0.140000
1  165.522032  1.475900  1.475900  163.212074  1.525879  -0.630531  165.599463  2.483445  -0.817708  256.429993  0.140000
1  165.599463  1.475932  1.475932  163.457341  1.792908  -0.719585  165.701426  3.671518  -0.913510  256.429993  0.140000
1  165.701426  1.475790  1.475790  163.650480  1.518250  -2.537055  165.801537  3.833755  -2.731220  256.429993  0.140000
1  165.801537  1.474928  1.475194  163.851037  1.388550  -2.765569  165.917947  2.623278  -2.945223  256.429993  0.140000
1  165.917947  1.474697  1.474697  164.028769  1.762390  -0.881347  166.053303  2.945377  -1.044268  256.429993  0.140000
1  166.053303  1.474006  1.474006  164.172627  0.717163  -4.222371  166.108146  2.061966  -4.383912  256.429993  0.140000
1  166.108146  1.476453  1.476453  164.257671  1.091003  -1.411608  166.087476  2.074842  -1.573980  333.500000  0.210000
1  166.087476  1.477252  1.477252  164.284777  0.419617  -3.242224  165.972452  1.820525  -3.426515  333.500000  0.210000
1  165.972452  1.476369  1.476175  164.354475  -0.144958  -4.451868  165.978149  1.532000  -4.614268  333.500000  0.210000
1  165.978149  1.474887  1.474887  164.360617  -0.625610  -5.434062  165.874211  0.997021  -5.601772  333.500000  0.210000
1  165.874211  1.475592  1.475592  164.142032  -1.518250  -6.047953  165.553059  -0.329883  -6.230837  333.500000  0.210000
1  165.553059  1.475731  1.475731  163.892414  -2.075195  -5.693777  165.203306  -1.250933  -5.881164  333.500000  0.210000
1  165.203306  1.475324  1.475324  163.660907  -0.251770  2.008996  164.919933  0.770602  1.811316  333.500000  0.210000
1  164.919933  1.474599  1.474430  163.641584  0.343323  2.736171  164.770768  1.665258  2.530058  333.500000  0.210000
1  164.770768  1.476673  1.476673  163.584309  0.778198  3.151658  164.638992  1.853347  2.938947  5.250000  0.140000
1  164.638992  1.476379  1.476379  163.381482  -1.625061  -5.685350  164.320849  -0.160121  -5.915570  5.250000  0.140000
1  164.320849  1.477380  1.477380  163.188762  -1.296997  -3.650330  164.092418  0.620848  -3.862090  5.250000  0.140000
1  164.092418  1.475524  1.475524  163.051506  0.816345  3.991386  163.861816  1.682048  3.765396  5.250000  0.140000
1  163.861816  1.475543  1.475698  162.961529  0.640869  2.355273  163.682206  1.641799  2.127641  5.250000  0.140000
1  163.682206  1.475010  1.475010  162.817971  -1.388550  -5.280221  163.465276  -0.240143  -5.500677  5.250000  0.140000
1  163.465276  1.475787  1.475787  162.489752  -0.625610  -0.860169  163.088205  -0.068083  -1.094705  5.250000  0.140000
1  163.088205  1.476824  1.476824  162.351264  0.183105  1.698164  162.934785  1.381097  1.480563  5.250000  0.140000
1  162.934785  1.476654  1.476654  162.131637  0.259399  2.608289  162.711383  1.007545  2.403546  5.250000  0.140000
1  162.711383  1.475730  1.476551  162.067301  1.228333  4.965754  162.612974  1.859967  4.770804  5.250000  0.140000
1  162.612974  1.475985  1.475985  162.000044  0.366211  0.366428  162.493161  1.583519  0.166749  22.100000  0.150000
1  162.493161  1.476841  1.476841  161.987390  0.839233  0.695554  162.387139  2.490827  0.482878  22.100000  0.150000
1  162.387139  1.476186  1.476186  162.036225  0.831604  -0.030626  162.444061  1.702401  -0.208682  22.100000  0.150000
1  162.444061  1.476049  1.476049  162.141440  3.028870  6.946245  162.519496  3.784348  6.776055  22.100000  0.150000
1  162.519496  1.475303  1.475526  162.340190  3.814697  7.458462  162.676747  4.737036  7.285445  22.100000  0.150000
1  162.676747  1.476067  1.476067  162.619608  2.143860  -0.931831  162.998149  3.579489  -1.064964  22.100000  0.150000
1  162.998149  1.476038  1.476038  162.838532  2.204895  -1.079089  163.242967  3.315680  -1.190807  22.100000  0.150000
1  163.242967  1.476210  1.476210  163.066673  2.014160  -1.962056  163.477933  3.374562  -2.057670  22.100000  0.150000
1  163.477933  1.475559  1.475559  163.422228  1.564026  -5.373022  163.881375  3.830754  -5.445994  22.100000  0.150000
1  163.881375  1.475258  1.475498  163.437646  0.251770  -7.651474  163.848405  1.281651  -7.742295  22.100000  0.150000
1  163.848405  1.473557  1.473557  163.425333  -1.319885  -11.399432  163.819107  0.219327  -11.490894  42.169998  0.170000
1  163.819107  1.483920  1.483920  163.371821  0.701904  -1.032135  163.794836  1.421811  -1.110978  42.169998  0.170000
1  163.794836  1.476276  1.476276  163.299304  -0.091553  -2.221847  163.748903  0.603149  -2.292048  42.169998  0.170000
1  163.748903  1.476983  1.476983  163.185956  -1.342773  -5.200777  163.713183  -0.546847  -5.252525  42.169998  0.170000
1  163.713183  1.475748  1.476134  162.992875  -1.708984  -4.928963  163.410896  -0.802858  -5.023034  42.169998  0.170000
1  163.410896  1.476546  1.476546  162.681566  -1.228333  -1.312563  163.056045  -0.737297  -1.435237  42.169998  0.170000
1  163.056045  1.475133  1.475133  162.522493  -0.816345  -0.197650  162.821252  -0.010824  -0.338705  42.169998  0.170000
1  162.821252  1.476484  1.476484  162.344344  -1.312256  -2.828870  162.619925  -0.007279  -2.981278  42.169998  0.170000
1  162.619925  1.476070  1.476070  162.121222  -1.495361  -2.830496  162.388186  -0.824250  -2.976896  42.169998  0.170000
1  162.388186  1.475348  1.475472  161.902115  1.434326  8.207215  162.162863  1.474506  8.046827  42.169998  0.170000
1  162.162863  1.475093  1.475093  161.852702  0.610352  3.095220  162.132705  1.338105  2.948509  65.120003  0.160000
1  162.132705  1.474588  1.474588  161.787270  0.938416  3.168407  161.986161  1.284831  3.003001  65.120003  0.160000
1  161.986161  1.475083  1.475083  161.778819  0.778198  1.754982  161.979675  1.323433  1.611483  65.120003  0.160000
1  161.979675  1.475841  1.475841  161.745837  0.381470  -0.288109  161.894766  1.158523  -0.434093  65.120003  0.160000
1  161.894766  1.475177  1.475241  161.642981  0.381470  -0.366668  161.664034  0.933735  -0.546916  65.120003  0.160000
1  161.664034  1.474173  1.474173  161.589903  1.365662  3.187575  161.577314  1.510830  3.013914  65.120003  0.160000
1  161.577314  1.475489  1.475489  161.595041  0.946045  1.130305  161.611590  1.687165  0.990878  65.120003  0.160000
1  161.611590  1.475320  1.475320  161.578000  0.808716  0.328015  161.574704  1.358555  0.196175  65.120003  0.160000
1  161.574704  1.475812  1.475812  161.915124  1.327515  -1.901403  162.008598  2.650128  -1.993242  65.120003  0.160000
1  162.008598  1.474642  1.474482  161.980457  3.150940  5.954555  162.081109  3.089591  5.867356  65.120003  0.160000
1  162.081109  1.476548  1.476548  162.021744  0.602722  -3.308241  162.113765  1.079625  -3.394976  65.120003  0.160000
1  162.113765  1.474363  1.474363  162.040670  2.845764  6.167303  162.106847  2.123760  6.071856  65.120003  0.160000
1  162.106847  1.475295  1.475295  162.443282  4.928589  10.520196  162.603228  5.753855  10.463201  51.299999  0.180000
1  162.603228  1.475675  1.475675  162.580131  0.625610  -5.115003  162.819313  1.132327  -5.141913  51.299999  0.180000
1  162.819313  1.475705  1.475437  162.608425  0.640869  -3.682789  162.800071  1.322205  -3.735395  51.299999  0.180000
1  162.800071  1.474633  1.474633  162.605016  0.129700  -4.369329  162.754391  0.791315  -4.439723  51.299999  0.180000
1  162.754391  1.475641  1.475641  162.579194  -1.022339  -6.737470  162.834818  -0.493656  -6.765925  51.299999  0.180000
1  162.834818  1.474925  1.474925  162.361346  -1.716614  -6.169716  162.640434  -0.808793  -6.200553  51.299999  0.180000
1  162.640434  1.475573  1.475573  162.042724  -2.693176  -6.830049  162.227168  -2.096227  -6.894247  51.299999  0.180000
1  162.227168  1.474976  1.474976  161.604946  -2.868652  -4.642606  161.720776  -2.691387  -4.745354  51.299999  0.180000
1  161.720776  1.474032  1.474032  161.391599  -0.267029  4.402223  161.463630  0.301613  4.276440  55.070000  0.180000
1  161.463630  1.473248  1.473248  161.295827  1.075745  7.180452  161.257803  1.180645  7.022154  55.070000  0.180000
1  161.257803  1.473765  1.473765  161.214223  1.197815  5.773862  161.082414  1.212429  5.601600  55.070000  0.180000
1  161.082414  1.473518  1.473518  161.269037  2.059937  6.695116  161.155563  2.544688  6.551273  55.070000  0.180000
1  161.155563  1.474097  1.474097  161.445558  3.005981  6.750663  161.316598  3.916793  6.607372  55.070000  0.180000
1  161.316598  1.474152  1.474152  161.591681  2.174377  2.005953  161.489297  2.891181  1.885466  55.070000  0.180000
1  161.489297  1.473596  1.473562  161.655004  1.945496  1.187188  161.552301  2.082904  1.076126  55.070000  0.180000
1  161.552301  1.474489  1.474489  161.729623  0.915527  -1.997533  161.679757  1.074164  -2.074463  55.070000  0.180000
1  161.679757  1.474696  1.474696  161.730388  0.267029  -3.612428  161.667956  0.977647  -3.692619  55.070000  0.180000
1  161.667956  1.474008  1.474008  161.405676  -5.867004  -22.830205  161.357501  -5.162534  -22.905476  55.070000  0.180000
1  161.357501  1.472946  1.472946  160.802013  -2.487183  -4.204800  160.719425  -2.990275  -4.318583  47.360001  0.140000
1  160.719425  1.473467  1.474712  160.284176  -3.540039  -5.920332  160.083528  -3.367959  -6.076344  47.360001  0.140000
1  160.083528  1.473211  1.473211  159.724325  -2.426147  -0.504250  159.481081  -2.020569  -0.688480  47.360001  0.140000
1  159.481081  1.475089  1.475089  159.356128  0.015259  7.691275  159.062657  -0.118293  7.485885  47.360001  0.140000
1  159.062657  1.473526  1.473526  159.170358  0.343323  6.192824  158.858169  0.780092  6.000924  47.360001  0.140000
1  158.858169  1.475027  1.475027  159.078774  2.639771  12.206593  158.704126  2.225224  12.009395  47.360001  0.140000
1  158.704126  1.472895  1.473205  159.286426  3.341675  9.644251  158.928472  3.608065  9.475825  47.360001  0.140000
1  158.928472  1.472184  1.472184  159.508553  3.250122  5.591423  159.089854  3.639724  5.423262  47.360001  0.140000
1  159.089854  1.472299  1.472299  159.871852  5.043030  8.786655  159.518470  5.528719  8.656757  47.360001  0.140000
1  159.518470  1.474498  1.474498  160.202653  3.822327  2.259662  159.860745  3.974684  2.151281  47.360001  0.140000
1  159.860745  1.474448  1.474448  160.501960  2.075195  -5.155980  160.188167  2.713659  -5.239840  50.799999  0.090000
1  160.188167  1.473808  1.473808  160.737106  3.158569  0.505694  160.541477  2.864029  0.476249  50.799999  0.090000
1  160.541477  1.473488  1.473488  160.909987  1.640320  -3.519974  160.807477  1.596866  -3.518345  50.799999  0.090000
1  160.807477  1.473284  1.473284  160.997761  0.617981  -5.483305  160.901228  1.002077  -5.484116  50.799999  0.090000
1  160.901228  1.473727  1.473727  161.072430  0.205994  -5.377401  161.071589  0.725660  -5.356043  50.799999  0.090000
1  161.071589  1.473966  1.473966  161.123657  0.556946  -2.735788  161.093670  0.781529  -2.734262  50.799999  0.090000
1  161.093670  1.472344  1.472344  161.172105  0.633240  -1.712950  161.163279  0.869781  -1.716621  50.799999  0.090000
1  161.163279  1.473807  1.473807  161.202343  0.709534  -0.819067  161.179543  0.823433  -0.836074  50.799999  0.090000
1  161.179543  1.474941  1.474680  161.226118  1.113892  0.937994  161.156968  1.086796  0.899405  50.799999  0.090000
1  161.156968  1.474506  1.474506  161.231373  0.465393  -1.332211  161.152290  0.502550  -1.380923  50.799999  0.090000
1  161.152290  1.474296  1.474296  161.227991  0.198364  -2.224832  161.118818  0.795785  -2.286426  208.949997  0.020000
1  161.118818  1.472723  1.472723  161.203716  0.953674  0.979660  161.055166  0.916243  0.908579  208.949997  0.020000
1  161.055166  1.472939  1.472939  161.179397  0.816345  0.497417  161.052379  0.919539  0.434666  208.949997  0.020000
1  161.052379  1.472982  1.472842  161.226461  0.411987  -1.113376  161.127563  0.830807  -1.156704  208.949997  0.020000
1  161.127563  1.473215  1.473215  161.258235  0.564575  -0.519245  161.146997  0.700155  -0.562910  208.949997  0.020000
1  161.146997  1.472927  1.472927  161.205995  0.190735  -1.795001  161.112381  0.532041  -1.850249  208.949997  0.020000
1  161.112381  1.473006  1.473006  161.205878  0.701904  0.183594  161.026222  0.800130  0.106745  208.949997  0.020000
1  161.026222  1.474068  1.474068  161.220651  0.946045  1.131445  161.003575  0.876546  1.057604  208.949997  0.020000
1  161.003575  1.473558  1.473618  161.230048  1.075745  1.397492  160.998604  1.020912  1.321460  208.949997  0.020000
1  160.998604  1.473367  1.473367  161.250760  0.556946  -0.609549  161.021382  0.710116  -0.676114  208.949997  0.020000
1  161.021382  1.474417  1.474417  161.260636  0.595093  -0.267186  161.059983  0.744936  -0.318650  208.949997  0.020000
1  161.059983  1.472575  1.472575  161.262220  1.113892  1.890644  161.072666  0.786551  1.847026  208.949997  0.020000
