1  0.000000  11.629501  11.629501  11.001782  0.020506  0.004720  7.172513  0.026452  0.007794  3772238669067768548189769474001572376618632902028785633831615422532288626735483847823630636754507004494468804702479348263945192593619260859113000961526590671254870591427260066406250016097804914250108779739177644514948905340956027740586167465687450780423492315643904.000000  10511173170742743135061119718046036630814159014903415602791080812346168096650774708007599551522126692101697690540759661861125279572681114366970998964985196961769305609118421553889491473622662785222208898294422076894498356558135322437520555170645871800411323705065472.000000
1  7.172513  11.629192  11.629192  11.365817  0.012251  -0.025631  7.538979  0.018487  -0.022653  3772238669067768548189769474001572376618632902028785633831615422532288626735483847823630636754507004494468804702479348263945192593619260859113000961526590671254870591427260066406250016097804914250108779739177644514948905340956027740586167465687450780423492315643904.000000  10511173170742743135061119718046036630814159014903415602791080812346168096650774708007599551522126692101697690540759661861125279572681114366970998964985196961769305609118421553889491473622662785222208898294422076894498356558135322437520555170645871800411323705065472.000000
1  7.538979  11.651415  11.651415  11.820995  0.021305  0.009924  7.905814  0.027826  0.012860  3772238669067768548189769474001572376618632902028785633831615422532288626735483847823630636754507004494468804702479348263945192593619260859113000961526590671254870591427260066406250016097804914250108779739177644514948905340956027740586167465687450780423492315643904.000000  10511173170742743135061119718046036630814159014903415602791080812346168096650774708007599551522126692101697690540759661861125279572681114366970998964985196961769305609118421553889491473622662785222208898294422076894498356558135322437520555170645871800411323705065472.000000
1  7.905814  11.660593  11.660593  12.205676  0.019042  0.001676  8.303099  0.025881  0.004672  3772238669067768548189769474001572376618632902028785633831615422532288626735483847823630636754507004494468804702479348263945192593619260859113000961526590671254870591427260066406250016097804914250108779739177644514948905340956027740586167465687450780423492315643904.000000  10511173170742743135061119718046036630814159014903415602791080812346168096650774708007599551522126692101697690540759661861125279572681114366970998964985196961769305609118421553889491473622662785222208898294422076894498356558135322437520555170645871800411323705065472.000000
1  8.303099  11.679000  11.679000  12.604361  0.016512  -0.009566  8.686586  0.023646  -0.006607  3772238669067768548189769474001572376618632902028785633831615422532288626735483847823630636754507004494468804702479348263945192593619260859113000961526590671254870591427260066406250016097804914250108779739177644514948905340956027740586167465687450780423492315643904.000000  10511173170742743135061119718046036630814159014903415602791080812346168096650774708007599551522126692101697690540759661861125279572681114366970998964985196961769305609118421553889491473622662785222208898294422076894498356558135322437520555170645871800411323705065472.000000
1  8.686586  11.694368  11.694368  12.948022  0.007723  -0.047556  9.073533  0.015142  -0.044642  3772238669067768548189769474001572376618632902028785633831615422532288626735483847823630636754507004494468804702479348263945192593619260859113000961526590671254870591427260066406250016097804914250108779739177644514948905340956027740586167465687450780423492315643904.000000  10511173170742743135061119718046036630814159014903415602791080812346168096650774708007599551522126692101697690540759661861125279572681114366970998964985196961769305609118421553889491473622662785222208898294422076894498356558135322437520555170645871800411323705065472.000000
1  9.073533  11.689133  11.689201  13.301572  0.007191  -0.046504  9.428583  0.014880  -0.043680  351.690002  0.040000
1  9.428583  11.684838  11.684838  13.606293  0.016112  -0.011288  9.784344  0.024057  -0.008559  351.690002  0.040000
1  9.784344  11.681726  11.681726  13.921679  0.017311  -0.007875  10.141833  0.025501  -0.005231  351.690002  0.040000
1  10.141833  11.686551  11.686551  14.173200  0.020373  0.002877  10.535421  0.028854  0.005596  351.690002  0.040000
1  10.535421  11.678265  11.678265  14.455898  0.015579  -0.018847  10.882052  0.024281  -0.016292  351.690002  0.040000
1  10.882052  11.677404  11.676324  14.709438  0.020373  0.002028  11.225134  0.029307  0.004502  351.690002  0.040000
1  11.225134  11.671903  11.671903  14.924617  0.017044  -0.009400  11.543203  0.026178  -0.007100  351.690002  0.040000
1  11.543203  11.675672  11.675672  15.207048  0.005193  -0.057111  11.848423  0.014504  -0.054961  351.690002  0.040000
1  11.848423  11.680231  11.680231  15.509377  0.013449  -0.024273  12.208777  0.023005  -0.022077  351.690002  0.040000
1  12.208777  11.679693  11.679693  15.782867  0.005593  -0.055565  12.523479  0.015335  -0.053467  351.690002  0.040000
1  12.523479  11.697616  11.697992  15.954282  0.010786  -0.032496  12.837998  0.020726  -0.030440  351.690002  0.020000
1  12.837998  11.754906  11.754906  16.138221  0.013449  -0.022644  13.114658  0.023527  -0.020810  351.690002  0.020000
1  13.114658  11.765892  11.765892  16.376243  0.019574  0.000719  13.411351  0.029812  0.002457  351.690002  0.020000
1  13.411351  11.760848  11.760848  16.486039  0.024901  0.025140  13.639154  0.035228  0.026581  351.690002  0.020000
1  13.639154  11.748760  11.748760  16.670465  0.019707  0.003510  13.915962  0.030170  0.004920  351.690002  0.020000
1  13.915962  11.735262  11.735279  16.801176  0.017044  -0.004475  14.201662  0.027667  -0.003002  351.690002  0.020000
1  14.201662  11.710587  11.710587  16.965406  0.018376  0.002101  14.430766  0.029088  0.003382  351.690002  0.020000
1  14.430766  11.684075  11.684075  17.085887  0.023968  0.024064  14.665535  0.034771  0.025230  351.690002  0.020000
1  14.665535  11.686832  11.686832  17.303556  0.012650  -0.020556  14.942231  0.023597  -0.019282  351.690002  0.020000
1  14.942231  11.688244  11.688244  17.364401  0.018109  0.003606  15.169632  0.029151  0.004762  351.690002  0.020000
1  15.169632  11.679148  11.679388  17.515028  0.005859  -0.044280  15.424528  0.017023  -0.043099  351.690002  0.020000
1  15.424528  11.689548  11.689548  17.568901  0.015180  -0.004243  15.555765  0.026323  -0.003550  351.690002  0.020000
1  15.555765  11.704887  11.704887  17.665236  0.010386  -0.025258  15.698113  0.021502  -0.024914  351.690002  0.010000
1  15.698113  11.697014  11.697014  17.770735  0.017177  0.005006  15.876993  0.028336  0.005361  351.690002  0.010000
