1  0.006245  0.006245  39.444059  0.014914  0.005162  30.697878  0.019225  0.009386  5151327936716223721494647389896293443008123866626305595812092551103740104558635785837935607351956393185027242009931276767660716408099827927964483623690785874173865504449332893981308876314015576525975733770488339721817929089625478800949733594095777646767409408770048.000000  13786009188715521551971490165164183472218604299970773518508915865478588032467264487082947607618939628231633496296538295372416076936694267435636029787747788562096333355312815710437757755605820769807644302026123665169418041829288916742987760067559149519128899518201856.000000
1  0.005933  0.005933  42.473320  0.005459  -0.028381  34.165242  0.010238  -0.024013  5151327936716223721494647389896293443008123866626305595812092551103740104558635785837935607351956393185027242009931276767660716408099827927964483623690785874173865504449332893981308876314015576525975733770488339721817929089625478800949733594095777646767409408770048.000000  13786009188715521551971490165164183472218604299970773518508915865478588032467264487082947607618939628231633496296538295372416076936694267435636029787747788562096333355312815710437757755605820769807644302026123665169418041829288916742987760067559149519128899518201856.000000
1  0.005629  0.005629  46.313721  0.016112  0.012263  37.796467  0.021378  0.016776  5151327936716223721494647389896293443008123866626305595812092551103740104558635785837935607351956393185027242009931276767660716408099827927964483623690785874173865504449332893981308876314015576525975733770488339721817929089625478800949733594095777646767409408770048.000000  13786009188715521551971490165164183472218604299970773518508915865478588032467264487082947607618939628231633496296538295372416076936694267435636029787747788562096333355312815710437757755605820769807644302026123665169418041829288916742987760067559149519128899518201856.000000
1  0.005891  0.005891  50.190971  0.010786  -0.007623  41.546288  0.016560  -0.002932  5151327936716223721494647389896293443008123866626305595812092551103740104558635785837935607351956393185027242009931276767660716408099827927964483623690785874173865504449332893981308876314015576525975733770488339721817929089625478800949733594095777646767409408770048.000000  13786009188715521551971490165164183472218604299970773518508915865478588032467264487082947607618939628231633496296538295372416076936694267435636029787747788562096333355312815710437757755605820769807644302026123665169418041829288916742987760067559149519128899518201856.000000
1  0.006407  0.006407  54.382362  0.010519  -0.008726  45.211779  0.016792  -0.003958  5151327936716223721494647389896293443008123866626305595812092551103740104558635785837935607351956393185027242009931276767660716408099827927964483623690785874173865504449332893981308876314015576525975733770488339721817929089625478800949733594095777646767409408770048.000000  13786009188715521551971490165164183472218604299970773518508915865478588032467264487082947607618939628231633496296538295372416076936694267435636029787747788562096333355312815710437757755605820769807644302026123665169418041829288916742987760067559149519128899518201856.000000
1  0.007494  0.007494  58.894881  0.004661  -0.030926  49.084702  0.011463  -0.025999  5151327936716223721494647389896293443008123866626305595812092551103740104558635785837935607351956393185027242009931276767660716408099827927964483623690785874173865504449332893981308876314015576525975733770488339721817929089625478800949733594095777646767409408770048.000000  13786009188715521551971490165164183472218604299970773518508915865478588032467264487082947607618939628231633496296538295372416076936694267435636029787747788562096333355312815710437757755605820769807644302026123665169418041829288916742987760067559149519128899518201856.000000
1  0.005956  0.005956  63.370511  0.019974  0.030161  52.930650  0.027305  0.035186  5151327936716223721494647389896293443008123866626305595812092551103740104558635785837935607351956393185027242009931276767660716408099827927964483623690785874173865504449332893981308876314015576525975733770488339721817929089625478800949733594095777646767409408770048.000000  13786009188715521551971490165164183472218604299970773518508915865478588032467264487082947607618939628231633496296538295372416076936694267435636029787747788562096333355312815710437757755605820769807644302026123665169418041829288916742987760067559149519128899518201856.000000
1  0.004547  0.003799  67.917087  0.012783  0.001754  56.707554  0.020636  0.006822  165.309998  0.130000
1  0.005269  0.005269  72.597024  0.010653  -0.009616  60.639430  0.019049  -0.004451  165.309998  0.130000
1  0.006022  0.006022  77.223557  0.020506  0.027591  64.610520  0.029454  0.032851  165.309998  0.130000
1  0.006388  0.006388  81.960041  0.008788  -0.023572  68.514713  0.018280  -0.018283  165.309998  0.130000
1  0.007268  0.007268  86.573463  0.015579  0.005075  72.297674  0.025608  0.010366  165.309998  0.130000
1  0.006132  0.006692  91.121341  0.023569  0.035719  76.053949  0.034132  0.041005  165.309998  0.130000
1  0.006623  0.006623  95.537116  0.013848  -0.004280  79.859258  0.024957  0.001038  165.309998  0.130000
1  0.004942  0.004942  99.844710  0.021172  0.023966  83.657402  0.032831  0.029316  165.309998  0.130000
1  0.006331  0.006331  104.084205  0.026898  0.045924  87.350366  0.039099  0.051267  48.150002  0.010000
1  0.007759  0.007759  108.248503  0.025167  0.036238  90.947755  0.037897  0.041577  48.150002  0.010000
1  0.005555  0.005942  112.006700  0.013848  -0.010425  94.627337  0.027127  -0.005083  48.150002  0.010000
1  0.005039  0.005039  115.947351  0.022371  0.023037  98.236719  0.036193  0.028392  48.150002  0.010000
1  0.006850  0.006850  119.037682  0.021172  0.019722  101.730169  0.035532  0.025067  48.150002  0.010000
1  0.005390  0.005390  122.294660  0.014914  -0.004577  105.213937  0.029811  0.000757  48.150002  0.010000
1  0.012512  0.012512  125.739948  0.013449  -0.011180  108.697103  0.028887  -0.005841  48.150002  0.010000
1  0.005852  0.005732  128.579924  0.013449  -0.017551  112.087585  0.029417  -0.012245  48.150002  0.010000
1  0.005650  0.005650  131.369014  0.016378  -0.003320  115.539746  0.032896  0.001992  48.150002  0.010000
1  0.003525  0.003525  133.815765  0.012916  -0.019956  118.819186  0.029960  -0.014669  48.150002  0.010000
1  0.006609  0.006609  136.362237  0.018509  0.002246  122.088759  0.036080  0.007512  248.199997  0.140000
1  0.006725  0.006725  138.567136  0.020373  0.009877  125.345874  0.038470  0.015127  248.199997  0.140000
1  0.008296  0.007699  140.647007  0.016645  -0.004487  128.591992  0.035270  0.000756  248.199997  0.140000
1  0.006326  0.006326  142.506368  0.016512  -0.003140  131.737870  0.035654  0.002054  248.199997  0.140000
1  0.006763  0.006763  144.434886  0.022637  0.020441  134.907498  0.042298  0.025612  248.199997  0.140000
1  0.005282  0.005282  146.149504  0.003595  -0.053778  138.146571  0.023790  -0.048622  248.199997  0.140000
1  0.006644  0.006644  147.665135  0.007590  -0.039225  141.245914  0.028293  -0.034106  248.199997  0.140000
1  0.005401  0.006325  148.996202  0.024901  0.029437  144.338157  0.046108  0.034531  248.199997  0.140000
1  0.006543  0.006543  150.402964  0.023968  0.025392  147.474626  0.045687  0.030477  248.199997  0.140000
1  0.007445  0.007445  151.616037  0.023968  0.024746  150.577701  0.046188  0.029789  248.199997  0.140000
1  0.005591  0.005591  152.727622  0.019574  0.010913  153.579039  0.042278  0.015872  194.070007  0.150000
1  0.006424  0.006424  153.819435  0.015313  -0.005935  156.695022  0.038514  -0.000990  194.070007  0.150000
1  0.006738  0.006469  154.828096  0.009587  -0.030876  159.668115  0.033255  -0.026039  194.070007  0.150000
1  0.005411  0.005411  155.719207  0.013049  -0.018386  162.330522  0.037128  -0.013834  194.070007  0.150000
1  0.005853  0.005853  156.535458  0.010919  -0.026438  163.972748  0.035235  -0.022670  194.070007  0.150000
1  0.005320  0.005320  157.308326  0.031958  0.058418  165.492050  0.056490  0.061633  194.070007  0.150000
1  0.006440  0.006440  158.079390  0.023569  0.021109  165.728326  0.048099  0.023205  194.070007  0.150000
1  0.007249  0.007893  158.731364  0.019175  0.008269  165.504427  0.043629  0.009441  194.070007  0.150000
1  0.006912  0.006912  159.304811  0.023170  0.022801  165.226965  0.047536  0.023339  194.070007  0.150000
1  0.006610  0.006610  159.831819  0.012384  -0.017228  165.335830  0.036730  -0.016880  194.070007  0.150000
1  0.003707  0.003707  160.294965  0.017444  0.006676  165.130123  0.041718  0.006711  173.889999  0.300000
1  0.005101  0.005101  160.789771  0.024634  0.033955  165.275980  0.048894  0.033917  173.889999  0.300000
1  0.006498  0.006499  161.231714  0.023569  0.030012  165.454243  0.047820  0.029949  173.889999  0.300000
1  0.006591  0.006591  161.636314  0.017444  0.006471  165.524711  0.041667  0.006337  173.889999  0.300000
1  0.006015  0.006015  161.983888  0.012251  -0.015511  165.309226  0.036398  -0.015801  173.889999  0.300000
1  0.005023  0.005023  162.287777  0.021572  0.021911  165.181549  0.045660  0.021559  173.889999  0.300000
1  0.004879  0.004879  162.556608  0.019574  0.012952  164.724490  0.043545  0.012336  173.889999  0.300000
1  0.008072  0.007986  162.824162  0.010786  -0.021097  164.919977  0.034752  -0.021536  173.889999  0.300000
1  0.006668  0.006668  163.101030  0.010386  -0.022182  165.339048  0.034384  -0.022402  173.889999  0.300000
1  0.006603  0.006603  163.351203  0.012916  -0.013367  165.008860  0.036819  -0.013851  173.889999  0.300000
1  0.006699  0.006699  163.585100  0.012517  -0.010457  165.117864  0.036402  -0.010908  173.889999  0.300000
1  0.005289  0.005289  163.749873  0.014248  -0.005091  164.987905  0.038072  -0.005582  173.889999  0.300000
1  0.006223  0.006295  163.971821  0.013183  -0.011751  165.563017  0.037066  -0.011855  200.130005  0.320000
1  0.006633  0.006633  164.114350  0.016245  -0.000211  164.629639  0.039931  -0.000957  200.130005  0.320000
1  0.007287  0.007287  164.265326  0.017444  0.003819  165.268740  0.041198  0.003555  200.130005  0.320000
1  0.008212  0.008212  164.435470  -0.004794  -0.082212  165.195468  0.018911  -0.082605  200.130005  0.320000
1  0.006031  0.006031  164.567280  0.013582  -0.007745  165.361383  0.037278  -0.008040  200.130005  0.320000
1  0.006702  0.006721  164.626132  0.019175  0.015936  164.885533  0.042752  0.015356  200.130005  0.320000
1  0.007682  0.007682  164.688183  0.017044  0.008657  164.573317  0.040532  0.007937  200.130005  0.320000
1  0.006394  0.006394  164.825923  0.012783  -0.007383  165.301784  0.036359  -0.007616  200.130005  0.320000
1  0.005995  0.005995  164.911681  0.026765  0.049108  165.126080  0.050274  0.048761  224.520004  0.280000
1  0.006375  0.006375  165.032821  0.021305  0.026105  165.586219  0.044854  0.026022  224.520004  0.280000
1  0.003850  0.004075  165.145587  0.018109  0.012388  165.566700  0.041618  0.012173  224.520004  0.280000
1  0.007178  0.007178  165.210623  0.010253  -0.020120  165.128437  0.033649  -0.020644  224.520004  0.280000
1  0.006960  0.006960  165.204600  0.024901  0.036184  164.715934  0.048190  0.035520  224.520004  0.280000
1  0.008216  0.008216  165.230874  0.011984  -0.013546  164.822501  0.035255  -0.014019  224.520004  0.280000
1  0.006276  0.006276  165.309367  0.013982  -0.004275  165.128130  0.037267  -0.004575  224.520004  0.280000
1  0.006009  0.005913  165.379067  0.005060  -0.038377  165.586833  0.028388  -0.038443  224.520004  0.280000
1  0.004856  0.004856  165.444040  0.011452  -0.009715  165.737113  0.034770  -0.009754  224.520004  0.280000
1  0.007352  0.007352  165.489052  0.017710  0.014088  165.229979  0.040906  0.013641  224.520004  0.280000
1  0.006582  0.006582  165.589908  0.008256  -0.026111  165.778916  0.031506  -0.026261  214.960007  0.240000
1  0.007884  0.007884  165.637531  0.020639  0.023144  165.589604  0.043821  0.022877  214.960007  0.240000
1  0.005739  0.006120  165.692778  0.016911  0.007324  165.724997  0.040079  0.007129  214.960007  0.240000
1  0.004663  0.004663  165.741302  0.019974  0.017467  165.268399  0.043026  0.016938  214.960007  0.240000
1  0.006517  0.006517  165.718407  0.016778  0.006583  164.806379  0.039717  0.005921  214.960007  0.240000
1  0.006514  0.006514  165.788819  0.022104  0.024642  165.228799  0.045074  0.024288  214.960007  0.240000
1  0.006338  0.006338  165.823943  0.009854  -0.020660  165.295343  0.032801  -0.020973  214.960007  0.240000
1  0.006496  0.006351  165.897139  0.010120  -0.020119  165.715167  0.033101  -0.020205  214.960007  0.240000
1  0.005395  0.005395  165.882071  0.012783  -0.008533  165.062771  0.035618  -0.009028  214.960007  0.240000
1  0.005385  0.005385  165.860071  0.014115  -0.004262  164.737810  0.036857  -0.004874  214.960007  0.240000
1  0.005057  0.005057  165.857751  0.020906  0.020353  164.928800  0.043642  0.019864  204.020004  0.450000
1  0.006091  0.006091  165.866430  0.018908  0.012184  165.176838  0.041649  0.011865  204.020004  0.450000
1  0.007030  0.007196  165.839720  0.014514  -0.001231  165.353205  0.037252  -0.001396  204.020004  0.450000
1  0.005367  0.005367  165.810916  0.010653  -0.009771  165.376539  0.033362  -0.009929  204.020004  0.450000
1  0.005988  0.005988  165.804791  0.011452  -0.003585  165.073535  0.034078  -0.003969  204.020004  0.450000
1  0.006609  0.006609  165.845576  0.015446  0.010224  165.496693  0.038108  0.010017  204.020004  0.450000
1  0.005918  0.005918  165.853775  0.022104  0.033593  165.386485  0.044711  0.033274  204.020004  0.450000
1  0.006940  0.006900  165.901854  0.016378  0.007757  165.790490  0.039017  0.007595  204.020004  0.450000
1  0.005615  0.005615  165.943929  0.014914  0.001806  165.711750  0.037503  0.001551  204.020004  0.450000
1  0.004972  0.004972  165.885873  0.013582  -0.003194  164.795810  0.035981  -0.004014  204.020004  0.450000
1  0.006491  0.006491  165.888282  0.008389  -0.022267  165.104443  0.030805  -0.022771  217.410004  0.540000
1  0.006427  0.006427  165.843888  0.016911  0.013375  164.810921  0.039244  0.012805  217.410004  0.540000
1  0.007184  0.006958  165.786011  0.008123  -0.019130  165.104435  0.030472  -0.019402  217.410004  0.540000
1  0.006205  0.006205  165.777158  0.012384  -0.002349  164.797858  0.034647  -0.002853  217.410004  0.540000
1  0.005738  0.005738  165.755994  0.010519  -0.010450  164.680673  0.032729  -0.011014  217.410004  0.540000
1  0.005987  0.005987  165.822312  0.012517  -0.003717  165.470525  0.034824  -0.003816  217.410004  0.540000
1  0.005395  0.005395  165.848892  0.019841  0.022783  165.385878  0.042097  0.022551  217.410004  0.540000
1  0.006528  0.005610  165.897552  0.011452  -0.015633  165.734651  0.033729  -0.015694  217.410004  0.540000
1  0.007582  0.007582  165.868678  0.011984  -0.009807  165.282514  0.034151  -0.010164  217.410004  0.540000
1  0.007143  0.007143  165.896126  0.022504  0.033159  165.302657  0.044638  0.032761  217.410004  0.540000
1  0.006086  0.006086  165.913272  0.016645  0.009221  165.473141  0.038774  0.009028  217.410004  0.540000
1  0.006009  0.006009  165.914326  0.008522  -0.024305  165.070867  0.030547  -0.024791  217.410004  0.540000
1  0.004576  0.004514  165.888165  0.013982  -0.001856  164.909046  0.035944  -0.002412  212.320007  0.680000
1  0.007199  0.007199  165.851605  0.002264  -0.046081  165.011850  0.024209  -0.046538  212.320007  0.680000
1  0.006479  0.006479  165.903946  0.014914  0.003403  165.542740  0.036914  0.003252  212.320007  0.680000
1  0.005139  0.005139  165.909421  0.004927  -0.040804  165.046344  0.026805  -0.041285  212.320007  0.680000
1  0.006740  0.006740  165.927584  0.017577  0.012235  165.571728  0.039511  0.012116  212.320007  0.680000
1  0.005020  0.005206  165.901021  0.011185  -0.009937  165.048533  0.032998  -0.010424  212.320007  0.680000
1  0.007763  0.007763  165.903667  0.022770  0.033137  165.209744  0.044573  0.032800  212.320007  0.680000
1  0.006308  0.006308  165.904436  0.015180  0.003803  165.328237  0.036969  0.003527  212.320007  0.680000
1  0.006865  0.006865  165.915585  0.027963  0.054434  165.009715  0.049663  0.053955  196.220001  1.010000
1  0.006636  0.006636  165.921927  0.011185  -0.014557  165.297699  0.032898  -0.014850  196.220001  1.010000
1  0.004456  0.004616  165.948851  0.018509  0.014515  165.665212  0.040249  0.014405  196.220001  1.010000
1  0.006534  0.006534  165.948188  0.015579  0.004403  165.376489  0.037236  0.004079  196.220001  1.010000
1  0.007519  0.007519  165.953794  0.021838  0.029501  165.500728  0.043480  0.029267  196.220001  1.010000
1  0.006605  0.006605  165.945158  0.011585  -0.010771  165.184130  0.033140  -0.011199  196.220001  1.010000
1  0.006681  0.006681  165.973662  0.010253  -0.015076  165.428737  0.031815  -0.015366  196.220001  1.010000
1  0.005099  0.005326  165.974511  0.012783  -0.008148  165.304462  0.034289  -0.008510  196.220001  1.010000
1  0.005498  0.005498  165.975560  0.023170  0.031897  165.192313  0.044620  0.031497  196.220001  1.010000
1  0.008298  0.008298  165.917621  0.015713  0.002963  164.581459  0.037025  0.002206  196.220001  1.010000
1  0.006113  0.006113  165.956231  0.010786  -0.019598  165.638306  0.032239  -0.019671  201.660004  1.200000
1  0.005743  0.005743  165.955878  0.007856  -0.026840  165.314940  0.029223  -0.027180  201.660004  1.200000
1  0.005553  0.005957  165.973084  0.022504  0.030530  165.601460  0.043884  0.030361  201.660004  1.200000
1  0.005013  0.005013  166.002967  -0.002264  -0.064163  165.612862  0.019085  -0.064372  201.660004  1.200000
1  0.008313  0.008313  166.000896  0.002663  -0.044017  165.476557  0.023955  -0.044331  201.660004  1.200000
1  0.007047  0.007047  165.979589  0.015846  0.004787  164.818798  0.036990  0.004104  201.660004  1.200000
1  0.006564  0.006564  165.946239  0.005459  -0.035048  164.990590  0.026599  -0.035513  201.660004  1.200000
1  0.005549  0.005804  165.909695  0.014115  -0.001685  164.899731  0.035204  -0.002190  201.660004  1.200000
1  0.004435  0.004435  165.946658  0.017843  0.012002  165.369878  0.038977  0.011806  201.660004  1.200000
1  0.005827  0.005827  165.975404  0.017710  0.007651  165.228863  0.038782  0.007321  201.660004  1.200000
1  0.007224  0.007224  165.959293  0.015713  0.002367  165.341437  0.036768  0.002082  200.210007  1.290000
1  0.006385  0.006385  165.935073  0.007989  -0.025920  165.076014  0.028969  -0.026380  200.210007  1.290000
1  0.006856  0.007142  165.974640  0.015846  0.004568  165.244418  0.036818  0.004196  200.210007  1.290000
1  0.006650  0.006650  165.980418  0.007856  -0.027215  165.372568  0.028816  -0.027450  200.210007  1.290000
1  0.005618  0.005618  165.924831  0.025167  0.044727  164.694317  0.045980  0.044061  200.210007  1.290000
1  0.007118  0.007118  165.941132  0.022104  0.030943  165.170548  0.042963  0.030663  200.210007  1.290000
1  0.006504  0.006504  165.977199  0.022903  0.032934  165.595515  0.043800  0.032896  200.210007  1.290000
1  0.006140  0.006417  165.940431  0.009188  -0.019181  165.268536  0.029997  -0.019443  200.210007  1.290000
1  0.006471  0.006471  165.963530  0.018509  0.016226  165.269915  0.039282  0.015911  200.210007  1.290000
1  0.005698  0.005698  165.948857  0.013982  0.001033  165.271275  0.034723  0.000765  200.210007  1.290000
1  0.006600  0.006600  165.949343  0.013715  -0.003143  165.238053  0.034416  -0.003422  202.259995  1.380000
1  0.006878  0.006878  165.933798  0.013848  -0.003557  164.925844  0.034461  -0.004039  202.259995  1.380000
1  0.006160  0.007341  165.930679  0.003462  -0.048931  164.818574  0.024019  -0.049473  202.259995  1.380000
1  0.005650  0.005650  165.932613  0.010253  -0.019629  165.311807  0.030860  -0.019869  202.259995  1.380000
1  0.006413  0.006413  165.953469  0.010786  -0.019238  165.444709  0.031380  -0.019410  202.259995  1.380000
1  0.006128  0.006128  165.904044  0.013449  -0.012056  164.823158  0.033901  -0.012566  202.259995  1.380000
1  0.006470  0.006470  165.934044  0.014914  -0.008897  165.252953  0.035399  -0.009143  202.259995  1.380000
1  0.006633  0.006675  165.967057  0.017311  0.001798  165.594978  0.037820  0.001791  202.259995  1.380000
1  0.007502  0.007502  165.982297  0.007457  -0.038916  165.451933  0.027905  -0.039107  202.259995  1.380000
1  0.006298  0.006298  165.999580  0.014381  -0.010156  165.559618  0.034812  -0.010305  202.259995  1.380000
1  0.005357  0.005357  165.987258  0.014514  -0.007398  165.109086  0.034833  -0.007895  202.259995  1.380000
1  0.005101  0.005101  165.966122  0.001332  -0.056846  164.628520  0.021537  -0.057611  202.259995  1.380000
1  0.006397  0.006350  165.948107  0.018908  0.013345  164.794619  0.039107  0.012766  210.279999  1.310000
1  0.006819  0.006819  165.943468  0.020906  0.019407  165.071752  0.041115  0.019067  210.279999  1.310000
1  0.006859  0.006859  165.976029  0.004794  -0.047767  165.362173  0.025014  -0.047943  210.279999  1.310000
1  0.006087  0.006087  165.995976  0.011452  -0.023717  165.533819  0.031664  -0.023855  210.279999  1.310000
1  0.005465  0.005465  166.004359  0.023303  0.027079  165.548474  0.043484  0.026885  210.279999  1.310000
1  0.005145  0.004968  166.033187  0.020773  0.014790  165.837546  0.040966  0.014762  210.279999  1.310000
1  0.005929  0.005929  166.041728  0.020240  0.014740  165.519947  0.040346  0.014467  210.279999  1.310000
1  0.006969  0.006969  166.036763  0.017311  0.002458  165.258897  0.037336  0.002025  210.279999  1.310000
1  0.008772  0.008772  166.022629  0.016911  0.003249  165.467862  0.036936  0.002978  217.740005  1.710000
1  0.006458  0.006458  166.036529  0.020639  0.018769  165.305360  0.040603  0.018375  217.740005  1.710000
1  0.005080  0.005077  166.048841  0.017976  0.007683  165.494019  0.037937  0.007431  217.740005  1.710000
1  0.004224  0.004224  166.048115  0.011318  -0.018505  165.105657  0.031179  -0.019035  217.740005  1.710000
1  0.006637  0.006637  165.437251  -0.367516  -1.378814  164.591266  -0.347668  -1.379206  217.740005  1.710000
1  0.009888  0.009888  162.021092  -0.640757  -1.763507  160.327388  -0.621113  -1.764471  217.740005  1.710000
1  0.009704  0.009704  159.210080  -0.066046  0.714240  157.423985  -0.046590  0.712979  217.740005  1.710000
1  0.007049  0.006263  158.572451  0.007191  0.673746  154.910315  0.026195  0.671394  217.740005  1.710000
1  0.003303  0.003303  157.978397  0.013183  0.464737  152.432245  0.031735  0.461689  217.740005  1.710000
1  0.001092  0.001092  157.500461  0.021172  0.335777  151.133454  0.039470  0.332923  217.740005  1.710000
1  0.002838  0.002838  157.010099  0.019574  0.224904  150.410538  0.037719  0.222531  212.449997  1.820000
1  0.001894  0.001894  156.547718  0.017177  0.148328  150.378026  0.035285  0.146637  212.449997  1.820000
1  0.002365  0.002327  156.129833  0.016245  0.099053  150.272470  0.034304  0.097765  212.449997  1.820000
1  0.001749  0.001749  155.747821  0.012251  0.051987  150.208477  0.030267  0.050951  212.449997  1.820000
1  0.000716  0.000716  155.426637  0.012916  0.031989  150.784562  0.030996  0.031550  212.449997  1.820000
1  0.001187  0.001187  155.092104  0.011585  0.012311  150.444598  0.029574  0.011750  212.449997  1.820000
1  0.001096  0.001096  154.824155  0.013582  0.010390  150.770443  0.031594  0.010075  212.449997  1.820000
1  0.001372  0.001011  154.523956  0.016778  0.019863  150.482170  0.034711  0.019421  212.449997  1.820000
1  0.000675  0.000675  154.263168  0.013049  0.000413  150.335737  0.030926  -0.000044  212.449997  1.820000
1  -0.001551  -0.001551  154.025725  0.016112  0.007784  150.328305  0.033954  0.007351  212.449997  1.820000
1  -0.000391  -0.000391  153.826621  0.014248  0.000861  150.234621  0.032045  0.000431  208.740005  1.800000
1  -0.000015  -0.000015  153.638428  0.022504  0.029478  150.319052  0.040281  0.029141  208.740005  1.800000
1  0.000995  0.000560  153.442734  0.022237  0.026672  150.365090  0.039989  0.026352  208.740005  1.800000
1  -0.000193  -0.000193  153.308044  0.015979  0.000188  150.837982  0.033776  0.000150  208.740005  1.800000
1  0.000737  0.000737  153.136387  0.000533  -0.056035  150.412744  0.018230  -0.056376  208.740005  1.800000
1  -0.001018  -0.001018  153.014481  0.020639  0.022947  150.768782  0.038364  0.022780  208.740005  1.800000
1  -0.000012  -0.000012  152.873885  0.016112  0.001430  150.511856  0.033759  0.001095  208.740005  1.800000
1  -0.002221  -0.001944  152.803877  0.017177  0.002719  151.016617  0.034876  0.002677  208.740005  1.800000
1  -0.000303  -0.000303  152.675338  0.023436  0.025860  150.237371  0.040969  0.025308  208.740005  1.800000
1  0.002015  0.002015  152.562968  0.018642  0.009066  150.411848  0.036172  0.008711  208.740005  1.800000
1  -0.000669  -0.000669  152.499697  0.015047  -0.006279  150.614777  0.032578  -0.006531  205.399994  1.990000
1  -0.002118  -0.002118  152.430245  0.010919  -0.024081  150.725730  0.028435  -0.024284  205.399994  1.990000
1  -0.001696  -0.001547  152.318710  0.020906  0.018742  150.192482  0.038300  0.018188  205.399994  1.990000
1  -0.001947  -0.001947  152.257361  0.016911  0.002404  150.564889  0.034335  0.002095  205.399994  1.990000
1  0.000882  0.000882  152.207322  0.017577  0.006438  150.490125  0.034957  0.006048  205.399994  1.990000
1  0.000618  0.000618  152.137295  0.015713  -0.002692  150.274588  0.033024  -0.003169  205.399994  1.990000
1  -0.000364  -0.000364  152.051592  0.025566  0.036583  150.273608  0.042843  0.036137  205.399994  1.990000
1  -0.001086  -0.001273  151.995297  0.022770  0.025080  150.470314  0.040048  0.024812  205.399994  1.990000
1  -0.004676  -0.004676  151.971430  0.014647  -0.004309  150.841537  0.031958  -0.004420  205.399994  1.990000
1  -0.001759  -0.001759  151.887461  0.011984  -0.014141  150.191085  0.029152  -0.014697  205.399994  1.990000
1  0.000752  0.000752  151.829075  0.016645  0.002677  150.309421  0.033801  0.002278  205.399994  1.990000
1  -0.000347  -0.000347  151.759200  0.016645  0.001675  149.998277  0.033715  0.001149  205.399994  1.990000
1  0.000344  0.000379  151.725987  0.024102  0.032339  150.469314  0.041220  0.032094  207.059998  2.000000
1  -0.000535  -0.000535  151.675047  0.014647  -0.007962  150.033051  0.031659  -0.008483  207.059998  2.000000
1  -0.002978  -0.002978  151.633487  0.015846  -0.000084  150.100612  0.032839  -0.000509  207.059998  2.000000
1  -0.001118  -0.001118  151.613432  0.007191  -0.034416  150.600108  0.024235  -0.034513  207.059998  2.000000
1  -0.001182  -0.001182  151.608948  0.015846  -0.000782  150.514583  0.032844  -0.000983  207.059998  2.000000
1  0.000573  0.000250  151.588399  0.022770  0.027628  150.480493  0.039732  0.027384  207.059998  2.000000
1  -0.000584  -0.000584  151.585765  0.014248  -0.008403  150.461034  0.031172  -0.008686  207.059998  2.000000
1  -0.001199  -0.001199  151.526908  0.007057  -0.033050  150.135374  0.023899  -0.033522  207.059998  2.000000
1  -0.001227  -0.001227  151.524376  0.012117  -0.014193  150.411406  0.028973  -0.014457  212.250000  2.030000
1  -0.001432  -0.001432  152.041890  0.364187  1.243602  151.388195  0.381072  1.243523  212.250000  2.030000
1  -0.001279  -0.000848  156.709466  0.785233  1.943548  156.756850  0.802250  1.943944  212.250000  2.030000
1  -0.001307  -0.001307  160.429297  0.197873  -0.684431  161.211934  0.215114  -0.683458  212.250000  2.030000
1  0.000445  0.000445  161.351475  0.011052  -0.992569  164.282650  0.028755  -0.990376  212.250000  2.030000
1  -0.000497  -0.000497  162.098462  0.017577  -0.641419  167.314812  0.035761  -0.638385  212.250000  2.030000
1  -0.001932  -0.001932  162.855920  0.017444  -0.424723  169.605348  0.035983  -0.421561  212.250000  2.030000
1  -0.003094  -0.002908  163.508344  0.022903  -0.261144  169.990706  0.041474  -0.258921  212.250000  2.030000
1  0.000107  0.000107  164.065109  0.017843  -0.185242  169.609924  0.036316  -0.184138  212.250000  2.030000
1  -0.001324  -0.001324  164.614467  0.020906  -0.105597  170.230986  0.039452  -0.104596  212.250000  2.030000
1  -0.002647  -0.002647  165.095151  0.019042  -0.073882  169.638416  0.037453  -0.073628  216.410004  1.610000
1  -0.001410  -0.001410  165.604254  0.023968  -0.026259  170.079262  0.042421  -0.026020  216.410004  1.610000
1  -0.002192  -0.002217  165.989794  0.010120  -0.064048  169.568477  0.028452  -0.064254  216.410004  1.610000
1  -0.001753  -0.001753  166.401350  0.010386  -0.051823  170.049539  0.028765  -0.051857  216.410004  1.610000
1  -0.000906  -0.000906  166.785642  0.008389  -0.050172  170.497699  0.026810  -0.050058  216.410004  1.610000
1  -0.000601  -0.000601  167.071446  0.012783  -0.025149  170.081289  0.031101  -0.025314  216.410004  1.610000
1  -0.001566  -0.001566  167.404659  0.009721  -0.031617  170.291822  0.028042  -0.031690  216.410004  1.610000
1  -0.001841  -0.001796  167.639812  0.009454  -0.028989  169.756343  0.027653  -0.029394  216.410004  1.610000
1  -0.001646  -0.001646  167.912085  0.018509  0.008295  169.856515  0.036693  0.007928  216.410004  1.610000
1  -0.000413  -0.000413  168.157095  0.015579  0.002275  170.162465  0.033786  0.002090  216.410004  1.610000
1  0.000898  0.000898  168.358828  0.003995  -0.045188  169.742982  0.022096  -0.045679  212.589996  1.100000
1  -0.001062  -0.001062  168.617075  0.022770  0.028857  170.162820  0.040911  0.028593  212.589996  1.100000
1  -0.000709  -0.000533  168.808723  0.019441  0.013719  169.675313  0.037465  0.013117  212.589996  1.100000
1  -0.001932  -0.001932  168.923398  0.003462  -0.048937  169.480725  0.021421  -0.049530  212.589996  1.100000
1  -0.003013  -0.003013  169.085791  0.020373  0.020138  170.018185  0.038392  0.019971  212.589996  1.100000
1  -0.001329  -0.001329  169.232562  0.013982  -0.006269  170.042058  0.031971  -0.006505  212.589996  1.100000
1  -0.001052  -0.001052  169.408397  0.023036  0.027540  170.559538  0.041080  0.027556  212.589996  1.100000
1  -0.000385  -0.001154  169.523638  0.010386  -0.024445  170.195836  0.028333  -0.024693  212.589996  1.100000
1  -0.001516  -0.001516  169.652431  0.009321  -0.026209  170.498548  0.027289  -0.026279  212.589996  1.100000
1  -0.003408  -0.003408  169.808778  0.023702  0.032813  170.908201  0.041707  0.032937  212.589996  1.100000
1  -0.000666  -0.000666  169.941784  0.018376  0.010064  170.773626  0.036325  0.010001  210.190002  0.890000
1  -0.002721  -0.002721  170.033976  0.014514  -0.007960  170.322611  0.032353  -0.008326  210.190002  0.890000
1  -0.000842  -0.000667  170.096294  0.013982  -0.008840  169.823474  0.031704  -0.009512  210.190002  0.890000
1  -0.000741  -0.000741  170.118286  0.018109  0.011197  169.853014  0.035806  0.010668  210.190002  0.890000
1  -0.001337  -0.001337  170.162651  0.022371  0.029108  169.764412  0.040020  0.028594  210.190002  0.890000
1  -0.002938  -0.002938  170.219083  0.015979  0.001382  169.919271  0.033623  0.000995  210.190002  0.890000
1  0.004917  0.004917  170.230412  0.013582  -0.008427  169.812108  0.031175  -0.008811  210.190002  0.890000
1  -0.003813  -0.003615  170.298608  0.009987  -0.021593  169.917816  0.027566  -0.021936  210.190002  0.890000
1  0.001535  0.001535  170.360437  0.008788  -0.023381  170.225238  0.026391  -0.023596  210.190002  0.890000
1  -0.001749  -0.001749  170.290537  -0.005859  -0.054769  170.170101  0.011721  -0.055027  210.190002  0.890000
1  -0.001252  -0.001252  170.120915  -0.033822  -0.128919  169.889000  -0.016285  -0.129192  210.190002  0.890000
1  -0.001145  -0.001145  169.740394  -0.060853  -0.176359  168.780806  -0.043475  -0.177045  210.190002  0.890000
1  -0.002200  -0.002488  169.452447  -0.018908  0.003400  168.493393  -0.001572  0.002819  214.039993  0.730000
1  -0.001054  -0.001054  169.150409  -0.035021  -0.052636  167.778149  -0.017796  -0.053391  214.039993  0.730000
1  -0.001431  -0.001431  168.725478  -0.082159  -0.211237  167.042325  -0.065031  -0.212065  214.039993  0.730000
1  -0.001708  -0.001708  168.053946  -0.066845  -0.093813  165.992656  -0.049846  -0.094796  214.039993  0.730000
1  -0.001564  -0.001564  167.416720  -0.071373  -0.081693  164.803359  -0.054526  -0.082854  214.039993  0.730000
1  -0.002325  -0.002291  166.858962  -0.035021  0.047540  163.712348  -0.018337  0.046248  214.039993  0.730000
1  -0.001678  -0.001678  166.559648  0.025300  0.214208  163.198395  0.041873  0.212965  214.039993  0.730000
1  -0.000462  -0.000462  166.396905  0.028496  0.156454  163.405040  0.045064  0.155621  214.039993  0.730000
1  -0.001270  -0.001270  166.325065  0.040480  0.149838  163.901295  0.057086  0.149429  189.220001  0.530000
1  -0.001299  -0.001299  166.295346  0.050334  0.146248  163.843823  0.066880  0.145778  189.220001  0.530000
1  -0.002239  -0.002157  166.490951  0.099469  0.265428  164.476893  0.116039  0.265203  189.220001  0.530000
1  -0.003178  -0.003178  166.758067  0.033689  -0.048728  164.943893  0.050253  -0.048898  189.220001  0.530000
1  0.000166  0.000166  167.024700  0.086420  0.120915  165.381287  0.102967  0.120714  189.220001  0.530000
1  -0.000991  -0.000991  167.308527  0.090681  0.127635  166.546496  0.107346  0.127917  189.220001  0.530000
1  -0.002018  -0.002018  167.598885  0.053796  -0.017061  167.075965  0.070478  -0.016822  189.220001  0.530000
1  -0.001327  -0.001323  167.756640  0.035686  -0.063902  166.933326  0.052290  -0.064033  189.220001  0.530000
1  -0.003512  -0.003512  167.984600  0.036485  -0.051168  167.989286  0.053208  -0.050849  189.220001  0.530000
1  -0.001530  -0.001530  168.132930  0.046206  0.008765  167.883340  0.062861  0.008764  189.220001  0.530000
1  -0.000503  -0.000503  168.517437  0.053130  0.005029  168.564193  0.069822  0.005143  175.580002  0.740000
1  -0.001487  -0.001487  168.900536  0.031692  -0.095858  169.124401  0.048401  -0.095708  175.580002  0.740000
1  -0.000889  -0.000675  169.286182  0.047804  -0.032113  169.900001  0.064574  -0.031836  175.580002  0.740000
1  -0.001923  -0.001923  169.476705  0.017444  -0.107069  170.439451  0.034268  -0.106673  175.580002  0.740000
1  -0.003020  -0.003020  169.595551  0.004794  -0.119477  170.227491  0.021550  -0.119400  175.580002  0.740000
1  -0.001779  -0.001779  169.715580  0.012650  -0.061697  170.616767  0.029441  -0.061477  175.580002  0.740000
1  -0.001918  -0.001918  169.736108  -0.021572  -0.153561  170.251805  -0.004854  -0.153638  175.580002  0.740000
1  -0.000677  -0.000626  169.467249  -0.041945  -0.148367  169.779386  -0.025277  -0.148563  175.580002  0.740000
1  -0.000042  -0.000042  169.097348  -0.034222  -0.053580  168.757630  -0.017693  -0.054179  175.580002  0.740000
1  -0.001423  -0.001423  168.777970  -0.069242  -0.169051  167.963466  -0.052824  -0.169785  175.580002  0.740000
1  -0.002543  -0.002543  168.176957  -0.089615  -0.173031  167.125952  -0.073274  -0.173818  172.610001  0.750000
1  -0.002030  -0.002030  167.428158  -0.083224  -0.092197  165.520246  -0.067086  -0.093341  172.610001  0.750000
1  -0.001207  -0.000480  166.682992  -0.068177  -0.015114  163.997370  -0.052239  -0.016545  172.610001  0.750000
1  -0.001322  -0.001322  165.870055  -0.104662  -0.133788  162.599654  -0.088892  -0.135280  172.610001  0.750000
1  0.000768  0.000768  165.037288  -0.093211  -0.060487  161.381768  -0.077578  -0.061941  172.610001  0.750000
1  -0.001042  -0.001042  164.304445  -0.030360  0.149494  160.303642  -0.014875  0.148076  172.610001  0.750000
1  -0.001353  -0.001353  163.631703  -0.022903  0.146898  158.966846  -0.007619  0.145283  172.610001  0.750000
1  -0.003237  -0.002729  163.156872  0.024501  0.265590  158.727286  0.039738  0.264367  172.610001  0.750000
1  -0.002527  -0.002527  162.868284  0.051665  0.290287  158.670952  0.066858  0.289333  172.610001  0.750000
1  -0.002280  -0.002280  163.211958  0.182293  0.624266  159.822784  0.197551  0.623840  172.610001  0.750000
1  -0.002141  -0.002141  163.535652  0.077764  0.113042  160.708253  0.093063  0.112853  158.839996  0.610000
1  -0.002477  -0.002477  163.679729  0.101067  0.187386  161.276012  0.116384  0.187303  158.839996  0.610000
1  -0.002893  -0.002893  164.161066  0.107858  0.136043  162.210166  0.123209  0.136107  158.839996  0.610000
1  -0.005034  -0.005034  164.760943  0.100801  0.039935  163.384761  0.116215  0.040212  158.839996  0.610000
1  -0.002516  -0.002516  165.277965  0.067378  -0.099480  164.628182  0.082895  -0.098961  158.839996  0.610000
1  -0.001914  -0.001914  165.841555  0.091613  -0.009864  165.870811  0.107230  -0.009211  158.839996  0.610000
1  -0.002221  -0.002221  166.592723  0.125568  0.080189  166.954049  0.141231  0.080769  158.839996  0.610000
1  -0.001618  -0.001618  167.144858  0.060187  -0.132003  168.207676  0.075979  -0.131192  158.839996  0.610000
1  -0.002403  -0.002403  167.661467  0.071639  -0.052209  169.083312  0.087498  -0.051462  158.839996  0.610000
1  -0.003452  -0.003449  168.292740  0.081493  -0.010466  170.242346  0.097452  -0.009660  158.839996  0.610000
1  -0.000310  -0.000310  169.038626  0.087352  0.000013  171.244965  0.103374  0.000771  158.839996  0.610000
1  -0.001050  -0.001050  169.670030  0.058456  -0.101542  171.828288  0.074488  -0.100990  158.839996  0.610000
1  -0.000304  -0.000304  170.090866  0.023036  -0.177683  172.437914  0.039121  -0.177192  168.630005  0.620000
1  -0.000986  -0.000986  170.433895  0.001731  -0.190376  173.473074  0.017962  -0.189592  168.630005  0.620000
1  -0.001482  -0.001619  170.443800  -0.060187  -0.324624  172.690153  -0.044071  -0.324481  168.630005  0.620000
1  -0.001134  -0.001134  170.197138  -0.044741  -0.154498  171.743427  -0.028743  -0.154757  168.630005  0.620000
1  -0.002145  -0.002145  169.974503  -0.071905  -0.208522  170.837568  -0.056029  -0.209099  168.630005  0.620000
1  -0.001738  -0.001738  169.424627  -0.113584  -0.278541  169.532589  -0.097853  -0.279412  168.630005  0.620000
1  -0.001296  -0.001296  168.578070  -0.110788  -0.158054  167.890822  -0.095230  -0.159215  168.630005  0.620000
1  0.004115  0.004868  167.844208  -0.104529  -0.111850  166.192253  -0.089187  -0.113325  168.630005  0.620000
1  0.006834  0.006834  166.873337  -0.113318  -0.089189  164.344985  -0.098186  -0.090858  160.470001  0.770000
1  0.008762  0.008762  166.059438  -0.084689  0.015852  162.850656  -0.069742  0.014153  160.470001  0.770000
1  0.004645  0.004645  165.265607  -0.081892  0.011931  161.659683  -0.067088  0.010326  160.470001  0.770000
1  0.004090  0.004090  164.378053  -0.049002  0.135821  160.125424  -0.034395  0.134128  160.470001  0.770000
1  0.001514  0.001429  163.685804  -0.001065  0.262557  158.903096  0.013355  0.260839  160.470001  0.770000
1  0.001057  0.001057  163.335708  0.015579  0.221142  158.702078  0.029939  0.219813  160.470001  0.770000
1  -0.001228  -0.001228  163.408542  0.144077  0.565188  159.207330  0.158426  0.564266  160.470001  0.770000
1  -0.004476  -0.004476  163.932472  0.126766  0.302442  160.257734  0.141139  0.301906  160.470001  0.770000
1  -0.004140  -0.004140  164.174073  0.114782  0.218891  161.480864  0.129272  0.218905  160.470001  0.770000
1  -0.001212  -0.001252  164.645709  0.112252  0.138551  162.544123  0.126799  0.138751  160.470001  0.770000
1  -0.001459  -0.001459  165.364742  0.172440  0.294956  164.332283  0.187138  0.295580  142.250000  0.900000
1  -0.001602  -0.001602  166.197395  0.118511  0.026354  165.901387  0.133323  0.027161  142.250000  0.900000
1  -0.001820  -0.001820  166.931635  0.112785  -0.012045  167.101086  0.127666  -0.011294  142.250000  0.900000
1  -0.002718  -0.002718  167.495394  0.084289  -0.077756  168.497205  0.099315  -0.076772  142.250000  0.900000
1  -0.002907  -0.003078  168.040889  0.073770  -0.063506  169.658536  0.088916  -0.062482  142.250000  0.900000
1  -0.002088  -0.002088  168.554548  0.067911  -0.054918  170.074174  0.083048  -0.054286  142.250000  0.900000
1  -0.002458  -0.002458  168.890578  0.031958  -0.137457  170.183009  0.047062  -0.137176  142.250000  0.900000
1  -0.001127  -0.001127  169.210770  0.018243  -0.128763  171.307258  0.033504  -0.128104  142.250000  0.900000
1  -0.002281  -0.002281  169.438612  -0.011718  -0.192674  171.648966  0.003579  -0.192099  142.250000  0.900000
1  -0.002445  -0.002352  169.531704  0.011585  -0.054498  171.095269  0.026771  -0.054489  142.250000  0.900000
1  -0.003212  -0.003212  169.652056  0.019707  -0.000698  170.676864  0.034799  -0.001036  120.290001  0.830000
1  -0.004423  -0.004423  169.597823  -0.078963  -0.334444  170.527857  -0.063885  -0.334744  120.290001  0.830000
1  -0.003932  -0.003932  169.069551  -0.102532  -0.300702  169.490171  -0.087559  -0.301226  120.290001  0.830000
1  -0.000759  -0.000759  168.568962  -0.074169  -0.125090  168.077958  -0.059377  -0.126041  120.290001  0.830000
1  0.002373  0.001291  168.015261  -0.055261  -0.022426  166.776432  -0.040640  -0.023580  120.290001  0.830000
1  -0.001548  -0.001548  167.276419  -0.121840  -0.223477  165.365563  -0.107377  -0.224757  120.290001  0.830000
1  -0.004186  -0.004186  166.684927  -0.051133  0.046885  164.603164  -0.036759  0.045734  120.290001  0.830000
1  -0.002918  -0.002918  166.104258  -0.055660  0.016990  163.495292  -0.041433  0.015737  120.290001  0.830000
1  -0.000940  -0.000940  165.229272  -0.098004  -0.096326  162.479636  -0.083865  -0.097453  120.290001  0.830000
1  -0.003824  -0.003722  164.350791  -0.072837  0.030364  161.362948  -0.058814  0.029269  120.290001  0.830000
1  -0.001675  -0.001675  163.965753  0.028230  0.324476  160.290885  0.042058  0.323099  94.050003  0.880000
1  -0.005575  -0.005575  163.824926  0.035686  0.232889  160.171097  0.049446  0.231720  94.050003  0.880000
1  -0.006069  -0.006069  164.006546  0.129962  0.453890  160.710346  0.143710  0.453096  94.050003  0.880000
1  -0.003565  -0.003565  164.158532  0.080561  0.182023  161.157964  0.094298  0.181500  94.050003  0.880000
1  -0.004616  -0.005035  164.539436  0.112119  0.210555  162.166874  0.125910  0.210412  94.050003  0.880000
1  -0.003368  -0.003368  165.075145  0.106793  0.123795  163.905909  0.120760  0.124281  94.050003  0.880000
1  -0.004300  -0.004300  165.606048  0.082159  0.000813  165.035878  0.096211  0.001413  94.050003  0.880000
1  -0.005020  -0.005020  166.022202  0.055660  -0.095025  165.754543  0.069747  -0.094512  94.050003  0.880000
1  -0.004118  -0.004118  166.405984  0.084289  0.032610  166.333844  0.098393  0.032996  94.050003  0.880000
1  -0.004176  -0.004283  166.913647  0.060454  -0.061646  167.474436  0.074660  -0.061074  94.050003  0.880000
1  -0.005308  -0.005308  167.134900  0.034488  -0.105243  167.714483  0.048690  -0.104878  94.050003  0.880000
1  -0.003556  -0.003556  167.403209  0.018775  -0.145691  167.694629  0.032917  -0.145689  94.050003  0.880000
1  -0.004652  -0.004652  167.548849  0.004128  -0.153412  168.039047  0.018297  -0.153380  86.809998  0.810000
1  -0.005079  -0.005079  167.639713  0.020373  -0.048839  168.026557  0.034515  -0.048881  86.809998  0.810000
1  -0.004557  -0.004439  167.757183  0.009721  -0.067408  168.279960  0.023877  -0.067351  86.809998  0.810000
1  -0.004511  -0.004511  167.857362  0.019308  -0.017104  168.075332  0.033400  -0.017311  86.809998  0.810000
1  -0.004696  -0.004696  167.941999  0.013449  -0.029473  168.114788  0.027519  -0.029723  86.809998  0.810000
1  -0.004053  -0.004053  168.053341  0.025300  0.022079  168.494941  0.039404  0.022008  86.809998  0.810000
1  -0.004431  -0.004431  168.121600  0.017177  -0.007034  168.036211  0.031173  -0.007409  86.809998  0.810000
1  -0.005131  -0.004822  168.157369  0.022903  0.015751  167.755642  0.036819  0.015235  86.809998  0.810000
1  -0.005069  -0.005069  168.270062  0.007723  -0.040419  168.733043  0.021776  -0.040321  83.150002  0.920000
1  -0.004387  -0.004387  168.346132  0.015446  -0.005896  168.784211  0.029479  -0.005868  83.150002  0.920000
1  -0.004462  -0.004462  168.451225  0.005060  -0.042541  169.088534  0.019118  -0.042413  83.150002  0.920000
1  -0.002501  -0.002501  168.478501  0.011318  -0.016685  168.539667  0.025257  -0.016930  83.150002  0.920000
1  -0.004358  -0.004695  168.555099  0.023170  0.030838  168.658086  0.037098  0.030618  83.150002  0.920000
1  -0.004462  -0.004462  168.615182  0.010786  -0.024130  168.122170  0.024594  -0.024668  83.150002  0.920000
1  -0.005188  -0.005188  168.710982  0.020240  0.013650  168.939397  0.034155  0.013634  83.150002  0.920000
1  -0.005785  -0.005785  168.803717  0.015047  -0.007181  169.346101  0.029001  -0.006999  83.150002  0.920000
1  -0.004568  -0.004568  168.823807  0.009721  -0.027118  168.704422  0.023537  -0.027373  83.150002  0.920000
1  -0.004242  -0.004170  168.864395  0.016112  0.001781  168.343971  0.029840  0.001314  83.150002  0.920000
1  -0.004729  -0.004729  168.929650  0.011052  -0.016592  168.509566  0.024781  -0.016957  84.839996  0.970000
1  -0.004595  -0.004595  168.958765  0.010519  -0.017478  168.545607  0.024228  -0.017789  84.839996  0.970000
1  -0.006371  -0.006371  168.935070  0.017976  0.014669  167.915165  0.031552  0.014018  84.839996  0.970000
1  -0.004495  -0.004495  168.977174  0.015446  0.001374  168.150061  0.029033  0.000902  84.839996  0.970000
1  -0.004855  -0.004612  169.007002  0.010253  -0.017780  168.823395  0.023927  -0.017760  84.839996  0.970000
1  -0.003754  -0.003754  168.987834  0.019441  0.017921  168.320614  0.033002  0.017581  84.839996  0.970000
1  -0.002825  -0.002825  168.935732  0.020373  0.021777  167.670030  0.033796  0.021095  84.839996  0.970000
1  -0.004174  -0.004174  168.978484  0.022903  0.028233  168.237255  0.036391  0.027954  84.839996  0.970000
1  -0.005402  -0.005402  168.992587  0.015579  -0.002448  168.028497  0.029003  -0.002864  84.839996  0.970000
1  -0.004086  -0.003498  168.997948  0.016911  0.006132  168.177570  0.030333  0.005839  84.839996  0.970000
1  -0.005432  -0.005432  169.004879  0.011185  -0.012985  168.266515  0.024597  -0.013222  82.690002  0.860000
1  -0.004743  -0.004743  169.023565  0.015579  0.005344  168.682464  0.029035  0.005343  82.690002  0.860000
1  -0.004213  -0.004213  169.036847  0.024634  0.039681  168.208600  0.037982  0.039284  82.690002  0.860000
1  -0.003666  -0.003666  169.035516  0.003728  -0.045680  168.072634  0.017025  -0.046109  82.690002  0.860000
1  -0.004051  -0.004400  169.031678  0.017044  0.007235  167.921023  0.030288  0.006735  82.690002  0.860000
1  -0.005272  -0.005272  169.038174  0.019175  0.012320  168.014737  0.032405  0.011886  82.690002  0.860000
1  -0.004649  -0.004649  169.054659  0.010919  -0.020955  168.392991  0.024183  -0.021135  82.690002  0.860000
1  -0.004491  -0.004491  169.035586  0.010253  -0.022219  168.231081  0.023462  -0.022492  82.690002  0.860000
1  -0.002939  -0.002939  168.995838  0.016645  0.004239  168.021076  0.029791  0.003854  82.690002  0.860000
1  -0.003760  -0.003992  168.979785  0.023702  0.032019  167.924587  0.036804  0.031611  82.690002  0.860000
1  -0.003215  -0.003215  168.991360  0.017311  0.008028  168.451903  0.030475  0.007973  64.209999  0.610000
1  -0.003885  -0.003885  169.051903  0.017843  0.009856  168.680850  0.031018  0.009836  64.209999  0.610000
1  -0.004578  -0.004578  169.066169  0.010253  -0.018403  168.373327  0.023350  -0.018659  64.209999  0.610000
1  -0.004899  -0.004899  169.044166  0.018908  0.017062  168.206492  0.031951  0.016725  64.209999  0.610000
1  -0.005713  -0.005577  169.090289  0.014381  0.001578  168.904149  0.027516  0.001714  64.209999  0.610000
1  -0.004667  -0.004667  169.082856  0.012650  -0.004172  168.421922  0.025679  -0.004417  64.209999  0.610000
1  -0.003616  -0.003616  169.058350  0.010120  -0.016800  168.248330  0.023092  -0.017121  64.209999  0.610000
1  -0.004481  -0.004481  169.025055  0.010120  -0.018615  167.855034  0.022999  -0.019130  64.209999  0.610000
1  -0.003425  -0.003425  169.055231  0.018908  0.016018  168.521979  0.031872  0.015934  64.209999  0.610000
1  -0.006395  -0.006099  169.024930  0.019574  0.022082  168.213870  0.032461  0.021792  64.209999  0.610000
1  -0.005420  -0.005420  169.028417  0.021971  0.032430  168.411411  0.034867  0.032273  64.209999  0.610000
1  -0.004180  -0.004180  169.023090  0.019841  0.021690  168.154062  0.032665  0.021378  64.209999  0.610000
1  -0.003464  -0.003464  169.032607  0.013848  -0.004715  168.168126  0.026648  -0.005001  69.370003  0.780000
1  -0.003914  -0.003914  169.101269  0.013982  -0.006826  168.814394  0.026862  -0.006767  69.370003  0.780000
