1  -0.362703  -0.362703  56.996898  0.006791  -355.814413  346.890015  0.300000
1  -0.365678  -0.365678  60.609563  0.007723  -355.564476  346.839996  0.310000
1  -0.368868  -0.368868  63.839095  0.022237  -355.317517  346.829987  0.310000
1  -0.367768  -0.367768  67.085695  0.008522  -355.078802  346.839996  0.330000
1  -0.367906  -0.367906  71.356354  0.018775  -354.821586  346.899994  0.350000
1  -0.365990  -0.365902  75.993961  0.017177  -354.534731  347.000000  0.360000
1  -0.364643  -0.364643  79.152790  0.007191  -354.279099  347.140015  0.370000
1  -0.367338  -0.367338  82.787718  0.005992  -354.007554  347.350006  0.370000
1  -0.367954  -0.367954  86.974525  0.007057  -353.724806  347.559998  0.370000
1  -0.368298  -0.368298  90.951871  0.020107  -353.434365  347.720001  0.360000
1  -0.368213  -0.367990  94.451122  0.026632  -353.124972  347.890015  0.350000
1  -0.365192  -0.365192  98.280498  0.013848  -352.813884  348.019989  0.350000
1  -0.366113  -0.366113  101.509212  0.003995  -352.505287  348.130005  0.330000
1  -0.364558  -0.364558  105.277874  0.013316  -352.218589  348.190002  0.330000
1  -0.367061  -0.367061  108.018824  0.021971  -351.927169  348.179993  0.330000
1  -0.368622  -0.368260  111.272598  0.007989  -351.588721  348.119995  0.330000
1  -0.365265  -0.365265  114.075677  0.019441  -351.260621  348.040009  0.320000
1  -0.365779  -0.365779  117.105005  0.015579  -350.920453  347.859985  0.310000
1  -0.363565  -0.363565  119.604975  0.023702  -350.585663  347.670013  0.290000
1  -0.365919  -0.365919  121.863124  0.020506  -350.254502  347.459991  0.270000
1  -0.368002  -0.367542  124.246743  0.006924  -349.883294  347.220001  0.250000
1  -0.367619  -0.367619  126.078628  0.022371  -349.515729  347.000000  0.230000
1  -0.366604  -0.366604  128.182372  0.012517  -349.146411  346.850006  0.210000
1  -0.366664  -0.366664  129.675251  0.022104  -348.777965  346.720001  0.220000
1  -0.364194  -0.364194  131.551250  0.014781  -348.371317  346.589996  0.210000
1  -0.367019  -0.367089  133.056992  0.010786  -347.953621  346.470001  0.210000
1  -0.367789  -0.367789  134.756663  0.011984  -347.520514  346.359985  0.200000
1  -0.369038  -0.369038  135.912696  0.011585  -347.085299  346.299988  0.200000
1  -0.367065  -0.367065  137.405381  0.013316  -346.642372  346.269989  0.200000
1  -0.364564  -0.364564  138.444198  0.014248  -346.198370  346.239990  0.190000
1  -0.364715  -0.364630  139.656128  0.018908  -345.716829  346.239990  0.180000
1  -0.367315  -0.367315  140.628010  0.013982  -345.237941  346.359985  0.170000
1  -0.366480  -0.366480  141.585080  0.020506  -344.763618  346.619995  0.180000
1  -0.368481  -0.368481  142.475127  0.015846  -344.281230  346.929993  0.190000
1  -0.366479  -0.366479  143.253019  0.014248  -343.781355  347.279999  0.200000
1  -0.365458  -0.365392  144.084354  0.009055  -343.276319  347.690002  0.220000
1  -0.363942  -0.363942  144.707061  0.019841  -342.745250  348.100006  0.230000
1  -0.367163  -0.367163  145.431066  0.009587  -342.237267  348.489990  0.240000
1  -0.367741  -0.367741  146.008071  0.022104  -341.704304  348.829987  0.240000
1  -0.367100  -0.367100  146.623509  0.010786  -341.176744  349.130005  0.240000
1  -0.366291  -0.366241  147.113988  0.012916  -340.642205  349.380005  0.230000
1  -0.365535  -0.365535  147.581935  0.010386  -340.101076  349.540009  0.230000
1  -0.365076  -0.365076  148.059458  0.016645  -339.553241  349.640015  0.230000
1  -0.367715  -0.367715  148.486985  0.013049  -339.029260  349.739990  0.230000
1  -0.367411  -0.367411  148.835986  0.011452  -338.509620  349.859985  0.240000
1  -0.368622  -0.369038  149.178648  0.014781  -337.935543  350.010010  0.240000
1  -0.367825  -0.367825  149.503517  0.003196  -337.365779  350.230011  0.250000
1  -0.365283  -0.365283  149.795066  0.018376  -336.792478  350.470001  0.260000
1  -0.366265  -0.366265  150.082002  0.016645  -336.219690  350.779999  0.270000
1  -0.367394  -0.367394  150.420730  0.012384  -335.653286  351.170013  0.280000
1  -0.367259  -0.367721  150.666153  0.011452  -335.074000  351.649994  0.300000
1  -0.368243  -0.368243  150.897639  0.013715  -334.482576  352.200012  0.330000
1  -0.367676  -0.367676  151.090732  0.011984  -333.897382  352.799988  0.350000
1  -0.366208  -0.366208  151.286633  0.014781  -333.283271  353.380005  0.360000
1  -0.363139  -0.363139  151.396923  0.004128  -332.702924  353.959991  0.370000
1  -0.366670  -0.366816  151.559902  0.020639  -332.119532  354.540009  0.380000
1  -0.368877  -0.368877  151.740247  0.008522  -331.496456  355.140015  0.390000
1  -0.366350  -0.366350  151.881455  0.020906  -330.899246  355.720001  0.400000
1  -0.366618  -0.366618  152.052639  0.016378  -330.273324  356.279999  0.410000
1  -0.366529  -0.366529  152.132525  0.013582  -329.653838  356.799988  0.420000
1  -0.365086  -0.365412  152.242179  0.015047  -329.041158  357.290009  0.420000
1  -0.365668  -0.365668  152.386226  0.016112  -328.407144  357.750000  0.420000
1  -0.366853  -0.366853  152.481832  0.008123  -327.789622  358.230011  0.410000
1  -0.370029  -0.370029  152.617884  0.011585  -327.156805  358.709991  0.400000
1  -0.367399  -0.367399  152.698550  0.020906  -326.516885  359.220001  0.420000
1  -0.366395  -0.366183  152.763114  0.012251  -325.883378  359.769989  0.430000
1  -0.366787  -0.366787  152.831768  0.012517  -325.243803  0.410000  0.440000
1  -0.365979  -0.365979  152.871882  0.009188  -324.604204  1.130000  0.440000
1  -0.367557  -0.367557  152.930108  0.020240  -323.952395  1.880000  0.420000
1  -0.368392  -0.368392  153.009176  0.024634  -323.291743  2.700000  0.410000
1  -0.367958  -0.367865  153.054303  0.016112  -322.657340  3.580000  0.390000
1  -0.366428  -0.366428  153.150278  0.012650  -321.999311  4.500000  0.380000
1  -0.365255  -0.365255  153.180863  0.016378  -321.350722  5.400000  0.370000
1  -0.365472  -0.365472  153.177231  0.013582  -320.685868  6.260000  0.360000
1  -0.366822  -0.366822  153.220980  0.011452  -320.022580  7.100000  0.360000
1  -0.367679  -0.367345  153.219998  0.020373  -319.356479  7.900000  0.350000
1  -0.368049  -0.368049  153.244829  0.012650  -318.676590  8.690000  0.340000
1  -0.365684  -0.365684  153.267997  0.021971  -317.991355  9.440000  0.330000
1  -0.366580  -0.366580  153.281758  0.014381  -317.314399  10.200000  0.330000
1  -0.360812  -0.360812  153.312403  0.010919  -316.648236  10.920000  0.330000
1  -0.365987  -0.365714  153.338220  0.014115  -315.975374  11.590000  0.320000
1  -0.369625  -0.369625  153.344567  0.010786  -315.293292  12.220000  0.310000
1  -0.368412  -0.368412  153.336905  0.016112  -314.611504  12.790000  0.310000
1  -0.367698  -0.367698  153.369329  0.018243  -313.922272  13.320000  0.310000
1  -0.366888  -0.366888  153.422469  0.007457  -313.228265  13.830000  0.310000
1  -0.364369  -0.364326  153.471091  0.013449  -312.525941  14.270000  0.310000
1  -0.367139  -0.367139  153.502299  0.007723  -311.827198  14.690000  0.310000
1  -0.367393  -0.367393  153.481439  0.013982  -311.122321  15.080000  0.310000
1  -0.368750  -0.368750  153.497926  0.012384  -310.424272  15.450000  0.300000
1  -0.367211  -0.367211  153.550591  0.016645  -309.728833  15.810000  0.290000
1  -0.365999  -0.366131  153.560304  0.002796  -309.049261  16.129999  0.280000
1  -0.365687  -0.365687  153.584844  0.016645  -308.341192  16.440001  0.280000
1  -0.363298  -0.363298  153.583771  0.021172  -307.620277  16.770000  0.280000
1  -0.367174  -0.367174  153.569179  0.005193  -306.916071  17.100000  0.290000
1  -0.368040  -0.368040  153.572106  0.019841  -306.210036  17.420000  0.300000
1  -0.367630  -0.368877  153.448803  -0.029028  -305.638432  17.709999  0.310000
1  -0.366632  -0.366632  152.932696  -0.115981  -305.535527  17.990000  0.320000
1  -0.364924  -0.364924  152.238508  -0.071240  -305.490049  18.260000  0.320000
1  -0.363527  -0.363527  151.344786  -0.146074  -305.679290  18.520000  0.330000
1  -0.365764  -0.365764  150.393483  -0.116114  -305.823509  18.770000  0.330000
1  -0.366278  -0.366503  149.566484  -0.127432  -305.809039  19.020000  0.330000
1  -0.366987  -0.366987  148.657826  -0.077498  -305.828976  19.250000  0.330000
1  -0.366545  -0.366545  147.967932  -0.061120  -305.614439  19.469999  0.340000
1  -0.364295  -0.364295  147.289698  -0.071506  -305.334520  19.680000  0.340000
1  -0.362354  -0.362354  146.760766  0.001997  -304.879207  19.900000  0.340000
1  -0.365064  -0.365356  146.427468  0.022504  -304.230255  20.120001  0.340000
1  -0.369536  -0.369536  146.260873  0.054195  -303.409229  20.340000  0.340000
1  -0.367140  -0.367140  146.307187  0.111320  -302.389089  20.580000  0.340000
1  -0.368036  -0.368036  146.696276  0.120109  -301.030195  20.850000  0.340000
1  -0.366298  -0.366298  147.099868  0.077498  -299.753815  21.120001  0.330000
1  -0.364618  -0.364860  147.447315  0.086686  -298.578210  21.410000  0.330000
1  -0.365603  -0.365603  147.806334  0.091213  -297.423099  21.709999  0.320000
1  -0.367047  -0.367047  148.341510  0.101866  -296.142049  22.030001  0.320000
1  -0.369550  -0.369550  148.917885  0.113584  -294.837122  22.360001  0.310000
1  -0.366786  -0.366786  149.481599  0.093743  -293.562104  22.719999  0.310000
1  -0.364768  -0.365218  150.038220  0.072438  -292.367817  23.100000  0.310000
1  -0.366416  -0.366416  150.583335  0.110921  -291.154701  23.469999  0.310000
1  -0.363977  -0.363977  151.265774  0.106260  -289.853759  23.850000  0.310000
1  -0.367198  -0.367198  151.941629  0.074702  -288.565572  24.230000  0.310000
1  -0.368784  -0.368784  152.530174  0.074435  -287.422216  24.610001  0.300000
1  -0.366490  -0.366256  153.127983  0.076166  -286.333250  25.010000  0.300000
1  -0.367045  -0.367045  153.723840  0.083490  -285.181367  25.410000  0.290000
1  -0.364880  -0.364880  154.395276  0.077897  -284.017478  25.830000  0.290000
1  -0.366457  -0.366457  155.124166  0.112652  -282.797380  26.240000  0.290000
1  -0.365959  -0.365959  155.773885  0.071639  -281.633345  26.650000  0.290000
1  -0.367675  -0.367481  156.548456  0.102132  -280.375892  27.059999  0.290000
1  -0.368923  -0.368923  157.296399  0.097205  -279.157278  27.459999  0.300000
1  -0.366155  -0.366155  158.097983  0.106127  -277.949367  27.860001  0.300000
1  -0.366624  -0.366624  158.795639  0.064049  -276.846682  28.260000  0.300000
1  -0.367069  -0.367069  159.246451  0.012650  -275.970550  28.629999  0.300000
1  -0.365297  -0.365558  159.445945  0.003329  -275.342072  28.969999  0.290000
1  -0.368922  -0.368922  159.651959  -0.022770  -274.679074  29.280001  0.290000
1  -0.368327  -0.368327  159.552415  -0.064448  -274.297629  29.559999  0.280000
1  -0.367745  -0.367745  159.026665  -0.116247  -274.246398  29.830000  0.280000
1  -0.366456  -0.366456  158.332474  -0.129563  -274.299280  30.059999  0.270000
1  -0.364790  -0.364718  157.661513  -0.074835  -274.263951  30.270000  0.270000
1  -0.367154  -0.367154  157.157720  -0.050201  -274.020535  30.469999  0.270000
1  -0.367891  -0.367891  156.725222  -0.059255  -273.717526  30.639999  0.260000
1  -0.367730  -0.367730  156.201608  -0.065647  -273.453068  30.820000  0.250000
1  -0.367937  -0.367937  155.504242  -0.089083  -273.284136  30.980000  0.240000
1  -0.365033  -0.360605  154.702972  -0.102399  -273.217662  31.160000  0.230000
1  -0.370753  -0.370753  153.802598  -0.101200  -273.224623  31.330000  0.220000
1  -0.365342  -0.365342  152.928192  -0.067644  -273.109232  31.500000  0.220000
1  -0.369709  -0.369709  152.193232  -0.084023  -272.914415  31.660000  0.210000
1  -0.369279  -0.369279  151.364658  -0.068710  -272.719310  31.799999  0.210000
1  -0.368635  -0.367994  150.685494  -0.022770  -272.355214  31.940001  0.200000
1  -0.366192  -0.366192  150.149333  -0.028762  -271.891010  32.080002  0.200000
1  -0.364140  -0.364140  149.482664  -0.075234  -271.605441  32.220001  0.200000
1  -0.365669  -0.365669  148.650777  -0.056992  -271.460057  32.360001  0.200000
1  -0.367716  -0.367716  148.132552  0.017710  -270.902573  32.490002  0.200000
1  -0.368456  -0.368111  147.928434  0.023303  -270.141368  32.619999  0.210000
1  -0.368928  -0.368928  147.971082  0.083756  -269.088906  32.740002  0.210000
1  -0.366650  -0.366650  148.284927  0.117445  -267.906773  32.880001  0.210000
1  -0.364526  -0.364526  148.790084  0.137020  -266.507522  33.029999  0.220000
1  -0.366939  -0.366939  149.404853  0.130628  -265.034098  33.180000  0.210000
1  -0.367026  -0.366873  149.942263  0.113850  -263.739093  33.340000  0.210000
1  -0.367999  -0.367999  150.484714  0.096939  -262.465658  33.529999  0.210000
1  -0.368421  -0.368421  151.133039  0.134090  -261.133594  33.730000  0.210000
1  -0.368130  -0.368130  151.808933  0.094942  -259.845635  33.950001  0.210000
1  -0.366861  -0.366861  152.353297  0.082292  -258.675465  34.160000  0.200000
1  -0.364425  -0.364942  152.882928  0.094010  -257.557953  34.369999  0.200000
1  -0.367417  -0.367417  153.509232  0.086819  -256.358219  34.580002  0.200000
1  -0.368507  -0.368507  154.169877  0.095474  -255.167537  34.770000  0.190000
1  -0.368023  -0.368023  154.851989  0.110255  -253.984843  34.950001  0.180000
1  -0.368308  -0.368308  155.656672  0.095874  -252.701504  35.110001  0.170000
1  -0.364411  -0.362011  156.328430  0.085621  -251.540530  35.279999  0.150000
1  -0.364952  -0.364952  157.030112  0.056592  -250.418402  35.430000  0.140000
1  -0.366248  -0.366248  157.515900  0.037684  -249.452711  35.560001  0.130000
1  -0.367089  -0.367089  157.858258  0.055660  -248.708695  35.680000  0.110000
1  -0.368504  -0.368504  158.127395  0.015979  -247.958140  35.779999  0.100000
1  -0.367198  -0.366873  158.362323  -0.001997  -247.281348  35.860001  0.080000
1  -0.366213  -0.366213  158.497406  -0.011052  -246.672628  35.910000  0.070000
1  -0.366626  -0.366626  158.500806  -0.021572  -246.181147  35.930000  0.050000
1  -0.366805  -0.366805  158.472315  -0.027031  -245.647335  35.869999  0.040000
1  -0.369691  -0.369691  158.310221  -0.035154  -245.202497  35.779999  0.040000
1  -0.368095  -0.368275  158.132208  -0.033955  -244.794126  35.619999  0.050000
1  -0.369602  -0.369602  157.877412  -0.053929  -244.448722  35.389999  0.050000
1  -0.367246  -0.367246  157.443016  -0.060853  -244.238656  35.110001  0.060000
1  -0.365418  -0.365418  156.832793  -0.079629  -244.094310  34.759998  0.060000
1  -0.366673  -0.366673  156.200021  -0.093077  -244.010710  34.340000  0.060000
1  -0.367969  -0.368015  155.520106  -0.083756  -243.904187  33.820000  0.070000
1  -0.367138  -0.367138  154.837501  -0.084822  -243.811472  33.209999  0.080000
1  -0.368635  -0.368635  154.113680  -0.064981  -243.690750  32.490002  0.100000
1  -0.364113  -0.364113  153.378953  -0.079096  -243.512209  31.670000  0.100000
1  -0.365630  -0.365630  152.664848  -0.079762  -243.399838  315.179993  0.120000
1  -0.363959  -0.364419  151.869019  -0.074036  -243.248250  313.109985  0.130000
1  -0.367967  -0.367967  151.107262  -0.070574  -243.153010  311.489990  0.130000
1  -0.368332  -0.368332  150.401035  -0.065114  -242.915113  309.970001  0.130000
1  -0.366876  -0.366876  149.688269  -0.066313  -242.701182  309.390015  0.140000
1  -0.366666  -0.366666  148.911891  -0.035154  -242.526384  309.170013  0.150000
1  -0.367496  -0.367588  148.305344  0.020773  -242.121200  310.070007  0.150000
1  -0.366826  -0.366826  148.187495  0.097472  -241.310853  311.559998  0.150000
1  -0.369194  -0.369194  148.376226  0.154463  -240.198492  313.070007  0.150000
1  -0.368559  -0.368559  148.912362  0.133158  -238.824905  313.690002  0.150000
1  -0.368936  -0.368936  149.359360  0.126633  -237.557927  314.579987  0.140000
1  -0.366986  -0.367208  149.827274  0.104396  -236.371283  315.589996  0.140000
1  -0.363762  -0.363762  150.331411  0.109589  -235.199259  315.619995  0.150000
1  -0.367981  -0.367981  150.945079  0.115448  -233.938174  316.470001  0.150000
1  -0.368588  -0.368588  151.598773  0.128631  -232.707250  316.010010  0.150000
1  -0.367243  -0.367243  152.310319  0.096273  -231.481662  315.290009  0.150000
1  -0.368165  -0.367535  152.938482  0.092012  -230.328833  315.850006  0.140000
1  -0.367241  -0.367241  153.198246  0.010653  -229.608300  315.760010  0.140000
1  -0.365562  -0.365562  153.343581  0.008522  -228.986261  315.940002  0.140000
1  -0.366195  -0.366195  153.489604  0.013449  -228.373343  314.630005  0.140000
1  -0.366680  -0.366680  153.660346  0.011851  -227.745235  314.600006  0.130000
1  -0.369340  -0.369589  153.810084  0.015047  -227.113244  314.920013  0.120000
1  -0.367801  -0.367801  153.922750  0.012384  -226.495739  317.350006  0.120000
1  -0.368742  -0.368742  154.071058  0.013049  -225.852765  321.790009  0.100000
1  -0.367012  -0.367012  154.123913  0.010519  -225.265981  325.500000  0.090000
1  -0.366385  -0.366385  154.194874  0.020107  -224.649826  332.170013  0.080000
1  -0.366455  -0.365881  154.305123  0.014647  -224.034748  346.570007  0.060000
1  -0.368264  -0.368264  154.349708  0.019042  -223.428836  7.630000  0.060000
1  -0.369630  -0.369630  154.449321  0.019175  -222.811621  33.049999  0.070000
1  -0.368670  -0.368670  154.536535  0.005060  -222.209016  34.049999  0.070000
1  -0.367729  -0.367729  154.587868  0.015047  -221.604905  37.889999  0.070000
1  -0.366458  -0.366519  154.688501  0.014914  -221.011137  41.000000  0.060000
1  -0.365807  -0.365807  154.760552  0.017976  -220.410429  45.540001  0.040000
1  -0.368765  -0.368765  154.819771  0.005193  -219.823573  54.209999  0.030000
