1   0.000000   0.000000 -15.570943 -15.570943  0.000000      1
1   0.000000   0.000000 -15.569877 -15.569877  0.000000      1
1   0.000000   0.000000 -15.568839 -15.568839  0.000000      1
1   0.000000   0.000000 -15.569308 -15.569302  1.019000      1
1   0.000000   0.000000 -15.570635 -15.570635  0.000000      1
1   0.000000   0.000000 -15.570524 -15.570524  0.000000      1
1   0.000000   0.000000 -15.568837 -15.568837  0.000000      1
1   0.000000   0.000000 -15.570233 -15.570233  0.000000      1
1   0.000000   0.000000 -15.569625 -15.569831  1.011000      1
1   0.000000   0.000000 -15.569003 -15.569003  0.000000      2
1   0.000000   0.000000 -15.568692 -15.568692  0.000000      2
1   0.000000   0.000000 -15.570535 -15.570535  0.000000      2
1   0.000000   0.000000 -15.570986 -15.570986  0.000000      2
1   0.000000   0.000000 -15.568109 -15.568645  1.007000      2
1   0.000000   0.000000 -15.570388 -15.570388  0.000000      2
1   0.000000   0.000000 -15.570297 -15.570297  0.000000      2
1   0.000000   0.000000 -15.569778 -15.569778  0.000000      2
1   0.000000   0.000000 -15.569578 -15.569578  0.000000      2
1   0.000000   0.000000 -15.570101 -15.570327  1.016000      2
1   0.000000   0.000000 -15.570405 -15.570405  0.000000      3
1   0.000000   0.000000 -15.569101 -15.569101  0.000000      3
1   0.000000   0.000000 -15.569872 -15.569872  0.000000      3
1   0.000000   0.000000 -15.570385 -15.570385  0.000000      3
1   0.000000   0.000000 -15.569616 -15.569597  1.020000      3
1   0.000000   0.000000 -15.569527 -15.569527  0.000000      3
1   0.000000   0.000000 -15.570565 -15.570565  0.000000      3
1   0.000000   0.000000 -15.570763 -15.570763  0.000000      3
1   0.000000   0.000000 -15.569697 -15.569697  0.000000      3
1   0.000000   0.000000 -15.569852 -15.569796  1.012000      3
1   0.000000   0.000000 -15.571194 -15.571194  0.000000      4
1   0.000000   0.000000 -15.570049 -15.570049  0.000000      4
1   0.000000   0.000000 -15.568628 -15.568628  0.000000      4
1   0.000000   0.000000 -15.570201 -15.570201  0.000000      4
1   0.000000   0.000000 -15.570352 -15.570449  1.010000      4
1   0.000000   0.000000 -15.569669 -15.569669  0.000000      4
1   0.000000   0.000000 -15.569468 -15.569468  0.000000      4
1   0.000000   0.000000 -15.570375 -15.570375  0.000000      4
1   0.000000   0.000000 -15.569916 -15.569916  0.000000      4
2   0.000000   0.000000 0.000000 -15.568806  1.012000      4
2   0.000000   0.000000 0.000000 -15.570718  0.000000      5
2   0.000000   0.000000 0.000000 -15.570775  0.000000      5
2   0.000000   0.000000 0.000000 -15.569358  0.000000      5
2   0.000000   0.000000 0.000000 -15.570114  0.000000      5
2   0.000000   0.000000 0.000000 -15.570169  1.014000      5
2   0.000000   0.000000 0.000000 -15.570463  0.000000      5
2   0.000000   0.000000 0.000000 -15.569372  0.000000      5
2   0.000000   0.000000 0.000000 -15.570119  0.000000      5
2   0.000000   0.000000 0.000000 -15.571000  0.000000      5
2   0.000000   0.000000 0.000000 -15.569520  1.012000      5
2   0.000000   0.000000 0.000000 -15.570440  0.000000      6
2   0.000000   0.000000 0.000000 -15.570288  0.000000      6
2   0.000000   0.000000 0.000000 -15.570777  0.000000      6
2   0.000000   0.000000 0.000000 -15.569783  0.000000      6
2   0.000000   0.000000 0.000000 -15.570079  1.019000      6
2   0.000000   0.000000 0.000000 -15.571825  0.000000      6
2   0.000000   0.000000 0.000000 -15.570610  0.000000      6
1   0.000000   0.000000 -15.570051 -15.570051  0.000000      6
1   0.000000   0.000000 -15.571198 -15.571198  0.000000      6
1   0.000000   0.000000 -15.571008 -15.570903  1.016000      6
1   0.000000   0.000000 -15.570460 -15.570460  0.000000      7
1   0.000000   0.000000 -15.568808 -15.568808  0.000000      7
1   0.000000   0.000000 -15.570163 -15.570163  0.000000      7
1   0.000000   0.000000 -15.570481 -15.570481  0.000000      7
1   0.000000   0.000000 -15.568905 -15.569300  0.994000      7
