1  0.000000  0.000000  353.034550  0.574578  -0.338519  0.000000  0.000000  0.000000  0.000000  0.000000
1  353.034550  353.034550  352.791104  0.554637  -0.347920  0.000000  0.000000  0.000000  0.000000  0.000000
1  352.791104  352.791104  352.544455  0.577493  -0.219063  0.000000  0.000000  0.000000  0.000000  0.000000
1  352.544455  352.544455  351.952659  0.547615  -0.313167  0.000000  0.000000  0.000000  0.000000  0.000000
1  351.952659  351.952659  351.837263  0.624200  0.074582  0.000000  0.000000  0.000000  0.000000  0.000000
1  351.837263  351.837263  351.956790  0.487697  -0.502185  0.000000  0.000000  0.000000  0.000000  0.000000
1  351.956790  351.956790  351.834949  0.578747  -0.112274  0.000000  0.000000  0.000000  0.000000  0.000000
1  351.834949  351.834949  351.711931  0.561236  -0.255517  0.000000  0.000000  0.000000  0.000000  0.000000
1  351.711931  351.711931  351.735741  0.614560  0.004153  0.000000  0.000000  0.000000  0.000000  0.000000
1  351.735741  351.735741  351.678080  0.581856  -0.179284  0.000000  0.000000  0.000000  0.000000  0.000000
1  351.678080  351.678080  351.504684  0.594680  -0.144457  0.000000  0.000000  0.000000  0.000000  0.000000
1  351.504684  351.504684  351.317357  0.561018  -0.250281  0.000000  0.000000  0.000000  0.000000  0.000000
1  351.317357  351.317357  351.146598  0.505170  -0.420893  0.000000  0.000000  0.000000  0.000000  0.000000
1  351.146598  351.146598  350.924206  0.470727  -0.483812  0.000000  0.000000  0.000000  0.000000  0.000000
1  350.924206  350.924206  350.955599  0.712507  0.466654  0.000000  0.000000  0.000000  0.000000  0.000000
1  350.955599  350.955599  350.934699  0.505448  -0.280859  0.000000  0.000000  0.000000  0.000000  0.000000
1  350.934699  350.934699  350.887590  0.605948  0.079679  0.000000  0.000000  0.000000  0.000000  0.000000
1  350.887590  350.887590  350.730198  0.578994  -0.016508  0.000000  0.000000  0.000000  0.000000  0.000000
1  350.730198  350.730198  350.537508  0.552811  -0.047102  0.000000  0.000000  0.000000  0.000000  0.000000
1  350.537508  350.537508  350.322314  0.421145  -0.546396  0.000000  0.000000  0.000000  0.000000  0.000000
1  350.322314  350.322314  350.318194  0.413789  -0.525619  0.000000  0.000000  0.000000  0.000000  0.000000
