1  0.000000  1.213861  1.215225  28.731368  1.301628  0.143374  2.525180  1.010641  0.172131  12463479258380361037449994407674162632420655242539725129469020940175110750695220537840980123425995942486851728587473847223625562616612032542521305801632126569656572150118925762600957910958776199109680004365244177596854322777476888273472158089959556594262186209050624.000000  0.000000
1  2.525180  1.215119  1.215119  31.840417  1.137669  0.921685  2.699286  1.001662  0.950162  12463479258380361037449994407674162632420655242539725129469020940175110750695220537840980123425995942486851728587473847223625562616612032542521305801632126569656572150118925762600957910958776199109680004365244177596854322777476888273472158089959556594262186209050624.000000  0.000000
1  2.699286  1.214771  1.214771  34.966852  1.097064  -0.811674  2.868266  0.996445  -0.783645  12463479258380361037449994407674162632420655242539725129469020940175110750695220537840980123425995942486851728587473847223625562616612032542521305801632126569656572150118925762600957910958776199109680004365244177596854322777476888273472158089959556594262186209050624.000000  0.000000
1  2.868266  1.215895  1.215895  37.579236  0.935405  -0.554159  3.036303  1.015076  -0.526337  12463479258380361037449994407674162632420655242539725129469020940175110750695220537840980123425995942486851728587473847223625562616612032542521305801632126569656572150118925762600957910958776199109680004365244177596854322777476888273472158089959556594262186209050624.000000  0.000000
1  3.036303  1.216509  1.216509  40.331147  0.647127  -1.257190  3.212329  0.961898  -1.229287  12463479258380361037449994407674162632420655242539725129469020940175110750695220537840980123425995942486851728587473847223625562616612032542521305801632126569656572150118925762600957910958776199109680004365244177596854322777476888273472158089959556594262186209050624.000000  0.000000
1  3.212329  1.215520  1.215619  44.068702  0.518836  -0.945265  3.365461  0.823424  -0.918061  12463479258380361037449994407674162632420655242539725129469020940175110750695220537840980123425995942486851728587473847223625562616612032542521305801632126569656572150118925762600957910958776199109680004365244177596854322777476888273472158089959556594262186209050624.000000  0.000000
1  3.365461  1.216109  1.216109  47.874893  0.869142  1.447488  3.533749  0.950484  1.474369  12463479258380361037449994407674162632420655242539725129469020940175110750695220537840980123425995942486851728587473847223625562616612032542521305801632126569656572150118925762600957910958776199109680004365244177596854322777476888273472158089959556594262186209050624.000000  0.000000
1  3.533749  1.216703  1.216703  51.119348  1.532609  -1.616612  3.708279  0.959391  -1.590441  12463479258380361037449994407674162632420655242539725129469020940175110750695220537840980123425995942486851728587473847223625562616612032542521305801632126569656572150118925762600957910958776199109680004365244177596854322777476888273472158089959556594262186209050624.000000  0.000000
1  3.708279  1.215249  1.215470  53.369620  0.009069  -2.587505  3.782523  0.316526  -2.562623  12463479258380361037449994407674162632420655242539725129469020940175110750695220537840980123425995942486851728587473847223625562616612032542521305801632126569656572150118925762600957910958776199109680004365244177596854322777476888273472158089959556594262186209050624.000000  0.000000
1  3.782523  1.216298  1.216298  53.042894  0.017173  -1.679471  3.780470  0.136289  -1.661540  12463479258380361037449994407674162632420655242539725129469020940175110750695220537840980123425995942486851728587473847223625562616612032542521305801632126569656572150118925762600957910958776199109680004365244177596854322777476888273472158089959556594262186209050624.000000  0.000000
1  3.780470  1.216182  1.216182  53.021943  0.020364  -1.126750  3.778980  0.104489  -1.113408  342.589996  0.330000
1  3.778980  1.217587  1.217587  53.020008  0.014649  -0.745654  3.776343  0.101108  -0.735829  342.589996  0.330000
1  3.776343  1.215868  1.215868  53.022374  0.022028  -0.505159  3.775464  0.100905  -0.497468  342.589996  0.330000
1  3.775464  1.216849  1.216608  53.024773  0.016971  -0.348184  3.775804  0.100198  -0.341630  342.589996  0.330000
1  3.775804  1.216174  1.216174  53.026767  0.010241  -0.265428  3.776369  0.098941  -0.259814  342.589996  0.330000
1  3.776369  1.215990  1.215990  53.028566  0.004902  -0.202438  3.777347  0.095027  -0.197383  342.589996  0.330000
1  3.777347  1.215999  1.215999  53.031410  0.030063  -0.057445  3.780328  0.104321  -0.052561  342.589996  0.330000
1  3.780328  1.215744  1.215744  53.034440  0.025816  -0.037922  3.784788  0.102200  -0.032831  342.589996  0.330000
1  3.784788  1.212867  1.212772  53.035679  0.014171  -0.071489  3.786779  0.099201  -0.066926  342.589996  0.330000
1  3.786779  1.215438  1.215438  53.037784  0.013074  -0.047663  3.789222  0.099983  -0.043525  342.589996  0.330000
1  3.789222  1.214473  1.214473  53.040129  0.011258  -0.004453  3.794009  0.101099  -0.000213  324.660004  0.370000
1  3.794009  1.217095  1.217095  53.041628  0.009926  -0.044032  3.797156  0.101018  -0.040275  324.660004  0.370000
1  3.797156  1.216718  1.216718  53.042993  0.027993  0.017124  3.800440  0.104938  0.020398  324.660004  0.370000
1  3.800440  1.215232  1.215059  53.044263  0.011301  -0.005029  3.803672  0.101145  -0.002157  324.660004  0.370000
1  3.803672  1.214581  1.214581  53.046942  0.000087  -0.006885  3.809111  0.101391  -0.003862  324.660004  0.370000
1  3.809111  1.215074  1.215074  53.048550  0.022274  0.023907  3.813894  0.100520  0.026770  324.660004  0.370000
1  3.813894  1.215848  1.215848  53.051334  0.019864  0.047525  3.820759  0.100830  0.050649  324.660004  0.370000
1  3.820759  1.217230  1.217230  53.053329  0.020405  -0.024690  3.828365  0.102837  -0.021346  324.660004  0.370000
1  3.828365  1.215564  1.215236  53.055242  0.017840  -0.002725  3.835444  0.102784  0.000549  324.660004  0.370000
1  3.835444  1.216432  1.216432  53.057285  0.020494  0.024843  3.844740  0.104093  0.028423  324.660004  0.370000
1  3.844740  1.215988  1.215988  53.057664  0.004843  -0.023413  3.851145  0.100595  -0.020358  324.660004  0.370000
1  3.851145  1.215136  1.215136  53.059438  0.021249  0.017850  3.860099  0.103466  0.020989  324.660004  0.370000
1  3.860099  1.215961  1.215961  53.061977  0.025399  0.003008  3.869184  0.106736  0.006144  303.350006  0.280000
1  3.869184  1.217005  1.217222  53.063169  0.017450  -0.055951  3.877829  0.104366  -0.053031  303.350006  0.280000
1  3.877829  1.217013  1.217013  53.065805  0.016759  0.051413  3.888979  0.106011  0.054701  303.350006  0.280000
1  3.888979  1.216456  1.216456  53.067531  0.007433  -0.052905  3.898910  0.106646  -0.049810  303.350006  0.280000
1  3.898910  1.214744  1.214744  53.069769  0.025915  -0.050449  3.910807  0.108138  -0.047065  303.350006  0.280000
1  3.910807  1.214943  1.214943  53.071654  0.017798  -0.047837  3.921911  0.105039  -0.044465  303.350006  0.280000
1  3.921911  1.215903  1.216056  53.073341  0.032136  0.008555  3.933293  0.106811  0.011881  303.350006  0.280000
1  3.933293  1.215182  1.215182  53.075161  0.018660  0.057879  3.945480  0.107687  0.061260  303.350006  0.280000
1  3.945480  1.216736  1.216736  53.077450  0.029882  0.035748  3.958467  0.108391  0.039309  323.850006  0.270000
1  3.958467  1.215818  1.215818  53.079765  0.013309  -0.014838  3.971489  0.108240  -0.011158  323.850006  0.270000
1  3.971489  1.216070  1.216070  53.081698  0.007777  -0.010276  3.985130  0.105762  -0.006501  323.850006  0.270000
1  3.985130  1.214827  1.214919  53.083805  0.022804  0.050088  3.998112  0.108639  0.053712  323.850006  0.270000
1  3.998112  1.215194  1.215194  53.086042  0.014685  0.017481  4.012849  0.112208  0.021030  323.850006  0.270000
1  4.012849  1.216987  1.216987  53.088399  0.022111  0.013106  4.028524  0.108829  0.016718  323.850006  0.270000
1  4.028524  1.216440  1.216440  53.089411  0.026088  0.026063  4.040875  0.113476  0.028874  323.850006  0.270000
1  4.040875  1.215773  1.215773  53.091549  0.018659  0.007444  4.054476  0.111383  0.009955  323.850006  0.270000
1  4.054476  1.215981  1.215865  53.094047  0.021424  0.040956  4.068678  0.114298  0.043271  323.850006  0.270000
1  4.068678  1.216578  1.216578  53.095530  0.018649  0.024634  4.081046  0.111394  0.026564  323.850006  0.270000
1  4.081046  1.215338  1.215338  53.097756  0.017773  0.007483  4.094617  0.112090  0.009417  325.609985  0.370000
1  4.094617  1.216028  1.216028  53.100185  0.032090  0.028826  4.107142  0.113906  0.030446  325.609985  0.370000
1  4.107142  1.216027  1.216027  53.102373  0.002795  0.011437  4.120171  0.112844  0.012913  325.609985  0.370000
1  4.120171  1.215229  1.214995  53.105077  0.019585  0.000923  4.133958  0.112321  0.002442  325.609985  0.370000
1  4.133958  1.215768  1.215768  53.106383  0.023259  0.015439  4.147830  0.114942  0.016974  325.609985  0.370000
1  4.147830  1.214883  1.214883  53.108880  0.010680  -0.033609  4.161385  0.112563  -0.032084  325.609985  0.370000
1  4.161385  1.214682  1.214682  53.110713  0.017574  -0.009183  4.174793  0.115133  -0.007728  325.609985  0.370000
1  4.174793  1.216126  1.216126  53.113178  0.016820  0.027173  4.187611  0.112404  0.028645  325.609985  0.370000
1  4.187611  1.215795  1.216291  53.114666  0.011578  -0.002339  4.200591  0.113554  -0.001012  325.609985  0.370000
1  4.200591  1.214414  1.214414  53.116591  0.020213  -0.026887  4.212595  0.112291  -0.025775  325.609985  0.370000
1  4.212595  1.215639  1.215639  53.118394  0.027128  -0.005505  4.225610  0.113569  -0.004409  22.510000  0.220000
1  4.225610  1.216633  1.216633  53.120882  0.032304  0.008676  4.238822  0.115176  0.009828  22.510000  0.220000
1  4.238822  1.216098  1.216098  53.122878  0.024529  -0.036417  4.251775  0.114001  -0.035275  22.510000  0.220000
1  4.251775  1.216158  1.216009  53.125368  0.009334  -0.058541  4.265780  0.113191  -0.057373  22.510000  0.220000
1  4.265780  1.215683  1.215683  53.127018  0.015210  -0.040896  4.286232  0.112947  -0.037947  22.510000  0.220000
1  4.286232  1.213940  1.213940  53.130095  0.003288  -0.045791  4.299572  0.113028  -0.043491  22.510000  0.220000
1  4.299572  1.216018  1.216018  53.130280  0.022805  -0.018083  4.312117  0.115783  -0.016268  22.510000  0.220000
1  4.312117  1.216976  1.216976  53.132886  0.008987  -0.006836  4.325998  0.112979  -0.005009  22.510000  0.220000
1  4.325998  1.216258  1.216488  53.135261  0.004848  -0.052080  4.339790  0.113990  -0.050328  22.510000  0.220000
1  4.339790  1.215660  1.215660  53.137657  0.022499  0.010710  4.354093  0.117370  0.012418  22.510000  0.220000
1  4.354093  1.217235  1.217235  53.139843  0.016481  -0.019005  4.369324  0.119761  -0.017015  188.600006  0.170000
1  4.369324  1.214487  1.214487  53.141908  0.013898  -0.025070  4.383014  0.115973  -0.023193  188.600006  0.170000
1  4.383014  1.213608  1.213608  53.144100  0.027112  0.025318  4.396779  0.119146  0.027108  188.600006  0.170000
1  4.396779  1.214290  1.214581  53.147163  0.033595  0.048288  4.411714  0.120082  0.050260  188.600006  0.170000
1  4.411714  1.214492  1.214492  53.149069  0.015958  -0.021345  4.426374  0.118427  -0.019385  188.600006  0.170000
1  4.426374  1.214785  1.214785  53.151151  0.022534  0.009209  4.444662  0.117489  0.011918  188.600006  0.170000
1  4.444662  1.216094  1.216094  53.153111  0.020381  0.001255  4.458226  0.116400  0.003583  188.600006  0.170000
1  4.458226  1.216687  1.216687  53.154712  0.013920  -0.020407  4.470325  0.114959  -0.018612  188.600006  0.170000
1  4.470325  1.214373  1.214435  53.157763  0.019821  -0.004020  4.485203  0.121002  -0.002357  188.600006  0.170000
1  4.485203  1.215840  1.215840  53.160184  0.012851  -0.033162  4.498390  0.118150  -0.031755  188.600006  0.170000
1  4.498390  1.216383  1.216383  53.161383  0.019257  -0.005464  4.510926  0.118495  -0.004338  188.600006  0.170000
1  4.510926  1.216598  1.216598  53.163990  0.028599  0.035954  4.524901  0.116157  0.037139  188.600006  0.170000
1  4.524901  1.217073  1.217073  53.165685  0.022258  0.013006  4.538132  0.116763  0.014294  196.350006  0.580000
1  4.538132  1.215859  1.215859  53.167506  0.030138  0.046401  4.551841  0.115250  0.047807  196.350006  0.580000
1  4.551841  1.215207  1.215207  53.169994  0.012698  0.043442  4.566567  0.119982  0.045212  196.350006  0.580000
1  4.566567  1.215963  1.215963  53.171756  0.015635  -0.017733  4.579223  0.118902  -0.016431  196.350006  0.580000
1  4.579223  1.216120  1.216120  53.174486  0.017632  -0.009466  4.592427  0.119156  -0.008304  196.350006  0.580000
1  4.592427  1.216642  1.216642  53.178023  0.010181  -0.039206  4.605922  0.119069  -0.038165  196.350006  0.580000
1  4.605922  1.216794  1.216794  53.178879  0.028710  0.035026  4.622257  0.119294  0.036663  196.350006  0.580000
1  4.622257  1.216350  1.216350  53.181683  0.014236  0.006581  4.636645  0.119705  0.008333  196.350006  0.580000
1  4.636645  1.215670  1.216181  53.183944  0.019487  -0.031105  4.650241  0.116754  -0.029571  112.370003  0.100000
1  4.650241  1.214527  1.214527  53.185990  0.024370  0.022158  4.664012  0.117839  0.023608  112.370003  0.100000
1  4.664012  1.216444  1.216444  53.187795  0.023037  0.017212  4.678150  0.119945  0.018618  112.370003  0.100000
1  4.678150  1.215295  1.215295  53.189605  0.014763  -0.018837  4.690813  0.119098  -0.017673  112.370003  0.100000
1  4.690813  1.215351  1.215351  53.192013  0.013878  -0.016870  4.704190  0.117393  -0.015585  112.370003  0.100000
1  4.704190  1.215607  1.215607  53.194174  0.029874  -0.039290  4.717361  0.118438  -0.038035  112.370003  0.100000
1  4.717361  1.215525  1.215525  53.196011  0.018829  0.006118  4.733075  0.116741  0.007754  112.370003  0.100000
1  4.733075  1.215475  1.215475  53.197502  0.024918  0.027635  4.747216  0.122171  0.029153  112.370003  0.100000
1  4.747216  1.216111  1.216111  53.200244  0.009137  -0.038765  4.760776  0.121021  -0.037331  112.370003  0.100000
1  4.760776  1.215801  1.215801  53.202056  0.022702  0.021966  4.774227  0.121297  0.023249  112.370003  0.100000
1  4.774227  1.216088  1.216088  53.205061  0.019687  0.017618  4.788046  0.123201  0.018828  348.059998  0.400000
1  4.788046  1.215804  1.215804  53.206979  0.019525  -0.000870  4.802623  0.121868  0.000613  348.059998  0.400000
1  4.802623  1.216783  1.216213  53.209462  0.016177  0.045430  4.817978  0.120851  0.047308  348.059998  0.400000
1  4.817978  1.214710  1.214710  53.211098  0.018230  -0.009798  4.832600  0.122430  -0.008242  348.059998  0.400000
1  4.832600  1.216279  1.216279  53.212819  0.027543  -0.012085  4.845561  0.120737  -0.010841  348.059998  0.400000
1  4.845561  1.215569  1.215569  53.215380  0.025754  -0.007625  4.859496  0.121428  -0.006297  348.059998  0.400000
1  4.859496  1.217661  1.217661  53.217224  0.023573  0.053686  4.872559  0.123269  0.054745  348.059998  0.400000
1  4.872559  1.215279  1.215156  53.218956  0.018489  0.044996  4.885468  0.122941  0.045805  348.059998  0.400000
1  4.885468  1.215835  1.215835  53.221511  0.015376  -0.027594  4.899559  0.120356  -0.026599  348.059998  0.400000
1  4.899559  1.215527  1.215527  53.223473  0.022638  -0.023506  4.913035  0.119351  -0.022351  348.059998  0.400000
1  4.913035  1.214893  1.214893  53.225580  0.016588  0.016222  4.926903  0.122394  0.017290  304.890015  0.720000
1  4.926903  1.216558  1.216558  53.227949  0.017271  -0.038763  4.941024  0.124538  -0.037496  304.890015  0.720000
1  4.941024  1.216853  1.216396  53.230255  0.018702  -0.057260  4.954279  0.122144  -0.056036  304.890015  0.720000
1  4.954279  1.215840  1.215840  53.231862  0.006885  -0.034453  4.966867  0.122232  -0.033545  304.890015  0.720000
1  4.966867  1.216080  1.216080  53.233650  0.016738  0.016477  4.979691  0.121209  0.017267  304.890015  0.720000
1  4.979691  1.213703  1.213703  53.235677  0.024139  -0.023947  4.992645  0.123611  -0.023265  304.890015  0.720000
1  4.992645  1.215344  1.215344  53.237633  0.020740  0.034956  5.006169  0.123382  0.035603  304.890015  0.720000
1  5.006169  1.215136  1.215152  53.239963  0.022460  0.004719  5.019469  0.121416  0.005350  304.890015  0.720000
1  5.019469  1.215130  1.215130  53.241748  0.012048  -0.001466  5.032492  0.120986  -0.000692  304.890015  0.720000
1  5.032492  1.215539  1.215539  53.244030  0.019351  0.028029  5.047521  0.122709  0.029126  304.890015  0.720000
1  5.047521  1.214772  1.214772  53.245806  0.025251  0.019381  5.061513  0.126688  0.020419  275.809998  1.020000
1  5.061513  1.215236  1.215236  53.248078  0.016434  -0.007086  5.075775  0.124108  -0.006017  275.809998  1.020000
1  5.075775  1.214600  1.214836  53.249558  0.015575  -0.007096  5.089286  0.123205  -0.006072  275.809998  1.020000
1  5.089286  1.215731  1.215731  53.251878  0.017290  -0.013919  5.102498  0.121971  -0.012949  275.809998  1.020000
1  5.102498  1.217060  1.217060  53.253773  0.002395  -0.017021  5.115000  0.120031  -0.016138  275.809998  1.020000
1  5.115000  1.216522  1.216522  53.256020  0.026117  0.005942  5.127818  0.122249  0.006602  275.809998  1.020000
1  5.127818  1.215399  1.215399  53.258075  0.017214  0.015229  5.142046  0.122272  0.016098  275.809998  1.020000
1  5.142046  1.215762  1.216028  53.260119  0.018146  0.010948  5.158355  0.123327  0.012331  275.809998  1.020000
1  5.158355  1.215539  1.215539  53.262065  0.013599  0.032695  5.172662  0.122571  0.034099  275.809998  1.020000
1  5.172662  1.215925  1.215925  53.264728  0.023493  0.002861  5.187102  0.123895  0.004277  275.809998  1.020000
1  5.187102  1.215207  1.215207  53.266968  0.034467  -0.010551  5.201532  0.124899  -0.009185  275.809998  1.020000
1  5.201532  1.216274  1.216274  53.268945  0.018410  0.002210  5.217086  0.124035  0.004083  275.809998  1.020000
1  5.217086  1.214773  1.214255  53.270621  0.020992  0.004870  5.230766  0.126681  0.006359  262.390015  1.080000
1  5.230766  1.215107  1.215107  53.273137  0.026180  -0.025142  5.243866  0.123756  -0.023964  262.390015  1.080000
1  5.243866  1.215278  1.215278  53.274446  0.013478  0.017585  5.257076  0.122865  0.018500  262.390015  1.080000
1  5.257076  1.216299  1.216299  53.277186  0.018421  0.022691  5.271571  0.125825  0.023789  262.390015  1.080000
1  5.271571  1.215962  1.215962  53.279366  0.021391  0.030086  5.285751  0.126116  0.031153  262.390015  1.080000
1  5.285751  1.216376  1.215823  53.281670  0.025943  0.022369  5.300436  0.126382  0.023490  262.390015  1.080000
1  5.300436  1.215380  1.215380  53.283609  0.013135  0.029573  5.314261  0.121656  0.030790  262.390015  1.080000
1  5.314261  1.214648  1.214648  53.284961  0.016984  -0.006296  5.328067  0.123459  -0.005200  262.390015  1.080000
1  5.328067  1.215864  1.215864  53.286755  0.019052  -0.008866  5.341203  0.124814  -0.007940  250.649994  0.870000
1  5.341203  1.215760  1.215760  53.289206  0.029372  0.014896  5.354732  0.127066  0.015754  250.649994  0.870000
1  5.354732  1.216354  1.216376  53.291201  0.013306  0.023380  5.368675  0.124366  0.024353  250.649994  0.870000
1  5.368675  1.214537  1.214537  53.293845  0.016611  -0.013644  5.383026  0.127807  -0.012831  250.649994  0.870000
1  5.383026  1.214543  1.214543  53.295596  0.006299  -0.054680  5.397344  0.124862  -0.053570  250.649994  0.870000
1  5.397344  1.215565  1.215565  53.297915  0.010182  -0.037941  5.411116  0.124297  -0.036897  250.649994  0.870000
1  5.411116  1.215968  1.215968  53.299565  0.019663  -0.040686  5.425303  0.126937  -0.039606  250.649994  0.870000
1  5.425303  1.215804  1.215366  53.302146  0.029704  0.008104  5.440405  0.128816  0.009411  250.649994  0.870000
1  5.440405  1.215678  1.215678  53.304483  0.023150  -0.037810  5.454511  0.126885  -0.036537  250.649994  0.870000
1  5.454511  1.216962  1.216962  53.306322  0.018882  -0.002859  5.468538  0.124991  -0.001625  250.649994  0.870000
1  5.468538  1.214638  1.214638  53.308337  0.020554  0.000820  5.482388  0.127777  0.001826  238.940002  0.490000
1  5.482388  1.214396  1.214396  53.310392  0.005658  0.016381  5.496907  0.122829  0.017595  238.940002  0.490000
1  5.496907  1.216017  1.215591  53.312063  0.025554  0.024703  5.510842  0.127315  0.025848  238.940002  0.490000
1  5.510842  1.215902  1.215902  53.314015  0.014861  -0.017777  5.524677  0.126953  -0.016828  238.940002  0.490000
1  5.524677  1.216007  1.216007  53.316552  0.020250  0.003346  5.538234  0.127227  0.004267  238.940002  0.490000
1  5.538234  1.214872  1.214872  53.319021  0.011744  -0.030004  5.552181  0.126434  -0.029059  238.940002  0.490000
1  5.552181  1.215802  1.215802  53.320513  0.014354  -0.022447  5.565795  0.128284  -0.021704  238.940002  0.490000
1  5.565795  1.215583  1.215907  53.322324  0.021552  0.004625  5.579279  0.128773  0.005300  238.940002  0.490000
1  5.579279  1.216709  1.216709  53.324241  0.010687  -0.034410  5.592397  0.124512  -0.033799  238.940002  0.490000
1  5.592397  1.216617  1.216617  53.325797  0.011595  -0.026301  5.606846  0.123117  -0.025292  238.940002  0.490000
1  5.606846  1.217417  1.217417  53.327056  0.016125  0.076501  5.620847  0.125271  0.077497  240.320007  0.280000
1  5.620847  1.215818  1.215818  53.329442  0.022903  -0.004989  5.635045  0.125922  -0.003871  240.320007  0.280000
1  5.635045  1.215783  1.216062  53.331743  0.026546  0.014735  5.649016  0.128080  0.015819  240.320007  0.280000
1  5.649016  1.216027  1.216027  53.333841  0.014688  -0.045355  5.662470  0.123260  -0.044418  240.320007  0.280000
1  5.662470  1.215813  1.215813  53.335509  0.009594  -0.029779  5.676872  0.124792  -0.028807  240.320007  0.280000
1  5.676872  1.216269  1.216269  53.337709  -0.000562  -0.065626  5.690822  0.122122  -0.064509  240.320007  0.280000
1  5.690822  1.216009  1.216009  53.339870  0.021434  -0.002826  5.704728  0.126083  -0.001628  240.320007  0.280000
1  5.704728  1.214205  1.214708  53.341277  0.009280  -0.032305  5.718746  0.125704  -0.031423  240.320007  0.280000
1  5.718746  1.216046  1.216046  53.342235  0.018634  0.003226  5.732418  0.126656  0.004030  240.320007  0.280000
1  5.732418  1.215600  1.215600  53.345016  0.027644  -0.004426  5.747190  0.130230  -0.003469  240.320007  0.280000
1  5.747190  1.216180  1.216180  53.345605  0.016416  0.012991  5.761082  0.127249  0.013922  238.250000  0.290000
1  5.761082  1.216206  1.216206  53.348138  0.023154  0.022899  5.775550  0.129898  0.023935  238.250000  0.290000
1  5.775550  1.215813  1.215948  53.349720  0.013480  0.003805  5.789069  0.127006  0.004781  238.250000  0.290000
1  5.789069  1.215538  1.215538  53.351516  0.019498  0.023036  5.802873  0.126245  0.023958  238.250000  0.290000
1  5.802873  1.216702  1.216702  53.352903  0.021387  0.004481  5.816005  0.127404  0.005184  238.250000  0.290000
1  5.816005  1.216125  1.216125  53.355790  0.025182  0.026354  5.829836  0.127177  0.027099  238.250000  0.290000
1  5.829836  1.217309  1.217309  53.357840  0.027675  0.005533  5.844619  0.127038  0.006656  238.250000  0.290000
1  5.844619  1.215716  1.215636  53.360009  0.008314  -0.053393  5.859366  0.127501  -0.052233  238.250000  0.290000
1  5.859366  1.216910  1.216910  53.362492  0.029816  0.031776  5.873899  0.127367  0.032989  238.250000  0.290000
1  5.873899  1.215849  1.215849  53.364686  0.010465  0.014180  5.889109  0.131961  0.015489  238.250000  0.290000
1  5.889109  1.215192  1.215192  53.366882  0.014266  -0.002898  5.904596  0.129371  -0.001401  238.250000  0.290000
1  5.904596  1.215032  1.215032  53.367625  0.022891  0.019094  5.918664  0.127572  0.020401  238.250000  0.290000
1  5.918664  1.216179  1.216399  53.370195  0.014074  -0.019431  5.932832  0.129834  -0.018201  241.619995  0.360000
1  5.932832  1.216645  1.216645  53.372951  0.016410  0.002769  5.948232  0.128933  0.004160  241.619995  0.360000
1  5.948232  1.216034  1.216034  53.374182  0.024937  -0.043286  5.961808  0.127435  -0.042075  241.619995  0.360000
1  5.961808  1.214234  1.214234  53.375936  0.015781  -0.021177  5.975702  0.126995  -0.020136  241.619995  0.360000
1  5.975702  1.215974  1.215974  53.377661  0.019446  -0.030955  5.990405  0.130338  -0.029890  241.619995  0.360000
1  5.990405  1.216559  1.216353  53.379745  0.021103  -0.021042  6.005207  0.129960  -0.019916  241.619995  0.360000
1  6.005207  1.215978  1.215978  53.381473  0.023400  -0.036589  6.018513  0.129721  -0.035759  241.619995  0.360000
1  6.018513  1.215778  1.215778  53.383553  0.015953  -0.002472  6.032329  0.129974  -0.001690  241.619995  0.360000
1  6.032329  1.215441  1.215441  53.385646  0.016018  -0.020296  6.046045  0.129405  -0.019519  227.639999  0.440000
1  6.046045  1.214962  1.214962  53.388000  0.023301  -0.014841  6.060604  0.131029  -0.013967  227.639999  0.440000
1  6.060604  1.214541  1.214446  53.390081  0.008381  -0.042791  6.075050  0.129915  -0.042015  227.639999  0.440000
1  6.075050  1.216397  1.216397  53.391623  0.024357  0.025018  6.088942  0.129899  0.025842  227.639999  0.440000
1  6.088942  1.217502  1.217502  53.393691  0.028505  0.058846  6.103326  0.131017  0.059752  227.639999  0.440000
1  6.103326  1.216243  1.216243  53.395659  0.018487  0.006822  6.117448  0.131023  0.007667  227.639999  0.440000
1  6.117448  1.216100  1.216100  53.397859  0.015547  0.009902  6.132365  0.132338  0.010907  227.639999  0.440000
1  6.132365  1.215563  1.215918  53.399021  0.019351  0.010816  6.146161  0.129311  0.011620  227.639999  0.440000
1  6.146161  1.215775  1.215775  53.402172  0.010712  -0.033720  6.160596  0.128951  -0.032802  227.639999  0.440000
1  6.160596  1.215931  1.215931  53.403364  0.026953  0.035187  6.174426  0.128764  0.036098  227.639999  0.440000
1  6.174426  1.216821  1.216821  53.405083  0.020735  0.001408  6.188792  0.127218  0.002473  212.179993  0.320000
1  6.188792  1.217600  1.217600  53.407089  0.022364  0.003817  6.202426  0.128740  0.004735  212.179993  0.320000
1  6.202426  1.215817  1.215817  53.408806  0.024782  -0.021051  6.216238  0.131328  -0.020222  212.179993  0.320000
1  6.216238  1.216551  1.216551  53.411236  0.014969  0.006060  6.230590  0.131223  0.006849  212.179993  0.320000
1  6.230590  1.215823  1.215823  53.413896  0.003214  -0.005576  6.246156  0.132162  -0.004572  212.179993  0.320000
1  6.246156  1.215479  1.215479  53.416078  0.011309  0.004742  6.262786  0.131936  0.006301  212.179993  0.320000
1  6.262786  1.215984  1.215984  53.417168  0.022021  0.017730  6.277592  0.126098  0.019142  212.179993  0.320000
1  6.277592  1.216417  1.216417  53.418713  0.010319  0.014143  6.291742  0.128763  0.015538  212.179993  0.320000
1  6.291742  1.215816  1.215816  53.421100  0.010126  0.041960  6.307549  0.131449  0.043550  212.179993  0.320000
1  6.307549  1.216211  1.216718  53.422797  0.017451  0.051326  6.322427  0.131316  0.052794  212.179993  0.320000
1  6.322427  1.215116  1.215116  53.425355  0.025364  0.025767  6.337979  0.133434  0.027103  189.889999  0.430000
1  6.337979  1.215961  1.215961  53.427102  0.017793  -0.005350  6.352775  0.132715  -0.004042  189.889999  0.430000
1  6.352775  1.214787  1.214787  53.428729  0.023618  0.033172  6.367891  0.131438  0.034512  189.889999  0.430000
1  6.367891  1.215979  1.215979  53.431126  0.026241  0.027561  6.383992  0.134633  0.029088  189.889999  0.430000
1  6.383992  1.216491  1.216437  53.432696  0.008244  -0.044551  6.398843  0.132328  -0.043173  189.889999  0.430000
1  6.398843  1.216888  1.216888  53.434183  0.029712  0.016709  6.413289  0.133358  0.017919  189.889999  0.430000
1  6.413289  1.216176  1.216176  53.435543  0.018200  0.083759  6.427098  0.132722  0.084796  189.889999  0.430000
1  6.427098  1.215551  1.215551  53.438322  0.022343  -0.001004  6.441537  0.133032  -0.000045  189.889999  0.430000
1  6.441537  1.216444  1.216444  53.440987  0.021760  0.061221  6.456801  0.133662  0.062364  189.889999  0.430000
1  6.456801  1.216346  1.217304  53.442836  0.016932  0.000746  6.471939  0.132430  0.001798  189.889999  0.430000
1  6.471939  1.215579  1.215579  53.444125  0.022974  0.001606  6.486363  0.133701  0.002664  201.240005  0.380000
1  6.486363  1.214355  1.214355  53.445655  0.026462  0.022921  6.500785  0.134710  0.023854  201.240005  0.380000
1  6.500785  1.216301  1.216301  53.447718  0.018773  0.049373  6.515303  0.132786  0.050384  201.240005  0.380000
1  6.515303  1.216073  1.216073  53.449379  0.016242  -0.036549  6.530994  0.130756  -0.035255  201.240005  0.380000
1  6.530994  1.216174  1.215745  53.451251  0.023242  0.023072  6.545400  0.132258  0.024247  201.240005  0.380000
1  6.545400  1.216346  1.216346  53.453184  0.022344  0.018708  6.562072  0.133942  0.020272  201.240005  0.380000
1  6.562072  1.215483  1.215483  53.455164  0.021738  0.016589  6.575944  0.134629  0.017928  201.240005  0.380000
1  6.575944  1.214259  1.214259  53.456883  0.020389  -0.008807  6.589477  0.131413  -0.007853  201.240005  0.380000
1  6.589477  1.216747  1.216747  53.458839  0.015578  -0.005634  6.603557  0.130948  -0.004892  201.240005  0.380000
1  6.603557  1.215985  1.215471  53.460674  0.016129  -0.018403  6.617442  0.131727  -0.017622  201.240005  0.380000
1  6.617442  1.218170  1.218170  53.462787  0.027646  0.000915  6.632096  0.135097  0.001629  201.240005  0.380000
1  6.632096  1.214951  1.214951  53.465111  0.013651  -0.041767  6.647075  0.131747  -0.040931  201.240005  0.380000
1  6.647075  1.216103  1.216103  53.466056  0.022459  -0.020322  6.661698  0.132342  -0.019571  235.740005  0.470000
1  6.661698  1.215042  1.215042  53.467960  0.017450  -0.016189  6.677204  0.133912  -0.015232  235.740005  0.470000
1  6.677204  1.214708  1.215051  53.470193  0.014122  -0.018073  6.692703  0.135023  -0.016983  235.740005  0.470000
1  6.692703  1.216269  1.216269  53.471723  0.024882  0.027964  6.707101  0.133922  0.028977  235.740005  0.470000
1  6.707101  1.215770  1.215770  53.473503  0.023411  0.016754  6.721295  0.137795  0.017590  235.740005  0.470000
1  6.721295  1.216197  1.216197  53.474964  0.016793  -0.035500  6.735852  0.134571  -0.034508  235.740005  0.470000
1  6.735852  1.216377  1.216377  53.477088  0.016064  0.034741  6.750958  0.132493  0.035862  235.740005  0.470000
1  6.750958  1.214783  1.214695  53.478781  0.021941  -0.001967  6.764766  0.134191  -0.001155  235.740005  0.470000
1  6.764766  1.215451  1.215451  53.481932  0.027699  -0.022410  6.780275  0.135034  -0.021500  256.000000  0.470000
1  6.780275  1.215854  1.215854  53.482849  0.008695  0.030831  6.794274  0.133531  0.031600  256.000000  0.470000
1  6.794274  1.215882  1.215882  53.484089  0.013825  -0.016410  6.809279  0.133157  -0.015756  256.000000  0.470000
1  6.809279  1.216618  1.216618  53.486474  0.021936  0.017082  6.824186  0.133891  0.017873  256.000000  0.470000
1  6.824186  1.214484  1.214636  53.488414  0.007627  -0.039004  6.838812  0.132057  -0.038059  256.000000  0.470000
1  6.838812  1.215438  1.215438  53.490381  -0.003893  -0.033527  6.854703  0.131508  -0.032279  256.000000  0.470000
1  6.854703  1.214445  1.214445  53.492555  0.020388  -0.024197  6.869829  0.134895  -0.022862  256.000000  0.470000
1  6.869829  1.216526  1.216526  53.494237  0.022895  -0.000012  6.884543  0.134149  0.001165  256.000000  0.470000
1  6.884543  1.217181  1.217181  53.496430  0.013412  0.009933  6.899540  0.136121  0.010958  256.000000  0.470000
1  6.899540  1.215240  1.215195  53.498451  0.021631  0.023244  6.914551  0.138507  0.024158  256.000000  0.470000
1  6.914551  1.215644  1.215644  53.500905  0.022045  -0.000716  6.929534  0.137807  0.000141  261.079987  0.670000
1  6.929534  1.216789  1.216789  53.502559  0.017651  0.004250  6.944440  0.133199  0.005245  261.079987  0.670000
1  6.944440  1.215148  1.215148  53.503907  0.026506  0.042842  6.959120  0.135120  0.043862  261.079987  0.670000
1  6.959120  1.217422  1.217422  53.506659  0.031083  0.027336  6.974359  0.137120  0.028394  261.079987  0.670000
1  6.974359  1.216110  1.216073  53.507899  0.016465  0.020993  6.988786  0.135859  0.022037  261.079987  0.670000
1  6.988786  1.215478  1.215478  53.510172  0.019331  -0.005798  7.003706  0.136978  -0.004797  261.079987  0.670000
1  7.003706  1.215926  1.215926  53.512042  0.018359  0.044947  7.018539  0.137070  0.045894  261.079987  0.670000
1  7.018539  1.216525  1.216525  53.514334  0.026859  -0.029704  7.033614  0.135036  -0.028719  261.079987  0.670000
1  7.033614  1.215442  1.215442  53.516270  0.025798  0.036195  7.048291  0.135235  0.037124  261.079987  0.670000
1  7.048291  1.215917  1.215768  53.518296  0.023491  0.018350  7.063183  0.136277  0.019251  261.079987  0.670000
1  7.063183  1.216096  1.216096  53.520434  0.016594  -0.064312  7.078136  0.134895  -0.063444  283.489990  0.560000
1  7.078136  1.215853  1.215853  53.522575  0.013714  -0.043201  7.094225  0.135268  -0.041918  283.489990  0.560000
1  7.094225  1.215930  1.215930  53.524431  0.016272  -0.006875  7.108907  0.139147  -0.005879  283.489990  0.560000
1  7.108907  1.216092  1.216092  53.525858  0.019534  0.022679  7.123674  0.138094  0.023629  283.489990  0.560000
1  7.123674  1.217231  1.216950  53.527904  0.025399  -0.015375  7.138464  0.136307  -0.014401  283.489990  0.560000
1  7.138464  1.216902  1.216902  53.530592  0.027245  -0.010158  7.153970  0.138769  -0.009215  283.489990  0.560000
1  7.153970  1.216959  1.216959  53.532368  0.019324  0.043971  7.169329  0.135272  0.044984  283.489990  0.560000
1  7.169329  1.215662  1.215662  53.534136  0.023790  0.049264  7.184768  0.136561  0.050306  283.489990  0.560000
1  7.184768  1.214383  1.214383  53.536599  0.011634  0.021667  7.200749  0.137867  0.023066  283.489990  0.560000
1  7.200749  1.215753  1.215718  53.538449  0.014866  -0.007307  7.216408  0.137949  -0.005938  283.489990  0.560000
1  7.216408  1.216560  1.216560  53.540684  0.022634  -0.012049  7.231770  0.138605  -0.010764  293.390015  0.510000
1  7.231770  1.217436  1.217436  53.542491  0.023496  0.021676  7.246664  0.138148  0.022782  293.390015  0.510000
1  7.246664  1.215841  1.215841  53.544585  0.020733  -0.020340  7.262814  0.138855  -0.019103  293.390015  0.510000
1  7.262814  1.216122  1.216122  53.547027  0.013951  0.037445  7.279595  0.139323  0.038986  293.390015  0.510000
1  7.279595  1.214554  1.214709  53.548622  0.014331  -0.041191  7.294780  0.137957  -0.039799  293.390015  0.510000
1  7.294780  1.214809  1.214809  53.550650  0.016952  -0.008216  7.310472  0.138342  -0.007023  293.390015  0.510000
1  7.310472  1.216489  1.216489  53.552604  0.024150  0.030219  7.325432  0.140234  0.031454  293.390015  0.510000
1  7.325432  1.216428  1.216428  53.555127  0.015947  -0.059701  7.340692  0.139881  -0.058656  293.390015  0.510000
1  7.340692  1.215806  1.215806  53.557323  0.022543  0.000847  7.357233  0.139111  0.002310  293.390015  0.510000
1  7.357233  1.215078  1.215091  53.559047  0.010773  -0.007897  7.374073  0.139456  -0.006169  293.390015  0.510000
1  7.374073  1.214801  1.214801  53.561490  0.019301  0.011997  7.389898  0.140904  0.013525  293.390015  0.510000
1  7.389898  1.214962  1.214962  53.562925  0.017251  -0.018887  7.404696  0.139363  -0.017627  293.390015  0.510000
1  7.404696  1.215943  1.215943  53.564344  0.015493  -0.018825  7.419076  0.137426  -0.017812  303.359985  0.540000
1  7.419076  1.216956  1.216956  53.566338  0.015378  -0.030967  7.433956  0.137646  -0.030127  303.359985  0.540000
1  7.433956  1.216481  1.216878  53.567475  0.019739  -0.003089  7.447905  0.139704  -0.002518  303.359985  0.540000
1  7.447905  1.216259  1.216259  53.570194  0.008402  -0.004776  7.463150  0.138418  -0.004025  303.359985  0.540000
1  7.463150  1.215572  1.215572  53.571989  0.024630  -0.000053  7.478543  0.138137  0.000788  303.359985  0.540000
1  7.478543  1.215283  1.215283  53.574539  0.012000  -0.031623  7.493633  0.140294  -0.030710  303.359985  0.540000
1  7.493633  1.214582  1.214582  53.577002  0.017109  0.033130  7.509372  0.141359  0.034042  303.359985  0.540000
1  7.509372  1.217069  1.215837  53.578073  0.025188  -0.016532  7.524111  0.137727  -0.015668  303.359985  0.540000
1  7.524111  1.216078  1.216078  53.579783  0.019559  0.011227  7.538787  0.141989  0.011897  275.410004  0.400000
1  7.538787  1.215030  1.215030  53.582550  0.014340  0.018795  7.555360  0.138807  0.019901  275.410004  0.400000
1  7.555360  1.215256  1.215256  53.584669  0.011401  -0.009846  7.571865  0.140430  -0.008418  275.410004  0.400000
1  7.571865  1.215783  1.215783  53.586122  0.024010  -0.042832  7.586223  0.139509  -0.041722  275.410004  0.400000
1  7.586223  1.214929  1.214746  53.588414  0.018020  -0.017193  7.601723  0.141758  -0.016048  275.410004  0.400000
1  7.601723  1.216107  1.216107  53.590812  0.027106  -0.042933  7.616830  0.141510  -0.041911  275.410004  0.400000
1  7.616830  1.215688  1.215688  53.593236  0.010469  -0.034090  7.633395  0.142418  -0.032994  275.410004  0.400000
1  7.633395  1.216146  1.216146  53.595129  0.012169  -0.008337  7.648953  0.138886  -0.007227  275.410004  0.400000
1  7.648953  1.215479  1.215479  53.596193  0.005912  -0.043104  7.664314  0.137195  -0.041957  275.410004  0.400000
1  7.664314  1.214998  1.215304  53.597903  0.017934  0.005240  7.679504  0.138888  0.006233  275.410004  0.400000
1  7.679504  1.214220  1.214220  53.599907  0.023244  0.006871  7.694506  0.142220  0.007831  292.470001  0.310000
1  7.694506  1.214962  1.214962  53.601930  0.016634  -0.042099  7.709584  0.141042  -0.041174  292.470001  0.310000
1  7.709584  1.215956  1.215956  53.603705  0.022401  0.013652  7.725071  0.144667  0.014404  292.470001  0.310000
1  7.725071  1.215665  1.215665  53.605505  0.020033  0.006366  7.739978  0.141052  0.007047  292.470001  0.310000
1  7.739978  1.215103  1.214827  53.608329  0.029059  0.038211  7.755486  0.145119  0.038825  292.470001  0.310000
1  7.755486  1.214173  1.214173  53.610670  0.021276  0.003770  7.770421  0.143443  0.004371  292.470001  0.310000
1  7.770421  1.215488  1.215488  53.612646  0.032518  0.056049  7.788048  0.140323  0.057244  292.470001  0.310000
1  7.788048  1.216063  1.216063  53.615172  0.020642  0.003052  7.803727  0.144314  0.004105  292.470001  0.310000
1  7.803727  1.215345  1.215345  53.617322  0.021867  0.006260  7.819340  0.145683  0.007216  292.470001  0.310000
1  7.819340  1.215292  1.215076  53.620502  0.020097  -0.037992  7.835113  0.143335  -0.036840  292.470001  0.310000
1  7.835113  1.215615  1.215615  53.621919  0.014342  0.021472  7.850274  0.140506  0.022583  41.099998  0.100000
1  7.850274  1.215653  1.215653  53.624840  0.021941  -0.011240  7.868719  0.144747  -0.009710  41.099998  0.100000
1  7.868719  1.215863  1.215863  53.626587  0.028328  -0.041920  7.885134  0.139760  -0.040333  41.099998  0.100000
1  7.885134  1.216002  1.216002  53.628761  0.007432  -0.051265  7.901292  0.140080  -0.049660  41.099998  0.100000
1  7.901292  1.215517  1.216597  53.630543  0.026037  0.036122  7.917701  0.141622  0.037715  41.099998  0.100000
1  7.917701  1.215478  1.215478  53.632888  0.012261  -0.019691  7.934628  0.141518  -0.018041  41.099998  0.100000
1  7.934628  1.215019  1.215019  53.634896  0.008418  -0.036162  7.950495  0.142012  -0.034689  41.099998  0.100000
1  7.950495  1.214622  1.214622  53.637107  0.021988  -0.009855  7.966995  0.143877  -0.008314  41.099998  0.100000
1  7.966995  1.215245  1.215245  53.638796  0.018981  0.002839  7.983695  0.143888  0.004355  41.099998  0.100000
1  7.983695  1.217025  1.216744  53.640643  0.013321  -0.010025  8.000040  0.143215  -0.008446  41.099998  0.100000
1  8.000040  1.216810  1.216810  53.642239  0.020732  0.048434  8.014976  0.142346  0.049789  52.470001  0.170000
1  8.014976  1.215758  1.215758  53.644174  0.033688  -0.031865  8.031637  0.143130  -0.030442  52.470001  0.170000
1  8.031637  1.214549  1.214549  53.646294  0.023816  -0.016388  8.047999  0.141147  -0.015040  52.470001  0.170000
1  8.047999  1.215792  1.215792  53.647547  0.010682  0.000258  8.063693  0.142600  0.001479  52.470001  0.170000
1  8.063693  1.215604  1.215805  53.649647  0.014961  -0.021816  8.079367  0.141775  -0.020662  52.470001  0.170000
1  8.079367  1.218256  1.218256  53.651408  0.014100  -0.010605  8.095876  0.142504  -0.009406  52.470001  0.170000
1  8.095876  1.216383  1.216383  53.654187  0.016448  0.016962  8.114094  0.145229  0.018538  52.470001  0.170000
1  8.114094  1.216156  1.216156  53.655787  0.018799  0.027591  8.129812  0.145233  0.028924  52.470001  0.170000
1  8.129812  1.214909  1.214909  53.657003  0.011386  0.007954  8.145830  0.145338  0.009184  52.470001  0.170000
1  8.145830  1.215122  1.215140  53.659812  0.014207  -0.039149  8.162028  0.143973  -0.037868  52.470001  0.170000
1  8.162028  1.214965  1.214965  53.662650  0.012791  -0.058249  8.180970  0.146480  -0.056325  52.470001  0.170000
1  8.180970  1.217592  1.217592  53.664632  0.011820  0.003152  8.198022  0.145758  0.004997  52.470001  0.170000
1  8.198022  1.216572  1.216572  53.665832  0.014375  -0.043717  8.213557  0.145394  -0.042260  110.500000  0.170000
1  8.213557  1.216101  1.216101  53.668387  0.018728  0.009101  8.229960  0.144750  0.010584  110.500000  0.170000
1  8.229960  1.215689  1.215839  53.670730  0.023485  -0.039704  8.246423  0.147827  -0.038232  110.500000  0.170000
1  8.246423  1.214681  1.214681  53.672190  0.011322  -0.003173  8.261625  0.146345  -0.002018  110.500000  0.170000
1  8.261625  1.214155  1.214155  53.673856  0.014070  0.015647  8.276872  0.145548  0.016536  110.500000  0.170000
1  8.276872  1.215787  1.215787  53.676902  0.017285  -0.055069  8.292419  0.142270  -0.054195  110.500000  0.170000
1  8.292419  1.216751  1.216751  53.678052  0.015350  -0.057901  8.308374  0.144115  -0.056872  110.500000  0.170000
1  8.308374  1.215784  1.215920  53.680306  0.024978  0.003333  8.324235  0.145326  0.004249  110.500000  0.170000
1  8.324235  1.215465  1.215465  53.682430  0.024088  0.043026  8.339896  0.146583  0.043874  112.820000  0.140000
1  8.339896  1.214060  1.214060  53.683981  0.018455  0.014138  8.355451  0.144399  0.015143  112.820000  0.140000
1  8.355451  1.214613  1.214613  53.686959  0.014855  -0.006178  8.373315  0.148714  -0.005039  112.820000  0.140000
1  8.373315  1.215116  1.215116  53.688463  0.015835  0.001157  8.389582  0.146587  0.002563  112.820000  0.140000
1  8.389582  1.216233  1.216188  53.690216  0.023288  0.001746  8.405325  0.145683  0.002941  112.820000  0.140000
1  8.405325  1.216225  1.216225  53.692505  0.021767  0.018584  8.421820  0.147623  0.019918  112.820000  0.140000
1  8.421820  1.215181  1.215181  53.694626  0.006220  0.004465  8.437493  0.146845  0.005513  112.820000  0.140000
1  8.437493  1.216233  1.216233  53.695881  0.018481  0.007799  8.452931  0.144297  0.008583  112.820000  0.140000
1  8.452931  1.215274  1.215274  53.697233  0.017275  -0.041428  8.468269  0.144423  -0.040813  112.820000  0.140000
1  8.468269  1.214787  1.214992  53.698394  0.022978  0.024617  8.483683  0.145800  0.025246  112.820000  0.140000
1  8.483683  1.215595  1.215595  53.700989  0.010375  -0.008797  8.500975  0.145986  -0.007678  47.619999  0.200000
1  8.500975  1.214286  1.214286  53.703373  0.020904  0.008270  8.517841  0.146788  0.009577  47.619999  0.200000
1  8.517841  1.217266  1.217266  53.704829  0.021769  0.024344  8.533581  0.147870  0.025357  47.619999  0.200000
1  8.533581  1.216064  1.216064  53.706791  0.020907  -0.038463  8.549923  0.145540  -0.037262  47.619999  0.200000
1  8.549923  1.213345  1.213777  53.708167  0.015724  -0.025171  8.565771  0.143609  -0.024057  47.619999  0.200000
1  8.565771  1.215382  1.215382  53.710111  0.021523  0.017418  8.581419  0.144870  0.018412  47.619999  0.200000
1  8.581419  1.215743  1.215743  53.712149  0.017962  -0.027568  8.598440  0.147376  -0.026346  47.619999  0.200000
1  8.598440  1.215465  1.215465  53.713623  0.016650  -0.000932  8.615719  0.147444  0.000420  47.619999  0.200000
1  8.615719  1.216222  1.216222  53.716078  0.019243  0.016720  8.631710  0.148420  0.018002  47.619999  0.200000
1  8.631710  1.214812  1.214761  53.718368  0.026432  -0.015964  8.647963  0.150210  -0.014909  47.619999  0.200000
1  8.647963  1.215279  1.215279  53.720597  0.026608  -0.022443  8.665112  0.149478  -0.021066  44.020000  0.250000
1  8.665112  1.216735  1.216735  53.721688  0.020905  -0.009067  8.680575  0.146886  -0.008053  44.020000  0.250000
1  8.680575  1.215494  1.215494  53.724151  0.029886  0.004667  8.696984  0.149177  0.005783  44.020000  0.250000
1  8.696984  1.216645  1.216645  53.726328  0.007168  0.001459  8.713836  0.147692  0.002715  44.020000  0.250000
1  8.713836  1.215672  1.215640  53.728352  0.021072  0.004293  8.731292  0.148875  0.005663  44.020000  0.250000
1  8.731292  1.215925  1.215925  53.730474  0.026456  -0.028971  8.748333  0.151554  -0.027491  44.020000  0.250000
1  8.748333  1.213908  1.213908  53.732659  0.014228  -0.016053  8.765532  0.148539  -0.014660  44.020000  0.250000
1  8.765532  1.215738  1.215738  53.734521  0.002137  -0.061009  8.782262  0.146018  -0.059666  44.020000  0.250000
1  8.782262  1.214038  1.214038  53.736078  0.015941  -0.004842  8.798386  0.147354  -0.003576  44.020000  0.250000
1  8.798386  1.215449  1.215790  53.737671  0.023483  0.025522  8.813676  0.147925  0.026557  44.020000  0.250000
1  8.813676  1.216610  1.216610  53.739476  0.017416  0.003876  8.829084  0.148044  0.004691  87.320000  0.270000
1  8.829084  1.215747  1.215747  53.741404  0.006570  0.038532  8.845131  0.148124  0.039554  87.320000  0.270000
1  8.845131  1.213683  1.213683  53.743466  0.013650  0.032445  8.860869  0.148927  0.033306  87.320000  0.270000
1  8.860869  1.214524  1.214524  53.745024  0.028048  0.066321  8.876256  0.149371  0.067012  87.320000  0.270000
1  8.876256  1.219621  1.217806  53.747619  0.005466  -0.048072  8.893552  0.149364  -0.047271  87.320000  0.270000
1  8.893552  1.216122  1.216122  53.749091  0.023643  0.023323  8.909865  0.150499  0.024198  87.320000  0.270000
1  8.909865  1.218169  1.218169  53.751058  0.008073  -0.037586  8.926043  0.148385  -0.036626  87.320000  0.270000
1  8.926043  1.215176  1.215176  53.753072  0.008797  -0.032205  8.942276  0.147679  -0.031216  87.320000  0.270000
1  8.942276  1.214588  1.214588  53.755433  0.014030  -0.013758  8.959249  0.150322  -0.012629  87.320000  0.270000
1  8.959249  1.214430  1.214427  53.757239  0.023147  -0.050819  8.974561  0.148325  -0.049829  87.320000  0.270000
1  8.974561  1.216101  1.216101  53.759142  0.023102  -0.006002  8.991418  0.150483  -0.004957  87.320000  0.270000
1  8.991418  1.215936  1.215936  53.761624  0.014978  -0.007393  9.007922  0.147681  -0.006372  87.320000  0.270000
1  9.007922  1.215439  1.215439  53.763878  0.012482  -0.019630  9.024351  0.150377  -0.018591  81.589996  0.360000
1  9.024351  1.216014  1.216014  53.766125  0.019429  0.005559  9.040932  0.152428  0.006499  81.589996  0.360000
1  9.040932  1.215499  1.214570  53.767287  0.020403  0.011371  9.059055  0.150256  0.012735  81.589996  0.360000
1  9.059055  1.214812  1.214812  53.769690  0.026106  0.033589  9.075942  0.150828  0.034913  81.589996  0.360000
1  9.075942  1.214329  1.214329  53.769894  0.017668  -0.031292  9.091767  0.150811  -0.030344  81.589996  0.360000
1  9.091767  1.215213  1.215213  53.771566  0.014012  -0.062096  9.108081  0.149750  -0.061097  81.589996  0.360000
1  9.108081  1.217434  1.217434  53.773587  0.027876  0.038041  9.126121  0.153501  0.039221  81.589996  0.360000
1  9.126121  1.215641  1.215783  53.775027  0.028256  0.044271  9.142073  0.150028  0.045461  81.589996  0.360000
1  9.142073  1.215935  1.215935  53.777566  0.006810  -0.044719  9.159226  0.151474  -0.043494  169.809998  0.290000
1  9.159226  1.215285  1.215285  53.779820  0.026750  0.030960  9.176115  0.154158  0.032048  169.809998  0.290000
1  9.176115  1.214344  1.214344  53.781898  0.030629  0.022869  9.193041  0.156247  0.024013  169.809998  0.290000
1  9.193041  1.217273  1.217273  53.783922  0.016437  -0.021782  9.209883  0.153405  -0.020627  169.809998  0.290000
1  9.209883  1.216720  1.217110  53.786183  0.031090  0.002108  9.227063  0.155027  0.003213  169.809998  0.290000
1  9.227063  1.215681  1.215681  53.788656  0.014423  -0.031055  9.244184  0.153231  -0.029943  169.809998  0.290000
1  9.244184  1.214727  1.214727  53.790448  0.014622  0.040050  9.259978  0.150886  0.041103  169.809998  0.290000
1  9.259978  1.215262  1.215262  53.793011  0.026869  -0.046075  9.278471  0.151259  -0.044582  169.809998  0.290000
1  9.278471  1.214759  1.214759  53.794074  0.017322  -0.007112  9.294693  0.152256  -0.006008  169.809998  0.290000
1  9.294693  1.215194  1.215194  53.795985  -0.001357  -0.072488  9.311728  0.147270  -0.071261  169.809998  0.290000
1  9.311728  1.215463  1.215463  53.797926  0.014344  -0.014862  9.328383  0.155070  -0.013768  185.360001  0.270000
1  9.328383  1.215181  1.215181  53.800327  0.023879  0.021652  9.346712  0.153813  0.023070  185.360001  0.270000
1  9.346712  1.215732  1.215732  53.802238  0.018737  -0.003084  9.363079  0.155035  -0.001883  185.360001  0.270000
1  9.363079  1.216366  1.216366  53.804605  0.019693  0.002708  9.379695  0.154361  0.003784  185.360001  0.270000
1  9.379695  1.214647  1.214647  53.806934  0.014888  -0.014382  9.396614  0.153544  -0.013194  185.360001  0.270000
1  9.396614  1.215370  1.215370  53.808321  0.004743  -0.049588  9.412201  0.149018  -0.048715  185.360001  0.270000
1  9.412201  1.215474  1.215288  53.810271  0.028802  0.044930  9.429462  0.155594  0.045988  185.360001  0.270000
1  9.429462  1.214827  1.214827  53.812793  0.014971  0.014506  9.447805  0.156075  0.016086  185.360001  0.270000
1  9.447805  1.214768  1.214768  53.814252  0.008602  -0.032472  9.463984  0.150274  -0.031261  185.360001  0.270000
1  9.463984  1.215847  1.215847  53.816935  0.028160  0.004983  9.485432  0.154375  0.007228  185.360001  0.270000
1  9.485432  1.215591  1.215591  53.818281  0.021078  -0.035759  9.502830  0.153935  -0.033734  145.869995  0.100000
1  9.502830  1.216328  1.216495  53.820366  0.020040  -0.023487  9.519587  0.153975  -0.021753  145.869995  0.100000
1  9.519587  1.215266  1.215266  53.822331  0.018143  0.033692  9.538417  0.154012  0.035608  145.869995  0.100000
1  9.538417  1.216467  1.216467  53.824197  0.022977  -0.001599  9.554739  0.153689  -0.000190  145.869995  0.100000
1  9.554739  1.215958  1.215958  53.827065  0.017962  0.023389  9.572056  0.157127  0.024694  145.869995  0.100000
1  9.572056  1.216491  1.216491  53.828564  0.025104  0.023482  9.588628  0.157147  0.024546  145.869995  0.100000
1  9.588628  1.216584  1.216955  53.830325  0.023488  -0.038310  9.607377  0.155406  -0.036674  145.869995  0.100000
1  9.607377  1.215822  1.215822  53.832177  0.025148  0.018238  9.623403  0.155108  0.019496  145.869995  0.100000
1  9.623403  1.215851  1.215851  53.834199  0.016661  0.018374  9.640023  0.155525  0.019427  145.869995  0.100000
1  9.640023  1.215509  1.215509  53.836925  0.012437  -0.002381  9.657568  0.156517  -0.001194  145.869995  0.100000
1  9.657568  1.215119  1.215119  53.838965  0.003957  -0.040019  9.676392  0.154708  -0.038572  151.119995  0.200000
1  9.676392  1.215169  1.214635  53.841416  0.019883  0.016917  9.693896  0.158117  0.018261  151.119995  0.200000
1  9.693896  1.214032  1.214032  53.843424  0.021869  -0.029857  9.711929  0.156737  -0.028355  151.119995  0.200000
1  9.711929  1.215973  1.215973  53.845342  0.023844  0.028015  9.728962  0.156948  0.029301  151.119995  0.200000
1  9.728962  1.217203  1.217203  53.847395  0.018660  0.005731  9.745790  0.155105  0.007003  151.119995  0.200000
1  9.745790  1.216120  1.216120  53.848704  0.008126  -0.014677  9.763612  0.157378  -0.013345  151.119995  0.200000
1  9.763612  1.215223  1.215355  53.850752  0.018487  0.004737  9.780994  0.155249  0.005968  151.119995  0.200000
1  9.780994  1.215638  1.215638  53.852152  0.021941  0.044147  9.797614  0.156925  0.045197  151.119995  0.200000
1  9.797614  1.215558  1.215558  53.854028  0.001036  -0.010497  9.813665  0.152929  -0.009606  151.119995  0.200000
1  9.813665  1.217174  1.217174  53.855766  0.008296  0.034944  9.829685  0.155030  0.035767  151.119995  0.200000
1  9.829685  1.216542  1.216542  53.858028  0.016588  0.003132  9.846886  0.156057  0.003988  151.119995  0.200000
1  9.846886  1.216185  1.216143  53.859594  0.023151  0.001447  9.864181  0.155492  0.002369  151.119995  0.200000
1  9.864181  1.216358  1.216358  53.862061  0.024361  -0.002459  9.882670  0.160427  -0.001359  128.970001  0.340000
1  9.882670  1.214576  1.214576  53.863768  0.026086  0.024726  9.899575  0.157885  0.025799  128.970001  0.340000
1  9.899575  1.215855  1.215855  53.865742  0.004328  0.009328  9.916767  0.155746  0.010301  128.970001  0.340000
1  9.916767  1.215562  1.215562  53.867475  0.020832  0.027270  9.933742  0.157566  0.028275  128.970001  0.340000
1  9.933742  1.215567  1.215440  53.869143  0.016722  -0.079683  9.950500  0.155865  -0.078626  128.970001  0.340000
1  9.950500  1.216709  1.216709  53.871046  0.013318  -0.039490  9.967956  0.157008  -0.038448  128.970001  0.340000
1  9.967956  1.216681  1.216681  53.873702  0.014984  0.052997  9.985965  0.157789  0.054256  128.970001  0.340000
1  9.985965  1.215613  1.215613  53.875248  0.027906  -0.030313  10.004625  0.159689  -0.028920  128.970001  0.340000
1  10.004625  1.215150  1.215150  53.876732  0.020371  0.025705  10.021564  0.157032  0.026918  144.070007  0.280000
1  10.021564  1.215888  1.215789  53.878943  0.020080  0.017143  10.039126  0.159215  0.018275  144.070007  0.280000
1  10.039126  1.214935  1.214935  53.880644  0.027533  0.017099  10.055894  0.158607  0.018165  144.070007  0.280000
1  10.055894  1.216414  1.216414  53.882655  0.006206  -0.053737  10.072934  0.153901  -0.052641  144.070007  0.280000
1  10.072934  1.215968  1.215968  53.884413  0.018186  0.003090  10.089983  0.157228  0.004152  144.070007  0.280000
1  10.089983  1.216345  1.216345  53.886474  0.024075  -0.004778  10.106550  0.157925  -0.003867  144.070007  0.280000
1  10.106550  1.214825  1.214390  53.888129  0.020578  0.069446  10.123178  0.158738  0.070287  144.070007  0.280000
1  10.123178  1.216914  1.216914  53.890579  0.011800  -0.037661  10.141320  0.158008  -0.036595  144.070007  0.280000
1  10.141320  1.215219  1.215219  53.892279  0.016177  -0.047193  10.159389  0.159350  -0.046047  144.070007  0.280000
1  10.159389  1.215642  1.215642  53.894221  0.002774  -0.051308  10.177304  0.157549  -0.050057  144.070007  0.280000
1  10.177304  1.214905  1.214905  53.895842  0.022692  -0.011215  10.195047  0.158139  -0.009888  144.279999  0.360000
1  10.195047  1.216459  1.216245  53.898344  0.022315  0.013606  10.213334  0.162067  0.014956  144.279999  0.360000
1  10.213334  1.216188  1.216188  53.900799  0.018515  -0.010793  10.231874  0.160818  -0.009202  144.279999  0.360000
1  10.231874  1.216474  1.216474  53.902875  0.011863  -0.024102  10.251189  0.156973  -0.022371  144.279999  0.360000
1  10.251189  1.215433  1.215433  53.904772  0.020649  -0.025244  10.268323  0.160111  -0.023533  144.279999  0.360000
1  10.268323  1.215126  1.215126  53.906166  0.022849  0.020875  10.286564  0.159174  0.022304  144.279999  0.360000
1  10.286564  1.217460  1.217478  53.906345  0.015176  -0.007584  10.302530  0.157962  -0.006477  144.279999  0.360000
1  10.302530  1.215012  1.215012  53.908360  0.018495  0.004291  10.319607  0.160132  0.005364  144.279999  0.360000
1  10.319607  1.214806  1.214806  53.911067  0.019176  -0.007716  10.337049  0.158952  -0.006656  144.279999  0.360000
1  10.337049  1.215894  1.215894  53.913038  0.025742  -0.000757  10.354317  0.159969  0.000270  144.279999  0.360000
1  10.354317  1.216782  1.216782  53.914852  0.021767  -0.040135  10.372113  0.159651  -0.039001  148.190002  0.650000
1  10.372113  1.215454  1.214973  53.917595  0.030573  0.026634  10.390267  0.160320  0.027829  148.190002  0.650000
1  10.390267  1.215758  1.215758  53.918750  0.024014  0.022619  10.406881  0.161775  0.023592  148.190002  0.650000
1  10.406881  1.215757  1.215757  53.920661  0.030748  0.044888  10.424652  0.160145  0.046004  148.190002  0.650000
1  10.424652  1.214700  1.214700  53.922972  0.027402  0.010352  10.442217  0.161076  0.011456  148.190002  0.650000
1  10.442217  1.216418  1.216418  53.924243  0.014170  -0.050462  10.459108  0.159011  -0.049574  148.190002  0.650000
1  10.459108  1.215121  1.215377  53.926714  0.036027  0.006885  10.478444  0.162442  0.008249  148.190002  0.650000
1  10.478444  1.216208  1.216208  53.928516  0.015725  -0.007010  10.497656  0.161017  -0.005380  148.190002  0.650000
1  10.497656  1.215155  1.215155  53.930321  0.005708  -0.022265  10.515385  0.159530  -0.020769  148.190002  0.650000
1  10.515385  1.215908  1.215908  53.932466  0.028022  0.012218  10.534049  0.162630  0.013794  148.190002  0.650000
1  10.534049  1.215527  1.215527  53.934268  0.020842  0.027582  10.551637  0.162827  0.028898  172.889999  1.070000
1  10.551637  1.214704  1.214792  53.936017  0.023665  0.011605  10.569871  0.163324  0.012998  172.889999  1.070000
1  10.569871  1.216516  1.216516  53.937488  0.018663  -0.013484  10.587332  0.162092  -0.012185  172.889999  1.070000
1  10.587332  1.216040  1.216040  53.939157  0.032649  0.015586  10.604105  0.162584  0.016582  172.889999  1.070000
1  10.604105  1.216715  1.216715  53.942152  0.015033  0.009565  10.621851  0.165109  0.010597  172.889999  1.070000
1  10.621851  1.215646  1.215646  53.944003  0.011791  -0.040639  10.638745  0.161047  -0.039750  172.889999  1.070000
1  10.638745  1.214169  1.215039  53.946717  0.021486  0.011170  10.658903  0.164234  0.012520  172.889999  1.070000
1  10.658903  1.215750  1.215750  53.948378  0.017244  -0.004241  10.677168  0.162240  -0.002938  172.889999  1.070000
1  10.677168  1.215564  1.215564  53.949704  0.018886  0.002028  10.694930  0.162695  0.003273  172.889999  1.070000
1  10.694930  1.215784  1.215784  53.952420  0.026815  -0.029736  10.713334  0.164234  -0.028239  172.889999  1.070000
1  10.713334  1.216456  1.216456  53.953703  0.025826  0.030637  10.732738  0.162668  0.032310  172.889999  1.070000
1  10.732738  1.215102  1.214013  53.956242  0.026163  0.030431  10.750889  0.164274  0.031973  172.889999  1.070000
1  10.750889  1.215640  1.215640  53.959012  0.022977  0.033473  10.771105  0.162912  0.035367  161.250000  1.290000
1  10.771105  1.216517  1.216517  53.961496  0.015721  0.002375  10.790792  0.162487  0.004415  161.250000  1.290000
1  10.790792  1.215796  1.215796  53.963368  0.027992  -0.002870  10.809210  0.167116  -0.000990  161.250000  1.290000
1  10.809210  1.216948  1.216948  53.965640  0.020904  0.008407  10.827719  0.163366  0.010195  161.250000  1.290000
