1  -0.585618  -0.586033  nan  0.024901  0.023679  45.957847  0.031824  0.028778  4694740228075301395397305544456268003031226295948943244116291133307554907895577490427104252313528831822421630864143334611088249269186137060957234185881980806288496502150942576282229502373322592819345181344984133635818389224945333620374026287230034122706619484602368.000000  12872833760626958339563790713563930987596210903173144868933750321816663242672281760225398630438097559503093704306946176412536912287113676676104434654477450519697450618393225032169491196206670947182859429831706876131219283436371087561655558702073716309101883185692672.000000
1  -0.586688  -0.586688  nan  0.029827  0.043508  49.292167  0.037250  0.048581  4694740228075301395397305544456268003031226295948943244116291133307554907895577490427104252313528831822421630864143334611088249269186137060957234185881980806288496502150942576282229502373322592819345181344984133635818389224945333620374026287230034122706619484602368.000000  12872833760626958339563790713563930987596210903173144868933750321816663242672281760225398630438097559503093704306946176412536912287113676676104434654477450519697450618393225032169491196206670947182859429831706876131219283436371087561655558702073716309101883185692672.000000
1  -0.585139  -0.585139  nan  0.015047  -0.018578  52.695209  0.022978  -0.013516  4694740228075301395397305544456268003031226295948943244116291133307554907895577490427104252313528831822421630864143334611088249269186137060957234185881980806288496502150942576282229502373322592819345181344984133635818389224945333620374026287230034122706619484602368.000000  12872833760626958339563790713563930987596210903173144868933750321816663242672281760225398630438097559503093704306946176412536912287113676676104434654477450519697450618393225032169491196206670947182859429831706876131219283436371087561655558702073716309101883185692672.000000
1  -0.586038  -0.586046  -nan  0.022637  0.011873  56.060925  0.031073  0.016914  4694740228075301395397305544456268003031226295948943244116291133307554907895577490427104252313528831822421630864143334611088249269186137060957234185881980806288496502150942576282229502373322592819345181344984133635818389224945333620374026287230034122706619484602368.000000  12872833760626958339563790713563930987596210903173144868933750321816663242672281760225398630438097559503093704306946176412536912287113676676104434654477450519697450618393225032169491196206670947182859429831706876131219283436371087561655558702073716309101883185692672.000000
1  -0.586051  -0.586051  nan  0.015846  -0.017874  59.475521  0.024793  -0.012878  4694740228075301395397305544456268003031226295948943244116291133307554907895577490427104252313528831822421630864143334611088249269186137060957234185881980806288496502150942576282229502373322592819345181344984133635818389224945333620374026287230034122706619484602368.000000  12872833760626958339563790713563930987596210903173144868933750321816663242672281760225398630438097559503093704306946176412536912287113676676104434654477450519697450618393225032169491196206670947182859429831706876131219283436371087561655558702073716309101883185692672.000000
1  -0.584684  -0.584684  -nan  0.014248  -0.025366  62.612180  0.023666  -0.020466  127.599998  0.170000
1  -0.586250  -0.586250  -nan  0.022237  0.006188  65.844202  0.032142  0.011065  127.599998  0.170000
1  -0.584342  -0.584342  -nan  0.016245  -0.021884  68.973516  0.026619  -0.017077  127.599998  0.170000
1  -0.588960  -0.588643  nan  0.015579  -0.023197  72.119054  0.026428  -0.018469  127.599998  0.170000
1  -0.585683  -0.585683  -nan  0.016645  -0.019774  75.151792  0.027953  -0.015110  127.599998  0.170000
1  -0.586961  -0.586961  nan  0.024767  0.011197  78.151094  0.036530  0.015808  127.599998  0.170000
1  -0.585412  -0.585412  -nan  0.023569  0.008573  81.043350  0.035772  0.013107  127.599998  0.170000
1  -0.585971  -0.585971  nan  0.017976  -0.014840  83.877410  0.030610  -0.010390  127.599998  0.170000
1  -0.585868  -0.584811  -nan  0.026232  0.020890  86.716638  0.039301  0.025291  127.599998  0.170000
1  -0.584439  -0.584439  -nan  0.022371  0.010418  89.432481  0.035858  0.014743  127.599998  0.170000
1  -0.588584  -0.588584  nan  0.021572  0.006362  92.145393  0.035474  0.010612  127.599998  0.170000
1  -0.586788  -0.586788  -nan  0.017710  -0.011231  94.866777  0.032029  -0.007075  166.330002  0.050000
1  -0.586741  -0.586741  nan  0.026498  0.022928  97.406210  0.041206  0.026995  166.330002  0.050000
1  -0.586083  -0.586005  nan  0.030360  0.038995  99.994843  0.045465  0.042987  166.330002  0.050000
1  -0.586604  -0.586604  nan  0.020773  0.001087  102.449542  0.036255  0.004988  166.330002  0.050000
1  -0.586794  -0.586794  -nan  0.016778  -0.015003  104.850941  0.032630  -0.011188  166.330002  0.050000
1  -0.585178  -0.585215  nan  0.027431  0.027663  107.205833  0.043644  0.031398  166.330002  0.050000
1  -0.586041  -0.586041  nan  0.023436  0.008992  109.514693  0.040002  0.012642  166.330002  0.050000
1  -0.584464  -0.584464  -nan  0.016245  -0.020048  111.731992  0.033150  -0.016497  166.330002  0.050000
1  -0.587532  -0.587532  -nan  0.025833  0.019833  113.923808  0.043072  0.023299  153.110001  0.080000
1  -0.584884  -0.584884  -nan  0.019042  -0.007362  116.040880  0.036605  -0.003985  153.110001  0.080000
1  -0.586427  -0.586498  -nan  0.016645  -0.016621  118.079134  0.034518  -0.013349  153.110001  0.080000
1  -0.586899  -0.586899  nan  0.024368  0.013765  120.073596  0.042543  0.016936  153.110001  0.080000
1  -0.584439  -0.584439  nan  0.023968  0.011423  121.992398  0.042432  0.014479  153.110001  0.080000
1  -0.586127  -0.586127  -nan  0.028629  0.031071  123.844411  0.047372  0.034032  153.110001  0.080000
1  -0.585156  -0.585156  -nan  0.018775  -0.010801  125.654536  0.037788  -0.007928  153.110001  0.080000
1  -0.587942  -0.588720  -nan  0.021971  0.002686  127.372581  0.041239  0.005473  153.110001  0.080000
1  -0.586942  -0.586942  -nan  0.030227  0.035049  129.062564  0.049744  0.037729  153.110001  0.080000
1  -0.585474  -0.585474  -nan  0.028230  0.026060  130.802615  0.048002  0.028650  137.699997  0.200000
1  -0.586316  -0.586316  nan  0.030893  0.036672  132.452137  0.050908  0.039191  137.699997  0.200000
1  -0.585308  -0.585308  -nan  0.031692  0.038412  133.991885  0.051929  0.040824  137.699997  0.200000
1  -0.587301  -0.587262  nan  0.019441  -0.009238  135.479707  0.039893  -0.006926  137.699997  0.200000
1  -0.583549  -0.583549  nan  0.025700  0.018466  136.922614  0.046359  0.020688  137.699997  0.200000
1  -0.585743  -0.585743  -nan  0.021572  -0.001197  138.326460  0.042429  0.000933  137.699997  0.200000
1  -0.585333  -0.585333  nan  0.021838  0.001834  139.653472  0.042881  0.003864  137.699997  0.200000
1  -0.587291  -0.587291  nan  0.016778  -0.018033  140.920397  0.037996  -0.016103  137.699997  0.200000
1  -0.587071  -0.587034  -nan  0.017177  -0.015100  142.136723  0.038563  -0.013262  137.699997  0.200000
1  -0.583249  -0.583249  -nan  0.012517  -0.032635  143.311634  0.034063  -0.030882  137.699997  0.200000
1  -0.587434  -0.587434  nan  0.024501  0.013429  144.453603  0.046200  0.015099  137.699997  0.200000
1  -0.584875  -0.584875  nan  0.016112  -0.017464  145.534003  0.037955  -0.015876  130.610001  0.230000
1  -0.586184  -0.586184  nan  0.024501  0.015027  146.612322  0.046486  0.016550  130.610001  0.230000
1  -0.585890  -0.585587  -nan  0.022903  0.007588  147.623415  0.045018  0.009035  130.610001  0.230000
1  -0.585453  -0.585453  -nan  0.030893  0.036609  148.605451  0.053131  0.037979  130.610001  0.230000
1  -0.587379  -0.587379  -nan  0.005459  -0.063228  149.551452  0.027818  -0.061921  130.610001  0.230000
1  -0.586175  -0.586175  -nan  0.018109  -0.011764  150.458051  0.040580  -0.010522  130.610001  0.230000
1  -0.587415  -0.587415  -nan  0.022237  0.003916  151.333558  0.044814  0.005095  130.610001  0.230000
1  -0.582962  -0.583427  -nan  0.019974  -0.005655  152.183357  0.042652  -0.004536  130.610001  0.230000
1  -0.587317  -0.587317  nan  0.016645  -0.018089  152.956949  0.039412  -0.017048  130.610001  0.230000
1  -0.584738  -0.584738  nan  0.017843  -0.012355  153.705083  0.040696  -0.011382  130.610001  0.230000
1  -0.586721  -0.586721  -nan  0.016911  -0.016418  154.449943  0.039848  -0.015492  118.489998  0.160000
1  -0.586396  -0.586396  nan  0.018642  -0.009856  155.134926  0.041653  -0.008995  118.489998  0.160000
1  -0.584881  -0.585038  nan  0.016645  -0.015404  155.775196  0.039723  -0.014607  118.489998  0.160000
1  -0.586900  -0.586900  nan  0.018775  -0.007164  156.370501  0.041912  -0.006439  118.489998  0.160000
1  -0.583625  -0.583625  nan  0.027297  0.022966  156.955542  0.050488  0.023627  118.489998  0.160000
1  -0.586372  -0.586372  -nan  0.013449  -0.029587  157.524649  0.036695  -0.028964  118.489998  0.160000
1  -0.586846  -0.586846  -nan  0.013848  -0.026079  158.037731  0.037140  -0.025514  118.489998  0.160000
1  -0.584171  -0.584933  nan  0.020773  -0.000095  158.570391  0.044111  0.000435  118.489998  0.160000
1  -0.587173  -0.587173  -nan  0.023968  0.010995  159.062598  0.047347  0.011476  118.489998  0.160000
1  -0.585953  -0.585953  -nan  0.017710  -0.011825  159.537704  0.041127  -0.011376  118.489998  0.160000
1  -0.587628  -0.587628  nan  0.025167  0.013847  159.987551  0.048615  0.014248  118.489998  0.160000
1  -0.586584  -0.586584  nan  0.015313  -0.022630  160.407724  0.038790  -0.022266  118.489998  0.160000
1  -0.586018  -0.586546  -nan  0.017177  -0.017800  160.831731  0.040681  -0.017468  358.820007  0.050000
1  -0.578915  -0.578915  -nan  0.024767  0.014689  161.207093  0.048293  0.014978  358.820007  0.050000
1  -0.570507  -0.570507  nan  0.024102  0.011708  161.578606  0.047647  0.011965  358.820007  0.050000
1  -0.570912  -0.570912  nan  0.019707  -0.005751  161.927617  0.043268  -0.005527  358.820007  0.050000
1  -0.588902  -0.588902  -nan  0.019707  -0.007501  162.277092  0.043283  -0.007305  358.820007  0.050000
1  -0.607628  -0.607811  nan  0.015979  -0.020329  162.587817  0.039565  -0.020166  358.820007  0.050000
1  -0.804967  -0.804967  nan  0.024102  0.015001  162.863451  0.047693  0.015128  358.820007  0.050000
1  -1.138477  -1.138477  -nan  0.021039  0.003651  163.140788  0.044636  0.003753  358.820007  0.050000
1  -2.502751  -2.502751  -nan  0.020107  -0.001006  163.435374  0.043710  -0.000916  288.140015  0.100000
1  -4.178789  -4.178789  -nan  0.019175  -0.003612  163.700499  0.042781  -0.003542  288.140015  0.100000
1  -6.583867  -6.600674  nan  0.020639  -0.001659  163.983736  0.044249  -0.001601  288.140015  0.100000
1  -8.489253  -8.489253  -nan  0.021305  0.002419  164.221483  0.044911  0.002448  288.140015  0.100000
1  -10.829822  -10.829822  -nan  0.013848  -0.025468  164.421792  0.037447  -0.025474  288.140015  0.100000
1  -11.652897  -11.652897  -nan  0.017710  -0.009792  164.628530  0.041302  -0.009815  288.140015  0.100000
1  -12.764972  -12.764972  nan  0.025300  0.019896  164.783179  0.048876  0.019828  288.140015  0.100000
1  -14.377824  -14.395648  nan  0.022770  0.011002  164.954778  0.046333  0.010916  288.140015  0.100000
1  -15.533604  -15.533604  -nan  0.016778  -0.009925  165.124825  0.040330  -0.010020  288.140015  0.100000
1  -16.096965  -16.096965  -nan  0.014248  -0.018953  165.314817  0.037791  -0.019045  288.929993  0.200000
1  -16.569037  -16.569037  -nan  0.019974  -0.000996  165.476473  0.043499  -0.001120  288.929993  0.200000
1  -17.733873  -17.733873  -nan  0.020506  -0.002405  165.633429  0.044013  -0.002546  288.929993  0.200000
1  -18.496269  -18.504189  nan  0.022504  0.005102  165.784319  0.045992  0.004947  288.929993  0.200000
1  -19.582221  -19.582221  nan  0.019308  -0.006263  165.924599  0.042779  -0.006426  288.929993  0.200000
1  -20.326286  -20.326286  nan  0.019841  -0.004461  166.031699  0.043287  -0.004651  288.929993  0.200000
1  -20.434621  -20.434621  nan  0.021172  0.001796  166.194679  0.044602  0.001618  288.929993  0.200000
1  -20.486912  -20.486912  nan  0.025167  0.015254  166.316916  0.048574  0.015057  288.929993  0.200000
1  -20.457586  -20.457288  -nan  0.013982  -0.030160  166.424077  0.037362  -0.030375  288.929993  0.200000
1  -20.441036  -20.441036  nan  0.020240  -0.003350  166.501533  0.043593  -0.003587  288.929993  0.200000
1  -20.406462  -20.406462  -nan  0.010519  -0.042477  166.633590  0.033851  -0.042703  288.929993  0.200000
1  -20.404863  -20.404863  -nan  0.021572  0.004330  166.727725  0.044877  0.004095  294.170013  0.180000
1  -20.399415  -20.399415  -nan  0.023835  0.012513  166.819325  0.047113  0.012269  294.170013  0.180000
1  -20.401151  -20.400972  -nan  0.023436  0.013409  166.892979  0.046686  0.013155  294.170013  0.180000
1  -20.403041  -20.403041  nan  0.018642  -0.005330  166.967919  0.041863  -0.005594  294.170013  0.180000
1  -20.402770  -20.402770  nan  0.024634  0.016188  167.060793  0.047827  0.015921  294.170013  0.180000
1  -20.402103  -20.402103  -nan  0.009721  -0.040343  167.127913  0.032885  -0.040617  294.170013  0.180000
1  -20.350671  -20.350671  -nan  0.016245  -0.014647  167.220843  0.039383  -0.014915  294.170013  0.180000
1  -19.993082  -19.964791  -nan  0.016512  -0.014905  167.286031  0.039618  -0.015186  294.170013  0.180000
1  -16.326257  -16.326257  -nan  0.022770  0.009363  167.333201  0.045842  0.009063  294.170013  0.180000
1  -11.816849  -11.816849  -nan  0.016778  -0.012996  167.382709  0.039817  -0.013302  294.170013  0.180000
1  -7.748516  -7.748516  nan  0.013982  -0.027658  167.438067  0.036988  -0.027977  293.700012  0.160000
1  -5.496058  -5.496058  -nan  0.015846  -0.017894  167.471742  0.038815  -0.018224  293.700012  0.160000
1  -3.036646  -3.017590  nan  0.018243  -0.007488  167.508792  0.041177  -0.007823  293.700012  0.160000
1  -2.021702  -2.021702  nan  0.020506  0.003501  167.560958  0.043409  0.003173  293.700012  0.160000
1  -2.062864  -2.062864  nan  0.015713  -0.016118  167.585749  0.038578  -0.016456  293.700012  0.160000
1  -2.211140  -2.211140  -nan  0.027297  0.031747  167.610347  0.050127  0.031403  293.700012  0.160000
1  -2.636400  -2.636400  -nan  0.022903  0.012876  167.631366  0.045694  0.012520  293.700012  0.160000
1  -3.437893  -3.438233  nan  0.027830  0.030403  167.658718  0.050583  0.030040  293.700012  0.160000
1  -3.484572  -3.484572  -nan  0.037417  0.067369  167.696425  0.060134  0.067009  293.700012  0.160000
1  -3.453446  -3.453446  nan  0.019707  -0.007074  167.727438  0.042385  -0.007444  293.700012  0.160000
1  -3.444425  -3.444425  nan  0.028895  0.030900  167.749049  0.051536  0.030530  293.700012  0.160000
1  -3.443840  -3.443840  nan  0.023835  0.012931  167.769385  0.046439  0.012564  293.700012  0.160000
1  -3.442408  -3.442509  -nan  0.026765  0.024216  167.805951  0.049333  0.023854  271.220001  0.180000
1  -3.445931  -3.445931  nan  0.023303  0.012690  167.791833  0.045828  0.012309  271.220001  0.180000
1  -3.446456  -3.446456  -nan  0.019707  -0.002865  167.813218  0.042194  -0.003247  271.220001  0.180000
1  -3.461220  -3.461220  -nan  0.020373  -0.000903  167.851101  0.042824  -0.001277  271.220001  0.180000
1  -3.478872  -3.478872  nan  0.021438  0.003041  167.895737  0.043855  0.002677  271.220001  0.180000
1  -4.561791  -4.594793  -nan  0.009188  -0.045113  167.949173  0.031572  -0.045463  271.220001  0.180000
1  -9.559962  -9.559962  -nan  0.027564  0.029816  167.980212  0.049913  0.029467  271.220001  0.180000
1  -11.906974  -11.906974  nan  0.017843  -0.010791  167.981815  0.040151  -0.011162  251.699997  0.160000
1  -14.720733  -14.720733  -nan  0.025566  0.018282  168.013666  0.047836  0.017913  251.699997  0.160000
1  -15.556878  -15.556878  -nan  0.025700  0.021951  168.029882  0.047933  0.021586  251.699997  0.160000
1  -15.521028  -15.520333  nan  0.019441  -0.005245  168.050214  0.041635  -0.005615  251.699997  0.160000
1  -15.492973  -15.492973  nan  0.017311  -0.013757  168.065244  0.039466  -0.014134  251.699997  0.160000
1  -15.498835  -15.498835  nan  0.017976  -0.008316  168.070693  0.040093  -0.008697  251.699997  0.160000
1  -15.495626  -15.495626  -nan  0.014514  -0.021151  168.090425  0.036594  -0.021524  251.699997  0.160000
1  -15.496997  -15.496997  -nan  0.020240  0.002920  168.078529  0.042279  0.002537  251.699997  0.160000
1  -15.496288  -15.496477  -nan  0.013449  -0.024066  168.105709  0.035452  -0.024439  251.699997  0.160000
1  -15.495282  -15.495282  -nan  0.023303  0.016640  168.105328  0.045266  0.016264  251.699997  0.160000
1  -15.496039  -15.496039  -nan  0.022371  0.012647  168.096655  0.044293  0.012260  233.369995  0.170000
1  -15.494370  -15.494370  -nan  0.020639  0.007274  168.080087  0.042521  0.006879  233.369995  0.170000
1  -15.496315  -15.496315  -nan  0.013449  -0.021785  168.097881  0.035294  -0.022169  233.369995  0.170000
1  -15.496540  -15.496291  nan  0.012916  -0.022860  168.096762  0.034722  -0.023245  233.369995  0.170000
1  -15.494921  -15.494921  -nan  0.013582  -0.023227  168.110864  0.035349  -0.023611  233.369995  0.170000
1  -15.496887  -15.496887  -nan  0.024501  0.019251  168.119983  0.046229  0.018866  233.369995  0.170000
1  -15.491214  -15.491214  -nan  0.013982  -0.023388  168.158292  0.035676  -0.023755  233.369995  0.170000
1  -15.496216  -15.496216  nan  0.021572  0.008220  168.206795  0.043234  0.007873  233.369995  0.170000
1  -15.496318  -15.496349  -nan  0.018642  -0.003666  168.226784  0.040269  -0.004017  233.369995  0.170000
1  -15.496015  -15.496015  -nan  0.008123  -0.041317  168.244501  0.029715  -0.041663  233.369995  0.170000
1  -15.497212  -15.497212  -nan  0.021172  0.010612  168.246843  0.042726  0.010253  200.699997  0.120000
1  -15.495685  -15.495685  -nan  0.012650  -0.025503  168.272353  0.034168  -0.025861  200.699997  0.120000
1  -15.496561  -15.496561  -nan  0.018509  -0.003077  168.276559  0.039988  -0.003445  200.699997  0.120000
1  -15.496170  -15.495914  -nan  0.027830  0.032913  168.279313  0.049269  0.032535  200.699997  0.120000
1  -15.495638  -15.495638  -nan  0.032091  0.050737  168.291225  0.053493  0.050363  200.699997  0.120000
1  -15.501174  -15.501174  -nan  0.018376  -0.005582  168.295418  0.039739  -0.005964  200.699997  0.120000
1  -15.496560  -15.496560  nan  0.026632  0.029043  168.251042  0.047947  0.028638  200.699997  0.120000
1  -15.498178  -15.498178  nan  0.027431  0.030693  168.220981  0.048701  0.030274  200.699997  0.120000
1  -15.496219  -15.496203  nan  0.019974  0.002371  168.202112  0.041203  0.001954  200.699997  0.120000
1  -15.496384  -15.496384  -nan  0.014115  -0.022709  168.195535  0.035302  -0.023123  200.699997  0.120000
1  -15.497360  -15.497360  -nan  0.017044  -0.009921  168.182971  0.038191  -0.010334  197.559998  0.140000
1  -15.496299  -15.496299  -nan  0.025433  0.024278  168.178141  0.046540  0.023873  197.559998  0.140000
1  -15.498665  -15.498665  -nan  0.008256  -0.045186  168.177181  0.029322  -0.045588  197.559998  0.140000
1  -15.495991  -15.495944  nan  0.020906  0.003820  168.165477  0.041930  0.003412  197.559998  0.140000
1  -15.493383  -15.493383  nan  0.020240  -0.000629  168.151053  0.041221  -0.001046  197.559998  0.140000
1  -15.496792  -15.496792  nan  0.015446  -0.019877  168.151255  0.036387  -0.020288  197.559998  0.140000
1  -15.492942  -15.492942  -nan  0.023835  0.013641  168.178687  0.044741  0.013251  197.559998  0.140000
1  -15.496743  -15.496743  -nan  0.022504  0.007618  168.196526  0.043372  0.007236  197.559998  0.140000
1  -15.494727  -15.495089  -nan  0.016112  -0.013785  168.187615  0.036940  -0.014166  197.559998  0.140000
1  -15.495560  -15.495560  -nan  0.027431  0.029667  168.219613  0.048225  0.029299  197.559998  0.140000
1  -15.496696  -15.496696  nan  0.016512  -0.012236  168.215692  0.037266  -0.012606  197.559998  0.140000
1  -15.493789  -15.493789  nan  0.017577  -0.006717  168.213621  0.038293  -0.007090  197.559998  0.140000
1  -15.497261  -15.497261  -nan  0.016645  -0.009996  168.205830  0.037322  -0.010374  197.559998  0.140000
1  -15.493733  -15.494231  -nan  0.022637  0.017384  168.169336  0.043271  0.016995  159.270004  0.230000
1  -15.496049  -15.496049  nan  0.026632  0.032943  168.183207  0.047231  0.032564  159.270004  0.230000
1  -15.497635  -15.497635  -nan  0.018509  -0.002042  168.169799  0.039065  -0.002432  159.270004  0.230000
1  -15.495706  -15.495706  nan  0.017044  -0.004503  168.161953  0.037563  -0.004885  159.270004  0.230000
1  -15.497406  -15.497406  -nan  0.014647  -0.016303  168.145602  0.035125  -0.016693  159.270004  0.230000
1  -15.495744  -15.495156  -nan  0.013582  -0.020463  168.148793  0.034022  -0.020842  159.270004  0.230000
1  -15.496188  -15.496188  nan  0.012117  -0.027647  168.146676  0.032520  -0.028028  159.270004  0.230000
1  -15.495806  -15.495806  nan  0.018908  -0.001054  168.120626  0.039267  -0.001448  159.270004  0.230000
1  -15.495246  -15.495246  nan  0.025167  0.022298  168.117448  0.045485  0.021905  145.449997  0.300000
1  -15.498688  -15.498688  -nan  0.022504  0.012169  168.101450  0.042781  0.011772  145.449997  0.300000
1  -15.495595  -15.495440  -nan  0.006924  -0.046929  168.126788  0.027170  -0.047299  145.449997  0.300000
1  -15.495962  -15.495962  nan  0.014647  -0.016328  168.089563  0.034848  -0.016717  145.449997  0.300000
1  -15.496564  -15.496564  nan  0.026765  0.029190  168.080463  0.046925  0.028795  145.449997  0.300000
1  -15.495696  -15.495696  nan  0.023036  0.013067  168.084711  0.043158  0.012676  145.449997  0.300000
1  -15.497257  -15.497257  -nan  0.016645  -0.011412  168.116697  0.036734  -0.011779  145.449997  0.300000
1  -15.496468  -15.496284  nan  0.018642  -0.002695  168.134954  0.038696  -0.003056  145.449997  0.300000
1  -15.498154  -15.498154  -nan  0.016378  -0.010720  168.153945  0.036399  -0.011073  145.449997  0.300000
1  -15.496686  -15.496686  -nan  0.021838  0.010246  168.148451  0.041819  0.009884  159.199997  0.180000
1  -15.494095  -15.494095  nan  0.011851  -0.025523  168.115467  0.031792  -0.025899  159.199997  0.180000
1  -15.496986  -15.496986  -nan  0.016645  -0.005496  168.079523  0.036543  -0.005886  159.199997  0.180000
1  -15.494553  -15.494821  -nan  0.016378  -0.009159  168.083561  0.036238  -0.009545  159.199997  0.180000
1  -15.496151  -15.496151  nan  0.015579  -0.010333  168.103322  0.035407  -0.010699  159.199997  0.180000
1  -15.497881  -15.497881  nan  0.021838  0.015621  168.081079  0.041626  0.015250  159.199997  0.180000
1  -15.495807  -15.495807  nan  0.024102  0.019707  168.113949  0.043856  0.019347  159.199997  0.180000
1  -15.498246  -15.498246  -nan  0.008522  -0.042803  168.122296  0.028240  -0.043161  159.199997  0.180000
1  -15.493132  -15.493468  nan  0.019308  0.003578  168.080449  0.038983  0.003200  159.199997  0.180000
1  -15.497793  -15.497793  nan  0.022637  0.017393  168.092891  0.042278  0.017030  159.199997  0.180000
1  -15.496536  -15.496536  -nan  0.018109  -0.003789  168.057569  0.037706  -0.004179  159.199997  0.180000
1  -15.495873  -15.495873  nan  0.016645  -0.010412  168.039145  0.036200  -0.010809  194.690002  0.120000
1  -15.499165  -15.499165  nan  0.014248  -0.021457  168.058412  0.033768  -0.021839  194.690002  0.120000
1  -15.496472  -15.496616  -nan  0.006924  -0.048950  168.021815  0.026402  -0.049342  194.690002  0.120000
1  -15.497377  -15.497377  nan  0.022371  0.012274  168.041287  0.041813  0.011898  194.690002  0.120000
1  -15.496093  -15.496093  nan  0.018376  -0.004790  168.060515  0.037784  -0.005156  194.690002  0.120000
1  -15.496435  -15.496435  -nan  0.016778  -0.011860  168.072679  0.036150  -0.012220  194.690002  0.120000
1  -15.498144  -15.498144  -nan  0.018109  -0.006359  168.066583  0.037443  -0.006728  194.690002  0.120000
1  -15.496041  -15.496246  -nan  0.015979  -0.017862  168.119199  0.035282  -0.018208  194.690002  0.120000
1  -15.498882  -15.498882  nan  0.011585  -0.036381  168.124912  0.030850  -0.036736  194.690002  0.120000
1  -15.497558  -15.497558  -nan  0.020373  0.001574  168.146730  0.039604  0.001229  194.690002  0.120000
1  -15.495337  -15.495337  nan  0.018642  -0.006958  168.148151  0.037835  -0.007317  204.050003  0.080000
1  -15.497522  -15.497522  nan  0.026099  0.022837  168.168482  0.045257  0.022483  204.050003  0.080000
1  -15.494890  -15.494890  nan  0.025966  0.022515  168.151030  0.045082  0.022143  204.050003  0.080000
1  -15.497343  -15.497343  -nan  0.018109  -0.008961  168.168729  0.037191  -0.009326  204.050003  0.080000
1  -15.497582  -15.497582  -nan  0.022104  0.007865  168.154766  0.041146  0.007491  204.050003  0.080000
1  -15.497133  -15.497133  nan  0.021438  0.003853  168.163135  0.040441  0.003481  204.050003  0.080000
1  -15.498414  -15.498414  nan  0.020107  -0.002326  168.152097  0.039070  -0.002708  204.050003  0.080000
1  -15.494458  -15.495065  -nan  0.019574  -0.002138  168.148437  0.038502  -0.002515  204.050003  0.080000
1  -15.496844  -15.496844  -nan  0.018908  -0.003970  168.135982  0.037795  -0.004351  204.050003  0.080000
1  -15.496885  -15.496885  -nan  0.032357  0.048728  168.123482  0.051204  0.048342  204.050003  0.080000
1  -15.495826  -15.495826  nan  0.019974  -0.000864  168.089434  0.038775  -0.001266  204.050003  0.080000
1  -15.499188  -15.499188  -nan  0.033556  0.053295  168.098854  0.052321  0.052909  204.050003  0.080000
1  -15.497459  -15.495587  -nan  0.019441  -0.002060  168.083272  0.038167  -0.002449  234.119995  0.100000
1  -15.498138  -15.498138  -nan  0.019042  -0.003090  168.086255  0.037731  -0.003466  234.119995  0.100000
1  -15.495983  -15.495983  -nan  0.019574  0.002344  168.062274  0.038226  0.001966  234.119995  0.100000
1  -15.497023  -15.497023  -nan  0.021305  0.008100  168.048338  0.039917  0.007718  234.119995  0.100000
1  -15.496959  -15.496959  -nan  0.018642  -0.000085  168.059728  0.037221  -0.000449  234.119995  0.100000
1  -15.496215  -15.496226  nan  0.027031  0.030426  168.080507  0.045575  0.030068  234.119995  0.100000
1  -15.500341  -15.500341  nan  0.025433  0.019523  168.083226  0.043938  0.019154  234.119995  0.100000
1  -15.496955  -15.496955  -nan  0.018775  -0.003074  168.078876  0.037243  -0.003439  234.119995  0.100000
1  -15.495845  -15.495845  nan  0.022504  0.012850  168.083078  0.040938  0.012491  249.059998  0.150000
1  -15.496335  -15.496335  -nan  0.023968  0.016230  168.090109  0.042365  0.015868  249.059998  0.150000
1  -15.496498  -15.496326  -nan  0.024767  0.016182  168.109849  0.043127  0.015821  249.059998  0.150000
1  -15.499156  -15.499156  nan  0.013183  -0.023275  168.090204  0.031506  -0.023637  249.059998  0.150000
1  -15.497021  -15.497021  -nan  0.005060  -0.051553  168.065453  0.023347  -0.051917  249.059998  0.150000
1  -15.497273  -15.497273  nan  0.027564  0.035200  168.045210  0.045809  0.034824  249.059998  0.150000
1  -15.496960  -15.496960  nan  0.012916  -0.023707  168.058890  0.031128  -0.024068  249.059998  0.150000
1  -15.494170  -15.494068  nan  0.023569  0.019764  168.042437  0.041743  0.019395  249.059998  0.150000
1  -15.497787  -15.497787  nan  0.017843  -0.002020  168.019968  0.035978  -0.002393  249.059998  0.150000
1  -15.495741  -15.495741  -nan  0.016378  -0.007933  167.967944  0.034469  -0.008325  254.610001  0.190000
1  -15.498542  -15.498542  nan  0.020639  0.009471  167.962763  0.038695  0.009090  254.610001  0.190000
1  -15.498157  -15.498157  nan  0.020906  0.007882  167.942535  0.038920  0.007495  254.610001  0.190000
1  -15.495057  -15.495288  nan  0.017577  -0.009072  167.994969  0.035563  -0.009428  254.610001  0.190000
1  -15.498051  -15.498051  nan  0.015713  -0.014612  167.968326  0.033658  -0.014980  254.610001  0.190000
1  -15.497345  -15.497345  nan  0.011984  -0.026586  167.947488  0.029892  -0.026955  254.610001  0.190000
1  -15.496951  -15.496951  -nan  0.016378  -0.011894  167.977495  0.034255  -0.012246  254.610001  0.190000
1  -15.499380  -15.499380  -nan  0.027963  0.029955  167.959704  0.045797  0.029582  254.610001  0.190000
1  -15.497128  -15.497099  -nan  0.016245  -0.016068  167.959010  0.034043  -0.016435  254.610001  0.190000
1  -15.498678  -15.498678  nan  0.017710  -0.010082  167.937035  0.035467  -0.010460  254.610001  0.190000
1  -15.496868  -15.496868  -nan  0.016112  -0.016326  167.942964  0.033834  -0.016694  251.679993  0.190000
1  -15.496680  -15.496680  -nan  0.026099  0.026974  167.929886  0.043784  0.026608  251.679993  0.190000
1  -15.497349  -15.497496  nan  0.017444  -0.008630  167.938673  0.035093  -0.008988  251.679993  0.190000
1  -15.496923  -15.496923  -nan  0.018376  -0.005567  167.900837  0.035983  -0.005944  251.679993  0.190000
1  -15.499056  -15.499056  -nan  0.028895  0.039769  167.878016  0.046465  0.039393  251.679993  0.190000
1  -15.497681  -15.497681  nan  0.016645  -0.008345  167.888471  0.034182  -0.008707  251.679993  0.190000
1  -15.497629  -15.497830  nan  0.019441  0.000499  167.879681  0.036940  0.000130  251.679993  0.190000
1  -15.501148  -15.501148  -nan  0.026365  0.029091  167.872201  0.043828  0.028724  251.679993  0.190000
1  -15.497182  -15.497182  nan  0.020107  0.005019  167.882032  0.037536  0.004665  251.679993  0.190000
1  -15.499492  -15.499492  -nan  0.017311  -0.007682  167.903806  0.034707  -0.008024  251.679993  0.190000
1  -15.498384  -15.498384  -nan  0.025167  0.020320  167.934563  0.042530  0.019986  251.679993  0.190000
1  -15.497099  -15.497494  -nan  0.017044  -0.011549  167.919127  0.034369  -0.011899  252.369995  0.250000
1  -15.499034  -15.499034  nan  0.018509  -0.006606  167.888752  0.035792  -0.006977  252.369995  0.250000
1  -15.497340  -15.497340  -nan  0.020506  0.003252  167.862109  0.037750  0.002876  252.369995  0.250000
1  -15.499615  -15.499615  -nan  0.013183  -0.025161  167.871177  0.030393  -0.025523  252.369995  0.250000
1  -15.499263  -15.499263  nan  0.027431  0.031441  167.890359  0.044609  0.031093  252.369995  0.250000
1  -15.496150  -15.496371  nan  0.023170  0.013560  167.899650  0.040313  0.013216  252.369995  0.250000
1  -15.499439  -15.499439  -nan  0.006258  -0.052377  167.884815  0.023366  -0.052728  252.369995  0.250000
1  -15.496535  -15.496535  -nan  0.013715  -0.021533  167.892312  0.030788  -0.021879  252.369995  0.250000
1  -15.498381  -15.498381  nan  0.019042  0.002724  167.860398  0.036076  0.002370  252.369995  0.250000
1  -15.498428  -15.498428  nan  0.015713  -0.011924  167.862163  0.032712  -0.012277  252.369995  0.250000
1  -15.497391  -15.497538  nan  0.022770  0.014836  167.842574  0.039731  0.014473  252.369995  0.250000
1  -15.500151  -15.500151  -nan  0.017444  -0.006934  167.812563  0.034364  -0.007306  252.369995  0.250000
1  -15.495002  -15.495002  nan  0.013316  -0.022319  167.809025  0.030202  -0.022684  252.830002  0.340000
1  -15.498168  -15.498168  -nan  0.017843  -0.002918  167.797491  0.034693  -0.003280  252.830002  0.340000
1  -15.498998  -15.498998  -nan  0.024235  0.020786  167.804101  0.041051  0.020432  252.830002  0.340000
1  -15.497978  -15.498444  -nan  0.020506  0.007203  167.794048  0.037287  0.006851  252.830002  0.340000
1  -15.500893  -15.500893  -nan  0.015979  -0.011163  167.792986  0.032725  -0.011514  252.830002  0.340000
1  -15.497440  -15.497440  -nan  0.015446  -0.012077  167.775317  0.032155  -0.012433  252.830002  0.340000
1  -15.498718  -15.498718  -nan  0.015446  -0.013814  167.742315  0.032115  -0.014187  252.830002  0.340000
1  -15.499377  -15.499377  -nan  0.016245  -0.009518  167.706358  0.032874  -0.009898  232.270004  0.280000
1  -15.497730  -15.498211  -nan  0.020906  0.007187  167.737572  0.037504  0.006830  232.270004  0.280000
1  -15.500461  -15.500461  nan  0.021971  0.010913  167.758330  0.038538  0.010572  232.270004  0.280000
1  -15.497407  -15.497407  -nan  0.023702  0.017780  167.757042  0.040234  0.017438  232.270004  0.280000
1  -15.500046  -15.500046  -nan  0.017843  -0.003688  167.749700  0.034341  -0.004030  232.270004  0.280000
1  -15.499281  -15.499281  nan  0.013715  -0.020185  167.760928  0.030181  -0.020519  232.270004  0.280000
1  -15.498003  -15.498101  nan  0.011984  -0.028930  167.760838  0.028414  -0.029270  232.270004  0.280000
1  -15.498596  -15.498596  nan  0.013715  -0.019353  167.747499  0.030111  -0.019694  232.270004  0.280000
1  -15.496923  -15.496923  -nan  0.011585  -0.026218  167.727180  0.027944  -0.026565  232.270004  0.280000
1  -15.497616  -15.497616  -nan  0.016512  -0.009777  167.744858  0.032838  -0.010116  232.270004  0.280000
1  -15.498485  -15.498485  nan  0.026099  0.030495  167.728133  0.042390  0.030152  232.270004  0.280000
1  -15.497667  -15.497214  -nan  0.020240  0.004333  167.721666  0.036495  0.003986  224.880005  0.270000
1  -15.499961  -15.499961  nan  0.018642  -0.000276  167.701546  0.034861  -0.000628  224.880005  0.270000
1  -15.496699  -15.496699  nan  0.015846  -0.010560  167.704076  0.032031  -0.010902  224.880005  0.270000
1  -15.499471  -15.499471  nan  0.025167  0.025827  167.669271  0.041312  0.025466  224.880005  0.270000
1  -15.498035  -15.498035  nan  0.017044  -0.006474  167.639805  0.033151  -0.006842  224.880005  0.270000
1  -15.498292  -15.498197  -nan  0.009454  -0.035392  167.636630  0.025527  -0.035747  224.880005  0.270000
1  -15.498697  -15.498697  nan  0.024634  0.023890  167.655902  0.040677  0.023552  224.880005  0.270000
1  -15.498130  -15.498130  -nan  0.014914  -0.017647  167.652026  0.030920  -0.017993  224.880005  0.270000
1  -15.499324  -15.499324  nan  0.016112  -0.014517  167.682836  0.032088  -0.014847  224.880005  0.270000
1  -15.496177  -15.496177  -nan  0.015846  -0.015031  167.697098  0.031790  -0.015353  196.429993  0.210000
1  -15.497806  -15.497649  -nan  0.020639  0.006807  167.736768  0.036559  0.006508  196.429993  0.210000
1  -15.499985  -15.499985  -nan  0.022371  0.013464  167.741445  0.038257  0.013156  196.429993  0.210000
1  -15.497864  -15.497864  -nan  0.018908  0.002394  167.721206  0.034758  0.002072  196.429993  0.210000
1  -15.500780  -15.500780  -nan  0.013982  -0.016567  167.690899  0.029794  -0.016905  196.429993  0.210000
1  -15.498731  -15.498731  -nan  0.021438  0.014324  167.681454  0.037218  0.013987  196.429993  0.210000
1  -15.498305  -15.498107  nan  0.024368  0.025634  167.685578  0.040115  0.025304  196.429993  0.210000
1  -15.498843  -15.498843  nan  0.013316  -0.018337  167.654256  0.029024  -0.018682  196.429993  0.210000
1  -15.497660  -15.497660  -nan  0.019175  0.005981  167.627591  0.034847  0.005630  196.429993  0.210000
1  -15.499383  -15.499383  -nan  0.014781  -0.012266  167.634771  0.030422  -0.012603  196.429993  0.210000
1  -15.497306  -15.497306  nan  0.026765  0.036716  167.610378  0.042370  0.036375  174.770004  0.200000
1  -15.499174  -15.499062  nan  0.020107  0.010872  167.597450  0.035679  0.010534  174.770004  0.200000
1  -15.498855  -15.498855  -nan  0.020773  0.014315  167.583084  0.036311  0.013978  174.770004  0.200000
1  -15.497006  -15.497006  -nan  0.025167  0.034159  167.568441  0.040672  0.033827  174.770004  0.200000
1  -15.498840  -15.498840  -nan  0.017177  0.002444  167.545859  0.032648  0.002106  174.770004  0.200000
1  -15.496865  -15.496865  -nan  0.021705  0.018677  167.539583  0.037142  0.018343  174.770004  0.200000
1  -15.499079  -15.499079  -nan  0.006924  -0.043119  167.513441  0.022324  -0.043466  174.770004  0.200000
1  -15.497909  -15.497909  -nan  0.027297  0.037549  167.508908  0.042663  0.037207  174.770004  0.200000
1  -15.498538  -15.498538  -nan  0.011718  -0.023947  167.503672  0.027051  -0.024281  174.770004  0.200000
1  -15.498730  -15.498730  -nan  0.018109  0.002352  167.455227  0.033403  0.002002  174.770004  0.200000
1  -15.496154  -15.496154  -nan  0.027830  0.039836  167.447989  0.043089  0.039491  174.770004  0.200000
1  -15.497895  -15.498008  nan  0.023170  0.020066  167.447255  0.038396  0.019729  174.770004  0.200000
1  -15.497065  -15.497065  -nan  0.018908  0.006873  167.410206  0.034099  0.006530  174.770004  0.200000
1  -15.498076  -15.498076  -nan  0.012783  -0.020537  167.441232  0.027945  -0.020860  217.580002  0.160000
1  -15.499638  -15.499638  nan  0.015979  -0.008464  167.421387  0.031106  -0.008799  217.580002  0.160000
1  -15.497654  -15.497654  nan  0.019441  0.003266  167.421715  0.034534  0.002934  217.580002  0.160000
1  -15.499690  -15.499452  nan  0.013449  -0.019245  167.422258  0.028510  -0.019573  217.580002  0.160000
1  -15.496238  -15.496238  -nan  0.022770  0.018876  167.421466  0.037800  0.018555  217.580002  0.160000
1  -15.498779  -15.498779  nan  0.020506  0.010778  167.428785  0.035506  0.010463  217.580002  0.160000
1  -15.498924  -15.498924  -nan  0.011851  -0.022354  167.453607  0.026824  -0.022651  217.580002  0.160000
1  -15.498092  -15.498092  nan  0.012650  -0.018358  167.451039  0.027592  -0.018659  217.580002  0.160000
1  -15.500990  -15.500990  nan  0.022903  0.022789  167.472615  0.037818  0.022497  258.299988  0.250000
1  -15.497900  -15.497900  -nan  0.021039  0.015462  167.477827  0.035923  0.015168  258.299988  0.250000
1  -15.497883  -15.497883  -nan  0.028762  0.045728  167.450171  0.043610  0.045413  258.299988  0.250000
1  -15.498901  -15.498901  -nan  0.011585  -0.025746  167.509589  0.026409  -0.026035  258.299988  0.250000
1  -15.497025  -15.497025  nan  0.016512  -0.005975  167.475742  0.031299  -0.006294  258.299988  0.250000
1  -15.500398  -15.500706  nan  0.020373  0.009725  167.496483  0.035133  0.009420  258.299988  0.250000
1  -15.497333  -15.497333  nan  0.015579  -0.010814  167.462629  0.030301  -0.011143  258.299988  0.250000
1  -15.499819  -15.499819  nan  0.019441  0.002699  167.469823  0.034131  0.002374  258.299988  0.250000
1  -15.497903  -15.497903  nan  0.021705  0.014086  167.448390  0.036360  0.013760  258.299988  0.250000
1  -15.498000  -15.498000  -nan  0.018109  0.004373  167.446394  0.032736  0.004062  269.769989  0.250000
1  -15.498593  -15.498596  nan  0.017044  -0.002371  167.437918  0.031637  -0.002691  269.769989  0.250000
1  -15.497328  -15.497328  -nan  0.015713  -0.005833  167.421686  0.030273  -0.006153  269.769989  0.250000
1  -15.500100  -15.500100  nan  0.019974  0.008177  167.415674  0.034500  0.007853  269.769989  0.250000
1  -15.499227  -15.499227  -nan  0.017044  -0.001516  167.398045  0.031538  -0.001842  269.769989  0.250000
1  -15.497088  -15.497088  nan  0.017577  0.001454  167.378363  0.032037  0.001125  269.769989  0.250000
1  -15.499165  -15.499317  nan  0.017044  -0.001142  167.343231  0.031467  -0.001481  269.769989  0.250000
1  -15.496620  -15.496620  -nan  0.008922  -0.030707  167.318956  0.023312  -0.031042  269.769989  0.250000
1  -15.499068  -15.498761  nan  0.013049  -0.013998  167.318069  0.027410  -0.014318  269.769989  0.250000
1  -15.497945  -15.497945  -nan  0.020373  0.010484  167.319392  0.034700  0.010163  269.769989  0.250000
1  -15.499134  -15.499134  -nan  0.020906  0.015111  167.289012  0.035199  0.014783  278.790009  0.340000
1  -15.499444  -15.499416  -nan  0.013582  -0.017070  167.279867  0.027841  -0.017402  278.790009  0.340000
1  -15.496993  -15.496993  -nan  0.028230  0.042948  167.274544  0.042458  0.042625  278.790009  0.340000
1  -15.498577  -15.498577  -nan  0.017976  0.004650  167.284370  0.032178  0.004343  278.790009  0.340000
1  -15.495591  -15.495591  -nan  0.025167  0.030116  167.255763  0.039331  0.029789  278.790009  0.340000
1  -15.498648  -15.498648  nan  0.014381  -0.013040  167.262220  0.028516  -0.013355  278.790009  0.340000
1  -15.499879  -15.499982  -nan  0.015047  -0.010115  167.248400  0.029148  -0.010432  278.790009  0.340000
1  -15.496918  -15.496918  -nan  0.017311  -0.005292  167.268499  0.031382  -0.005604  278.790009  0.340000
1  -15.500139  -15.500139  -nan  0.014781  -0.015013  167.271143  0.028821  -0.015321  278.790009  0.340000
1  -15.497818  -15.497818  -nan  0.025433  0.027742  167.278325  0.039443  0.027438  278.790009  0.340000
1  -15.499284  -15.499284  -nan  0.017044  -0.003313  167.242559  0.031019  -0.003632  283.850006  0.280000
1  -15.497235  -15.496619  -nan  0.025300  0.029627  167.272054  0.039249  0.029327  283.850006  0.280000
1  -15.496947  -15.496947  -nan  0.025167  0.024986  167.317110  0.039090  0.024698  283.850006  0.280000
1  -15.501004  -15.501004  nan  0.013449  -0.021032  167.326598  0.027342  -0.021322  283.850006  0.280000
1  -15.497484  -15.497484  nan  0.015047  -0.011294  167.312721  0.028909  -0.011590  283.850006  0.280000
1  -15.498536  -15.498536  -nan  0.022104  0.015985  167.293676  0.035932  0.015675  283.850006  0.280000
1  -15.499029  -15.499275  -nan  0.011052  -0.026715  167.296615  0.024850  -0.027020  283.850006  0.280000
1  -15.497845  -15.497845  nan  0.026498  0.036029  167.283464  0.040265  0.035719  283.850006  0.280000
1  -15.499097  -15.499097  nan  0.018243  0.001313  167.298374  0.031980  0.001012  283.850006  0.280000
1  -15.497263  -15.497263  nan  0.021039  0.008497  167.283455  0.034740  0.008176  283.850006  0.280000
1  -15.499579  -15.499579  -nan  0.017976  -0.003698  167.293401  0.031648  -0.004012  283.850006  0.280000
1  -15.498796  -15.498821  nan  0.027164  0.035667  167.296750  0.040807  0.035363  283.850006  0.280000
1  -15.496171  -15.496171  nan  0.017843  -0.000722  167.246545  0.031447  -0.001053  258.640015  0.160000
1  -15.499320  -15.499320  -nan  0.018642  0.000981  167.267752  0.032218  0.000669  258.640015  0.160000
1  -15.497005  -15.497005  -nan  0.020639  0.006893  167.267861  0.034182  0.006582  258.640015  0.160000
1  -15.499696  -15.499696  nan  0.019974  0.005590  167.233731  0.033480  0.005261  258.640015  0.160000
1  -15.498832  -15.498493  -nan  0.026632  0.031425  167.226768  0.040106  0.031097  258.640015  0.160000
1  -15.498514  -15.498514  nan  0.022903  0.019875  167.214041  0.036346  0.019554  258.640015  0.160000
1  -15.499568  -15.499568  nan  0.015180  -0.011566  167.225737  0.028594  -0.011876  258.640015  0.160000
1  -15.497482  -15.497482  -nan  0.013982  -0.013529  167.213019  0.027365  -0.013835  258.640015  0.160000
1  -15.499350  -15.499732  nan  0.017444  -0.000412  167.196888  0.030795  -0.000722  219.570007  0.260000
1  -15.497824  -15.497824  -nan  0.024634  0.027233  167.218438  0.037958  0.026937  219.570007  0.260000
1  -15.497568  -15.497568  nan  0.016245  -0.007994  167.249192  0.029543  -0.008279  219.570007  0.260000
1  -15.500552  -15.500552  nan  0.022637  0.016279  167.254754  0.035904  0.015988  219.570007  0.260000
1  -15.497415  -15.497415  nan  0.019974  0.005981  167.275622  0.033214  0.005699  219.570007  0.260000
1  -15.500015  -15.500015  nan  0.013582  -0.019904  167.291967  0.026794  -0.020184  219.570007  0.260000
1  -15.498891  -15.498891  nan  0.023968  0.024555  167.251144  0.037145  0.024250  219.570007  0.260000
1  -15.497928  -15.497928  nan  0.023170  0.018979  167.260864  0.036317  0.018678  219.570007  0.260000
1  -15.498849  -15.498849  -nan  0.014381  -0.012980  167.239245  0.027497  -0.013287  219.570007  0.260000
1  -15.497235  -15.497117  nan  0.015579  -0.006725  167.236262  0.028666  -0.007027  219.570007  0.260000
1  -15.500053  -15.500053  nan  0.017710  0.000759  167.218910  0.030763  0.000452  219.570007  0.260000
1  -15.499463  -15.499463  nan  0.017976  0.000530  167.231777  0.031001  0.000232  206.990005  0.420000
1  -15.497633  -15.497633  -nan  0.020240  0.011230  167.217023  0.033234  0.010927  206.990005  0.420000
1  -15.499991  -15.499991  -nan  0.011851  -0.023678  167.218053  0.024815  -0.023980  206.990005  0.420000
1  -15.495844  -15.496121  -nan  0.020107  0.008015  167.212419  0.033039  0.007709  206.990005  0.420000
1  -15.499106  -15.499106  -nan  0.020240  0.009350  167.191173  0.033138  0.009036  206.990005  0.420000
1  -15.498598  -15.498598  -nan  0.021438  0.014348  167.208303  0.034310  0.014050  206.990005  0.420000
1  -15.499106  -15.499106  -nan  0.015446  -0.009707  167.146939  0.028277  -0.010038  206.990005  0.420000
1  -15.499220  -15.499220  -nan  0.016911  -0.003823  167.161502  0.029715  -0.004132  206.990005  0.420000
1  -15.495963  -15.496364  nan  0.029961  0.047305  167.163966  0.042735  0.046999  206.990005  0.420000
1  -15.499059  -15.499059  -nan  0.021705  0.013278  167.169714  0.034449  0.012976  207.039993  0.580000
1  -15.497811  -15.497811  nan  0.024102  0.022998  167.196693  0.036821  0.022711  207.039993  0.580000
1  -15.498551  -15.498551  nan  0.016512  -0.003596  167.219194  0.029206  -0.003865  207.039993  0.580000
1  -15.500070  -15.500070  -nan  0.027164  0.036564  167.238555  0.039832  0.036294  207.039993  0.580000
1  -15.497946  -15.497909  -nan  0.012117  -0.023137  167.229583  0.024754  -0.023420  207.039993  0.580000
1  -15.499624  -15.499624  -nan  0.026232  0.032897  167.214523  0.038835  0.032603  207.039993  0.580000
1  -15.497077  -15.497077  -nan  0.014248  -0.013908  167.205797  0.026821  -0.014204  207.039993  0.580000
1  -15.498163  -15.498163  -nan  0.009854  -0.030992  167.200906  0.022397  -0.031288  207.039993  0.580000
1  -15.499279  -15.499279  nan  0.016645  -0.002093  167.184884  0.029158  -0.002391  207.039993  0.580000
1  -15.498318  -15.498539  nan  0.024767  0.027226  167.172912  0.037247  0.026916  207.039993  0.580000
1  -15.500533  -15.500533  nan  0.020773  0.007732  167.207181  0.033226  0.007438  207.039993  0.580000
1  -15.499383  -15.499383  nan  0.013316  -0.024300  167.226472  0.025741  -0.024588  206.130005  0.730000
1  -15.498974  -15.498974  -nan  0.018908  0.000172  167.190686  0.031298  -0.000138  206.130005  0.730000
1  -15.498443  -15.498443  -nan  0.016911  -0.004556  167.164581  0.029268  -0.004870  206.130005  0.730000
1  -15.496988  -15.497589  -nan  0.023170  0.018061  167.184859  0.035499  0.017761  206.130005  0.730000
1  -15.500451  -15.500451  nan  0.014514  -0.014416  167.179249  0.026814  -0.014712  206.130005  0.730000
1  -15.497883  -15.497883  nan  0.021971  0.018816  167.139863  0.034238  0.018510  206.130005  0.730000
1  -15.497666  -15.497666  nan  0.019707  0.008148  167.162962  0.031948  0.007860  206.130005  0.730000
1  -15.499654  -15.499654  -nan  0.021039  0.014251  167.198368  0.033258  0.013985  206.130005  0.730000
1  -15.496897  -15.496986  -nan  0.014647  -0.012695  167.209573  0.026838  -0.012964  206.130005  0.730000
1  -15.498698  -15.498698  nan  0.012117  -0.023659  167.189000  0.024275  -0.023946  206.130005  0.730000
1  -15.497298  -15.497298  nan  0.013848  -0.017280  167.161204  0.025972  -0.017587  206.130005  0.730000
1  -15.498448  -15.498448  -nan  0.009987  -0.034567  167.150847  0.022078  -0.034877  206.130005  0.730000
1  -15.498945  -15.498945  nan  0.010120  -0.035393  167.179551  0.022185  -0.035684  204.649994  0.830000
1  -15.497165  -15.497181  -nan  0.016378  -0.011766  167.199061  0.028416  -0.012050  204.649994  0.830000
1  -15.499619  -15.499619  -nan  0.016512  -0.011761  167.178689  0.028515  -0.012062  204.649994  0.830000
1  -15.496818  -15.496818  nan  0.015846  -0.012105  167.166644  0.027819  -0.012408  204.649994  0.830000
1  -15.497920  -15.497920  -nan  0.017311  -0.004630  167.174000  0.029256  -0.004924  204.649994  0.830000
1  -15.499564  -15.499564  -nan  0.025167  0.024642  167.165423  0.037080  0.024339  204.649994  0.830000
1  -15.497712  -15.497841  nan  0.024235  0.021539  167.178178  0.036121  0.021247  204.649994  0.830000
1  -15.500826  -15.500826  nan  0.023702  0.021333  167.173884  0.035559  0.021043  204.649994  0.830000
1  -15.498042  -15.498042  -nan  0.021572  0.014379  167.172263  0.033400  0.014092  203.039993  0.850000
1  -15.498334  -15.498334  -nan  0.014647  -0.013715  167.130931  0.026439  -0.014026  203.039993  0.850000
1  -15.498358  -15.498358  nan  0.027164  0.035041  167.148025  0.038929  0.034744  203.039993  0.850000
1  -15.497810  -15.497855  nan  0.015846  -0.012344  167.162313  0.027582  -0.012635  203.039993  0.850000
1  -15.499875  -15.499875  -nan  0.017311  -0.007984  167.189465  0.029021  -0.008263  203.039993  0.850000
1  -15.498100  -15.498100  -nan  0.021438  0.009301  167.200738  0.033122  0.009023  203.039993  0.850000
1  -15.500544  -15.500544  nan  0.009854  -0.035858  167.195035  0.021507  -0.036142  203.039993  0.850000
1  -15.498742  -15.498742  -nan  0.021838  0.016587  167.167818  0.033460  0.016298  203.039993  0.850000
1  -15.496847  -15.496872  -nan  0.011318  -0.027138  167.173128  0.022912  -0.027425  203.039993  0.850000
1  -15.498002  -15.498002  -nan  0.021305  0.013537  167.140414  0.032865  0.013237  203.039993  0.850000
1  -15.496668  -15.496668  nan  0.025700  0.029274  167.135037  0.037229  0.028972  204.100006  0.930000
1  -15.500641  -15.500641  nan  0.009721  -0.032889  167.078036  0.021212  -0.033215  204.100006  0.930000
1  -15.498638  -15.498638  nan  0.012384  -0.020356  167.083097  0.023850  -0.020661  204.100006  0.930000
1  -15.499155  -15.499106  nan  0.013183  -0.019901  167.084812  0.024619  -0.020201  204.100006  0.930000
1  -15.499189  -15.499189  nan  0.014781  -0.014535  167.089239  0.026189  -0.014828  204.100006  0.930000
1  -15.497002  -15.497002  -nan  0.010519  -0.028529  167.098117  0.021903  -0.028805  204.100006  0.930000
1  -15.498358  -15.498358  -nan  0.012384  -0.018192  167.095855  0.023740  -0.018463  204.100006  0.930000
1  -15.498082  -15.498082  -nan  0.015979  -0.004009  167.094025  0.027308  -0.004281  204.100006  0.930000
1  -15.500221  -15.500726  -nan  0.027697  0.042655  167.084692  0.038997  0.042380  204.100006  0.930000
1  -15.499920  -15.499920  -nan  0.023170  0.021079  167.119663  0.034445  0.020817  204.100006  0.930000
1  -15.495662  -15.495662  nan  0.012117  -0.021538  167.104307  0.023364  -0.021809  199.509995  0.920000
1  -15.499167  -15.499167  -nan  0.026632  0.036185  167.084372  0.037846  0.035901  199.509995  0.920000
1  -15.497451  -15.497451  nan  0.014115  -0.013608  167.068384  0.025299  -0.013897  199.509995  0.920000
1  -15.498496  -15.498234  -nan  0.017843  -0.000108  167.068576  0.028998  -0.000397  199.509995  0.920000
1  -15.498881  -15.498881  -nan  0.008256  -0.035836  167.066735  0.019385  -0.036114  199.509995  0.920000
1  -15.498605  -15.498605  -nan  0.019175  0.008445  167.046526  0.030273  0.008158  199.509995  0.920000
1  -15.500380  -15.500380  -nan  0.014115  -0.011684  167.078914  0.025192  -0.011945  199.509995  0.920000
1  -15.494924  -15.494924  nan  0.008788  -0.034132  167.090880  0.019839  -0.034391  199.509995  0.920000
1  -15.498044  -15.498614  -nan  0.024767  0.027421  167.099191  0.035791  0.027160  199.509995  0.920000
1  -15.499606  -15.499606  -nan  0.028363  0.042531  167.093048  0.039358  0.042264  199.509995  0.920000
1  -15.497678  -15.497678  -nan  0.019974  0.010265  167.105119  0.030945  0.010006  203.279999  0.890000
1  -15.501061  -15.501061  nan  0.017843  -0.000035  167.116129  0.028787  -0.000297  203.279999  0.890000
1  -15.498849  -15.498849  -nan  0.016112  -0.007948  167.098359  0.027024  -0.008228  203.279999  0.890000
1  -15.497915  -15.498331  nan  0.017311  -0.003574  167.085849  0.028192  -0.003861  203.279999  0.890000
1  -15.498539  -15.498539  nan  0.021838  0.013468  167.081032  0.032690  0.013177  203.279999  0.890000
1  -15.494240  -15.494240  -nan  0.011452  -0.027709  167.081705  0.022275  -0.027996  203.279999  0.890000
1  -15.499477  -15.499477  -nan  0.016911  -0.008474  167.076177  0.027704  -0.008768  203.279999  0.890000
1  -15.497966  -15.497966  -nan  0.016645  -0.008753  167.075471  0.027409  -0.009041  203.279999  0.890000
1  -15.500684  -15.500511  nan  0.018109  -0.001072  167.088620  0.028848  -0.001348  203.279999  0.890000
1  -15.498534  -15.498534  -nan  0.014514  -0.015557  167.104146  0.025228  -0.015826  203.279999  0.890000
1  -15.497214  -15.497214  -nan  0.022104  0.015833  167.080619  0.032786  0.015551  203.279999  0.890000
1  -15.499247  -15.499247  -nan  0.009321  -0.035208  167.087487  0.019975  -0.035485  205.820007  0.810000
1  -15.497925  -15.497925  nan  0.016645  -0.005029  167.068699  0.027269  -0.005312  205.820007  0.810000
1  -15.499419  -15.499432  nan  0.022903  0.018279  167.073915  0.033500  0.017999  205.820007  0.810000
1  -15.498390  -15.498390  nan  0.009721  -0.034165  167.086226  0.020291  -0.034435  205.820007  0.810000
1  -15.497076  -15.497076  nan  0.015846  -0.008799  167.082073  0.026389  -0.009070  205.820007  0.810000
1  -15.500029  -15.500029  nan  0.023170  0.020005  167.073694  0.033683  0.019727  205.820007  0.810000
1  -15.496962  -15.496962  nan  0.023569  0.023601  167.071830  0.034056  0.023329  205.820007  0.810000
1  -15.498463  -15.498468  nan  0.010786  -0.027605  167.081464  0.021247  -0.027868  205.820007  0.810000
1  -15.498591  -15.498591  nan  0.019042  0.005617  167.053213  0.029471  0.005334  205.820007  0.810000
1  -15.498333  -15.498333  -nan  0.026365  0.033564  167.051787  0.036767  0.033282  205.690002  0.730000
1  -15.499979  -15.499979  nan  0.013582  -0.016251  167.035145  0.023955  -0.016533  205.690002  0.730000
1  -15.498378  -15.498378  -nan  0.020240  0.009480  167.016689  0.030582  0.009189  205.690002  0.730000
1  -15.497641  -15.497704  -nan  0.021838  0.015659  167.011226  0.032151  0.015371  205.690002  0.730000
1  -15.499057  -15.499057  -nan  0.011452  -0.024429  166.991205  0.021735  -0.024720  205.690002  0.730000
1  -15.497826  -15.497826  nan  0.016911  0.000444  166.952826  0.027163  0.000146  205.690002  0.730000
1  -15.500774  -15.500774  -nan  0.027564  0.042222  166.942985  0.037788  0.041932  205.690002  0.730000
1  -15.498498  -15.498498  -nan  0.018109  0.003693  166.931962  0.028305  0.003406  205.690002  0.730000
1  -15.497443  -15.498027  -nan  0.011185  -0.024949  166.951081  0.021356  -0.025220  205.690002  0.730000
1  -15.498760  -15.498760  -nan  0.017710  0.003120  166.954233  0.027856  0.002857  205.690002  0.730000
1  -15.497097  -15.497097  nan  0.027164  0.039695  166.949636  0.037283  0.039429  199.860001  0.610000
1  -15.499404  -15.499404  nan  0.016378  -0.004042  166.941056  0.026469  -0.004313  199.860001  0.610000
1  -15.498602  -15.498602  -nan  0.014514  -0.012574  166.960549  0.024580  -0.012833  199.860001  0.610000
1  -15.499182  -15.498261  nan  0.019042  0.003739  166.963152  0.029080  0.003473  199.860001  0.610000
1  -15.498745  -15.498745  -nan  0.020506  0.015904  166.901816  0.030512  0.015620  199.860001  0.610000
1  -15.495768  -15.495768  -nan  0.022371  0.022769  166.890012  0.032348  0.022487  199.860001  0.610000
1  -15.498991  -15.498991  nan  0.018775  0.002675  166.898540  0.028725  0.002391  199.860001  0.610000
1  -15.497542  -15.497542  nan  0.024102  0.021837  166.892589  0.034021  0.021551  199.860001  0.610000
1  -15.499323  -15.499267  nan  0.020373  0.010880  166.849049  0.030261  0.010583  199.860001  0.610000
1  -15.499640  -15.499640  -nan  0.018775  0.004688  166.840828  0.028635  0.004401  199.860001  0.610000
1  -15.497470  -15.497470  -nan  0.029694  0.045353  166.866994  0.039530  0.045080  196.839996  0.600000
1  -15.498486  -15.498486  nan  0.014647  -0.015304  166.848167  0.024453  -0.015588  196.839996  0.600000
1  -15.496567  -15.496567  nan  0.021039  0.014142  166.849169  0.030820  0.013874  196.839996  0.600000
1  -15.499262  -15.499050  -nan  0.002530  -0.056102  166.856162  0.012289  -0.056355  196.839996  0.600000
1  -15.501499  -15.501499  nan  0.020906  0.015114  166.846484  0.030636  0.014851  196.839996  0.600000
1  -15.498434  -15.498434  nan  0.009188  -0.032109  166.854323  0.018893  -0.032367  196.839996  0.600000
1  -15.500445  -15.500445  nan  0.008522  -0.037162  166.836680  0.018196  -0.037435  196.839996  0.600000
1  -15.498027  -15.498027  nan  0.030094  0.049750  166.808683  0.039737  0.049465  196.839996  0.600000
1  -15.497530  -15.497400  nan  0.016112  -0.007778  166.808833  0.025728  -0.008059  196.839996  0.600000
1  -15.498640  -15.498640  nan  0.010786  -0.026308  166.808837  0.020377  -0.026578  199.119995  0.590000
1  -15.497962  -15.497962  -nan  0.013049  -0.019414  166.802916  0.022612  -0.019687  199.119995  0.590000
1  -15.502321  -15.502321  -nan  0.014781  -0.010236  166.789529  0.024316  -0.010508  199.119995  0.590000
