
1   0.000000   0.000000 -15.160407 -15.160407       1

1   0.000000   0.000000 -15.158300 -15.158300       1

1   0.000000   0.000000 -15.158965 -15.158965       1

1   0.000000   0.000000 -15.158720 -15.158720       1

1   0.000000   0.000000 -15.158442 -15.158442       1

1   0.000000   0.000000 -15.159551 -15.159551       1

1   0.000000   0.000000 -15.159536 -15.159412       1

1   0.000000   0.000000 -15.158842 -15.158842       1

1   0.000000   0.000000 -15.158969 -15.158969       1

1   0.000000   0.000000 -15.158961 -15.158961       2

1   0.000000   0.000000 -15.158400 -15.158400       2

1   0.000000   0.000000 -15.159876 -15.159829       2

1   0.000000   0.000000 -15.159856 -15.159856       2

1   0.000000   0.000000 -15.159524 -15.159524       2

1   0.000000   0.000000 -15.158629 -15.158629       2

1   0.000000   0.000000 -15.159449 -15.159449       2

1   0.000000   0.000000 -15.158628 -15.158779       2

1   0.000000   0.000000 -15.160190 -15.160190       2

1   0.000000   0.000000 -15.160051 -15.160051       2

1   0.000000   0.000000 -15.158258 -15.158258       3

1   0.000000   0.000000 -15.159529 -15.159529       3

1   0.000000   0.000000 -15.159772 -15.159741       3

1   0.000000   0.000000 -15.159160 -15.159160       3

1   0.000000   0.000000 -15.159074 -15.159074       3

1   0.000000   0.000000 -15.158983 -15.158983       3

1   0.000000   0.000000 -15.158652 -15.158652       3

1   0.000000   0.000000 -15.158498 -15.158715       3

1   0.000000   0.000000 -15.159265 -15.159265       3

7   0.000000   0.000000 -15.158338 -15.159050       3

7   0.000000   0.000000 -15.158338 -15.159388       4

7   0.000000   0.000000 -15.158338 -15.160276       4

7   0.000000   0.000000 -15.158338 -15.161013       4

7   0.000000   0.000000 -15.158338 -15.159556       4

7   0.000000   0.000000 -15.158338 -15.159349       4

7   0.000000   0.000000 -15.158338 -15.159197       4

7   0.000000   0.000000 -15.158338 -15.160246       4

7   0.000000   0.000000 -15.158338 -15.158778       4

7   0.000000   0.000000 -15.158338 -15.160708       4

7   0.000000   0.000000 -15.158338 -15.159304       4

7   0.000000   0.000000 -15.158338 -15.158150       5

7   0.000000   0.000000 -15.158338 -15.157762       5

7   0.000000   0.000000 -15.158338 -15.159490       5

7   0.000000   0.000000 -15.158338 -15.158500       5

7   0.000000   0.000000 -15.158338 -15.160437       5
