mode yawCmd rudderSet rudderIs gpsCourse gpsSpeed cY cW cWd mY mW mWd accGyroCount magCount psid psiTilde rTilde integralPsiTilde rudderMoment tauFF 
1  0.000000  1.216036  1.216036  8150869187294608410898218223435924998930694222225175129234340176268719943833349957460729673036563919251891479866031066893712759300673416995680835109344349788043525085637152408526018870341863407734094089721361291409169840983643861727697822939347893563706896751263744.000000  0.000000 31.878310  1.075816  0.839644  77.458127  1.408145  0.840806 446 221 0.000000  0.000000  0.000000  0.000000  0.000000  0.000000 
1  77.458127  1.217103  1.217103  8150869187294608410898218223435924998930694222225175129234340176268719943833349957460729673036563919251891479866031066893712759300673416995680835109344349788043525085637152408526018870341863407734094089721361291409169840983643861727697822939347893563706896751263744.000000  0.000000 35.455046  1.299766  1.572606  83.497477  1.358926  0.414658 25 13 77.458127  0.000000  0.000000  0.000000  0.000000  0.000000 
1  83.497477  1.216394  1.216394  8150869187294608410898218223435924998930694222225175129234340176268719943833349957460729673036563919251891479866031066893712759300673416995680835109344349788043525085637152408526018870341863407734094089721361291409169840983643861727697822939347893563706896751263744.000000  0.000000 39.092369  1.167120  -0.381836  89.032736  1.275072  0.124020 25 12 83.497477  0.000000  0.000000  0.000000  0.000000  0.000000 
1  89.032736  1.217165  1.217165  8150869187294608410898218223435924998930694222225175129234340176268719943833349957460729673036563919251891479866031066893712759300673416995680835109344349788043525085637152408526018870341863407734094089721361291409169840983643861727697822939347893563706896751263744.000000  0.000000 42.622711  0.877315  0.367397  94.458226  1.307748  0.165475 25 12 89.032736  0.000000  0.000000  0.000000  0.000000  0.000000 
1  94.458226  1.217420  1.217275  8150869187294608410898218223435924998930694222225175129234340176268719943833349957460729673036563919251891479866031066893712759300673416995680835109344349788043525085637152408526018870341863407734094089721361291409169840983643861727697822939347893563706896751263744.000000  0.000000 46.668349  0.512610  -1.137335  100.040603  1.181841  -0.322377 25 13 94.458226  0.000000  0.000000  0.000000  0.000000  0.000000 
1  100.040603  1.217317  1.217317  8150869187294608410898218223435924998930694222225175129234340176268719943833349957460729673036563919251891479866031066893712759300673416995680835109344349788043525085637152408526018870341863407734094089721361291409169840983643861727697822939347893563706896751263744.000000  0.000000 50.903318  0.684997  -3.494361  105.509452  1.222411  -0.146183 25 12 100.040603  0.000000  0.000000  0.000000  0.000000  0.000000 
1  105.509452  1.218353  1.218353  8150869187294608410898218223435924998930694222225175129234340176268719943833349957460729673036563919251891479866031066893712759300673416995680835109344349788043525085637152408526018870341863407734094089721361291409169840983643861727697822939347893563706896751263744.000000  0.000000 54.829421  0.747382  -0.981715  110.726293  1.404774  0.519217 25 12 105.509452  0.000000  0.000000  0.000000  0.000000  0.000000 
1  110.726293  1.217057  1.217057  154.800003  0.410000 59.266188  0.282426  -1.241944  115.963518  1.365038  0.160951 25 13 110.726293  0.000000  0.000000  0.000000  0.000000  0.000000 
1  115.963518  1.216165  1.216165  154.800003  0.410000 63.624502  1.274557  -0.328896  121.048205  1.422480  0.357854 25 12 115.963518  0.000000  0.000000  0.000000  0.000000  0.000000 
1  121.048205  1.216698  1.216698  154.800003  0.410000 68.014032  0.857487  -0.375667  125.821213  1.269905  -0.294023 25 12 121.048205  0.000000  0.000000  0.000000  0.000000  0.000000 
1  125.821213  1.216379  1.216379  154.800003  0.410000 72.460869  1.014729  -0.531431  130.918138  1.575168  0.763507 25 13 125.821213  0.000000  0.000000  0.000000  0.000000  0.000000 
1  130.918138  1.215303  1.215303  154.800003  0.410000 76.974019  0.397778  1.645919  135.767992  1.411082  -0.009209 25 12 130.918138  0.000000  0.000000  0.000000  0.000000  0.000000 
1  135.767992  1.215945  1.215945  154.800003  0.410000 81.431313  0.647522  -0.310956  140.629586  1.422437  0.054683 24 13 135.767992  0.000000  0.000000  0.000000  0.000000  0.000000 
1  140.629586  1.216157  1.216157  154.800003  0.410000 85.752101  0.778128  -0.601938  145.576825  1.450250  0.138555 26 12 140.629586  0.000000  0.000000  0.000000  0.000000  0.000000 
1  145.576825  1.216340  1.216340  154.800003  0.410000 90.016644  1.178373  0.575444  150.115501  1.633235  0.671893 25 12 145.576825  0.000000  0.000000  0.000000  0.000000  0.000000 
1  150.115501  1.214822  1.214822  154.800003  0.410000 94.182214  1.111037  1.339887  154.680921  1.664629  0.524652 25 13 150.115501  0.000000  0.000000  0.000000  0.000000  0.000000 
1  154.680921  1.215868  1.215966  154.800003  0.410000 97.931850  1.167529  -0.400402  159.006885  1.596237  0.155257 25 12 154.680921  0.000000  0.000000  0.000000  0.000000  0.000000 
1  159.006885  1.217238  1.217238  152.119995  0.270000 101.752877  0.689636  -0.580584  159.333039  1.563804  0.069501 25 12 159.006885  0.000000  0.000000  0.000000  0.000000  0.000000 
1  159.333039  1.216191  1.216191  152.119995  0.270000 105.680220  0.152792  0.047377  159.473046  1.545158  -0.028836 25 13 159.333039  0.000000  0.000000  0.000000  0.000000  0.000000 
1  159.473046  1.217325  1.217325  152.119995  0.270000 109.293363  1.121221  1.187332  159.179172  1.724815  0.616125 25 12 159.473046  0.000000  0.000000  0.000000  0.000000  0.000000 
1  159.179172  1.216392  1.216392  152.119995  0.270000 112.606222  1.756851  1.710434  160.065561  1.655403  0.324322 25 12 159.179172  0.000000  0.000000  0.000000  0.000000  0.000000 
1  160.065561  1.215985  1.215985  152.119995  0.270000 115.990438  0.923105  0.408895  159.185049  1.726270  0.447689 25 13 160.065561  0.000000  0.000000  0.000000  0.000000  0.000000 
1  159.185049  1.216928  1.216928  152.119995  0.270000 118.872695  0.793661  -0.484361  159.552583  1.798437  0.625521 25 12 159.185049  0.000000  0.000000  0.000000  0.000000  0.000000 
1  159.552583  1.217790  1.217790  152.119995  0.270000 121.864511  1.570160  2.738358  159.365930  1.776307  0.395905 25 12 159.552583  0.000000  0.000000  0.000000  0.000000  0.000000 
1  159.365930  1.217534  1.217534  152.119995  0.270000 124.771683  0.640969  -0.391166  159.809290  1.767764  0.215347 25 13 159.365930  0.000000  0.000000  0.000000  0.000000  0.000000 
1  159.809290  1.217306  1.217306  152.119995  0.270000 127.043913  0.678840  1.801488  159.789247  1.593542  -0.410810 25 12 159.809290  0.000000  0.000000  0.000000  0.000000  0.000000 
1  159.789247  1.217360  1.217066  152.119995  0.270000 129.515883  0.460454  -2.646916  160.122371  1.692998  -0.017829 25 12 159.789247  0.000000  0.000000  0.000000  0.000000  0.000000 
1  160.122371  1.217177  1.217177  152.119995  0.270000 131.880597  0.671371  0.577746  160.007092  1.745376  0.190183 25 13 160.122371  0.000000  0.000000  0.000000  0.000000  0.000000 
1  160.007092  1.215710  1.215710  152.119995  0.270000 133.986057  1.197724  2.419555  160.290326  2.001318  0.917212 25 12 160.007092  0.000000  0.000000  0.000000  0.000000  0.000000 
1  160.290326  1.215929  1.215929  152.119995  0.270000 135.996886  1.130496  -1.352035  160.006813  1.771177  -0.096651 25 12 160.290326  0.000000  0.000000  0.000000  0.000000  0.000000 
1  160.006813  1.216340  1.216340  186.350006  0.390000 137.931929  0.785832  1.792189  159.949945  1.646337  -0.397963 25 13 160.006813  0.000000  0.000000  0.000000  0.000000  0.000000 
1  159.949945  1.216434  1.215936  186.350006  0.390000 139.562456  1.526727  -1.770631  160.111559  1.798042  0.196038 25 12 159.949945  0.000000  0.000000  0.000000  0.000000  0.000000 
1  160.111559  1.216801  1.216801  186.350006  0.390000 141.167453  1.340979  -0.907981  160.305383  1.814973  0.197363 25 12 160.111559  0.000000  0.000000  0.000000  0.000000  0.000000 
1  160.305383  1.215787  1.215787  186.350006  0.390000 142.697400  0.671562  -0.669317  159.833395  1.738401  -0.051294 25 13 160.305383  0.000000  0.000000  0.000000  0.000000  0.000000 
1  159.833395  1.215661  1.215661  186.350006  0.390000 144.038489  0.602130  -2.586587  159.817419  1.711617  -0.143478 25 12 159.833395  0.000000  0.000000  0.000000  0.000000  0.000000 
1  159.817419  1.216090  1.216090  186.350006  0.390000 145.234785  0.304428  -0.662066  159.703442  1.611224  -0.461685 25 12 159.817419  0.000000  0.000000  0.000000  0.000000  0.000000 
1  159.703442  1.216191  1.216336  186.350006  0.390000 146.472953  1.014661  0.352088  159.670913  1.677480  -0.071722 25 13 159.703442  0.000000  0.000000  0.000000  0.000000  0.000000 
1  159.670913  1.216447  1.216447  167.559998  0.750000 147.544686  1.193027  0.869645  159.514984  1.718086  0.115452 25 12 159.670913  0.000000  0.000000  0.000000  0.000000  0.000000 
1  159.514984  1.216526  1.216526  167.559998  0.750000 148.521962  1.003727  0.602967  160.026060  1.750763  0.171963 25 13 159.514984  0.000000  0.000000  0.000000  0.000000  0.000000 
1  160.026060  1.217560  1.217560  167.559998  0.750000 149.420813  1.220431  1.062291  159.543596  1.648960  -0.168145 25 12 160.026060  0.000000  0.000000  0.000000  0.000000  0.000000 
1  159.543596  1.217978  1.217978  167.559998  0.750000 150.305896  0.796598  -0.419259  160.590327  1.674013  0.054314 25 12 159.543596  0.000000  0.000000  0.000000  0.000000  0.000000 
1  160.590327  1.215800  1.215986  167.559998  0.750000 151.101916  0.545148  -1.121267  160.120411  1.682201  0.002779 25 13 160.590327  0.000000  0.000000  0.000000  0.000000  0.000000 
1  160.120411  1.218549  1.218549  167.559998  0.750000 151.836845  0.289967  2.095447  159.709656  1.696797  0.030480 25 12 160.120411  0.000000  0.000000  0.000000  0.000000  0.000000 
1  159.709656  1.216462  1.216462  167.559998  0.750000 152.552037  0.669439  -0.936471  160.015798  1.798118  0.323213 25 12 159.709656  0.000000  0.000000  0.000000  0.000000  0.000000 
1  160.015798  1.214221  1.214221  167.559998  0.750000 153.142322  1.027511  2.439356  159.201232  1.761764  0.141439 25 13 160.015798  0.000000  0.000000  0.000000  0.000000  0.000000 
1  159.201232  1.215885  1.215885  167.559998  0.750000 153.657031  1.007064  -2.916602  159.096983  1.700733  -0.184445 25 12 159.201232  0.000000  0.000000  0.000000  0.000000  0.000000 
1  159.096983  1.217130  1.217130  167.559998  0.750000 154.220404  0.560237  1.636533  160.276266  1.716390  -0.013418 25 12 159.096983  0.000000  0.000000  0.000000  0.000000  0.000000 
1  160.276266  1.216326  1.216326  176.889999  0.420000 154.764152  -0.022574  -1.567708  160.424408  1.654266  -0.219345 25 13 160.276266  0.000000  0.000000  0.000000  0.000000  0.000000 
1  160.424408  1.216948  1.216948  176.889999  0.420000 155.225204  0.640992  -0.113963  160.171218  1.726480  0.120146 25 12 160.424408  0.000000  0.000000  0.000000  0.000000  0.000000 
1  160.171218  1.214885  1.215584  176.889999  0.420000 155.631826  1.426472  1.003679  159.493679  1.764286  0.297639 26 13 160.171218  0.000000  0.000000  0.000000  0.000000  0.000000 
1  159.493679  1.216195  1.216195  176.889999  0.420000 156.018787  1.586785  -1.562996  159.329561  1.826194  0.439597 25 12 159.493679  0.000000  0.000000  0.000000  0.000000  0.000000 
1  159.329561  1.215142  1.215142  176.889999  0.420000 156.340168  0.519344  -1.310180  159.568903  1.623375  -0.321966 25 13 159.329561  0.000000  0.000000  0.000000  0.000000  0.000000 
1  159.568903  1.215683  1.216081  176.889999  0.420000 156.668724  0.663909  -1.361242  159.541727  1.567777  -0.440233 25 12 159.568903  0.000000  0.000000  0.000000  0.000000  0.000000 
1  159.541727  1.216018  1.216018  176.889999  0.420000 156.986377  0.376981  -1.499197  159.444417  1.605220  -0.211297 25 13 159.541727  0.000000  0.000000  0.000000  0.000000  0.000000 
1  159.444417  1.214777  1.214777  176.889999  0.420000 157.287991  0.876747  0.218417  159.721987  1.712011  0.231725 25 12 159.444417  0.000000  0.000000  0.000000  0.000000  0.000000 
1  159.721987  1.217100  1.217100  176.889999  0.420000 157.521900  0.656092  0.444466  159.501485  1.539059  -0.449291 25 12 159.721987  0.000000  0.000000  0.000000  0.000000  0.000000 
1  159.501485  1.216162  1.216162  176.889999  0.420000 157.750196  0.967933  0.628875  159.695209  1.731569  0.357194 25 13 159.501485  0.000000  0.000000  0.000000  0.000000  0.000000 
1  159.695209  1.215830  1.215932  159.029999  0.540000 157.951659  0.766055  -0.142989  160.057798  1.631712  -0.074040 25 12 159.695209  0.000000  0.000000  0.000000  0.000000  0.000000 
1  160.057798  1.216619  1.216619  159.029999  0.540000 158.163978  0.778044  -1.850227  159.545100  1.551118  -0.348014 25 12 160.057798  0.000000  0.000000  0.000000  0.000000  0.000000 
1  159.545100  1.216492  1.216492  159.029999  0.540000 158.420636  0.834696  0.137661  160.500344  1.651070  0.076575 25 13 159.545100  0.000000  0.000000  0.000000  0.000000  0.000000 
1  160.500344  1.216117  1.216117  159.029999  0.540000 158.613444  0.540487  -1.153086  159.539287  1.670101  0.007008 25 12 160.500344  0.000000  0.000000  0.000000  0.000000  0.000000 
1  159.539287  1.217325  1.217325  159.029999  0.540000 158.780556  0.312997  -0.298987  159.901918  1.664364  -0.099437 25 12 159.539287  0.000000  0.000000  0.000000  0.000000  0.000000 
1  159.901918  1.216318  1.216038  159.029999  0.540000 159.009772  1.368727  1.906906  160.628468  1.845067  0.556473 25 13 159.901918  0.000000  0.000000  0.000000  0.000000  0.000000 
1  160.628468  1.216424  1.216424  159.029999  0.540000 159.136938  1.057981  0.780585  159.438025  1.695161  -0.042581 25 12 160.628468  0.000000  0.000000  0.000000  0.000000  0.000000 
1  159.438025  1.216726  1.216726  159.029999  0.540000 159.233102  0.740042  -0.087286  159.055583  1.662526  -0.129222 25 12 159.438025  0.000000  0.000000  0.000000  0.000000  0.000000 
1  159.055583  1.216379  1.216379  159.029999  0.540000 159.355752  1.024251  0.561992  159.853837  1.739367  0.103749 25 13 159.055583  0.000000  0.000000  0.000000  0.000000  0.000000 
1  159.853837  1.216031  1.216031  159.029999  0.540000 159.447123  0.892962  -0.056388  159.587505  1.772525  0.195084 26 12 159.853837  0.000000  0.000000  0.000000  0.000000  0.000000 
1  159.587505  1.216771  1.216771  153.630005  0.650000 159.485706  1.235701  1.923158  159.188759  1.695005  -0.047531 25 12 159.587505  0.000000  0.000000  0.000000  0.000000  0.000000 
1  159.188759  1.215956  1.215956  153.630005  0.650000 159.567596  1.207826  1.460664  159.645156  1.676741  -0.027235 24 13 159.188759  0.000000  0.000000  0.000000  0.000000  0.000000 
1  159.645156  1.215784  1.215784  153.630005  0.650000 159.600725  0.907886  0.868418  159.471517  1.693731  0.131652 26 12 159.645156  0.000000  0.000000  0.000000  0.000000  0.000000 
1  159.471517  1.216985  1.216985  153.630005  0.650000 159.678602  0.773707  -0.495053  159.816120  1.807671  0.490074 25 12 159.471517  0.000000  0.000000  0.000000  0.000000  0.000000 
1  159.816120  1.216441  1.216441  153.630005  0.650000 159.794733  0.679097  -2.002845  159.926433  1.599538  -0.214483 25 13 159.816120  0.000000  0.000000  0.000000  0.000000  0.000000 
1  159.926433  1.215907  1.215253  153.630005  0.650000 159.849420  0.860328  -0.046350  159.526239  1.500917  -0.495908 25 12 159.926433  0.000000  0.000000  0.000000  0.000000  0.000000 
1  159.526239  1.216312  1.216312  153.630005  0.650000 159.857388  1.095838  -1.220214  159.029850  1.540834  -0.214459 25 12 159.526239  0.000000  0.000000  0.000000  0.000000  0.000000 
1  159.029850  1.215596  1.215596  153.630005  0.650000 159.890008  1.228233  0.157054  159.276055  1.763802  0.537806 25 13 159.029850  0.000000  0.000000  0.000000  0.000000  0.000000 
1  159.276055  1.216107  1.216107  153.630005  0.650000 159.911888  0.517152  -1.169432  158.875647  1.632047  -0.176103 25 12 159.276055  0.000000  0.000000  0.000000  0.000000  0.000000 
1  158.875647  1.216807  1.216807  153.630005  0.650000 160.013745  0.340976  -2.007658  160.181029  1.644991  -0.069062 24 13 158.875647  0.000000  0.000000  0.000000  0.000000  0.000000 
1  160.181029  1.216735  1.216528  153.630005  0.650000 160.115016  0.419723  0.720286  160.501600  1.620525  -0.170042 26 12 160.181029  0.000000  0.000000  0.000000  0.000000  0.000000 
1  160.501600  1.217448  1.217448  153.630005  0.650000 160.149505  0.519990  1.857318  159.909800  1.729908  0.173367 25 12 160.501600  0.000000  0.000000  0.000000  0.000000  0.000000 
1  159.909800  1.211569  1.211569  153.630005  0.650000 160.168796  0.669061  -0.828225  159.277973  1.670986  -0.122632 25 13 159.909800  0.000000  0.000000  0.000000  0.000000  0.000000 
1  159.277973  1.216231  1.216231  170.279999  0.520000 160.160280  0.808607  -0.821249  159.058543  1.634039  -0.214968 25 12 159.277973  0.000000  0.000000  0.000000  0.000000  0.000000 
1  159.058543  1.218037  1.218037  170.279999  0.520000 160.171258  0.749776  -1.646811  159.163434  1.619968  -0.152366 25 12 159.058543  0.000000  0.000000  0.000000  0.000000  0.000000 
1  159.163434  1.216208  1.216264  170.279999  0.520000 160.160767  0.412274  -0.636892  159.586642  1.582222  -0.224732 25 13 159.163434  0.000000  0.000000  0.000000  0.000000  0.000000 
1  159.586642  1.215186  1.215186  170.279999  0.520000 160.222627  0.080632  -1.925839  159.957942  1.512866  -0.387117 25 12 159.586642  0.000000  0.000000  0.000000  0.000000  0.000000 
1  159.957942  1.216477  1.216477  170.279999  0.520000 160.242114  0.950832  0.439456  159.793382  1.483720  -0.311956 25 12 159.957942  0.000000  0.000000  0.000000  0.000000  0.000000 
1  159.793382  1.216068  1.216068  170.279999  0.520000 160.276530  1.609402  -1.186046  159.406714  1.661104  0.362820 25 13 159.793382  0.000000  0.000000  0.000000  0.000000  0.000000 
1  159.406714  1.216169  1.216169  170.279999  0.520000 160.195602  0.586865  1.459439  158.672453  1.535286  -0.101083 25 12 159.406714  0.000000  0.000000  0.000000  0.000000  0.000000 
1  158.672453  1.217065  1.217065  142.979996  0.490000 160.225869  0.806463  0.057664  159.204577  1.679133  0.369459 25 12 158.672453  0.000000  0.000000  0.000000  0.000000  0.000000 
1  159.204577  1.216592  1.216592  142.979996  0.490000 160.240731  1.396178  -0.848587  159.364773  1.789057  0.683019 25 13 159.204577  0.000000  0.000000  0.000000  0.000000  0.000000 
1  159.364773  1.216399  1.216399  142.979996  0.490000 160.222030  0.973267  -0.444669  159.887464  1.542977  -0.216550 25 12 159.364773  0.000000  0.000000  0.000000  0.000000  0.000000 
1  159.887464  1.217057  1.217057  142.979996  0.490000 160.223900  0.862113  1.067200  159.819719  1.645143  0.250708 25 13 159.887464  0.000000  0.000000  0.000000  0.000000  0.000000 
1  159.819719  1.217203  1.217203  142.979996  0.490000 160.268978  1.281351  0.789517  160.007360  1.632194  0.051681 25 12 159.819719  0.000000  0.000000  0.000000  0.000000  0.000000 
1  160.007360  1.214707  1.214707  142.979996  0.490000 160.303407  0.883811  -0.491745  159.870855  1.745131  0.424675 25 12 160.007360  0.000000  0.000000  0.000000  0.000000  0.000000 
1  159.870855  1.215974  1.215974  142.979996  0.490000 160.336415  0.587664  -0.981444  159.870565  1.565165  -0.328288 25 13 159.870855  0.000000  0.000000  0.000000  0.000000  0.000000 
1  159.870565  1.217011  1.217306  142.979996  0.490000 160.349893  0.412100  -1.963067  159.327339  1.496845  -0.508795 25 12 159.870565  0.000000  0.000000  0.000000  0.000000  0.000000 
1  159.327339  1.216809  1.216809  142.979996  0.490000 160.400248  1.107454  0.673747  159.910158  1.613208  -0.026495 25 12 159.327339  0.000000  0.000000  0.000000  0.000000  0.000000 
1  159.910158  1.215487  1.215487  142.979996  0.490000 160.396902  0.598510  -1.242512  159.465125  1.543461  -0.372930 25 13 159.910158  0.000000  0.000000  0.000000  0.000000  0.000000 
1  159.465125  1.217017  1.217017  314.470001  0.920000 160.408934  0.915393  1.321705  159.714880  1.538771  -0.280240 25 12 159.465125  0.000000  0.000000  0.000000  0.000000  0.000000 
1  159.714880  1.215949  1.215949  314.470001  0.920000 160.424858  0.923159  -0.438744  159.347460  1.700580  0.309543 25 12 159.714880  0.000000  0.000000  0.000000  0.000000  0.000000 
1  159.347460  1.218201  1.218201  314.470001  0.920000 160.447858  0.869804  1.879183  159.582217  1.599896  -0.044804 25 13 159.347460  0.000000  0.000000  0.000000  0.000000  0.000000 
1  159.582217  1.216974  1.216974  314.470001  0.920000 160.477528  1.296779  0.594855  159.866297  1.665399  0.232533 25 12 159.582217  0.000000  0.000000  0.000000  0.000000  0.000000 
1  159.866297  1.217447  1.217447  314.470001  0.920000 160.471418  0.467939  0.050423  159.097383  1.576006  -0.083003 25 12 159.866297  0.000000  0.000000  0.000000  0.000000  0.000000 
1  159.097383  1.216174  1.216174  314.470001  0.920000 160.448658  0.869744  -2.226179  159.453168  1.475582  -0.351987 25 13 159.097383  0.000000  0.000000  0.000000  0.000000  0.000000 
1  159.453168  1.215563  1.215563  314.470001  0.920000 160.414862  0.343349  -0.073385  158.507413  1.594358  0.092156 25 12 159.453168  0.000000  0.000000  0.000000  0.000000  0.000000 
1  158.507413  1.216351  1.216351  314.470001  0.920000 160.437776  1.121372  -0.854244  159.702277  1.625373  0.181715 25 12 158.507413  0.000000  0.000000  0.000000  0.000000  0.000000 
1  159.702277  1.215805  1.215805  314.470001  0.920000 160.412854  0.724796  2.085775  159.487880  1.525156  -0.155322 25 13 159.702277  0.000000  0.000000  0.000000  0.000000  0.000000 
1  159.487880  1.216396  1.215121  314.470001  0.920000 160.470352  0.778249  0.697585  159.592725  1.610841  0.154271 25 12 159.487880  0.000000  0.000000  0.000000  0.000000  0.000000 
1  159.592725  1.216088  1.216088  338.940002  1.080000 160.446220  1.063779  2.088259  159.195681  1.454612  -0.450400 25 12 159.592725  0.000000  0.000000  0.000000  0.000000  0.000000 
1  159.195681  1.216087  1.216087  338.940002  1.080000 160.487344  1.022153  0.350020  160.199984  1.529922  -0.044062 25 13 159.195681  0.000000  0.000000  0.000000  0.000000  0.000000 
1  160.199984  1.215557  1.215557  338.940002  1.080000 160.477741  0.526770  -1.446204  159.178411  1.653753  0.407544 25 12 160.199984  0.000000  0.000000  0.000000  0.000000  0.000000 
1  159.178411  1.216122  1.216122  338.940002  1.080000 160.542806  0.459261  -0.725811  160.497420  1.587455  0.100365 25 13 159.178411  0.000000  0.000000  0.000000  0.000000  0.000000 
1  160.497420  1.216753  1.216753  338.940002  1.080000 160.576612  0.793507  1.416353  160.679065  1.634507  0.221120 25 12 160.497420  0.000000  0.000000  0.000000  0.000000  0.000000 
1  160.679065  1.215124  1.215124  338.940002  1.080000 160.613114  0.997802  -0.503453  159.939478  1.736278  0.519767 25 12 160.679065  0.000000  0.000000  0.000000  0.000000  0.000000 
1  159.939478  1.216301  1.216301  338.940002  1.080000 160.649763  1.248625  1.774242  160.183824  1.593400  -0.085481 25 13 159.939478  0.000000  0.000000  0.000000  0.000000  0.000000 
1  160.183824  1.216449  1.216449  338.940002  1.080000 160.665573  1.182450  1.658088  159.639212  1.710964  0.322343 25 12 160.183824  0.000000  0.000000  0.000000  0.000000  0.000000 
1  159.639212  1.217507  1.217507  338.940002  1.080000 160.684254  1.229982  -0.840029  159.510579  1.657301  0.106389 25 12 159.639212  0.000000  0.000000  0.000000  0.000000  0.000000 
1  159.510579  1.217245  1.217245  338.940002  1.080000 160.629833  0.620515  -0.861437  159.798175  1.594315  -0.091302 25 13 159.510579  0.000000  0.000000  0.000000  0.000000  0.000000 
1  159.798175  1.218065  1.218065  1.410000  1.110000 160.672325  1.151865  0.184113  160.340398  1.583832  -0.051246 25 12 159.798175  0.000000  0.000000  0.000000  0.000000  0.000000 
1  160.340398  1.216096  1.215481  1.410000  1.110000 160.643708  1.151735  1.189030  158.936515  1.652596  0.228763 25 12 160.340398  0.000000  0.000000  0.000000  0.000000  0.000000 
1  158.936515  1.218403  1.218403  1.410000  1.110000 160.624177  0.663725  2.320783  159.440769  1.599290  -0.035182 25 13 158.936515  0.000000  0.000000  0.000000  0.000000  0.000000 
1  159.440769  1.217455  1.217455  1.410000  1.110000 160.585153  1.289245  0.311750  159.578877  1.575551  -0.041893 25 12 159.440769  0.000000  0.000000  0.000000  0.000000  0.000000 
1  159.578877  1.217032  1.217032  1.410000  1.110000 160.648283  0.684446  -0.725266  159.560628  1.738576  0.418417 25 13 159.578877  0.000000  0.000000  0.000000  0.000000  0.000000 
1  159.560628  1.216379  1.216379  1.410000  1.110000 160.604013  1.083197  -2.766493  159.619483  1.567753  -0.271018 25 12 159.560628  0.000000  0.000000  0.000000  0.000000  0.000000 
1  159.619483  1.215785  1.216013  1.410000  1.110000 160.618690  1.472190  1.799689  159.467291  1.708478  0.332189 25 12 159.619483  0.000000  0.000000  0.000000  0.000000  0.000000 
1  159.467291  1.215287  1.215287  1.410000  1.110000 160.606203  0.682583  -0.519821  160.161293  1.519269  -0.396808 25 13 159.467291  0.000000  0.000000  0.000000  0.000000  0.000000 
1  160.161293  1.216809  1.216809  1.410000  1.110000 160.645517  1.060439  1.257104  160.252360  1.721883  0.386722 25 12 160.161293  0.000000  0.000000  0.000000  0.000000  0.000000 
1  160.252360  1.215700  1.215700  1.410000  1.110000 160.599720  0.606014  -1.762737  159.269912  1.542473  -0.245618 25 12 160.252360  0.000000  0.000000  0.000000  0.000000  0.000000 
1  159.269912  1.215655  1.215655  1.410000  1.110000 160.604056  0.510439  -1.088944  159.553960  1.509308  -0.264318 25 13 159.269912  0.000000  0.000000  0.000000  0.000000  0.000000 
1  159.553960  1.217208  1.217208  1.410000  1.110000 160.551166  0.915537  -0.805302  159.164698  1.507456  -0.153662 25 12 159.553960  0.000000  0.000000  0.000000  0.000000  0.000000 
1  159.164698  1.217086  1.217086  1.410000  1.110000 160.526497  0.339885  0.707307  159.720603  1.433012  -0.355981 25 12 159.164698  0.000000  0.000000  0.000000  0.000000  0.000000 
1  159.720603  1.215890  1.215890  349.369995  0.920000 160.548697  0.704776  -0.348805  159.483858  1.662797  0.486888 25 13 159.720603  0.000000  0.000000  0.000000  0.000000  0.000000 
1  159.483858  1.216959  1.216959  349.369995  0.920000 160.549864  0.663914  0.644762  159.770104  1.498878  -0.204984 25 12 159.483858  0.000000  0.000000  0.000000  0.000000  0.000000 
1  159.770104  1.216078  1.216078  349.369995  0.920000 160.604996  1.062090  1.218502  160.593108  1.554439  0.092977 25 13 159.770104  0.000000  0.000000  0.000000  0.000000  0.000000 
1  160.593108  1.218258  1.217250  349.369995  0.920000 160.578990  0.867706  0.632210  159.907055  1.424047  -0.354218 25 12 160.593108  0.000000  0.000000  0.000000  0.000000  0.000000 
1  159.907055  1.217171  1.217171  349.369995  0.920000 160.585682  0.610493  0.486434  159.722587  1.552871  0.154591 25 12 159.907055  0.000000  0.000000  0.000000  0.000000  0.000000 
1  159.722587  1.218834  1.218834  349.369995  0.920000 160.568981  1.290732  2.040086  159.773380  1.617931  0.343859 25 13 159.722587  0.000000  0.000000  0.000000  0.000000  0.000000 
1  159.773380  1.217247  1.217247  349.369995  0.920000 160.575722  0.456306  0.513342  160.131142  1.468717  -0.288601 25 12 159.773380  0.000000  0.000000  0.000000  0.000000  0.000000 
1  160.131142  1.215650  1.215650  330.529999  0.710000 160.648547  1.304576  -0.072876  160.239559  1.569101  0.127316 25 12 160.131142  0.000000  0.000000  0.000000  0.000000  0.000000 
1  160.239559  1.216948  1.216948  330.529999  0.710000 160.703398  0.710701  -0.301112  160.224019  1.555062  0.006498 25 13 160.239559  0.000000  0.000000  0.000000  0.000000  0.000000 
1  160.224019  1.216311  1.216311  330.529999  0.710000 160.717969  0.854392  0.311870  160.193463  1.564875  0.095896 25 12 160.224019  0.000000  0.000000  0.000000  0.000000  0.000000 
1  160.193463  1.216581  1.216581  330.529999  0.710000 160.684521  0.839255  1.450768  159.348684  1.479017  -0.200532 25 12 160.193463  0.000000  0.000000  0.000000  0.000000  0.000000 
1  159.348684  1.215417  1.215417  330.529999  0.710000 160.625110  0.638502  -0.378454  159.319807  1.483849  -0.083968 25 13 159.348684  0.000000  0.000000  0.000000  0.000000  0.000000 
1  159.319807  1.216426  1.216426  330.529999  0.710000 160.674219  0.968850  -0.329126  159.627835  1.606670  0.336474 25 12 159.319807  0.000000  0.000000  0.000000  0.000000  0.000000 
1  159.627835  1.216773  1.216773  330.529999  0.710000 160.664185  0.900281  -2.271230  159.393236  1.520494  -0.058252 25 12 159.627835  0.000000  0.000000  0.000000  0.000000  0.000000 
1  159.393236  1.215564  1.215564  330.529999  0.710000 160.641094  1.047700  1.135544  159.171213  1.540801  0.013859 25 13 159.393236  0.000000  0.000000  0.000000  0.000000  0.000000 
1  159.171213  1.217417  1.217187  330.529999  0.710000 160.622821  0.984086  0.524952  159.592979  1.690329  0.536611 25 12 159.171213  0.000000  0.000000  0.000000  0.000000  0.000000 
1  159.592979  1.214757  1.214757  330.529999  0.710000 160.595647  0.955839  0.511185  158.941019  1.573899  -0.047223 25 13 159.592979  0.000000  0.000000  0.000000  0.000000  0.000000 
1  158.941019  1.215557  1.215557  15.840000  0.390000 160.575945  1.104901  1.253300  159.491217  1.501133  -0.239863 25 12 158.941019  0.000000  0.000000  0.000000  0.000000  0.000000 
1  159.491217  1.215755  1.215755  15.840000  0.390000 160.562964  0.915555  1.043533  159.556597  1.500598  -0.063337 25 12 159.491217  0.000000  0.000000  0.000000  0.000000  0.000000 
1  159.556597  1.216726  1.216726  15.840000  0.390000 160.607657  0.528496  -0.825476  159.919058  1.429686  -0.281555 24 13 159.556597  0.000000  0.000000  0.000000  0.000000  0.000000 
1  159.919058  1.216677  1.216677  15.840000  0.390000 160.533336  0.256721  -1.745829  159.056408  1.381502  -0.322235 26 12 159.919058  0.000000  0.000000  0.000000  0.000000  0.000000 
1  159.056408  1.217848  1.217848  15.840000  0.390000 160.464181  1.223694  0.910489  159.332511  1.475872  0.087622 25 12 159.056408  0.000000  0.000000  0.000000  0.000000  0.000000 
1  159.332511  1.216832  1.216832  15.840000  0.390000 160.506307  0.611542  -0.584975  159.778131  1.541296  0.179493 24 13 159.332511  0.000000  0.000000  0.000000  0.000000  0.000000 
1  159.778131  1.216044  1.216044  15.840000  0.390000 160.493915  0.157032  -2.408328  159.134201  1.487056  -0.090015 26 12 159.778131  0.000000  0.000000  0.000000  0.000000  0.000000 
1  159.134201  1.216360  1.216360  15.840000  0.390000 160.486729  0.209135  -2.575837  159.590482  1.456619  -0.154652 25 12 159.134201  0.000000  0.000000  0.000000  0.000000  0.000000 
1  159.590482  1.218145  1.218292  15.840000  0.390000 160.468724  0.437268  1.463332  159.733711  1.502255  0.090583 25 12 159.590482  0.000000  0.000000  0.000000  0.000000  0.000000 
1  159.733711  1.216683  1.216683  15.840000  0.390000 160.453066  0.831535  0.677216  159.249956  1.560748  0.169639 25 13 159.733711  0.000000  0.000000  0.000000  0.000000  0.000000 
1  159.249956  1.217105  1.217105  303.200012  0.380000 160.402798  0.792112  0.431607  159.253352  1.508051  -0.011300 25 12 159.249956  0.000000  0.000000  0.000000  0.000000  0.000000 
1  159.253352  1.217012  1.217012  303.200012  0.380000 160.438027  1.118826  1.392569  159.784982  1.523778  0.118851 25 12 159.253352  0.000000  0.000000  0.000000  0.000000  0.000000 
1  159.784982  1.216113  1.216113  303.200012  0.380000 160.441614  0.625894  0.809481  159.404898  1.573700  0.232516 25 13 159.784982  0.000000  0.000000  0.000000  0.000000  0.000000 
1  159.404898  1.216543  1.216831  303.200012  0.380000 160.503183  1.059887  3.094590  160.518962  1.663162  0.536623 25 12 159.404898  0.000000  0.000000  0.000000  0.000000  0.000000 
1  160.518962  1.215495  1.215495  303.200012  0.380000 160.495787  0.885473  0.134867  159.386939  1.686899  0.481685 24 13 160.518962  0.000000  0.000000  0.000000  0.000000  0.000000 
1  159.386939  1.214497  1.214497  303.200012  0.380000 160.504655  0.328055  0.336746  159.728198  1.518942  -0.238707 26 12 159.386939  0.000000  0.000000  0.000000  0.000000  0.000000 
1  159.728198  1.216966  1.216966  303.200012  0.380000 160.517803  0.806025  1.090922  159.628288  1.543456  -0.097339 25 12 159.728198  0.000000  0.000000  0.000000  0.000000  0.000000 
1  159.628288  1.214930  1.214930  303.200012  0.380000 160.566012  0.484755  -1.209473  159.819734  1.470470  -0.284936 25 13 159.628288  0.000000  0.000000  0.000000  0.000000  0.000000 
1  159.819734  1.216031  1.215978  303.200012  0.380000 160.587592  1.174670  1.679657  159.853418  1.547841  0.073413 25 12 159.819734  0.000000  0.000000  0.000000  0.000000  0.000000 
1  159.853418  1.216438  1.216438  303.200012  0.380000 160.608177  0.818889  1.306120  160.108430  1.554523  0.133418 25 12 159.853418  0.000000  0.000000  0.000000  0.000000  0.000000 
1  160.108430  1.215093  1.215093  17.820000  0.480000 160.610788  0.900355  0.001294  160.097682  1.634647  0.348992 25 13 160.108430  0.000000  0.000000  0.000000  0.000000  0.000000 
1  160.097682  1.217239  1.217239  17.820000  0.480000 160.640787  0.457752  -3.256886  160.529591  1.350657  -0.722182 25 12 160.097682  0.000000  0.000000  0.000000  0.000000  0.000000 
1  160.529591  1.216767  1.216767  17.820000  0.480000 160.666793  1.379126  0.622647  160.476162  1.529674  0.092161 25 12 160.529591  0.000000  0.000000  0.000000  0.000000  0.000000 
1  160.476162  1.215474  1.215357  17.820000  0.480000 160.642142  0.839263  0.281076  159.645009  1.485382  -0.121916 25 13 160.476162  0.000000  0.000000  0.000000  0.000000  0.000000 
1  159.645009  1.217413  1.217413  17.820000  0.480000 160.644109  0.541981  -0.890821  159.278422  1.564824  0.054599 25 12 159.645009  0.000000  0.000000  0.000000  0.000000  0.000000 
1  159.278422  1.216475  1.216475  17.820000  0.480000 160.583063  1.432235  3.015837  158.768570  1.549300  0.032052 25 12 159.278422  0.000000  0.000000  0.000000  0.000000  0.000000 
1  158.768570  1.217228  1.217228  17.820000  0.480000 160.579626  0.724782  0.515966  159.453061  1.556407  0.066241 25 13 158.768570  0.000000  0.000000  0.000000  0.000000  0.000000 
1  159.453061  1.216832  1.216832  17.820000  0.480000 160.609566  0.983142  -0.604861  159.984493  1.606918  0.237549 25 12 159.453061  0.000000  0.000000  0.000000  0.000000  0.000000 
1  159.984493  1.217042  1.216493  17.820000  0.480000 160.640950  1.063031  -0.017602  160.340369  1.459576  -0.318088 25 12 159.984493  0.000000  0.000000  0.000000  0.000000  0.000000 
1  160.340369  1.217177  1.217177  17.820000  0.480000 160.608880  0.755345  -0.953637  159.686931  1.538612  -0.043326 25 12 160.340369  0.000000  0.000000  0.000000  0.000000  0.000000 
1  159.686931  1.216138  1.216138  17.820000  0.480000 160.530537  0.687396  0.588589  159.094084  1.529390  -0.068318 25 12 159.686931  0.000000  0.000000  0.000000  0.000000  0.000000 
1  159.094084  1.217169  1.217169  17.820000  0.480000 160.474098  1.174778  0.150504  158.754485  1.492827  -0.186381 25 13 159.094084  0.000000  0.000000  0.000000  0.000000  0.000000 
1  158.754485  1.215335  1.215335  78.139999  0.180000 160.483965  0.587533  0.640838  159.986337  1.417323  -0.348295 25 12 158.754485  0.000000  0.000000  0.000000  0.000000  0.000000 
1  159.986337  1.216376  1.216307  78.139999  0.180000 160.452698  0.967438  0.128360  159.440504  1.542087  0.217241 25 12 159.986337  0.000000  0.000000  0.000000  0.000000  0.000000 
1  159.440504  1.215598  1.215598  78.139999  0.180000 160.448072  0.923060  0.930097  159.470462  1.546852  0.146830 25 13 159.440504  0.000000  0.000000  0.000000  0.000000  0.000000 
1  159.470462  1.215973  1.215973  78.139999  0.180000 160.443930  1.403458  1.605229  159.612315  1.557387  0.155230 25 12 159.470462  0.000000  0.000000  0.000000  0.000000  0.000000 
1  159.612315  1.216619  1.216619  78.139999  0.180000 160.436796  1.050912  0.306971  159.515761  1.628899  0.361443 25 12 159.612315  0.000000  0.000000  0.000000  0.000000  0.000000 
1  159.515761  1.215696  1.215696  78.139999  0.180000 160.414577  0.076320  1.099748  159.525732  1.469426  -0.328158 25 13 159.515761  0.000000  0.000000  0.000000  0.000000  0.000000 
1  159.525732  1.216162  1.216249  78.139999  0.180000 160.377866  0.915499  -3.534557  159.059531  1.545298  0.051568 25 12 159.525732  0.000000  0.000000  0.000000  0.000000  0.000000 
1  159.059531  1.216977  1.216977  78.139999  0.180000 160.392207  0.856586  0.775847  159.624019  1.524965  0.032837 25 13 159.059531  0.000000  0.000000  0.000000  0.000000  0.000000 
1  159.624019  1.216340  1.216340  357.290009  0.420000 160.369070  0.839177  2.782833  159.632221  1.490806  -0.001525 25 12 159.624019  0.000000  0.000000  0.000000  0.000000  0.000000 
1  159.632221  1.215767  1.215767  357.290009  0.420000 160.389381  1.128912  1.056089  160.130995  1.543168  0.201838 25 12 159.632221  0.000000  0.000000  0.000000  0.000000  0.000000 
1  160.130995  1.216104  1.216104  357.290009  0.420000 160.418650  0.454387  -1.374604  159.531335  1.494434  -0.020529 25 13 160.130995  0.000000  0.000000  0.000000  0.000000  0.000000 
1  159.531335  1.217080  1.216931  357.290009  0.420000 160.442165  0.526491  -1.485810  159.863698  1.315951  -0.654932 25 12 159.531335  0.000000  0.000000  0.000000  0.000000  0.000000 
1  159.863698  1.216837  1.216837  357.290009  0.420000 160.368327  0.559043  1.040314  158.987636  1.348622  -0.400965 25 12 159.863698  0.000000  0.000000  0.000000  0.000000  0.000000 
1  158.987636  1.215920  1.215920  357.290009  0.420000 160.438756  0.767028  0.025932  159.556002  1.487400  0.083770 25 13 158.987636  0.000000  0.000000  0.000000  0.000000  0.000000 
1  159.556002  1.217443  1.217443  357.290009  0.420000 160.420734  0.450015  -1.463445  159.645052  1.442754  -0.085581 25 12 159.556002  0.000000  0.000000  0.000000  0.000000  0.000000 
1  159.645052  1.218162  1.218162  357.290009  0.420000 160.371122  0.854942  -0.514761  159.456496  1.502610  0.196166 25 12 159.645052  0.000000  0.000000  0.000000  0.000000  0.000000 
1  159.456496  1.216103  1.216127  357.290009  0.420000 160.387381  0.204788  -2.180725  159.892247  1.412155  -0.205459 25 13 159.456496  0.000000  0.000000  0.000000  0.000000  0.000000 
1  159.892247  1.217705  1.217705  357.290009  0.420000 160.395864  0.755286  1.297096  160.045487  1.464240  0.005608 25 12 159.892247  0.000000  0.000000  0.000000  0.000000  0.000000 
1  160.045487  1.216748  1.216748  352.260010  0.260000 160.405906  1.355038  1.553217  160.151169  1.534492  0.262968 25 12 160.045487  0.000000  0.000000  0.000000  0.000000  0.000000 
1  160.151169  1.215523  1.215523  352.260010  0.260000 160.423317  0.884109  0.306526  159.689327  1.574858  0.284842 25 13 160.151169  0.000000  0.000000  0.000000  0.000000  0.000000 
1  159.689327  1.216320  1.216320  352.260010  0.260000 160.411767  1.007058  0.054273  160.030004  1.539632  0.176397 25 12 159.689327  0.000000  0.000000  0.000000  0.000000  0.000000 
1  160.030004  1.216893  1.216893  352.260010  0.260000 160.496264  0.738265  -0.229564  160.854301  1.523697  0.099548 25 13 160.030004  0.000000  0.000000  0.000000  0.000000  0.000000 
1  160.854301  1.216300  1.216300  352.260010  0.260000 160.487453  0.282712  0.082251  159.217012  1.619205  0.380877 25 12 160.854301  0.000000  0.000000  0.000000  0.000000  0.000000 
1  159.217012  1.215537  1.215537  352.260010  0.260000 160.447690  1.167201  -1.337020  159.166030  1.470790  -0.187640 25 12 159.217012  0.000000  0.000000  0.000000  0.000000  0.000000 
1  159.166030  1.217011  1.217011  352.260010  0.260000 160.429902  1.551486  3.070707  159.306068  1.511893  0.052281 25 13 159.166030  0.000000  0.000000  0.000000  0.000000  0.000000 
1  159.306068  1.216579  1.216579  352.260010  0.260000 160.429074  0.884917  -0.145425  159.596155  1.360177  -0.458282 25 12 159.306068  0.000000  0.000000  0.000000  0.000000  0.000000 
1  159.596155  1.215404  1.215404  352.260010  0.260000 160.420422  0.617881  0.275581  159.825116  1.341634  -0.391962 25 12 159.596155  0.000000  0.000000  0.000000  0.000000  0.000000 
1  159.825116  1.215126  1.215126  352.260010  0.260000 160.366378  0.087370  -2.628837  158.999407  1.424550  -0.091045 25 13 159.825116  0.000000  0.000000  0.000000  0.000000  0.000000 
1  158.999407  1.216346  1.215867  350.910004  1.150000 160.406933  0.946022  2.037751  159.986077  1.456359  0.065716 25 12 158.999407  0.000000  0.000000  0.000000  0.000000  0.000000 
1  159.986077  1.215562  1.215562  350.910004  1.150000 160.429089  0.595186  -0.328630  159.723608  1.487770  0.111935 25 12 159.986077  0.000000  0.000000  0.000000  0.000000  0.000000 
1  159.723608  1.215815  1.215815  350.910004  1.150000 160.424135  0.609832  -0.768174  159.669106  1.552584  0.277863 25 13 159.723608  0.000000  0.000000  0.000000  0.000000  0.000000 
1  159.669106  1.216982  1.216982  350.910004  1.150000 160.405147  0.610234  1.867556  159.425728  1.449833  -0.189288 25 12 159.669106  0.000000  0.000000  0.000000  0.000000  0.000000 
1  159.425728  1.216339  1.216339  350.910004  1.150000 160.427857  1.195866  -0.061087  159.519953  1.532168  0.148637 25 12 159.425728  0.000000  0.000000  0.000000  0.000000  0.000000 
1  159.519953  1.217391  1.217557  350.910004  1.150000 160.430645  0.385732  -1.672490  160.225145  1.498644  0.029344 25 13 159.519953  0.000000  0.000000  0.000000  0.000000  0.000000 
1  160.225145  1.216423  1.216423  350.910004  1.150000 160.486581  0.221501  0.460888  160.127984  1.486322  -0.047788 25 12 160.225145  0.000000  0.000000  0.000000  0.000000  0.000000 
1  160.127984  1.215386  1.215386  350.910004  1.150000 160.515037  1.004238  0.693587  159.995314  1.544978  0.101167 25 13 160.127984  0.000000  0.000000  0.000000  0.000000  0.000000 
1  159.995314  1.216323  1.216323  350.910004  1.150000 160.503832  1.049991  0.992396  159.629458  1.468569  -0.130848 25 12 159.995314  0.000000  0.000000  0.000000  0.000000  0.000000 
1  159.629458  1.217008  1.217008  350.910004  1.150000 160.493948  0.808691  -1.083868  159.445042  1.431048  -0.223352 25 12 159.629458  0.000000  0.000000  0.000000  0.000000  0.000000 
1  159.445042  1.216533  1.216533  45.869999  0.680000 160.505831  0.777606  -0.193704  159.667818  1.554741  0.153084 25 13 159.445042  0.000000  0.000000  0.000000  0.000000  0.000000 
1  159.667818  1.215386  1.215386  45.869999  0.680000 160.454523  0.682416  -0.456290  158.622761  1.461450  -0.173178 25 12 159.667818  0.000000  0.000000  0.000000  0.000000  0.000000 
1  158.622761  1.216471  1.216471  45.869999  0.680000 160.463893  0.824010  -0.483243  159.525490  1.490127  -0.014024 25 12 158.622761  0.000000  0.000000  0.000000  0.000000  0.000000 
1  159.525490  1.215817  1.215817  45.869999  0.680000 160.537037  0.427378  -1.396083  160.612280  1.432669  -0.209194 25 13 159.525490  0.000000  0.000000  0.000000  0.000000  0.000000 
1  160.612280  1.215052  1.215052  45.869999  0.680000 160.551525  0.930815  0.518661  160.082590  1.541331  0.215021 25 12 160.612280  0.000000  0.000000  0.000000  0.000000  0.000000 
1  160.082590  1.215285  1.215285  45.869999  0.680000 160.549893  1.121571  0.971128  159.741852  1.617571  0.450193 25 12 160.082590  0.000000  0.000000  0.000000  0.000000  0.000000 
1  159.741852  1.216751  1.216751  45.869999  0.680000 160.537945  0.885594  0.314628  159.611231  1.463156  -0.208310 25 13 159.741852  0.000000  0.000000  0.000000  0.000000  0.000000 
1  159.611231  1.216280  1.216322  45.869999  0.680000 160.547296  0.972101  0.780268  159.752115  1.426033  -0.254063 25 12 159.611231  0.000000  0.000000  0.000000  0.000000  0.000000 
1  159.752115  1.215271  1.215271  45.869999  0.680000 160.572605  1.007193  0.083406  159.806639  1.540886  0.231795 25 12 159.752115  0.000000  0.000000  0.000000  0.000000  0.000000 
1  159.806639  1.216312  1.216312  45.869999  0.680000 160.505925  1.570655  3.227773  159.577722  1.470324  0.073131 24 13 159.806639  0.000000  0.000000  0.000000  0.000000  0.000000 
1  159.577722  1.216088  1.216088  45.869999  0.680000 160.540487  1.110125  -1.230147  159.996040  1.493176  0.095082 26 12 159.577722  0.000000  0.000000  0.000000  0.000000  0.000000 
1  159.996040  1.215479  1.215479  45.869999  0.680000 160.544279  0.312891  -0.692545  159.907842  1.377957  -0.368080 25 12 159.996040  0.000000  0.000000  0.000000  0.000000  0.000000 
1  159.907842  1.216416  1.216796  339.510010  0.600000 160.529750  1.364987  2.186304  159.422173  1.652519  0.688664 24 13 159.907842  0.000000  0.000000  0.000000  0.000000  0.000000 
1  159.422173  1.217959  1.217959  339.510010  0.600000 160.528413  0.694367  1.382146  159.483909  1.413591  -0.248954 26 12 159.422173  0.000000  0.000000  0.000000  0.000000  0.000000 
1  159.483909  1.217180  1.217180  339.510010  0.600000 160.577428  1.137678  1.825250  160.009871  1.482820  0.220369 25 12 159.483909  0.000000  0.000000  0.000000  0.000000  0.000000 
1  160.009871  1.218033  1.218033  339.510010  0.600000 160.526263  0.640761  1.992337  159.519090  1.559584  0.403571 25 13 160.009871  0.000000  0.000000  0.000000  0.000000  0.000000 
1  159.519090  1.216224  1.216224  339.510010  0.600000 160.522584  0.795105  1.821315  158.942174  1.517373  0.169575 25 12 159.519090  0.000000  0.000000  0.000000  0.000000  0.000000 
1  158.942174  1.216626  1.216717  339.510010  0.600000 160.555642  1.064967  -1.388927  159.829947  1.532120  0.189952 25 12 158.942174  0.000000  0.000000  0.000000  0.000000  0.000000 
1  159.829947  1.216452  1.216452  339.510010  0.600000 160.521154  0.732441  0.652500  159.189174  1.510406  0.052446 25 13 159.829947  0.000000  0.000000  0.000000  0.000000  0.000000 
1  159.189174  1.215290  1.215290  339.510010  0.600000 160.507859  0.567568  -1.140496  159.849356  1.471593  -0.118643 25 12 159.189174  0.000000  0.000000  0.000000  0.000000  0.000000 
1  159.849356  1.216145  1.216145  323.809998  0.540000 160.553798  1.080039  1.138740  159.883243  1.479567  0.049894 24 13 159.849356  0.000000  0.000000  0.000000  0.000000  0.000000 
1  159.883243  1.216044  1.216044  323.809998  0.540000 160.588169  0.580020  -1.240588  160.121967  1.419703  -0.167613 26 12 159.883243  0.000000  0.000000  0.000000  0.000000  0.000000 
1  160.121967  1.215454  1.215454  323.809998  0.540000 160.560288  0.958009  -1.519190  159.228028  1.526541  0.259826 25 12 160.121967  0.000000  0.000000  0.000000  0.000000  0.000000 
1  159.228028  1.216264  1.216264  323.809998  0.540000 160.535406  0.946896  0.676518  159.780944  1.448381  -0.057953 25 13 159.228028  0.000000  0.000000  0.000000  0.000000  0.000000 
1  159.780944  1.216274  1.216274  323.809998  0.540000 160.561704  1.235819  0.618285  159.902314  1.518562  0.120353 25 12 159.780944  0.000000  0.000000  0.000000  0.000000  0.000000 
1  159.902314  1.215620  1.215620  323.809998  0.540000 160.569913  0.292464  -0.314055  159.664340  1.507977  0.037502 25 12 159.902314  0.000000  0.000000  0.000000  0.000000  0.000000 
1  159.664340  1.216437  1.216437  323.809998  0.540000 160.584094  0.864187  0.228832  159.949008  1.499662  0.050004 25 13 159.664340  0.000000  0.000000  0.000000  0.000000  0.000000 
1  159.949008  1.216108  1.216108  323.809998  0.540000 160.592990  0.465558  -1.416341  159.476782  1.465450  -0.135449 25 12 159.949008  0.000000  0.000000  0.000000  0.000000  0.000000 
1  159.476782  1.216640  1.216640  323.809998  0.540000 160.644632  0.631593  -2.062859  159.753366  1.554423  0.187755 25 12 159.476782  0.000000  0.000000  0.000000  0.000000  0.000000 
1  159.753366  1.217385  1.218220  323.809998  0.540000 160.610509  0.686765  -1.077350  159.374716  1.498906  0.008976 25 13 159.753366  0.000000  0.000000  0.000000  0.000000  0.000000 
1  159.374716  1.216335  1.216335  18.770000  0.530000 160.615448  0.549017  0.277819  159.598121  1.542735  0.136260 25 12 159.374716  0.000000  0.000000  0.000000  0.000000  0.000000 
1  159.598121  1.218052  1.218052  18.770000  0.530000 160.586289  0.516261  -1.261858  159.115185  1.397298  -0.405702 25 12 159.598121  0.000000  0.000000  0.000000  0.000000  0.000000 
1  159.115185  1.216980  1.216980  18.770000  0.530000 160.588030  0.427380  -1.042318  159.937022  1.493501  -0.002412 25 13 159.115185  0.000000  0.000000  0.000000  0.000000  0.000000 
1  159.937022  1.217296  1.217296  18.770000  0.530000 160.534730  0.925403  -0.597849  159.398551  1.487429  0.043378 25 12 159.937022  0.000000  0.000000  0.000000  0.000000  0.000000 
1  159.398551  1.216669  1.216384  18.770000  0.530000 160.505187  1.464996  1.205682  159.605628  1.497720  0.129390 25 12 159.398551  0.000000  0.000000  0.000000  0.000000  0.000000 
1  159.605628  1.217166  1.217166  18.770000  0.530000 160.472569  0.381576  -0.782161  158.585344  1.359698  -0.383158 25 13 159.605628  0.000000  0.000000  0.000000  0.000000  0.000000 
1  158.585344  1.217326  1.217326  18.770000  0.530000 160.495377  0.384915  0.501367  159.411477  1.453773  0.062987 25 12 158.585344  0.000000  0.000000  0.000000  0.000000  0.000000 
1  159.411477  1.215707  1.215707  18.770000  0.530000 160.447766  0.541791  -1.417839  159.483937  1.322245  -0.441772 25 13 159.411477  0.000000  0.000000  0.000000  0.000000  0.000000 
1  159.483937  1.216706  1.216706  18.770000  0.530000 160.469056  1.380693  0.737130  159.583378  1.549642  0.426069 25 12 159.483937  0.000000  0.000000  0.000000  0.000000  0.000000 
1  159.583378  1.215601  1.215588  18.770000  0.530000 160.480168  1.313754  -1.579932  159.578550  1.428879  -0.060246 25 12 159.583378  0.000000  0.000000  0.000000  0.000000  0.000000 
1  159.578550  1.215156  1.215156  14.700000  0.640000 160.435475  1.075538  1.339854  158.789266  1.439233  0.025915 25 13 159.578550  0.000000  0.000000  0.000000  0.000000  0.000000 
1  158.789266  1.215784  1.215784  14.700000  0.640000 160.459956  0.793250  0.804992  159.977920  1.480299  0.093320 25 12 158.789266  0.000000  0.000000  0.000000  0.000000  0.000000 
1  159.977920  1.215611  1.215611  14.700000  0.640000 160.480473  0.594043  0.758255  160.197408  1.372904  -0.182331 25 12 159.977920  0.000000  0.000000  0.000000  0.000000  0.000000 
1  160.197408  1.215852  1.215852  14.700000  0.640000 160.457118  0.724808  0.501466  158.840087  1.409477  0.027590 25 13 160.197408  0.000000  0.000000  0.000000  0.000000  0.000000 
1  158.840087  1.216827  1.216661  14.700000  0.640000 160.425238  0.897127  -0.516185  159.115552  1.320832  -0.235592 25 12 158.840087  0.000000  0.000000  0.000000  0.000000  0.000000 
1  159.115552  1.216494  1.216494  14.700000  0.640000 160.447678  0.867960  0.643645  159.667074  1.439841  0.190354 25 12 159.115552  0.000000  0.000000  0.000000  0.000000  0.000000 
1  159.667074  1.216003  1.216003  14.700000  0.640000 160.491265  1.296684  -0.491708  159.678866  1.489946  0.269392 25 13 159.667074  0.000000  0.000000  0.000000  0.000000  0.000000 
1  159.678866  1.217143  1.217143  14.700000  0.640000 160.479801  0.621275  0.343103  159.501773  1.412329  -0.039971 25 12 159.678866  0.000000  0.000000  0.000000  0.000000  0.000000 
1  159.501773  1.216326  1.216326  14.700000  0.640000 160.577173  1.131025  1.269993  160.508461  1.556362  0.448159 25 13 159.501773  0.000000  0.000000  0.000000  0.000000  0.000000 
1  160.508461  1.216814  1.216814  14.700000  0.640000 160.513273  0.808709  0.807039  159.378862  1.410864  -0.153546 25 12 160.508461  0.000000  0.000000  0.000000  0.000000  0.000000 
1  159.378862  1.216892  1.216892  263.239990  0.200000 160.452204  0.409151  -0.828436  159.167237  1.293304  -0.544616 25 12 159.378862  0.000000  0.000000  0.000000  0.000000  0.000000 
1  159.167237  1.217308  1.217308  263.239990  0.200000 160.446442  0.326583  -1.784854  159.826124  1.364535  -0.171934 25 13 159.167237  0.000000  0.000000  0.000000  0.000000  0.000000 
1  159.826124  1.217093  1.217093  263.239990  0.200000 160.429460  0.396775  0.677717  159.345755  1.309679  -0.281472 25 12 159.826124  0.000000  0.000000  0.000000  0.000000  0.000000 
1  159.345755  1.216884  1.216884  263.239990  0.200000 160.470767  0.986434  -1.184502  160.391408  1.473872  0.256546 25 12 159.345755  0.000000  0.000000  0.000000  0.000000  0.000000 
1  160.391408  1.216360  1.216360  263.239990  0.200000 160.463524  0.061245  -2.590529  159.910844  1.352119  -0.226142 25 13 160.391408  0.000000  0.000000  0.000000  0.000000  0.000000 
1  159.910844  1.216311  1.216311  263.239990  0.200000 160.488857  0.335703  1.088436  159.884955  1.431830  0.050366 25 12 159.910844  0.000000  0.000000  0.000000  0.000000  0.000000 
1  159.884955  1.216260  1.217401  263.239990  0.200000 160.528774  0.967135  -0.550895  160.476278  1.412779  -0.014797 25 12 159.884955  0.000000  0.000000  0.000000  0.000000  0.000000 
1  160.476278  1.217486  1.217486  263.239990  0.200000 160.492413  1.030012  -1.222945  159.536274  1.468290  0.146280 25 13 160.476278  0.000000  0.000000  0.000000  0.000000  0.000000 
1  159.536274  1.215951  1.215951  263.239990  0.200000 160.464510  0.396884  0.393047  159.314507  1.288375  -0.532408 25 12 159.536274  0.000000  0.000000  0.000000  0.000000  0.000000 
1  159.314507  1.216630  1.216630  263.239990  0.200000 160.406594  0.361840  -1.464675  159.049425  1.283816  -0.394795 25 13 159.314507  0.000000  0.000000  0.000000  0.000000  0.000000 
1  159.049425  1.215508  1.215508  263.239990  0.200000 160.444439  0.625773  1.025390  159.675142  1.339620  -0.108254 25 12 159.049425  0.000000  0.000000  0.000000  0.000000  0.000000 
1  159.675142  1.215755  1.215868  263.239990  0.200000 160.446896  0.734934  1.613212  159.307541  1.425166  0.160631 25 12 159.675142  0.000000  0.000000  0.000000  0.000000  0.000000 
1  159.307541  1.215645  1.215645  140.009995  0.460000 160.462956  0.929933  0.503570  159.687266  1.517497  0.382165 25 13 159.307541  0.000000  0.000000  0.000000  0.000000  0.000000 
1  159.687266  1.215500  1.215500  140.009995  0.460000 160.432752  0.068785  -2.355058  159.177376  1.214988  -0.744840 25 12 159.687266  0.000000  0.000000  0.000000  0.000000  0.000000 
1  159.177376  1.216072  1.216072  140.009995  0.460000 160.411150  1.295798  0.264906  158.799346  1.513261  0.490453 25 12 159.177376  0.000000  0.000000  0.000000  0.000000  0.000000 
1  158.799346  1.216299  1.216299  140.009995  0.460000 160.385398  0.843425  0.268649  158.871574  1.424308  0.051432 25 13 158.799346  0.000000  0.000000  0.000000  0.000000  0.000000 
1  158.871574  1.216264  1.216355  140.009995  0.460000 160.453692  0.907941  -1.081624  160.151325  1.400511  -0.082640 25 12 158.871574  0.000000  0.000000  0.000000  0.000000  0.000000 
1  160.151325  1.218157  1.218157  140.009995  0.460000 160.402570  0.435059  -0.622169  159.498022  1.397030  -0.131160 25 12 160.151325  0.000000  0.000000  0.000000  0.000000  0.000000 
1  159.498022  1.216114  1.216114  140.009995  0.460000 160.381085  0.572419  -0.759690  158.898285  1.305587  -0.439584 25 13 159.498022  0.000000  0.000000  0.000000  0.000000  0.000000 
1  158.898285  1.215015  1.215015  140.009995  0.460000 160.366725  0.976558  -1.122385  159.167816  1.381437  -0.016804 25 12 158.898285  0.000000  0.000000  0.000000  0.000000  0.000000 
1  159.167816  1.216834  1.216834  236.220001  0.220000 160.356514  1.121467  1.117555  159.438248  1.485043  0.342486 25 12 159.167816  0.000000  0.000000  0.000000  0.000000  0.000000 
1  159.438248  1.216990  1.216330  236.220001  0.220000 160.403828  0.818008  0.201692  160.359217  1.373511  -0.083892 25 13 159.438248  0.000000  0.000000  0.000000  0.000000  0.000000 
1  160.359217  1.216175  1.216175  236.220001  0.220000 160.394994  0.343513  -1.840300  160.079049  1.370403  -0.057040 25 12 160.359217  0.000000  0.000000  0.000000  0.000000  0.000000 
1  160.079049  1.217368  1.217368  236.220001  0.220000 160.333601  0.175588  0.627687  158.812663  1.256243  -0.448479 25 12 160.079049  0.000000  0.000000  0.000000  0.000000  0.000000 
1  158.812663  1.217562  1.217562  236.220001  0.220000 160.339041  0.841650  0.547468  159.340259  1.314028  -0.130928 25 13 158.812663  0.000000  0.000000  0.000000  0.000000  0.000000 
1  159.340259  1.216221  1.216221  236.220001  0.220000 160.331831  0.709686  0.458914  159.172790  1.320996  -0.098979 25 12 159.340259  0.000000  0.000000  0.000000  0.000000  0.000000 
1  159.172790  1.216899  1.216899  236.220001  0.220000 160.355243  0.643863  0.188139  159.592822  1.270064  -0.309519 25 12 159.172790  0.000000  0.000000  0.000000  0.000000  0.000000 
1  159.592822  1.215497  1.215497  236.220001  0.220000 160.392573  1.034967  1.238035  159.767971  1.370347  0.033422 25 13 159.592822  0.000000  0.000000  0.000000  0.000000  0.000000 
1  159.767971  1.215269  1.215269  236.220001  0.220000 160.442299  0.511239  -2.703597  160.037974  1.432958  0.177567 25 12 159.767971  0.000000  0.000000  0.000000  0.000000  0.000000 
1  160.037974  1.216131  1.216131  236.220001  0.220000 160.520211  0.567702  -0.977315  160.411089  1.456904  0.151259 25 13 160.037974  0.000000  0.000000  0.000000  0.000000  0.000000 
1  160.411089  1.214761  1.214761  135.320007  0.530000 160.524927  1.071468  1.236671  159.248700  1.375946  -0.084344 25 12 160.411089  0.000000  0.000000  0.000000  0.000000  0.000000 
1  159.248700  1.217335  1.217335  135.320007  0.530000 160.491935  0.709512  -1.853317  159.483915  1.295410  -0.362820 25 12 159.248700  0.000000  0.000000  0.000000  0.000000  0.000000 
1  159.483915  1.215943  1.215943  135.320007  0.530000 160.467212  0.682539  -0.223885  159.401649  1.320710  -0.176257 25 13 159.483915  0.000000  0.000000  0.000000  0.000000  0.000000 
1  159.401649  1.216362  1.217020  135.320007  0.530000 160.504226  0.278067  -1.826372  159.570779  1.296673  -0.354779 25 12 159.401649  0.000000  0.000000  0.000000  0.000000  0.000000 
1  159.570779  1.215511  1.215511  135.320007  0.530000 160.470849  1.022391  -0.623138  159.383341  1.315613  -0.123705 25 12 159.570779  0.000000  0.000000  0.000000  0.000000  0.000000 
1  159.383341  1.215089  1.215089  135.320007  0.530000 160.455748  0.781788  0.168862  159.626278  1.404284  0.202150 25 13 159.383341  0.000000  0.000000  0.000000  0.000000  0.000000 
1  159.626278  1.216565  1.216565  135.320007  0.530000 160.449446  0.630188  -0.341700  160.188377  1.356021  0.065817 25 12 159.626278  0.000000  0.000000  0.000000  0.000000  0.000000 
1  160.188377  1.217615  1.217615  135.320007  0.530000 160.439783  0.999328  0.190976  159.723451  1.417202  0.247447 25 12 160.188377  0.000000  0.000000  0.000000  0.000000  0.000000 
1  159.723451  1.216960  1.217217  135.320007  0.530000 160.505544  0.346957  -1.847188  160.188866  1.493565  0.365499 25 13 159.723451  0.000000  0.000000  0.000000  0.000000  0.000000 
1  160.188866  1.217860  1.217860  135.320007  0.530000 160.472918  0.732405  -2.757505  159.454478  1.279680  -0.453189 26 12 160.188866  0.000000  0.000000  0.000000  0.000000  0.000000 
1  159.454478  1.217288  1.217288  214.610001  0.540000 160.522394  0.618008  -1.099327  160.339049  1.401496  -0.002304 24 12 159.454478  0.000000  0.000000  0.000000  0.000000  0.000000 
1  160.339049  1.216239  1.216239  214.610001  0.540000 160.532411  1.220342  1.713250  159.920356  1.435701  0.066080 25 13 160.339049  0.000000  0.000000  0.000000  0.000000  0.000000 
1  159.920356  1.215012  1.215012  214.610001  0.540000 160.574398  0.587639  0.863197  160.337927  1.466734  0.264369 25 12 159.920356  0.000000  0.000000  0.000000  0.000000  0.000000 
1  160.337927  1.217075  1.217005  214.610001  0.540000 160.587717  0.244278  -0.869993  160.040360  1.271475  -0.507670 26 12 160.337927  0.000000  0.000000  0.000000  0.000000  0.000000 
1  160.040360  1.216170  1.216170  214.610001  0.540000 160.591693  0.671332  0.318999  159.841581  1.431396  0.122413 25 13 160.040360  0.000000  0.000000  0.000000  0.000000  0.000000 
1  159.841581  1.216400  1.216400  214.610001  0.540000 160.567746  0.480209  1.295714  159.764614  1.399277  -0.009130 25 12 159.841581  0.000000  0.000000  0.000000  0.000000  0.000000 
1  159.764614  1.216700  1.216700  214.610001  0.540000 160.621537  1.100730  1.252149  160.348424  1.431954  0.155489 24 13 159.764614  0.000000  0.000000  0.000000  0.000000  0.000000 
1  160.348424  1.217031  1.217031  214.610001  0.540000 160.634625  0.258930  -2.103014  159.884491  1.313185  -0.354624 26 12 160.348424  0.000000  0.000000  0.000000  0.000000  0.000000 
1  159.884491  1.215918  1.215870  214.610001  0.540000 160.614484  1.143516  0.933567  158.852540  1.347976  -0.100608 25 12 159.884491  0.000000  0.000000  0.000000  0.000000  0.000000 
1  158.852540  1.215667  1.215667  214.610001  0.540000 160.617010  0.779861  -0.087118  159.883834  1.461080  0.264977 24 13 158.852540  0.000000  0.000000  0.000000  0.000000  0.000000 
1  159.883834  1.216422  1.216422  145.410004  1.160000 160.553478  0.030671  1.013138  159.208984  1.241195  -0.544317 25 12 159.883834  0.000000  0.000000  0.000000  0.000000  0.000000 
1  159.208984  1.215825  1.215730  145.410004  1.160000 160.581889  0.578037  1.267370  159.900286  1.286500  -0.247962 25 12 159.208984  0.000000  0.000000  0.000000  0.000000  0.000000 
1  159.900286  1.216758  1.216758  145.410004  1.160000 160.596026  1.236716  1.815475  159.576520  1.495443  0.488114 25 13 159.900286  0.000000  0.000000  0.000000  0.000000  0.000000 
1  159.576520  1.216142  1.216142  145.410004  1.160000 160.649602  0.480817  -3.275383  160.306729  1.392978  -0.046014 25 12 159.576520  0.000000  0.000000  0.000000  0.000000  0.000000 
1  160.306729  1.215966  1.215966  145.410004  1.160000 160.663784  1.018149  0.165698  159.831118  1.453114  0.227984 25 12 160.306729  0.000000  0.000000  0.000000  0.000000  0.000000 
1  159.831118  1.216190  1.216190  145.410004  1.160000 160.666792  0.595075  -2.062888  160.078142  1.424251  0.044660 25 13 159.831118  0.000000  0.000000  0.000000  0.000000  0.000000 
1  160.078142  1.216383  1.216158  145.410004  1.160000 160.657213  0.397328  0.074392  160.008451  1.443666  0.173578 25 12 160.078142  0.000000  0.000000  0.000000  0.000000  0.000000 
1  160.008451  1.216235  1.216235  145.410004  1.160000 160.665250  0.909541  0.921668  159.723871  1.479159  0.250057 25 12 160.008451  0.000000  0.000000  0.000000  0.000000  0.000000 
1  159.723871  1.216958  1.216958  145.410004  1.160000 160.609130  0.442678  -1.834670  159.531738  1.290925  -0.417785 25 13 159.723871  0.000000  0.000000  0.000000  0.000000  0.000000 
1  159.531738  1.217156  1.217156  145.410004  1.160000 160.596936  1.070959  -1.639876  159.509792  1.347511  -0.139464 25 12 159.531738  0.000000  0.000000  0.000000  0.000000  0.000000 
1  159.509792  1.217728  1.217728  145.410004  1.160000 160.594467  0.644159  -1.303609  159.857146  1.223628  -0.519683 25 12 159.509792  0.000000  0.000000  0.000000  0.000000  0.000000 
1  159.857146  1.216640  1.216640  145.410004  1.160000 160.611044  0.816431  1.053231  159.885564  1.484291  0.505715 25 13 159.857146  0.000000  0.000000  0.000000  0.000000  0.000000 
1  159.885564  1.216659  1.216659  32.650002  0.260000 160.676647  1.178066  -0.014565  160.182161  1.485034  0.457429 25 12 159.885564  0.000000  0.000000  0.000000  0.000000  0.000000 
1  160.182161  1.215259  1.215669  32.650002  0.260000 160.635495  0.671347  0.226284  159.567012  1.353682  -0.123314 25 13 160.182161  0.000000  0.000000  0.000000  0.000000  0.000000 
1  159.567012  1.215804  1.215804  32.650002  0.260000 160.694078  1.068016  1.310756  160.363863  1.472839  0.285181 25 12 159.567012  0.000000  0.000000  0.000000  0.000000  0.000000 
1  160.363863  1.215933  1.215933  32.650002  0.260000 160.679933  0.788219  -0.487820  159.860158  1.422672  0.003730 25 12 160.363863  0.000000  0.000000  0.000000  0.000000  0.000000 
1  159.860158  1.215322  1.215322  32.650002  0.260000 160.662955  0.785789  0.237222  159.775446  1.314083  -0.418534 25 13 159.860158  0.000000  0.000000  0.000000  0.000000  0.000000 
1  159.775446  1.217362  1.217362  32.650002  0.260000 160.632830  0.709567  0.395615  159.420414  1.446544  0.155851 25 12 159.775446  0.000000  0.000000  0.000000  0.000000  0.000000 
1  159.420414  1.215555  1.215555  32.650002  0.260000 160.612154  0.419022  -1.275193  159.573451  1.224928  -0.738088 25 12 159.420414  0.000000  0.000000  0.000000  0.000000  0.000000 
1  159.573451  1.215801  1.215801  32.650002  0.260000 160.574118  0.747641  -1.073140  159.218689  1.181746  -0.652477 25 13 159.573451  0.000000  0.000000  0.000000  0.000000  0.000000 
1  159.218689  1.215616  1.215616  317.429993  1.300000 160.567622  0.595073  -1.625704  159.321061  1.315132  -0.089454 25 12 159.218689  0.000000  0.000000  0.000000  0.000000  0.000000 
1  159.321061  1.215710  1.215710  317.429993  1.300000 160.507869  0.978057  1.586300  159.450846  1.294300  -0.224792 25 12 159.321061  0.000000  0.000000  0.000000  0.000000  0.000000 
1  159.450846  1.216521  1.216521  317.429993  1.300000 160.507193  1.510556  2.367248  159.949182  1.479770  0.513645 25 13 159.450846  0.000000  0.000000  0.000000  0.000000  0.000000 
1  159.949182  1.217757  1.217590  317.429993  1.300000 160.477913  0.976523  1.920681  159.505896  1.306355  -0.146154 25 12 159.949182  0.000000  0.000000  0.000000  0.000000  0.000000 
1  159.505896  1.217085  1.217085  317.429993  1.300000 160.481959  0.892941  0.376587  159.358999  1.350094  0.014100 25 12 159.505896  0.000000  0.000000  0.000000  0.000000  0.000000 
1  159.358999  1.217182  1.217182  317.429993  1.300000 160.503634  1.403529  2.645555  159.847061  1.372082  0.144561 25 13 159.358999  0.000000  0.000000  0.000000  0.000000  0.000000 
1  159.847061  1.217274  1.217274  317.429993  1.300000 160.489512  0.562106  0.898782  159.594812  1.308987  -0.168764 25 12 159.847061  0.000000  0.000000  0.000000  0.000000  0.000000 
1  159.594812  1.217464  1.217464  317.429993  1.300000 160.462239  1.005517  1.071367  159.474350  1.307323  -0.116895 25 13 159.594812  0.000000  0.000000  0.000000  0.000000  0.000000 
1  159.474350  1.217622  1.217463  317.429993  1.300000 160.452446  1.327394  0.388996  159.634183  1.385473  0.246150 25 12 159.474350  0.000000  0.000000  0.000000  0.000000  0.000000 
1  159.634183  1.217140  1.217140  317.429993  1.300000 160.468486  1.023234  2.159601  159.995791  1.266207  -0.210852 25 12 159.634183  0.000000  0.000000  0.000000  0.000000  0.000000 
1  159.995791  1.215285  1.215285  6.680000  0.670000 160.500745  0.799526  0.024651  160.104547  1.463837  0.450691 25 13 159.995791  0.000000  0.000000  0.000000  0.000000  0.000000 
1  160.104547  1.216465  1.216465  6.680000  0.670000 160.497340  0.374072  0.939155  159.934204  1.419998  0.183042 25 12 160.104547  0.000000  0.000000  0.000000  0.000000  0.000000 
1  159.934204  1.216812  1.216812  6.680000  0.670000 160.507320  0.648708  -0.590141  159.598985  1.424903  0.077069 25 12 159.934204  0.000000  0.000000  0.000000  0.000000  0.000000 
1  159.598985  1.216243  1.216299  6.680000  0.670000 160.503968  0.560014  -1.067615  159.107867  1.415176  0.046374 25 13 159.598985  0.000000  0.000000  0.000000  0.000000  0.000000 
1  159.107867  1.216351  1.216351  6.680000  0.670000 160.527297  0.747525  1.239100  160.287571  1.330176  -0.323246 25 12 159.107867  0.000000  0.000000  0.000000  0.000000  0.000000 
1  160.287571  1.215772  1.215772  6.680000  0.670000 160.536080  1.173280  -1.043474  159.758528  1.439030  0.136588 25 12 160.287571  0.000000  0.000000  0.000000  0.000000  0.000000 
1  159.758528  1.215679  1.215679  6.680000  0.670000 160.539033  0.943596  0.602371  159.795989  1.313187  -0.318151 25 13 159.758528  0.000000  0.000000  0.000000  0.000000  0.000000 
1  159.795989  1.217916  1.217916  6.680000  0.670000 160.583991  0.442542  1.969400  160.246288  1.427870  0.093429 25 12 159.795989  0.000000  0.000000  0.000000  0.000000  0.000000 
1  160.246288  1.215970  1.215842  6.680000  0.670000 160.594324  0.456866  -3.374486  159.684337  1.414686  0.020156 25 12 160.246288  0.000000  0.000000  0.000000  0.000000  0.000000 
1  159.684337  1.216209  1.216209  6.680000  0.670000 160.602279  0.777309  0.068746  160.084413  1.388058  -0.098393 25 13 159.684337  0.000000  0.000000  0.000000  0.000000  0.000000 
1  160.084413  1.216801  1.216801  12.890000  0.260000 160.594791  1.014568  -1.143694  159.300997  1.439061  0.198983 25 12 160.084413  0.000000  0.000000  0.000000  0.000000  0.000000 
1  159.300997  1.216891  1.216891  12.890000  0.260000 160.599304  0.488771  -1.350836  159.596582  1.386901  -0.037919 25 13 159.300997  0.000000  0.000000  0.000000  0.000000  0.000000 
1  159.596582  1.215985  1.215985  12.890000  0.260000 160.663323  0.412167  -0.723126  160.217232  1.322468  -0.208029 25 12 159.596582  0.000000  0.000000  0.000000  0.000000  0.000000 
1  160.217232  1.216153  1.215733  12.890000  0.260000 160.658935  0.663915  -0.629607  159.766867  1.290782  -0.311729 25 12 160.217232  0.000000  0.000000  0.000000  0.000000  0.000000 
1  159.766867  1.217580  1.217580  12.890000  0.260000 160.626108  0.742512  -0.115664  159.171004  1.351050  -0.021209 25 13 159.766867  0.000000  0.000000  0.000000  0.000000  0.000000 
1  159.171004  1.216753  1.216753  12.890000  0.260000 160.616732  0.640959  -0.542633  159.791126  1.345994  -0.055989 25 12 159.171004  0.000000  0.000000  0.000000  0.000000  0.000000 
1  159.791126  1.216629  1.216629  12.890000  0.260000 160.594663  1.128926  3.484335  159.579492  1.232024  -0.383789 25 12 159.791126  0.000000  0.000000  0.000000  0.000000  0.000000 
1  159.579492  1.217032  1.217032  12.890000  0.260000 160.559251  0.764708  0.054142  159.764174  1.344925  0.109322 25 13 159.579492  0.000000  0.000000  0.000000  0.000000  0.000000 
1  159.764174  1.218167  1.217832  12.890000  0.260000 160.568484  0.839100  -0.014232  160.476550  1.320673  -0.075302 25 12 159.764174  0.000000  0.000000  0.000000  0.000000  0.000000 
1  160.476550  1.215925  1.215925  12.890000  0.260000 160.540611  1.029798  0.284816  159.836012  1.332931  0.014462 25 12 160.476550  0.000000  0.000000  0.000000  0.000000  0.000000 
1  159.836012  1.215994  1.215994  327.850006  0.790000 160.537414  1.024521  0.852329  159.523808  1.449639  0.363876 25 13 159.836012  0.000000  0.000000  0.000000  0.000000  0.000000 
1  159.523808  1.215985  1.215985  327.850006  0.790000 160.520493  0.755515  -0.583810  159.382128  1.276938  -0.323401 25 12 159.523808  0.000000  0.000000  0.000000  0.000000  0.000000 
1  159.382128  1.216467  1.216467  327.850006  0.790000 160.534605  0.829574  0.257030  159.828130  1.379933  0.108277 25 12 159.382128  0.000000  0.000000  0.000000  0.000000  0.000000 
1  159.828130  1.214055  1.214204  327.850006  0.790000 160.527429  0.736097  -0.161370  159.629399  1.303828  -0.224516 25 13 159.828130  0.000000  0.000000  0.000000  0.000000  0.000000 
1  159.629399  1.216673  1.216673  327.850006  0.790000 160.570511  0.839275  -0.352726  160.199625  1.295868  -0.165268 25 12 159.629399  0.000000  0.000000  0.000000  0.000000  0.000000 
1  160.199625  1.216518  1.216518  327.850006  0.790000 160.536549  0.293692  -1.790695  159.115708  1.269249  -0.180956 25 13 160.199625  0.000000  0.000000  0.000000  0.000000  0.000000 
1  159.115708  1.215174  1.215174  327.850006  0.790000 160.573997  1.030379  1.116155  160.340774  1.310765  -0.007460 25 12 159.115708  0.000000  0.000000  0.000000  0.000000  0.000000 
1  160.340774  1.215393  1.215393  327.850006  0.790000 160.558117  0.938456  -0.551144  159.206191  1.307674  -0.052144 25 12 160.340774  0.000000  0.000000  0.000000  0.000000  0.000000 
1  159.206191  1.215850  1.215542  327.850006  0.790000 160.553660  0.505925  -0.996252  159.557102  1.270196  -0.259112 25 13 159.206191  0.000000  0.000000  0.000000  0.000000  0.000000 
1  159.557102  1.215102  1.215102  327.850006  0.790000 160.584796  0.516848  -0.851089  160.336075  1.267908  -0.147361 25 12 159.557102  0.000000  0.000000  0.000000  0.000000  0.000000 
1  160.336075  1.217022  1.217022  327.850006  0.790000 160.628351  1.121567  -2.466221  159.666507  1.456042  0.485791 25 12 160.336075  0.000000  0.000000  0.000000  0.000000  0.000000 
1  159.666507  1.216198  1.216198  327.850006  0.790000 160.644994  0.475120  -1.238348  159.859545  1.274855  -0.287423 25 13 159.666507  0.000000  0.000000  0.000000  0.000000  0.000000 
1  159.859545  1.214665  1.214665  12.450000  0.940000 160.664451  0.692127  -0.343089  159.863165  1.306621  -0.151216 26 12 159.859545  0.000000  0.000000  0.000000  0.000000  0.000000 
