mode yawCmd rudderSet rudderIs gpsCourse gpsSpeed cY cW cWd mY mW mWd accGyroCount magCount psid psiTilde rTilde integralPsiTilde rudderMoment tauFF 
1  0.000000  15.123076  15.123076  8371290842401789412473707980162580266372831042372389884004185806485391901995232042365316657988934616280379508532977887159031625852393775319009964598077490940116635679849426470592050925870299610710991802631872317699348414975756067358013697018786548664346150906626048.000000  0.000000 nan  -nan  1.614950  38.003259  0.826979  1.405326 436 211 0.000000  0.000000  0.000000  0.000000  0.000000  0.000000 
1  38.003259  15.122278  15.122278  8371290842401789412473707980162580266372831042372389884004185806485391901995232042365316657988934616280379508532977887159031625852393775319009964598077490940116635679849426470592050925870299610710991802631872317699348414975756067358013697018786548664346150906626048.000000  0.000000 -nan  -nan  -0.052683  40.052940  0.908277  1.204438 25 12 38.003259  0.000000  0.000000  0.000000  0.000000  0.000000 
1  40.052940  15.121677  15.121677  8371290842401789412473707980162580266372831042372389884004185806485391901995232042365316657988934616280379508532977887159031625852393775319009964598077490940116635679849426470592050925870299610710991802631872317699348414975756067358013697018786548664346150906626048.000000  0.000000 -nan  -nan  -0.260310  42.097443  0.670055  0.027970 26 12 40.052940  0.000000  0.000000  0.000000  0.000000  0.000000 
1  42.097443  15.125283  15.125283  8371290842401789412473707980162580266372831042372389884004185806485391901995232042365316657988934616280379508532977887159031625852393775319009964598077490940116635679849426470592050925870299610710991802631872317699348414975756067358013697018786548664346150906626048.000000  0.000000 -nan  -nan  -1.431818  44.170114  0.746624  0.215602 25 12 42.097443  0.000000  0.000000  0.000000  0.000000  0.000000 
1  44.170114  15.126514  15.126514  8371290842401789412473707980162580266372831042372389884004185806485391901995232042365316657988934616280379508532977887159031625852393775319009964598077490940116635679849426470592050925870299610710991802631872317699348414975756067358013697018786548664346150906626048.000000  0.000000 nan  -nan  -1.645820  46.230003  0.939230  0.786658 25 12 44.170114  0.000000  0.000000  0.000000  0.000000  0.000000 
1  46.230003  15.126511  15.126511  176.419998  0.030000 -nan  -nan  -1.007365  48.247122  0.912497  0.532339 25 12 46.230003  0.000000  0.000000  0.000000  0.000000  0.000000 
1  48.247122  15.126040  15.126163  176.419998  0.030000 nan  -nan  1.782859  50.266634  1.001863  0.711015 25 12 48.247122  0.000000  0.000000  0.000000  0.000000  0.000000 
1  50.266634  15.125595  15.125595  176.419998  0.030000 -nan  -nan  -0.111964  52.300875  1.149277  0.989750 25 12 50.266634  0.000000  0.000000  0.000000  0.000000  0.000000 
1  52.300875  15.124490  15.124490  176.419998  0.030000 -nan  -nan  0.127174  54.287262  1.064573  0.433713 25 12 52.300875  0.000000  0.000000  0.000000  0.000000  0.000000 
1  54.287262  15.126009  15.126009  176.419998  0.030000 -nan  -nan  0.930416  56.306856  1.064050  0.309724 25 12 54.287262  0.000000  0.000000  0.000000  0.000000  0.000000 
1  56.306856  15.123856  15.123856  176.419998  0.030000 -nan  -nan  1.175860  58.161435  1.035551  0.154309 25 12 56.306856  0.000000  0.000000  0.000000  0.000000  0.000000 
1  58.161435  15.123952  15.123952  176.419998  0.030000 -nan  -nan  -0.105960  60.155471  1.008295  -0.041678 24 13 58.161435  0.000000  0.000000  0.000000  0.000000  0.000000 
1  60.155471  15.125467  15.125467  246.250000  0.010000 -nan  -nan  -0.327908  62.002585  1.066133  0.170279 26 12 60.155471  0.000000  0.000000  0.000000  0.000000  0.000000 
1  62.002585  15.122469  15.122469  246.250000  0.010000 -nan  -nan  0.466335  63.869139  1.101274  0.340638 25 12 62.002585  0.000000  0.000000  0.000000  0.000000  0.000000 
1  63.869139  15.118767  15.118767  246.250000  0.010000 -nan  -nan  0.099230  65.683643  1.034057  0.041485 25 12 63.869139  0.000000  0.000000  0.000000  0.000000  0.000000 
1  65.683643  15.118508  15.118508  246.250000  0.010000 nan  -nan  0.077164  67.421752  0.777781  -0.804871 25 12 65.683643  0.000000  0.000000  0.000000  0.000000  0.000000 
1  67.421752  15.118027  15.118027  246.250000  0.010000 nan  -nan  -0.956980  69.233626  0.959705  0.110307 25 12 67.421752  0.000000  0.000000  0.000000  0.000000  0.000000 
1  69.233626  15.118009  15.118009  246.250000  0.010000 nan  -nan  0.305182  70.971305  0.904494  -0.046096 25 12 69.233626  0.000000  0.000000  0.000000  0.000000  0.000000 
1  70.971305  15.119603  15.119775  246.250000  0.010000 -nan  -nan  0.252536  72.696288  0.866727  -0.049090 25 12 70.971305  0.000000  0.000000  0.000000  0.000000  0.000000 
1  72.696288  15.118167  15.118167  246.250000  0.010000 -nan  -nan  0.749801  74.367286  0.967033  0.314811 25 12 72.696288  0.000000  0.000000  0.000000  0.000000  0.000000 
1  74.367286  15.120419  15.120419  246.250000  0.010000 -nan  -nan  -0.264096  76.109394  1.021406  0.410973 24 13 74.367286  0.000000  0.000000  0.000000  0.000000  0.000000 
1  76.109394  15.119705  15.119705  246.250000  0.010000 nan  -nan  -0.126555  77.763133  0.825506  -0.387446 25 12 76.109394  0.000000  0.000000  0.000000  0.000000  0.000000 
1  77.763133  15.119155  15.119155  222.199997  0.010000 nan  -nan  0.754914  79.459739  0.912986  0.130085 26 12 77.763133  0.000000  0.000000  0.000000  0.000000  0.000000 
