1  -0.490375  -0.478235  67.006988  0.018509  0.054992  5.643374  0.023730  0.057920  15545050373108985675126229159755984102942992946337786656214177868386848866223092590847386139081458053026199456408389607724953855492795079448613536381337705516854704180984779359840176983923093858887259443339181583094947971916457432563144934272016227708463038064492544.000000  14337128633119007677183397255191130111080053850917945818999126022105460206869565941144776668665556964174920077155933886887194959086955346593785239046266617071874554372770969924431378912510297105818148958898120356549553236382340286799578100455293526569362614411853824.000000
1  -0.367700  -0.367700  70.699271  0.018109  0.064225  6.002841  0.023645  0.067189  163.350006  0.130000
1  -0.365687  -0.365687  73.969105  0.019841  0.095663  6.364860  0.025695  0.098588  163.279999  0.130000
1  -0.367062  -0.367062  76.430328  0.019042  0.110620  6.713833  0.025214  0.113557  163.649994  0.130000
1  -0.369077  -0.369077  78.919292  0.010653  -0.040748  7.071542  0.017148  -0.037805  163.580002  0.140000
1  -0.368934  -0.369042  81.629750  0.020773  0.114518  7.454465  0.027595  0.117526  162.169998  0.130000
1  -0.368149  -0.368149  84.486682  0.015579  0.019145  7.829970  0.022735  0.022230  162.729996  0.130000
1  -0.364219  -0.364219  87.180036  0.021705  0.095390  8.219423  0.029192  0.098474  163.889999  0.130000
1  -0.366327  -0.366327  89.829483  0.011585  -0.036984  8.600626  0.019410  -0.033844  165.020004  0.130000
1  -0.369767  -0.369767  92.290535  0.017444  0.065345  8.986352  0.025613  0.068545  167.130005  0.130000
1  -0.369765  -0.369379  94.687677  0.007856  -0.107217  9.377570  0.016369  -0.104019  170.229996  0.130000
1  -0.368959  -0.368959  97.031643  0.020773  0.105778  9.776388  0.029629  0.108974  171.350006  0.130000
1  -0.366948  -0.366948  99.107903  0.014115  -0.008454  10.187500  0.023327  -0.005200  171.139999  0.140000
1  -0.365783  -0.365783  101.126388  0.023968  0.162267  10.585730  0.033522  0.165559  171.960007  0.140000
1  -0.367919  -0.367919  102.736513  0.006658  -0.126787  10.997404  0.016577  -0.123520  174.039993  0.140000
1  -0.369389  -0.368957  104.198329  0.023436  0.213116  11.412373  0.033718  0.216444  176.720001  0.150000
1  -0.366597  -0.366597  105.792365  0.023436  0.235833  11.826035  0.034081  0.239211  178.080002  0.150000
1  -0.366205  -0.366205  107.304013  0.014248  0.024502  12.256140  0.025263  0.027945  179.699997  0.140000
1  -0.366248  -0.366248  108.595394  0.006525  -0.124737  12.683193  0.017914  -0.121309  180.039993  0.140000
1  -0.368071  -0.368071  109.983785  0.003063  -0.212397  13.123772  0.014827  -0.208877  179.169998  0.150000
1  -0.368169  -0.368053  111.132129  0.016245  0.036258  13.567984  0.028388  0.039762  177.419998  0.150000
1  -0.367358  -0.367358  112.195916  0.009055  -0.064995  14.008047  0.021576  -0.061492  175.619995  0.150000
1  -0.365516  -0.365516  113.189193  0.013316  0.059194  14.445251  0.026227  0.062803  175.559998  0.150000
1  -0.367267  -0.367267  114.159602  0.011851  -0.040939  14.903496  0.025146  -0.037377  175.880005  0.150000
1  -0.368184  -0.368184  115.087231  0.006392  -0.152576  15.367802  0.020075  -0.149033  176.179993  0.150000
1  -0.369054  -0.370486  115.934200  0.007191  -0.149530  15.847429  0.021266  -0.145916  175.289993  0.160000
1  -0.367298  -0.367298  116.751057  0.011452  -0.061162  16.335265  0.025928  -0.057426  171.949997  0.160000
1  -0.364750  -0.364750  117.426619  0.014115  -0.022278  16.828402  0.029003  -0.018456  168.580002  0.160000
1  -0.367030  -0.367030  118.133679  0.008389  -0.060789  17.311368  0.023686  -0.056971  165.020004  0.160000
1  -0.367217  -0.367217  118.824452  0.011585  -0.046355  17.806822  0.027285  -0.042577  162.309998  0.170000
1  -0.367404  -0.367059  119.451011  0.008256  -0.105058  18.311963  0.024359  -0.101327  159.990005  0.160000
1  -0.368093  -0.368093  120.068515  0.013049  -0.037072  18.835382  0.029571  -0.033229  157.570007  0.160000
1  -0.368671  -0.368671  120.614470  0.017177  0.106581  19.342859  0.034117  0.110524  156.419998  0.160000
1  -0.368671  -0.369069  120.614470  0.017177  0.106581  19.342859  0.034117  0.110524  154.580002  0.170000
1  -0.365478  -0.365478  122.032120  0.011851  0.134989  25.264071  0.033536  -0.104186  139.500000  0.150000
1  -0.368564  -0.368564  122.421577  0.011585  -0.005721  25.822237  0.033694  -0.032329  139.229996  0.140000
1  -0.369634  -0.369634  122.866760  0.013715  0.088305  26.371467  0.036259  0.088420  139.789993  0.140000
1  -0.367530  -0.367530  123.240157  0.018775  0.116020  26.966541  0.041756  0.119591  139.119995  0.140000
1  -0.364295  -0.364295  123.535338  0.014647  0.024073  27.553202  0.038054  0.027948  136.720001  0.130000
1  -0.365783  -0.365783  123.901442  0.020639  0.115727  28.145972  0.044478  0.119775  134.449997  0.140000
1  -0.367799  -0.367799  124.196974  0.023036  0.154569  28.736927  0.047298  0.158534  132.559998  0.140000
1  -0.368601  -0.368601  124.459185  0.012916  0.017355  29.298173  0.037596  0.021401  130.470001  0.130000
1  -0.368926  -0.368645  124.712582  0.009188  -0.023256  29.902662  0.034311  -0.019306  129.949997  0.130000
1  -0.365363  -0.365363  124.976721  0.013582  -0.030883  30.513789  0.039128  -0.026903  130.259995  0.130000
1  -0.365469  -0.365469  125.200095  0.014514  0.002595  31.118033  0.040491  0.006622  130.570007  0.120000
1  -0.367766  -0.367766  125.395801  0.018775  0.110187  31.711289  0.045181  0.114248  130.419998  0.120000
1  -0.367949  -0.367949  125.538536  0.012517  -0.014994  32.307773  0.039338  -0.011123  129.869995  0.120000
1  -0.368761  -0.368699  125.742198  0.006791  -0.153090  32.919454  0.034033  -0.149156  128.059998  0.110000
1  -0.366508  -0.366508  125.919457  0.000666  -0.241560  33.526423  0.028336  -0.237556  124.540001  0.110000
1  -0.365925  -0.365925  126.081701  0.018908  0.074713  34.143003  0.046997  0.078654  121.070000  0.110000
1  -0.368371  -0.368371  126.219540  0.017311  0.055580  34.753073  0.045823  0.059275  118.470001  0.110000
1  -0.370014  -0.370014  126.356907  0.014647  -0.010042  35.380901  0.043585  -0.006116  117.029999  0.110000
1  -0.366130  -0.367026  126.559645  0.013049  0.002558  36.001826  0.042413  0.006549  117.120003  0.110000
1  -0.365384  -0.365384  126.692024  0.021039  0.095700  36.640839  0.050828  0.099677  117.269997  0.110000
1  -0.365244  -0.365244  126.779609  0.023436  0.172924  37.264692  0.053644  0.176815  116.860001  0.110000
1  -0.368161  -0.368161  126.885396  0.009055  -0.103309  37.895006  0.039683  -0.099415  116.690002  0.110000
1  -0.368881  -0.368881  126.970338  0.007590  -0.135260  38.525260  0.038639  -0.131356  116.470001  0.110000
1  -0.367313  -0.367337  127.082835  0.010786  -0.011337  39.142446  0.042256  -0.007415  116.349998  0.100000
1  -0.364311  -0.364311  127.185906  0.016911  0.092157  39.767817  0.048806  0.096179  116.139999  0.110000
1  -0.365887  -0.365887  127.244216  0.008522  -0.104042  40.405804  0.040838  -0.100073  115.910004  0.110000
1  -0.367115  -0.367115  127.294014  0.010120  -0.085721  41.051075  0.042856  -0.081791  115.820000  0.110000
1  -0.369144  -0.369144  127.359982  0.024634  0.205598  41.692802  0.057788  0.209492  115.559998  0.110000
1  -0.367074  -0.367022  127.466233  0.023702  0.187195  42.339079  0.057276  0.191115  115.389999  0.110000
1  -0.364939  -0.364939  127.503661  0.011185  -0.017287  42.977176  0.045174  -0.013437  115.309998  0.110000
1  -0.366999  -0.366999  127.567300  0.010253  -0.121840  43.635430  0.044656  -0.117934  115.139999  0.110000
1  -0.366207  -0.366207  127.620040  0.018509  0.117241  44.271582  0.053323  0.121105  114.889999  0.110000
1  -0.367823  -0.367823  127.659273  0.005193  -0.133244  44.914593  0.040423  -0.129355  114.709999  0.110000
1  -0.368766  -0.368478  127.672195  0.026632  0.238422  45.571229  0.062272  0.242235  114.459999  0.110000
1  -0.366706  -0.366706  127.729694  0.021971  0.148345  46.223219  0.058021  0.152183  114.070000  0.110000
1  -0.366054  -0.366054  127.747403  0.009987  -0.056521  46.867264  0.046444  -0.052678  113.620003  0.110000
1  -0.368404  -0.368404  127.761722  0.013848  -0.030650  47.531839  0.050723  -0.026819  113.360001  0.110000
1  -0.368801  -0.368801  127.755305  0.019042  0.094918  48.177048  0.056315  0.098668  112.889999  0.110000
1  -0.368813  -0.368727  127.767168  0.011452  -0.013443  48.828666  0.049138  -0.009614  112.349998  0.110000
1  -0.367032  -0.367032  127.765036  0.011052  -0.035001  49.481394  0.049141  -0.031219  111.870003  0.110000
1  -0.364221  -0.364221  127.767948  0.009854  -0.070216  50.135017  0.048345  -0.066463  111.510002  0.110000
1  -0.366864  -0.366864  127.816656  0.009587  -0.105988  50.801170  0.048479  -0.102268  111.419998  0.120000
1  -0.369242  -0.369242  127.829151  0.013715  0.013435  51.446165  0.053004  0.017149  111.150002  0.120000
1  -0.368455  -0.367493  127.845207  0.015047  0.022047  52.121415  0.054742  0.025764  111.059998  0.120000
1  -0.367890  -0.367890  127.888530  0.014115  -0.007313  52.785780  0.054209  -0.003614  110.949997  0.120000
1  -0.363466  -0.363466  127.892285  0.013316  -0.012714  53.442661  0.053803  -0.009028  110.610001  0.120000
1  -0.366972  -0.366972  127.893115  0.010386  -0.039724  54.097868  0.051269  -0.035991  110.529999  0.130000
1  -0.368927  -0.368927  127.911626  0.008655  -0.087948  54.755529  0.049927  -0.084302  110.529999  0.130000
1  -0.367497  -0.367404  127.904379  -0.000533  -0.297276  55.423013  0.041127  -0.293630  110.370003  0.130000
1  -0.367188  -0.367188  127.930484  0.021705  0.171824  56.071452  0.063752  0.175468  110.169998  0.130000
1  -0.366348  -0.366348  127.934745  0.022371  0.211952  56.722231  0.064805  0.215562  109.949997  0.130000
1  -0.366110  -0.366110  127.954111  0.010919  -0.028297  57.378139  0.053744  -0.024724  109.930000  0.130000
1  -0.366507  -0.366507  128.000756  0.009188  -0.086558  58.046921  0.052400  -0.082992  109.849998  0.140000
1  -0.368582  -0.368507  127.960923  0.015180  0.046267  58.701407  0.058774  0.049834  110.059998  0.140000
1  -0.365619  -0.365619  127.977001  0.018509  0.081101  59.381525  0.062493  0.084672  110.230003  0.140000
1  -0.366078  -0.366078  127.984123  0.019574  0.126732  60.046418  0.063943  0.130295  107.239998  0.010000
1  -0.366404  -0.366404  127.945840  0.010653  -0.056188  60.704838  0.055394  -0.052658  0.000000  0.000000
1  -0.367730  -0.367730  127.936993  0.007856  -0.077268  61.364665  0.052975  -0.073792  0.000000  0.000000
1  -0.369581  -0.369239  127.949810  0.019308  0.111270  62.020541  0.064797  0.114780  263.429993  0.000000
1  -0.367043  -0.367043  127.975745  0.011452  -0.025525  62.685166  0.057315  -0.022058  0.000000  0.000000
1  -0.364089  -0.364089  127.956819  0.008522  -0.061206  63.329394  0.054751  -0.057799  323.929993  0.000000
1  -0.366369  -0.366369  127.974544  0.009987  -0.076014  64.002205  0.056583  -0.072616  0.000000  0.000000
1  -0.368054  -0.368054  128.000079  0.020906  0.150500  64.655752  0.067866  0.153900  0.000000  0.000000
1  -0.370435  -0.370293  128.012105  0.009321  -0.042628  65.309723  0.056645  -0.039237  0.000000  0.000000
1  -0.367085  -0.367085  128.016823  0.005726  -0.133730  65.973236  0.053414  -0.130353  0.000000  0.000000
1  -0.362782  -0.362782  128.026153  0.023835  0.168003  66.638631  0.071873  0.171295  0.000000  0.000000
1  -0.366936  -0.366936  127.981985  0.021039  0.146057  67.308596  0.069437  0.149292  0.000000  0.000000
1  -0.367469  -0.367469  127.965510  0.003329  -0.144143  67.943613  0.052072  -0.140850  0.000000  0.000000
1  -0.368085  -0.368085  127.961361  0.011718  -0.024724  68.621867  0.060824  -0.021407  0.000000  0.000000
1  -0.368326  -0.368326  127.980382  0.023436  0.203243  69.280211  0.072892  0.206445  0.000000  0.000000
1  -0.364425  -0.364425  127.992962  0.008123  -0.107543  69.943374  0.057924  -0.104337  0.000000  0.000000
1  -0.368012  -0.368012  128.035564  0.014647  0.014055  70.600576  0.064796  0.017264  0.000000  0.000000
1  -0.369814  -0.369814  128.012559  0.010786  -0.013380  71.240823  0.061272  -0.010181  328.540009  0.000000
1  -0.368648  -0.368820  128.040204  0.016645  0.110788  71.894867  0.067475  0.113968  342.130005  0.000000
1  -0.367243  -0.367243  128.028418  0.004394  -0.146622  72.541499  0.055557  -0.143510  0.000000  0.000000
1  -0.365851  -0.365851  128.077073  0.017311  0.027269  73.215604  0.068813  0.030388  0.000000  0.000000
1  -0.365151  -0.365151  128.076497  0.016378  0.078622  73.861658  0.068213  0.081725  0.000000  0.000000
1  -0.367429  -0.367429  128.069069  0.011585  0.043293  74.469759  0.063735  0.046331  0.000000  0.000000
1  -0.369882  -0.369378  128.050437  0.019042  0.130840  75.137128  0.071527  0.133880  0.000000  0.000000
1  -0.366540  -0.366540  128.085482  0.009721  -0.085755  75.807475  0.062532  -0.082687  319.220001  0.000000
1  -0.365375  -0.365375  128.038227  0.010120  -0.056558  76.455342  0.063250  -0.053559  310.709991  0.000000
1  -0.362245  -0.362245  127.988820  0.003995  -0.156299  77.099368  0.057440  -0.153330  305.350006  0.000000
1  -0.367361  -0.367361  127.964891  0.011851  0.016231  77.733312  0.065609  0.019184  0.000000  0.000000
1  -0.367916  -0.367545  127.963161  0.017577  0.074344  78.392492  0.071646  0.077249  12.350000  0.000000
1  -0.367374  -0.367374  128.004713  0.012783  0.004567  79.049822  0.067169  0.007465  10.560000  0.000000
1  -0.367362  -0.367362  128.028069  0.011318  -0.051892  79.697005  0.066011  -0.049044  343.649994  0.010000
1  -0.365628  -0.365628  127.998906  0.015047  0.021390  80.343827  0.070043  0.024217  339.489990  0.010000
1  -0.367048  -0.367048  128.013046  0.017044  0.019561  81.006395  0.072343  0.022362  331.779999  0.010000
1  -0.370067  -0.371952  127.997848  0.013316  0.067055  81.624718  0.068908  0.069777  322.200012  0.020000
1  -0.368135  -0.368135  128.018526  0.011585  -0.044531  82.275833  0.067473  -0.041776  318.769989  0.020000
1  -0.365754  -0.365754  128.024794  0.011318  -0.015325  82.909628  0.067499  -0.012604  316.790009  0.020000
1  -0.366193  -0.366193  128.026699  0.010519  -0.022015  83.534648  0.066985  -0.019356  315.420013  0.030000
1  -0.366868  -0.366868  128.028250  0.002663  -0.180545  84.167878  0.059416  -0.177888  312.739990  0.030000
1  -0.367430  -0.367326  128.096334  0.001465  -0.237954  84.814243  0.058507  -0.235252  310.559998  0.030000
1  -0.367854  -0.367854  128.101243  0.012916  -0.038511  85.462106  0.070235  -0.035975  308.160004  0.030000
1  -0.368105  -0.368105  128.112119  0.004794  -0.203657  86.105095  0.062386  -0.201118  305.929993  0.040000
1  -0.364543  -0.364543  128.059999  0.009854  -0.086872  86.732838  0.067713  -0.084375  303.070007  0.040000
1  -0.367220  -0.367220  128.071278  0.014381  -0.022271  87.389555  0.072513  -0.019735  300.510010  0.040000
1  -0.368995  -0.368561  128.088366  0.017577  0.057703  88.018135  0.075975  0.060197  300.579987  0.050000
1  -0.369115  -0.369115  128.087031  0.016512  0.085333  88.642143  0.075174  0.087820  300.760010  0.050000
1  -0.366486  -0.366486  128.087166  0.012916  -0.032790  89.277719  0.071837  -0.030346  301.279999  0.050000
1  -0.363468  -0.363468  128.058694  0.016245  0.020473  89.907681  0.075419  0.022839  301.630005  0.060000
1  -0.367704  -0.367704  128.063630  0.012916  0.023603  90.526318  0.072347  0.025977  302.450012  0.060000
1  -0.369092  -0.368693  128.071419  0.014381  0.066422  91.137121  0.074062  0.068754  303.279999  0.060000
1  -0.368042  -0.368042  128.072717  0.012117  -0.003884  91.745260  0.072044  -0.001597  303.910004  0.070000
1  -0.366732  -0.366732  128.073190  0.016911  0.047951  92.373502  0.077082  0.050244  304.779999  0.070000
1  -0.365290  -0.365290  128.103258  0.013715  -0.035302  93.001228  0.074124  -0.033095  305.519989  0.080000
1  -0.367535  -0.367535  128.092454  0.009454  -0.104260  93.640570  0.070103  -0.102070  305.959991  0.080000
1  -0.370677  -0.370629  128.079212  0.021572  0.174807  94.243568  0.082448  0.176951  306.630005  0.090000
1  -0.366340  -0.366340  128.067945  0.004794  -0.133073  94.856246  0.065899  -0.130934  307.429993  0.090000
1  -0.366052  -0.366052  128.113210  0.014248  -0.002933  95.479211  0.075580  -0.000809  308.269989  0.100000
1  -0.366979  -0.366979  128.117941  0.019308  0.098626  96.090172  0.080863  0.100717  308.570007  0.100000
1  -0.366681  -0.366681  128.131053  0.011185  -0.052836  96.697952  0.072958  -0.050799  309.000000  0.100000
1  -0.367693  -0.367484  128.121358  0.000533  -0.222662  97.298687  0.062521  -0.220628  309.200012  0.110000
1  -0.369176  -0.369176  128.115848  0.014514  0.022449  97.896587  0.076717  0.024441  309.410004  0.110000
1  -0.365624  -0.365624  128.107760  0.010519  -0.000617  98.477646  0.072934  0.001363  309.420013  0.120000
1  -0.366834  -0.366834  128.079243  0.004394  -0.115303  99.071574  0.067017  -0.113417  309.549988  0.120000
1  -0.365063  -0.365063  128.070345  0.005060  -0.139841  99.652611  0.067878  -0.138009  310.059998  0.130000
1  -0.369002  -0.369002  128.083291  0.019974  0.145675  100.242695  0.082993  0.147567  310.670013  0.130000
1  -0.368757  -0.368757  128.086244  0.016645  0.057805  100.853915  0.079862  0.059631  311.109985  0.130000
1  -0.368663  -0.368663  128.072624  0.016245  0.055194  101.438432  0.079652  0.056996  311.570007  0.140000
1  -0.367062  -0.367062  128.071697  0.009987  -0.061319  102.028920  0.073578  -0.059572  311.970001  0.140000
1  -0.367297  -0.367297  128.057266  0.011185  0.033833  102.595334  0.074962  0.035520  312.269989  0.150000
1  -0.368007  -0.367944  128.031618  0.012650  0.032918  103.164772  0.076603  0.034580  312.769989  0.150000
1  -0.371824  -0.371824  128.024761  0.019175  0.130956  103.745306  0.083302  0.132588  313.230011  0.150000
1  -0.368101  -0.368101  128.039473  0.012650  0.013603  104.320836  0.076950  0.015222  313.640015  0.160000
1  -0.364629  -0.364629  128.060233  0.017976  0.079935  104.902735  0.082444  0.081501  314.130005  0.170000
1  -0.366509  -0.366509  128.025652  0.005726  -0.124397  105.475700  0.070355  -0.122925  314.299988  0.170000
1  -0.367264  -0.366974  127.974278  0.012384  0.023275  106.024072  0.077164  0.024707  314.279999  0.180000
1  -0.367687  -0.367687  127.971423  0.011851  -0.072579  106.610875  0.076784  -0.071171  314.260010  0.180000
1  -0.367367  -0.367367  127.948962  0.013848  -0.041661  107.180216  0.078929  -0.040265  314.480011  0.180000
1  -0.367089  -0.367089  127.979987  0.014781  0.008771  107.761124  0.080011  0.010148  314.799988  0.190000
1  -0.365914  -0.365914  127.996628  0.004927  -0.144178  108.325948  0.070301  -0.142836  315.339996  0.190000
1  -0.369761  -0.369761  127.979295  0.016245  0.113048  108.869614  0.081758  0.114357  316.040009  0.200000
1  -0.369578  -0.369578  127.966773  0.021705  0.119071  109.438316  0.087351  0.120303  317.059998  0.200000
1  -0.368557  -0.368557  127.968570  0.020773  0.124001  110.004391  0.086546  0.125159  317.589996  0.200000
1  -0.367684  -0.367684  127.958719  0.018642  0.079186  110.547477  0.084539  0.080357  318.070007  0.210000
1  -0.366399  -0.366399  127.923555  0.010786  -0.017291  111.079758  0.076801  -0.016185  318.600006  0.210000
1  -0.367503  -0.367863  127.904428  0.022237  0.177807  111.621250  0.088368  0.178864  318.720001  0.210000
1  -0.370269  -0.370269  127.887861  0.019175  0.086641  112.169408  0.085414  0.087639  318.980011  0.220000
1  -0.367070  -0.367070  127.883759  0.014647  0.009946  112.710563  0.080993  0.010969  319.269989  0.220000
1  -0.366412  -0.366412  127.903663  0.017976  0.109519  113.240997  0.084427  0.110484  319.750000  0.220000
1  -0.365664  -0.365664  127.890260  0.020240  0.150815  113.768357  0.086789  0.151758  320.119995  0.230000
1  -0.368271  -0.368023  127.902176  0.006125  -0.126289  114.316450  0.072774  -0.125382  320.260010  0.230000
1  -0.369206  -0.369206  127.885456  0.020906  0.137771  114.856965  0.087645  0.138572  320.339996  0.230000
1  -0.367932  -0.367932  127.857224  0.004527  -0.146006  115.352698  0.071346  -0.145240  320.489990  0.240000
1  -0.365373  -0.365373  127.814192  0.012650  0.025851  115.879700  0.079548  0.026559  320.390015  0.240000
1  -0.366059  -0.366059  127.807864  0.016245  0.056741  116.382084  0.083215  0.057449  320.179993  0.240000
1  -0.366986  -0.367216  127.828237  0.018376  0.067899  116.930058  0.085421  0.068549  319.890015  0.250000
1  -0.367757  -0.367757  127.819048  0.015579  0.056521  117.434060  0.082692  0.057151  319.829987  0.250000
1  -0.368539  -0.368539  127.829136  0.014514  0.042617  117.940539  0.081694  0.043243  319.760010  0.250000
1  -0.365394  -0.365394  127.821402  0.011318  0.011258  118.441479  0.078561  0.011836  319.670013  0.260000
1  -0.366331  -0.366331  127.848800  0.011984  0.003485  118.945572  0.079286  0.004056  319.459991  0.260000
1  -0.368015  -0.368120  127.822000  0.013049  0.018050  119.431360  0.080398  0.018505  319.010010  0.260000
1  -0.368154  -0.368154  127.786655  0.014381  0.059564  119.917735  0.081774  0.059971  318.519989  0.260000
1  -0.369204  -0.369204  127.775840  0.006924  -0.060117  120.400345  0.074361  -0.059714  318.019989  0.260000
1  -0.367188  -0.367188  127.778099  0.020373  0.139818  120.870143  0.087847  0.140195  317.700012  0.270000
1  -0.366396  -0.366396  127.826307  0.011052  -0.057055  121.383423  0.078566  -0.056710  317.579987  0.270000
1  -0.368277  -0.367847  127.822915  0.020373  0.161133  121.862818  0.087916  0.161393  317.720001  0.280000
1  -0.369459  -0.369459  127.833315  0.018642  0.090414  122.351754  0.086211  0.090642  317.859985  0.280000
1  -0.370298  -0.370298  127.832090  0.007989  -0.087055  122.805438  0.075578  -0.086876  317.959991  0.280000
1  -0.367679  -0.367679  127.839726  0.016911  0.106269  123.298000  0.084519  0.106464  318.130005  0.290000
1  -0.365506  -0.365506  127.848721  0.011318  -0.008211  123.760391  0.078940  -0.008095  318.320007  0.290000
1  -0.367421  -0.367354  127.842441  0.001864  -0.243121  124.227078  0.069492  -0.243054  318.410004  0.290000
1  -0.368815  -0.368815  127.816500  0.020906  0.135595  124.689292  0.088533  0.135581  318.600006  0.290000
1  -0.368196  -0.368196  127.856613  0.006525  -0.125926  125.156618  0.074155  -0.125918  318.869995  0.290000
1  -0.366553  -0.366553  127.874331  0.011718  -0.003955  125.616544  0.079345  -0.003973  319.059998  0.290000
1  -0.363152  -0.363152  127.855052  0.018509  0.176067  126.053906  0.086128  0.175995  317.899994  0.290000
1  -0.366244  -0.366545  127.830941  0.007723  -0.109360  126.504690  0.075323  -0.109531  317.950012  0.290000
1  -0.370523  -0.370523  127.844182  0.003329  -0.164262  126.951389  0.070911  -0.164426  318.010010  0.290000
1  -0.368524  -0.368524  127.882511  0.017577  0.103352  127.395093  0.085142  0.103165  318.059998  0.290000
1  -0.366659  -0.366659  127.924305  0.014381  -0.014308  127.857065  0.081927  -0.014518  318.109985  0.290000
1  -0.366151  -0.366151  127.930345  0.007989  -0.068385  128.294339  0.075507  -0.068673  318.160004  0.290000
1  -0.368098  -0.367869  127.905990  0.013582  0.032091  128.713648  0.081059  0.031750  318.200012  0.290000
1  -0.368139  -0.368139  127.906256  0.012251  -0.015630  129.141528  0.079689  -0.016034  318.239990  0.290000
1  -0.368754  -0.368754  127.918324  0.016778  0.088076  129.563691  0.084175  0.087695  318.279999  0.290000
1  -0.367317  -0.367317  127.949883  0.017976  0.114531  129.985721  0.085334  0.114183  318.320007  0.290000
1  -0.365312  -0.365312  127.938174  0.014115  0.042951  130.404007  0.081420  0.042486  318.369995  0.280000
1  -0.366375  -0.366766  127.944381  0.001731  -0.216412  130.822221  0.068980  -0.216950  318.440002  0.280000
1  -0.368731  -0.368731  127.971089  0.013183  0.017540  131.231751  0.080378  0.017018  318.510010  0.280000
1  -0.369560  -0.369560  128.005918  0.016778  0.036498  131.659618  0.083912  0.035932  318.600006  0.280000
1  -0.368537  -0.368537  128.008100  0.011452  -0.044357  132.070098  0.078515  -0.044984  318.700012  0.280000
1  -0.366119  -0.366119  128.028221  0.006392  -0.064449  132.457297  0.073391  -0.065087  318.799988  0.280000
1  -0.367655  -0.367655  128.076863  0.010786  -0.034516  132.862027  0.077719  -0.035116  318.899994  0.280000
1  -0.367079  -0.367079  128.064741  0.009587  -0.057049  133.255744  0.076439  -0.057765  319.019989  0.280000
1  -0.370286  -0.370286  128.031619  0.005326  -0.135224  133.639522  0.072088  -0.136031  319.149994  0.280000
1  -0.367740  -0.367740  128.028360  0.019441  0.106475  134.033054  0.086112  0.105635  319.290009  0.280000
1  -0.367238  -0.367238  128.050700  0.016112  0.043911  134.430466  0.082694  0.043075  319.440002  0.280000
1  -0.366248  -0.366268  128.048695  0.009587  -0.036761  134.800976  0.076076  -0.037656  319.579987  0.280000
1  -0.367840  -0.367840  127.970587  0.021305  0.198010  135.159999  0.087683  0.196984  319.720001  0.280000
1  -0.368157  -0.368157  127.940964  0.012384  0.001308  135.530653  0.078654  0.000303  319.859985  0.280000
1  -0.368093  -0.368093  127.946855  0.018376  0.078892  135.913724  0.084532  0.077846  320.000000  0.280000
1  -0.367132  -0.367132  127.912280  0.021039  0.160388  136.272039  0.087075  0.159310  320.140015  0.280000
1  -0.366276  -0.366292  127.894593  0.019441  0.130551  136.633996  0.085357  0.129429  320.279999  0.280000
1  -0.366039  -0.366039  127.923311  0.007989  -0.054970  136.985363  0.073793  -0.056032  320.420013  0.280000
1  -0.368395  -0.368395  127.891429  0.022504  0.214377  137.326688  0.088178  0.213161  320.559998  0.280000
1  -0.369599  -0.369599  127.885052  0.006791  -0.112542  137.672073  0.072335  -0.113788  320.700012  0.280000
1  -0.366832  -0.366832  127.853210  0.012916  0.065090  138.000384  0.078324  0.063820  320.850006  0.280000
1  -0.363221  -0.363743  127.846608  0.007191  -0.067979  138.336473  0.072459  -0.069261  320.989990  0.280000
1  -0.367596  -0.367596  127.840824  0.016112  0.089384  138.678853  0.081240  0.088090  321.140015  0.280000
1  -0.368020  -0.368020  127.861372  0.013183  -0.042148  139.018267  0.078173  -0.043457  321.290009  0.280000
1  -0.367672  -0.367672  127.886878  0.013049  0.004877  139.355664  0.077901  0.003547  321.429993  0.280000
1  -0.367335  -0.367335  127.921673  0.013582  0.017874  139.689631  0.078290  0.016531  321.579987  0.280000
1  -0.362408  -0.362408  127.931066  0.016778  0.037495  140.029235  0.081330  0.036034  321.730011  0.270000
1  -0.366952  -0.366952  127.904605  0.016378  0.091459  140.341137  0.080767  0.089961  321.890015  0.270000
1  -0.370671  -0.370671  127.933141  0.007856  -0.112350  140.665744  0.072092  -0.113809  322.049988  0.270000
1  -0.368573  -0.368573  127.943342  0.014781  -0.006229  140.985239  0.078856  -0.007727  322.220001  0.270000
1  -0.366897  -0.366897  127.959260  0.020373  0.096875  141.309731  0.084283  0.095303  322.410004  0.270000
1  -0.366657  -0.366710  127.919554  0.017311  0.089198  141.606658  0.081042  0.087512  322.600006  0.270000
1  -0.367185  -0.367185  127.910784  0.012251  -0.033411  141.921887  0.075798  -0.035090  322.790009  0.270000
1  -0.368473  -0.368473  127.919246  0.012251  -0.003105  142.224668  0.075622  -0.004761  322.989990  0.270000
1  -0.367898  -0.367898  127.946344  0.014381  0.042532  142.523080  0.077578  0.040899  323.200012  0.270000
1  -0.366754  -0.366754  127.978566  0.009055  -0.065772  142.829715  0.072072  -0.067441  323.410004  0.260000
1  -0.366320  -0.366462  127.956983  0.011851  -0.015807  143.114590  0.074678  -0.017575  323.619995  0.260000
1  -0.367664  -0.367664  127.952727  0.012517  -0.029915  143.412204  0.075158  -0.031702  323.839996  0.260000
1  -0.369434  -0.369434  127.938536  0.021039  0.162646  143.691500  0.083485  0.160851  324.070007  0.260000
1  -0.368007  -0.368007  127.945303  0.009321  -0.066137  143.968466  0.071573  -0.067953  324.299988  0.260000
1  -0.367611  -0.367611  127.913177  0.009321  -0.029981  144.229744  0.071364  -0.031863  324.549988  0.260000
1  -0.364951  -0.365092  127.946010  0.016645  0.087363  144.503886  0.078495  0.085552  324.799988  0.260000
1  -0.367301  -0.367301  127.960953  0.013049  0.008592  144.773118  0.074700  0.006734  325.049988  0.260000
1  -0.368305  -0.368305  127.952854  0.013848  0.024003  145.040505  0.075289  0.022051  325.299988  0.250000
1  -0.371632  -0.371632  127.966779  0.014647  0.046136  145.302259  0.075880  0.044168  325.559998  0.250000
1  -0.368465  -0.368465  127.943927  0.007191  -0.049971  145.536816  0.068205  -0.052002  325.809998  0.250000
1  -0.364874  -0.365225  127.926696  0.010519  -0.007410  145.787824  0.071310  -0.009484  326.070007  0.250000
1  -0.367494  -0.367494  127.919773  0.014514  0.050789  146.026814  0.075091  0.048737  326.320007  0.250000
1  -0.368978  -0.368978  127.940411  0.017444  0.102043  146.276752  0.077800  0.099992  326.579987  0.250000
1  -0.363259  -0.361122  127.970736  0.003862  -0.152449  146.526699  0.063994  -0.154488  326.839996  0.250000
1  -0.367518  -0.367518  127.974429  0.007457  -0.067148  146.763356  0.067363  -0.069245  327.100006  0.250000
1  -0.364666  -0.364666  127.991649  0.012251  0.033251  146.993992  0.071931  0.031152  327.359985  0.250000
1  -0.367015  -0.367015  127.939760  0.006525  -0.081434  147.212749  0.065966  -0.083627  327.619995  0.250000
1  -0.370030  -0.370030  127.907425  0.015446  0.086322  147.420697  0.074647  0.084087  327.890015  0.250000
1  -0.368169  -0.367523  127.929532  -0.002796  -0.274482  147.645251  0.056171  -0.276670  328.160004  0.250000
1  -0.364795  -0.364795  127.896335  0.015979  0.131767  147.851186  0.074703  0.129505  328.420013  0.250000
1  -0.366265  -0.366265  127.860601  0.006392  -0.087721  148.057114  0.064870  -0.090032  328.690002  0.250000
1  -0.367907  -0.367907  127.892824  0.008788  -0.064334  148.278696  0.067028  -0.066619  328.959991  0.250000
1  -0.368148  -0.368148  127.883681  0.010786  0.046414  148.473153  0.068781  0.044146  329.239990  0.250000
1  -0.368762  -0.368407  127.903283  0.012251  0.010514  148.687080  0.070001  0.008232  329.519989  0.250000
1  -0.363180  -0.363180  127.937853  0.019441  0.123867  148.901380  0.076949  0.121596  329.799988  0.250000
1  -0.365851  -0.365851  127.968100  0.015047  0.030528  149.113471  0.072307  0.028243  330.079987  0.250000
1  -0.365538  -0.365546  127.967257  0.006791  -0.074404  149.299743  0.063800  -0.076751  330.350006  0.250000
1  -0.366164  -0.366164  127.939792  0.009987  -0.058564  149.495621  0.066731  -0.061025  330.619995  0.250000
1  -0.369406  -0.369406  127.941044  0.005459  -0.091691  149.674561  0.061948  -0.094096  330.890015  0.250000
1  -0.367091  -0.367091  127.912867  0.007057  -0.078042  149.853140  0.063280  -0.080515  331.160004  0.250000
1  -0.365137  -0.365137  127.923199  0.018775  0.150895  150.038270  0.074740  0.148445  331.420013  0.250000
1  -0.366092  -0.367552  127.892287  0.014914  0.067009  150.213974  0.070608  0.064483  331.679993  0.250000
1  -0.368228  -0.368228  127.907271  0.012384  0.006777  150.399703  0.067813  0.004256  331.929993  0.250000
1  -0.369676  -0.369676  127.932430  0.018908  0.073674  150.591117  0.074071  0.071162  332.179993  0.250000
1  -0.367009  -0.367009  127.936797  0.009987  -0.036922  150.764116  0.064879  -0.039465  332.429993  0.250000
1  -0.363158  -0.363158  127.925186  0.018109  0.077612  150.940758  0.072727  0.075028  332.679993  0.250000
1  -0.366794  -0.367299  127.919404  0.012251  0.008389  151.106827  0.066591  0.005778  332.920013  0.250000
1  -0.368278  -0.368278  127.907837  0.021705  0.197958  151.271674  0.075762  0.195296  333.160004  0.250000
1  -0.369524  -0.369524  127.921700  0.015047  0.057950  151.429465  0.068828  0.055344  333.399994  0.250000
1  -0.366541  -0.366541  127.928767  0.013316  0.009438  151.598949  0.066819  0.006783  333.640015  0.250000
1  -0.366304  -0.366304  127.908233  0.021838  0.153015  151.763352  0.075049  0.150320  333.880005  0.250000
1  -0.366368  -0.366511  127.927884  -0.003995  -0.283512  151.908676  0.048941  -0.286107  334.119995  0.250000
1  -0.367751  -0.367751  127.938823  0.011452  0.008890  152.056383  0.064109  0.006259  334.359985  0.250000
1  -0.368923  -0.368923  127.978771  0.005992  -0.109819  152.217522  0.058372  -0.112452  334.589996  0.250000
1  -0.367982  -0.367982  128.014722  0.007723  -0.100071  152.376609  0.059827  -0.102667  334.829987  0.250000
1  -0.366454  -0.366454  128.009555  0.006791  -0.111262  152.517201  0.058606  -0.113926  335.049988  0.250000
1  -0.365451  -0.366023  127.976041  0.003462  -0.168587  152.643512  0.054980  -0.171352  335.279999  0.250000
1  -0.368147  -0.368147  127.980508  0.013582  0.046880  152.776211  0.064804  0.044145  335.500000  0.250000
1  -0.368531  -0.368531  127.976438  0.009854  -0.063145  152.918220  0.060785  -0.065852  335.709991  0.250000
1  -0.367145  -0.367145  127.932077  0.012916  0.007333  153.047631  0.063545  0.004481  335.920013  0.250000
1  -0.365729  -0.365729  127.931964  0.007989  -0.079782  153.175262  0.058323  -0.082588  336.130005  0.250000
1  -0.365934  -0.366692  127.917612  0.019308  0.141443  153.293570  0.069341  0.138631  336.339996  0.260000
1  -0.368016  -0.368016  127.894583  0.008922  -0.050981  153.407664  0.058654  -0.053796  336.549988  0.260000
1  -0.369223  -0.369223  127.870125  0.015180  0.042689  153.533225  0.064608  0.039863  336.760010  0.260000
1  -0.368569  -0.368569  127.873576  0.012384  -0.018901  153.653158  0.061499  -0.021729  336.970001  0.260000
1  -0.367161  -0.367161  127.840434  0.014381  0.100406  153.752821  0.063198  0.097522  337.179993  0.260000
1  -0.368463  -0.368444  127.865906  0.003196  -0.122838  153.865501  0.051714  -0.125585  337.380005  0.260000
1  -0.367891  -0.367891  127.901479  0.014781  0.019821  153.993009  0.062997  0.017045  337.579987  0.260000
1  -0.369072  -0.369072  127.877692  0.023170  0.223017  154.090947  0.071079  0.220090  337.779999  0.260000
1  -0.368372  -0.368372  127.856989  0.014381  0.038972  154.193736  0.061978  0.036071  337.970001  0.260000
1  -0.364273  -0.364273  127.883826  0.012251  0.023296  154.291992  0.059546  0.020449  338.170013  0.270000
1  -0.365374  -0.365747  127.926161  0.003196  -0.192300  154.401094  0.050192  -0.195132  338.359985  0.270000
1  -0.364956  -0.364956  127.907785  0.003595  -0.142375  154.485742  0.050282  -0.145291  338.559998  0.270000
1  -0.368773  -0.368773  127.935384  0.006525  -0.121632  154.590139  0.052906  -0.124537  338.750000  0.270000
1  -0.368344  -0.368344  127.899887  0.003329  -0.119879  154.667368  0.049393  -0.122828  338.940002  0.270000
1  -0.366975  -0.366975  127.878909  0.012916  0.029942  154.752323  0.058665  0.026990  339.130005  0.270000
1  -0.364393  -0.364842  127.851806  0.004128  -0.139567  154.829513  0.049555  -0.142548  339.320007  0.270000
1  -0.368853  -0.368853  127.835114  0.020373  0.170008  154.911720  0.065476  0.167026  339.500000  0.270000
1  -0.367795  -0.367795  127.854649  0.025034  0.223442  154.998946  0.069832  0.220554  339.690002  0.270000
1  -0.368939  -0.368939  127.872917  0.012650  0.018884  155.078032  0.057137  0.016016  339.869995  0.270000
1  -0.366657  -0.366657  127.890860  0.008655  -0.067734  155.155144  0.052829  -0.070659  340.040009  0.270000
1  -0.363423  -0.364257  127.911410  0.003595  -0.125633  155.221484  0.047459  -0.128525  340.200012  0.270000
1  -0.366498  -0.366498  127.890566  0.016645  0.109284  155.285208  0.060190  0.106264  340.359985  0.270000
1  -0.368361  -0.368361  127.853036  0.009854  0.025290  155.334529  0.053073  0.022267  340.510010  0.270000
1  -0.368238  -0.368238  127.865529  0.011452  0.012868  155.402033  0.054357  0.009917  340.649994  0.270000
1  -0.367342  -0.367342  127.840975  0.005193  -0.093849  155.451292  0.047777  -0.096840  340.790009  0.280000
1  -0.366286  -0.362485  127.850496  0.000932  -0.162836  155.504575  0.043187  -0.165799  340.929993  0.280000
1  -0.366711  -0.366711  127.869363  0.007191  -0.083162  155.568324  0.049126  -0.086134  341.059998  0.280000
1  -0.368845  -0.368845  127.848041  0.006392  -0.115809  155.616179  0.048017  -0.118795  341.190002  0.280000
1  -0.367990  -0.367990  127.831596  0.007324  -0.012021  155.648337  0.048620  -0.014992  341.309998  0.280000
1  -0.367606  -0.367606  127.835916  0.017044  0.115196  155.699882  0.058023  0.112196  341.420013  0.280000
1  -0.366166  -0.366166  127.846478  0.014514  0.064565  155.747650  0.055179  0.061588  341.519989  0.280000
1  -0.367205  -0.367205  127.822536  0.008256  -0.040320  155.783517  0.048585  -0.043334  341.609985  0.280000
1  -0.367902  -0.367902  127.860122  0.010120  -0.061660  155.842737  0.050133  -0.064593  341.679993  0.290000
1  -0.369053  -0.369532  127.841230  0.006658  -0.048189  155.868853  0.046349  -0.051253  341.750000  0.290000
1  -0.366632  -0.366632  127.817800  0.017444  0.126286  155.903528  0.056804  0.123194  341.809998  0.290000
1  -0.365122  -0.365122  127.850535  0.007191  -0.068435  155.944355  0.046232  -0.071379  341.869995  0.300000
1  -0.365941  -0.365941  127.862505  0.018109  0.113679  155.983508  0.056826  0.110663  341.920013  0.300000
1  -0.367301  -0.367301  127.879840  0.018775  0.130376  156.027584  0.057172  0.127437  341.970001  0.300000
1  -0.370436  -0.370171  127.888994  0.005726  -0.098023  156.051308  0.043801  -0.100987  342.000000  0.310000
1  -0.367532  -0.367532  127.866359  0.015979  0.096965  156.073190  0.053732  0.093941  342.029999  0.310000
1  -0.366255  -0.366255  127.858340  0.010253  0.004159  156.094490  0.047683  0.001109  342.040009  0.320000
1  -0.366649  -0.366649  127.797425  0.006791  -0.056472  156.091970  0.043880  -0.059599  342.049988  0.320000
1  -0.367271  -0.367271  127.803043  0.009587  -0.026095  156.115098  0.046350  -0.029121  342.059998  0.320000
1  -0.368132  -0.368720  127.816492  0.017710  0.132663  156.133686  0.054148  0.129647  342.059998  0.330000
1  -0.367257  -0.367257  127.850869  0.013049  0.005352  156.158432  0.049165  0.002337  342.059998  0.330000
1  -0.366209  -0.366209  127.893743  0.012783  0.000398  156.187395  0.048579  -0.002609  342.070007  0.330000
1  -0.365848  -0.365848  127.893661  0.009188  -0.061486  156.205851  0.044669  -0.064503  342.079987  0.340000
1  -0.365411  -0.365411  127.889445  0.011718  0.007728  156.216127  0.046855  0.004674  342.089996  0.340000
1  -0.368035  -0.368356  127.914112  0.007856  -0.103275  156.239536  0.042673  -0.106311  342.109985  0.340000
1  -0.367618  -0.367618  127.897560  0.011984  -0.004493  156.252036  0.046471  -0.007512  342.119995  0.340000
1  -0.366677  -0.366677  127.880864  0.015313  0.026283  156.262385  0.049472  0.023229  342.140015  0.340000
1  -0.364611  -0.364611  127.900241  0.008655  -0.055605  156.268145  0.042491  -0.058542  342.149994  0.340000
1  -0.368140  -0.368140  127.854157  0.016245  0.084345  156.263402  0.049747  0.081245  342.170013  0.350000
1  -0.368042  -0.368042  127.823710  0.007191  -0.072407  156.254825  0.040362  -0.075531  342.190002  0.350000
1  -0.369895  -0.369895  127.839238  0.015446  0.032729  156.262152  0.048286  0.029719  342.209991  0.350000
1  -0.367859  -0.367859  127.865412  0.006392  -0.088426  156.263874  0.038914  -0.091427  342.230011  0.350000
1  -0.363704  -0.363704  127.882873  0.007856  -0.044513  156.256509  0.040057  -0.047539  342.260010  0.350000
1  -0.366535  -0.366535  127.917736  0.012916  0.040473  156.256492  0.044799  0.037512  342.279999  0.350000
1  -0.369440  -0.369022  127.894718  0.010519  0.026383  156.236930  0.042070  0.023306  342.309998  0.350000
1  -0.368182  -0.368182  127.913725  0.015313  0.043036  156.240323  0.046538  0.040018  342.329987  0.360000
1  -0.366977  -0.366977  127.950349  0.013049  -0.007100  156.240428  0.043957  -0.010086  342.359985  0.360000
1  -0.362211  -0.362211  127.984767  0.014248  -0.011155  156.248930  0.044834  -0.014141  342.380005  0.370000
1  -0.366644  -0.366644  127.994279  0.005726  -0.153200  156.246190  0.035986  -0.156213  342.410004  0.370000
1  -0.367910  -0.367662  128.007180  0.010653  -0.043721  156.234894  0.040591  -0.046724  342.429993  0.380000
1  -0.367395  -0.367395  128.000042  0.013715  0.032326  156.218274  0.043325  0.029375  342.450012  0.380000
1  -0.366832  -0.366832  127.993196  0.012517  -0.012433  156.207872  0.041804  -0.015466  342.459991  0.380000
1  -0.366414  -0.366414  127.998574  -0.001864  -0.226389  156.172792  0.027098  -0.229390  342.470001  0.380000
1  -0.366699  -0.366699  128.012000  0.011185  0.027152  156.141310  0.039834  0.024208  342.480011  0.380000
1  -0.367864  -0.369342  127.976498  0.015047  0.011705  156.129329  0.043367  0.008600  342.500000  0.380000
1  -0.367630  -0.367630  128.032826  0.009854  -0.114775  156.135132  0.037861  -0.117710  342.510010  0.380000
1  -0.365434  -0.365434  128.029111  0.017444  0.127612  156.099659  0.045125  0.124639  342.529999  0.380000
1  -0.365874  -0.365874  128.015402  0.006791  -0.093700  156.073245  0.034150  -0.096726  342.559998  0.380000
1  -0.365304  -0.365304  127.989334  0.015713  0.086059  156.037405  0.042745  0.083076  342.579987  0.390000
1  -0.367613  -0.367211  127.962509  0.017444  0.090394  156.011767  0.044146  0.087326  342.600006  0.390000
1  -0.369646  -0.369646  127.957389  0.010386  -0.006235  155.970500  0.036768  -0.009219  342.630005  0.390000
1  -0.367559  -0.367855  127.961721  0.017311  0.100031  155.935431  0.043366  0.097057  342.649994  0.390000
1  -0.366859  -0.366476  127.974380  0.004527  -0.156396  155.906047  0.030267  -0.159334  342.670013  0.390000
1  -0.368180  -0.368180  127.974614  0.011318  -0.010030  155.868957  0.036738  -0.013022  342.700012  0.390000
1  -0.367803  -0.367803  127.969506  0.003862  -0.147275  155.834536  0.028962  -0.150261  342.720001  0.390000
1  -0.369987  -0.369987  127.937408  0.006392  -0.120525  155.794220  0.031163  -0.123582  342.739990  0.390000
1  -0.366502  -0.366502  127.946474  0.010519  0.006524  155.742872  0.034982  0.003645  342.760010  0.390000
1  -0.365473  -0.365345  127.924763  0.015579  0.085660  155.693174  0.039712  0.082618  342.779999  0.390000
1  -0.366925  -0.366925  127.917212  0.017976  0.072903  155.657508  0.041786  0.069839  342.790009  0.390000
1  -0.368212  -0.368212  127.924940  0.016645  0.109841  155.602499  0.040140  0.106858  342.809998  0.390000
1  -0.367876  -0.367876  127.964189  0.015313  0.080132  155.558344  0.038503  0.077234  342.820007  0.390000
1  -0.366836  -0.366836  127.979781  0.006392  -0.114227  155.520511  0.029270  -0.117181  342.839996  0.400000
1  -0.367061  -0.364309  128.000652  0.007723  -0.038154  155.463570  0.030288  -0.041031  342.850006  0.400000
1  -0.365364  -0.365364  127.953598  0.012916  0.052240  155.391754  0.035161  0.049270  342.859985  0.400000
1  -0.369432  -0.369432  127.944490  0.017710  0.120284  155.332074  0.039642  0.117350  342.869995  0.400000
1  -0.368115  -0.368115  127.936654  0.011984  0.003073  155.280563  0.033599  0.000109  342.880005  0.400000
1  -0.367341  -0.367341  127.937978  0.017710  0.128464  155.224668  0.039011  0.125559  342.880005  0.400000
1  -0.365820  -0.366274  127.924768  0.013848  0.015402  155.164352  0.034836  0.012474  342.890015  0.400000
1  -0.364796  -0.364796  127.867790  0.017577  0.163348  155.077641  0.038250  0.160367  342.890015  0.400000
1  -0.367149  -0.367149  127.842422  0.007191  -0.043518  155.005048  0.027545  -0.046458  342.890015  0.400000
1  -0.369131  -0.369131  127.856374  0.009587  -0.042674  154.946888  0.029633  -0.045569  342.899994  0.400000
1  -0.369376  -0.369376  127.840963  -0.000932  -0.189911  154.865762  0.018798  -0.192816  342.899994  0.400000
1  -0.365896  -0.365901  127.838568  0.010386  -0.010840  154.802443  0.029811  -0.013718  342.899994  0.400000
1  -0.364620  -0.364620  127.796457  0.016911  0.124263  154.727692  0.036019  0.121256  342.910004  0.400000
1  -0.366725  -0.366725  127.792812  0.007191  -0.048942  154.652885  0.025995  -0.051810  342.910004  0.410000
1  -0.370299  -0.370299  127.822846  0.008256  -0.066805  154.585048  0.026751  -0.069618  342.920013  0.410000
1  -0.367794  -0.367794  127.829630  0.013049  0.043091  154.515034  0.031252  0.040238  342.929993  0.410000
1  -0.365541  -0.365695  127.796377  0.013982  0.035182  154.436124  0.031857  0.032255  342.950012  0.410000
1  -0.366088  -0.366088  127.764285  0.008655  -0.095335  154.364545  0.026226  -0.098258  342.959991  0.410000
1  -0.368424  -0.368424  127.785230  0.017710  0.087723  154.292419  0.034979  0.084876  342.980011  0.410000
1  -0.369187  -0.369187  127.779327  0.013049  0.033132  154.213043  0.030007  0.030282  342.989990  0.410000
1  -0.367628  -0.367628  127.809498  0.018109  0.150513  154.136217  0.034770  0.147720  343.000000  0.410000
1  -0.362730  -0.362885  127.787090  0.012650  0.011108  154.051466  0.029002  0.008268  343.019989  0.410000
1  -0.366383  -0.366383  127.791055  0.006658  -0.064097  153.968252  0.022712  -0.066912  343.029999  0.410000
1  -0.367821  -0.367821  127.758786  0.009055  -0.053661  153.874662  0.024801  -0.056569  343.040009  0.400000
1  -0.368567  -0.368258  127.751968  0.008655  -0.044203  153.784571  0.024102  -0.047074  343.040009  0.400000
1  -0.368414  -0.368414  127.731339  0.004394  -0.055647  153.675801  0.019540  -0.058455  343.049988  0.400000
1  -0.366049  -0.366049  127.746711  0.010786  0.028292  153.587999  0.025638  0.025520  343.049988  0.400000
1  -0.366962  -0.366962  127.742965  0.003462  -0.167810  153.504075  0.018021  -0.170563  343.040009  0.400000
1  -0.368753  -0.368753  127.765122  0.007723  -0.079688  153.423062  0.021990  -0.082414  343.029999  0.400000
1  -0.369172  -0.368851  127.786445  0.021572  0.194558  153.343923  0.035550  0.191859  343.019989  0.400000
1  -0.369020  -0.369020  127.780880  0.006924  -0.049207  153.244136  0.020609  -0.051946  343.010010  0.400000
1  -0.366979  -0.366979  127.846889  0.016911  0.090199  153.175336  0.030315  0.087545  343.000000  0.400000
1  -0.371679  -0.371679  127.790720  0.007856  -0.060784  153.072430  0.020956  -0.063593  342.989990  0.400000
1  -0.366440  -0.366440  127.789286  0.009587  0.006336  152.967746  0.022395  0.003768  342.980011  0.400000
1  -0.368658  -0.368470  127.778425  0.011185  0.029876  152.866209  0.023701  0.027191  342.970001  0.400000
1  -0.366314  -0.366314  127.759221  0.010786  -0.018897  152.768307  0.023005  -0.021670  342.959991  0.400000
1  -0.367229  -0.367229  127.740079  0.007324  -0.120752  152.678106  0.019246  -0.123495  342.959991  0.390000
1  -0.364694  -0.364694  127.734406  0.013316  0.027622  152.581556  0.024949  0.024919  342.959991  0.390000
1  -0.366976  -0.366976  127.729853  0.013582  0.044880  152.477493  0.024929  0.042220  342.970001  0.390000
1  -0.370093  -0.370343  127.732530  -0.000666  -0.296563  152.393367  0.010393  -0.299271  342.980011  0.390000
1  -0.368078  -0.368078  127.727862  0.013049  0.058702  152.287767  0.023826  0.056035  342.980011  0.390000
1  -0.365360  -0.365360  127.749912  0.007057  0.004278  152.169512  0.017560  0.001702  342.989990  0.390000
1  -0.366041  -0.366041  127.765525  0.006791  -0.021022  152.060967  0.017018  -0.023621  343.000000  0.390000
1  -0.366817  -0.366817  127.728108  0.009188  -0.010356  151.950287  0.019128  -0.013006  343.010010  0.390000
1  -0.367926  -0.369498  127.739124  0.018908  0.149695  151.853940  0.028577  0.147114  343.010010  0.390000
1  -0.368785  -0.368785  127.732853  0.020107  0.168980  151.749526  0.029500  0.166466  343.019989  0.390000
1  -0.365615  -0.365615  127.699190  0.000932  -0.125322  151.624189  0.010045  -0.127883  343.040009  0.390000
1  -0.366762  -0.366762  127.646086  0.002796  -0.127755  151.504987  0.011619  -0.130414  343.049988  0.390000
1  -0.367285  -0.367285  127.671692  -0.007057  -0.377032  151.410862  0.001492  -0.379583  343.070007  0.390000
1  -0.368160  -0.367963  127.642998  0.017444  0.157307  151.296939  0.025715  0.154695  343.089996  0.390000
1  -0.368275  -0.368275  127.661730  0.011052  -0.030317  151.195215  0.019051  -0.032870  343.109985  0.390000
1  -0.362503  -0.362503  127.629316  0.012916  0.034368  151.086846  0.020635  0.031733  343.140015  0.380000
1  -0.365193  -0.365193  127.624078  0.004927  -0.063525  150.960682  0.012378  -0.066062  343.170013  0.380000
1  -0.368454  -0.368454  127.590840  0.010120  0.036014  150.828779  0.017295  0.033440  343.190002  0.380000
1  -0.368295  -0.368498  127.602582  0.008389  -0.021289  150.719955  0.015301  -0.023785  343.220001  0.380000
1  -0.369569  -0.369569  127.593875  0.006791  -0.038423  150.596911  0.013436  -0.040968  343.250000  0.380000
1  -0.367417  -0.367417  127.587188  0.008123  0.016788  150.464823  0.014501  0.014289  343.279999  0.380000
1  -0.363032  -0.363032  127.543204  0.008123  -0.030326  150.340918  0.014228  -0.032868  343.309998  0.380000
1  -0.367902  -0.367902  127.544358  0.013982  0.134804  150.211857  0.019827  0.132393  343.339996  0.380000
1  -0.368292  -0.368152  127.592888  -0.001065  -0.176958  150.094592  0.004529  -0.179319  343.369995  0.380000
1  -0.367058  -0.367058  127.653115  0.017177  0.153054  149.985397  0.022529  0.150768  343.410004  0.380000
1  -0.367498  -0.367498  127.679529  0.006924  -0.047814  149.874459  0.012024  -0.050160  343.440002  0.380000
1  -0.363949  -0.363949  127.722890  0.000666  -0.170553  149.764137  0.005518  -0.172887  343.480011  0.380000
1  -0.367149  -0.367149  127.726943  0.009321  -0.028592  149.650598  0.013917  -0.030957  343.510010  0.380000
1  -0.371551  -0.371338  127.724550  0.008256  -0.066749  149.543600  0.012599  -0.069140  343.549988  0.390000
1  -0.368788  -0.368788  127.690684  0.018243  0.160272  149.415358  0.022323  0.157890  343.589996  0.390000
1  -0.367498  -0.367498  127.701819  -0.006791  -0.338698  149.301910  -0.002965  -0.341089  343.619995  0.390000
1  -0.366250  -0.366250  127.634826  0.015979  0.143980  149.158572  0.019541  0.141540  343.660004  0.390000
1  -0.366162  -0.366162  127.657147  0.012783  0.045607  149.047651  0.016098  0.043294  343.700012  0.390000
1  -0.367527  -0.367423  127.646119  0.007856  -0.044917  148.928963  0.010920  -0.047273  343.750000  0.390000
1  -0.368467  -0.368467  127.660710  0.002663  -0.104352  148.795335  0.005482  -0.106596  343.790009  0.390000
1  -0.369355  -0.369355  127.690934  0.011851  0.050161  148.674143  0.014429  0.047889  343.839996  0.390000
1  -0.368856  -0.368856  127.682869  -0.005992  -0.291505  148.545267  -0.003661  -0.293773  343.880005  0.390000
1  -0.364296  -0.364296  127.700722  0.022637  0.242887  148.429515  0.024731  0.240622  343.920013  0.390000
1  -0.367560  -0.367282  127.673285  -0.002131  -0.222384  148.298038  -0.000283  -0.224705  343.959991  0.390000
1  -0.368057  -0.368057  127.670122  0.014647  0.043948  148.187291  0.016251  0.041696  343.989990  0.390000
1  -0.368004  -0.368004  127.671310  0.005326  -0.077651  148.060551  0.006696  -0.079840  344.029999  0.390000
1  -0.367706  -0.367706  127.675508  0.006258  -0.086421  147.944638  0.007392  -0.088616  344.059998  0.390000
1  -0.367517  -0.367517  127.647819  0.023569  0.281618  147.808171  0.024463  0.279407  344.100006  0.390000
1  -0.367233  -0.368212  127.660124  0.006924  -0.038799  147.686250  0.007588  -0.040983  344.130005  0.390000
1  -0.370867  -0.370867  127.672743  0.008655  -0.032054  147.562087  0.009092  -0.034156  344.160004  0.390000
1  -0.368863  -0.368863  127.665694  0.007856  -0.004455  147.431703  0.008055  -0.006651  344.179993  0.390000
1  -0.368275  -0.368275  127.662078  0.013183  0.041804  147.316715  0.013151  0.039595  344.209991  0.390000
1  -0.367436  -0.367436  127.676066  0.002264  -0.143919  147.192188  0.002012  -0.146009  344.230011  0.390000
1  -0.364004  -0.364342  127.704519  0.018243  0.133450  147.075197  0.017772  0.131390  344.250000  0.390000
1  -0.367547  -0.367547  127.703587  0.014115  0.079862  146.947985  0.013415  0.077784  344.279999  0.390000
1  -0.368889  -0.368889  127.716694  0.010919  0.031635  146.823790  0.010002  0.029587  344.309998  0.380000
1  -0.369141  -0.368877  127.702192  0.015446  0.054516  146.713307  0.014301  0.052414  344.339996  0.380000
1  -0.367048  -0.367048  127.746186  0.005193  -0.155031  146.607118  0.003834  -0.157051  344.369995  0.380000
1  -0.363253  -0.363253  127.746805  0.008522  0.007671  146.477799  0.006945  0.005602  344.410004  0.380000
1  -0.367054  -0.367054  127.780639  0.004661  -0.126719  146.363748  0.002872  -0.128687  344.450012  0.380000
1  -0.369016  -0.369016  127.756505  0.010919  -0.006220  146.238871  0.008907  -0.008291  344.489990  0.380000
1  -0.368840  -0.368840  127.758840  0.016645  0.096990  146.117464  0.014419  0.094985  344.540009  0.380000
1  -0.368667  -0.368667  127.778517  0.017444  0.084202  146.010010  0.015007  0.082238  344.589996  0.370000
1  -0.367133  -0.367133  127.772261  0.003862  -0.109150  145.879243  0.001211  -0.111099  344.649994  0.370000
1  -0.367488  -0.367488  127.780004  0.003063  -0.066780  145.742317  0.000209  -0.068683  344.720001  0.370000
1  -0.368129  -0.368129  127.784090  0.012517  0.047284  145.619576  0.009459  0.045401  344.779999  0.370000
1  -0.368793  -0.369026  127.810762  0.012517  0.071801  145.496202  0.009268  0.069912  344.850006  0.370000
1  -0.368566  -0.368566  127.781348  0.009321  -0.007167  145.359996  0.005849  -0.009121  344.920013  0.370000
1  -0.365593  -0.365593  127.771454  0.012650  0.049982  145.232054  0.008971  0.048072  344.989990  0.370000
1  -0.365126  -0.365126  127.795385  0.016245  0.141551  145.106522  0.012368  0.139690  345.070007  0.370000
1  -0.366950  -0.366950  127.804351  0.008256  -0.080023  145.004421  0.004174  -0.081935  345.149994  0.370000
1  -0.369753  -0.369557  127.806239  0.006125  -0.108752  144.886617  0.001844  -0.110580  345.239990  0.370000
1  -0.368681  -0.368681  127.798917  0.017044  0.159903  144.749518  0.012565  0.158075  345.320007  0.370000
1  -0.367159  -0.367159  127.797461  0.007723  -0.025554  144.626214  0.003048  -0.027415  345.420013  0.370000
1  -0.367398  -0.367398  127.768331  0.014914  0.127751  144.481952  0.010042  0.125894  345.510010  0.370000
1  -0.367146  -0.367146  127.746297  0.006924  -0.002640  144.336771  0.001858  -0.004441  345.609985  0.380000
1  -0.369895  -0.369712  127.770352  0.009454  -0.057989  144.229138  0.004197  -0.059759  345.720001  0.380000
1  -0.369310  -0.369310  127.739785  0.000399  -0.161110  144.084620  -0.005054  -0.162932  345.829987  0.380000
1  -0.367259  -0.367259  127.732954  0.024634  0.257781  143.968040  0.018986  0.255973  345.940002  0.380000
1  -0.365705  -0.365705  127.730395  0.001598  -0.134903  143.825846  -0.004236  -0.136680  346.059998  0.380000
1  -0.365445  -0.365445  127.690986  0.012650  0.192182  143.661864  0.006628  0.190416  346.170013  0.380000
1  -0.367343  -0.368086  127.679006  0.004261  -0.054835  143.521117  -0.001947  -0.056581  346.290009  0.380000
1  -0.368566  -0.368566  127.657096  -0.005593  -0.293224  143.385948  -0.011990  -0.294967  346.410004  0.380000
1  -0.367112  -0.367112  127.658264  0.012916  0.112954  143.245981  0.006340  0.111283  346.529999  0.380000
1  -0.365961  -0.365961  127.707521  0.012117  0.017997  143.136151  0.005368  0.016383  346.649994  0.380000
1  -0.364758  -0.364758  127.721704  0.002264  -0.153222  143.016377  -0.004663  -0.154929  346.769989  0.380000
1  -0.365565  -0.366038  127.673708  0.007324  0.024763  142.865102  0.000213  0.023028  346.890015  0.370000
1  -0.367810  -0.367810  127.666738  0.012916  0.120077  142.726836  0.005629  0.118416  347.010010  0.370000
1  -0.368360  -0.368360  127.688246  0.010386  0.117433  142.584408  0.002929  0.115828  347.140015  0.370000
1  -0.367383  -0.367383  127.707699  0.016645  0.148793  142.461393  0.009019  0.147215  347.260010  0.370000
1  -0.366815  -0.366815  127.768685  0.016512  0.094815  142.352969  0.008724  0.093310  347.380005  0.370000
1  -0.366865  -0.367103  127.706683  0.013049  0.127813  142.205736  0.005083  0.126181  347.500000  0.370000
1  -0.368988  -0.368988  127.667191  0.017444  0.165690  142.068689  0.009302  0.164078  347.609985  0.370000
1  -0.368572  -0.368572  127.637968  -0.001997  -0.156728  141.923442  -0.010310  -0.158322  347.709991  0.370000
1  -0.367018  -0.367018  127.645338  -0.001997  -0.223349  141.797210  -0.010474  -0.224896  347.799988  0.370000
1  -0.366946  -0.366946  127.626941  0.003728  -0.063858  141.655800  -0.004918  -0.065449  347.890015  0.370000
1  -0.365625  -0.365808  127.617653  0.002663  -0.115306  141.531330  -0.006151  -0.116889  347.970001  0.360000
1  -0.368214  -0.368214  127.620775  0.007191  -0.006714  141.407310  -0.001790  -0.008227  348.040009  0.360000
1  -0.368909  -0.368909  127.609517  0.019974  0.179476  141.284016  0.010832  0.177949  348.109985  0.360000
1  -0.367324  -0.367324  127.602384  -0.003995  -0.143976  141.120113  -0.013301  -0.145455  348.179993  0.360000
1  -0.364493  -0.364493  127.602384  -0.005859  -0.236099  140.984544  -0.015317  -0.237573  348.250000  0.360000
1  -0.367303  -0.366199  127.544560  0.011185  0.074267  140.838864  0.001560  0.072705  348.320007  0.360000
1  -0.367677  -0.367677  127.552485  -0.003728  -0.148820  140.686040  -0.013505  -0.150253  348.390015  0.360000
1  -0.368384  -0.368384  127.561479  0.012117  0.102379  140.558818  0.002186  0.100962  348.450012  0.360000
1  -0.367193  -0.367193  127.560850  0.016778  0.177315  140.432952  0.006694  0.175894  348.519989  0.360000
1  -0.364004  -0.364004  127.563483  -0.002663  -0.167404  140.290287  -0.012893  -0.168788  348.579987  0.360000
1  -0.366127  -0.366309  127.544086  0.005593  -0.008175  140.143210  -0.004789  -0.009546  348.649994  0.360000
1  -0.367292  -0.367292  127.520130  0.010120  0.085438  139.996147  -0.000410  0.084051  348.700012  0.360000
1  -0.367847  -0.367847  127.511654  0.006658  0.020977  139.851670  -0.004018  0.019607  348.760010  0.360000
1  -0.368469  -0.368469  127.526196  0.007989  -0.010382  139.721447  -0.002827  -0.011706  348.820007  0.360000
1  -0.364735  -0.364735  127.560055  -0.010120  -0.362185  139.611680  -0.021072  -0.363489  348.880005  0.360000
1  -0.366126  -0.366319  127.574029  0.011185  0.045620  139.492874  0.000094  0.044335  348.929993  0.360000
