mode yawCmd rudderSet rudderIs gpsCourse gpsSpeed cY cW cWd mY mW mWd accGyroCount magCount psid psiTilde rTilde integralPsiTilde rudderMoment tauFF 
1  0.000000  1.206714  1.206714  8465757266019152698863203590188289666705175393864053350334119648006822741207467221610139651539950629292588663675955095844168282945988214600436734378963122862433683077368972497191778949668200840558233679593519900395139232400947012628149071624260257993191545544638464.000000  0.000000 41.333518  0.824077  1.186160  15.549868  1.071673  0.436856 442 213 0.000000  0.000000  0.000000  0.000000  0.000000  0.000000 
1  15.549868  1.218823  1.218800  8465757266019152698863203590188289666705175393864053350334119648006822741207467221610139651539950629292588663675955095844168282945988214600436734378963122862433683077368972497191778949668200840558233679593519900395139232400947012628149071624260257993191545544638464.000000  0.000000 42.126465  -0.000000  -2.413676  15.896013  0.366018  -1.943946 25 12 15.549868  0.000000  0.000000  0.000000  0.000000  0.000000 
1  15.896013  1.218300  1.218300  8465757266019152698863203590188289666705175393864053350334119648006822741207467221610139651539950629292588663675955095844168282945988214600436734378963122862433683077368972497191778949668200840558233679593519900395139232400947012628149071624260257993191545544638464.000000  0.000000 41.960663  -0.000001  -1.597182  16.109141  0.221614  -1.727781 24 13 15.896013  0.000000  0.000000  0.000000  0.000000  0.000000 
1  16.109141  1.217872  1.217872  8465757266019152698863203590188289666705175393864053350334119648006822741207467221610139651539950629292588663675955095844168282945988214600436734378963122862433683077368972497191778949668200840558233679593519900395139232400947012628149071624260257993191545544638464.000000  0.000000 41.915308  -0.000001  -1.073708  16.291197  0.202480  -1.220262 26 12 16.109141  0.000000  0.000000  0.000000  0.000000  0.000000 
1  16.291197  1.219130  1.219130  8465757266019152698863203590188289666705175393864053350334119648006822741207467221610139651539950629292588663675955095844168282945988214600436734378963122862433683077368972497191778949668200840558233679593519900395139232400947012628149071624260257993191545544638464.000000  0.000000 41.896871  -0.000000  -0.719955  16.510215  0.200338  -0.824535 25 12 16.291197  0.000000  0.000000  0.000000  0.000000  0.000000 
1  16.510215  1.218752  1.218752  8465757266019152698863203590188289666705175393864053350334119648006822741207467221610139651539950629292588663675955095844168282945988214600436734378963122862433683077368972497191778949668200840558233679593519900395139232400947012628149071624260257993191545544638464.000000  0.000000 41.896194  -0.000001  -0.483122  16.709232  0.201253  -0.550148 25 12 16.510215  0.000000  0.000000  0.000000  0.000000  0.000000 
1  16.709232  1.220216  1.219626  8465757266019152698863203590188289666705175393864053350334119648006822741207467221610139651539950629292588663675955095844168282945988214600436734378963122862433683077368972497191778949668200840558233679593519900395139232400947012628149071624260257993191545544638464.000000  0.000000 41.895357  -0.000001  -0.322869  16.898466  0.202823  -0.362540 25 12 16.709232  0.000000  0.000000  0.000000  0.000000  0.000000 
1  16.898466  1.218698  1.218698  8465757266019152698863203590188289666705175393864053350334119648006822741207467221610139651539950629292588663675955095844168282945988214600436734378963122862433683077368972497191778949668200840558233679593519900395139232400947012628149071624260257993191545544638464.000000  0.000000 41.895725  -0.000001  -0.214612  17.063302  0.204418  -0.235673 25 13 16.898466  0.000000  0.000000  0.000000  0.000000  0.000000 
1  17.063302  1.220027  1.220027  8465757266019152698863203590188289666705175393864053350334119648006822741207467221610139651539950629292588663675955095844168282945988214600436734378963122862433683077368972497191778949668200840558233679593519900395139232400947012628149071624260257993191545544638464.000000  0.000000 41.899121  -0.000001  -0.142196  17.230010  0.206275  -0.150071 25 12 17.063302  0.000000  0.000000  0.000000  0.000000  0.000000 
1  17.230010  1.192814  1.192814  8465757266019152698863203590188289666705175393864053350334119648006822741207467221610139651539950629292588663675955095844168282945988214600436734378963122862433683077368972497191778949668200840558233679593519900395139232400947012628149071624260257993191545544638464.000000  0.000000 41.897327  0.000121  -0.094890  17.361322  0.207981  -0.094685 25 12 17.230010  0.000000  0.000000  0.000000  0.000000  0.000000 
1  17.361322  1.218943  1.218943  8465757266019152698863203590188289666705175393864053350334119648006822741207467221610139651539950629292588663675955095844168282945988214600436734378963122862433683077368972497191778949668200840558233679593519900395139232400947012628149071624260257993191545544638464.000000  0.000000 41.897397  0.000075  -0.063667  17.475541  0.209731  -0.057894 24 13 17.361322  0.000000  0.000000  0.000000  0.000000  0.000000 
1  17.475541  1.218319  1.218294  308.299988  0.140000 41.897508  0.000095  -0.042309  17.576660  0.211287  -0.033488 26 12 17.475541  0.000000  0.000000  0.000000  0.000000  0.000000 
1  17.576660  1.218474  1.218474  308.299988  0.140000 41.897779  0.000054  -0.028316  17.655764  0.213075  -0.016475 25 12 17.576660  0.000000  0.000000  0.000000  0.000000  0.000000 
1  17.655764  1.218906  1.218906  308.299988  0.140000 41.897712  0.000006  -0.019263  17.719619  0.214803  -0.005434 24 13 17.655764  0.000000  0.000000  0.000000  0.000000  0.000000 
1  17.719619  1.218497  1.218497  308.299988  0.140000 41.897759  0.000073  -0.012512  17.769360  0.216487  0.001927 26 12 17.719619  0.000000  0.000000  0.000000  0.000000  0.000000 
1  17.769360  1.217791  1.217791  308.299988  0.140000 41.897674  0.000018  -0.008562  17.802001  0.218158  0.006750 25 12 17.769360  0.000000  0.000000  0.000000  0.000000  0.000000 
1  17.802001  1.217986  1.217707  308.299988  0.140000 41.897706  0.000035  -0.005757  17.824224  0.219108  0.007492 25 12 17.802001  0.000000  0.000000  0.000000  0.000000  0.000000 
1  17.824224  1.219070  1.219070  308.299988  0.140000 41.897745  0.000044  -0.003903  17.846096  0.219374  0.005770 25 13 17.824224  0.000000  0.000000  0.000000  0.000000  0.000000 
1  17.846096  1.219034  1.219034  308.299988  0.140000 41.897742  0.000054  -0.002597  17.867509  0.219441  0.004066 25 12 17.846096  0.000000  0.000000  0.000000  0.000000  0.000000 
1  17.867509  1.218632  1.218632  308.299988  0.140000 41.897768  0.000043  -0.001521  17.888627  0.219423  0.002689 25 12 17.867509  0.000000  0.000000  0.000000  0.000000  0.000000 
1  17.888627  1.219288  1.219288  308.299988  0.140000 41.897746  0.000034  -0.001150  17.909225  0.219484  0.001991 25 12 17.888627  0.000000  0.000000  0.000000  0.000000  0.000000 
1  17.909225  1.219191  1.219335  319.549988  0.190000 41.897508  0.000053  -0.000538  17.931338  0.219343  0.000834 25 13 17.909225  0.000000  0.000000  0.000000  0.000000  0.000000 
1  17.931338  1.221237  1.221237  319.549988  0.190000 41.897602  0.000083  -0.000362  17.953243  0.219403  0.000728 25 12 17.931338  0.000000  0.000000  0.000000  0.000000  0.000000 
1  17.953243  1.219303  1.219303  319.549988  0.190000 41.897645  0.000073  -0.000315  17.975542  0.219429  0.000532 25 12 17.953243  0.000000  0.000000  0.000000  0.000000  0.000000 
1  17.975542  1.219562  1.219562  319.549988  0.190000 41.897524  0.000053  -0.000342  17.997062  0.219392  0.000242 25 12 17.975542  0.000000  0.000000  0.000000  0.000000  0.000000 
1  17.997062  1.218994  1.218994  319.549988  0.190000 41.897626  0.000061  -0.000284  18.019489  0.219536  0.000714 25 12 17.997062  0.000000  0.000000  0.000000  0.000000  0.000000 
1  18.019489  1.218894  1.218524  319.549988  0.190000 41.897789  0.000082  -0.000106  18.041017  0.219558  0.000516 25 13 18.019489  0.000000  0.000000  0.000000  0.000000  0.000000 
1  18.041017  1.218819  1.218819  319.549988  0.190000 41.897784  0.000073  -0.000179  18.062222  0.219500  0.000166 25 12 18.041017  0.000000  0.000000  0.000000  0.000000  0.000000 
1  18.062222  1.219137  1.219137  319.549988  0.190000 41.897590  0.000043  0.000047  18.083288  0.219516  0.000150 25 12 18.062222  0.000000  0.000000  0.000000  0.000000  0.000000 
1  18.083288  1.217915  1.217915  319.549988  0.190000 41.897659  0.000022  -0.000148  18.105158  0.219348  -0.000455 25 12 18.083288  0.000000  0.000000  0.000000  0.000000  0.000000 
1  18.105158  1.218643  1.218643  319.549988  0.190000 41.897718  0.000064  -0.000083  18.127461  0.219299  -0.000423 25 13 18.105158  0.000000  0.000000  0.000000  0.000000  0.000000 
1  18.127461  1.218544  1.217727  345.239990  0.210000 41.897638  0.000055  -0.000097  18.149290  0.219318  -0.000271 25 12 18.127461  0.000000  0.000000  0.000000  0.000000  0.000000 
1  18.149290  1.218006  1.218006  345.239990  0.210000 41.897598  0.000092  0.000005  18.170121  0.219449  0.000257 25 12 18.149290  0.000000  0.000000  0.000000  0.000000  0.000000 
1  18.170121  1.219916  1.219916  345.239990  0.210000 41.897703  0.000061  -0.000026  18.191303  0.219403  0.000014 25 12 18.170121  0.000000  0.000000  0.000000  0.000000  0.000000 
1  18.191303  1.218439  1.218439  345.239990  0.210000 41.897405  0.000075  -0.000016  18.212087  0.219388  -0.000069 25 13 18.191303  0.000000  0.000000  0.000000  0.000000  0.000000 
1  18.212087  1.219588  1.219588  345.239990  0.210000 41.897937  0.000018  -0.000104  18.236138  0.219468  0.000211 25 12 18.212087  0.000000  0.000000  0.000000  0.000000  0.000000 
1  18.236138  1.218079  1.217833  345.239990  0.210000 41.897949  0.000050  -0.000074  18.257604  0.219352  -0.000198 25 12 18.236138  0.000000  0.000000  0.000000  0.000000  0.000000 
1  18.257604  1.219004  1.219004  345.239990  0.210000 41.897621  0.000079  0.000087  18.278396  0.219422  0.000106 25 13 18.257604  0.000000  0.000000  0.000000  0.000000  0.000000 
1  18.278396  1.220353  1.220353  345.239990  0.210000 41.897903  0.000074  0.000005  18.300693  0.219480  0.000280 25 12 18.278396  0.000000  0.000000  0.000000  0.000000  0.000000 
1  18.300693  1.218788  1.218788  345.239990  0.210000 41.897912  0.000065  -0.000071  18.321770  0.219397  -0.000078 25 12 18.300693  0.000000  0.000000  0.000000  0.000000  0.000000 
1  18.321770  1.218328  1.218328  346.519989  0.120000 41.897604  0.000085  0.000019  18.342564  0.219379  -0.000138 25 12 18.321770  0.000000  0.000000  0.000000  0.000000  0.000000 
1  18.342564  1.219491  1.219211  346.519989  0.120000 41.898269  0.000062  -0.000006  18.366102  0.219422  0.000049 25 13 18.342564  0.000000  0.000000  0.000000  0.000000  0.000000 
1  18.366102  1.219167  1.219167  346.519989  0.120000 41.898113  0.000039  -0.000040  18.386848  0.219365  -0.000119 25 12 18.366102  0.000000  0.000000  0.000000  0.000000  0.000000 
1  18.386848  1.218979  1.218979  346.519989  0.120000 41.897802  0.000077  0.000025  18.407682  0.219304  -0.000298 25 12 18.386848  0.000000  0.000000  0.000000  0.000000  0.000000 
1  18.407682  1.218595  1.218595  346.519989  0.120000 41.897775  0.000067  -0.000050  18.429744  0.219269  -0.000338 25 12 18.407682  0.000000  0.000000  0.000000  0.000000  0.000000 
1  18.429744  1.218320  1.218320  346.519989  0.120000 41.897953  0.000074  0.000068  18.451319  0.219343  -0.000004 25 13 18.429744  0.000000  0.000000  0.000000  0.000000  0.000000 
1  18.451319  1.217479  1.218759  346.519989  0.120000 41.898179  0.000070  -0.000120  18.473678  0.219381  0.000137 25 12 18.451319  0.000000  0.000000  0.000000  0.000000  0.000000 
1  18.473678  1.219013  1.219013  346.519989  0.120000 41.898073  0.000030  -0.000184  18.494977  0.219342  -0.000016 25 12 18.473678  0.000000  0.000000  0.000000  0.000000  0.000000 
1  18.494977  1.218387  1.218387  346.519989  0.120000 41.897953  0.000059  0.000067  18.516530  0.219387  0.000214 25 12 18.494977  0.000000  0.000000  0.000000  0.000000  0.000000 
1  18.516530  1.219900  1.219900  346.519989  0.120000 41.898148  0.000053  -0.000023  18.539610  0.219361  0.000075 25 13 18.516530  0.000000  0.000000  0.000000  0.000000  0.000000 
1  18.539610  1.218791  1.218791  346.519989  0.120000 41.898056  0.000036  0.000126  18.560536  0.219290  -0.000210 25 12 18.539610  0.000000  0.000000  0.000000  0.000000  0.000000 
1  18.560536  1.219864  1.219864  346.519989  0.120000 41.898092  0.000020  -0.000051  18.581627  0.219248  -0.000310 25 12 18.560536  0.000000  0.000000  0.000000  0.000000  0.000000 
1  18.581627  1.218451  1.218451  346.519989  0.120000 41.898197  0.000066  0.000075  18.603565  0.219302  -0.000032 25 12 18.581627  0.000000  0.000000  0.000000  0.000000  0.000000 
1  18.603565  1.218705  1.218705  286.540009  0.220000 41.898101  0.000047  -0.000105  18.624955  0.219322  0.000040 25 13 18.603565  0.000000  0.000000  0.000000  0.000000  0.000000 
1  18.624955  1.218741  1.218741  286.540009  0.220000 41.898071  0.000103  0.000001  18.646405  0.219330  0.000042 24 12 18.624955  0.000000  0.000000  0.000000  0.000000  0.000000 
1  18.646405  1.218389  1.218389  286.540009  0.220000 41.898185  0.000070  0.000014  18.667961  0.219353  0.000129 25 12 18.646405  0.000000  0.000000  0.000000  0.000000  0.000000 
1  18.667961  1.218087  1.218087  286.540009  0.220000 41.898193  0.000080  -0.000195  18.689420  0.219281  -0.000166 25 12 18.667961  0.000000  0.000000  0.000000  0.000000  0.000000 
1  18.689420  1.219019  1.219019  286.540009  0.220000 41.898220  0.000042  -0.000043  18.711784  0.219366  0.000193 25 13 18.689420  0.000000  0.000000  0.000000  0.000000  0.000000 
1  18.711784  1.217476  1.217745  286.540009  0.220000 41.897951  0.000073  -0.000182  18.733159  0.219313  -0.000069 25 12 18.711784  0.000000  0.000000  0.000000  0.000000  0.000000 
1  18.733159  1.218980  1.218980  286.540009  0.220000 41.898211  0.000060  0.000085  18.754327  0.219249  -0.000264 25 12 18.733159  0.000000  0.000000  0.000000  0.000000  0.000000 
1  18.754327  1.219168  1.219168  286.540009  0.220000 41.898292  0.000053  0.000114  18.776983  0.219324  0.000085 25 12 18.754327  0.000000  0.000000  0.000000  0.000000  0.000000 
1  18.776983  1.217316  1.217316  275.059998  0.210000 41.898300  0.000071  0.000044  18.799373  0.219346  0.000156 25 13 18.776983  0.000000  0.000000  0.000000  0.000000  0.000000 
1  18.799373  1.218534  1.218534  275.059998  0.210000 41.898378  0.000082  0.000009  18.820120  0.219252  -0.000188 25 12 18.799373  0.000000  0.000000  0.000000  0.000000  0.000000 
1  18.820120  1.218996  1.219052  275.059998  0.210000 41.898207  0.000043  0.000021  18.840476  0.219390  0.000360 25 12 18.820120  0.000000  0.000000  0.000000  0.000000  0.000000 
1  18.840476  1.218659  1.218659  275.059998  0.210000 41.898125  0.000102  -0.000050  18.862069  0.219238  -0.000308 25 12 18.840476  0.000000  0.000000  0.000000  0.000000  0.000000 
1  18.862069  1.219577  1.219577  275.059998  0.210000 41.898118  0.000042  -0.000088  18.885107  0.219247  -0.000165 25 13 18.862069  0.000000  0.000000  0.000000  0.000000  0.000000 
1  18.885107  1.219637  1.219637  275.059998  0.210000 41.898017  0.000025  -0.000091  18.906082  0.219196  -0.000311 25 12 18.885107  0.000000  0.000000  0.000000  0.000000  0.000000 
1  18.906082  1.219451  1.219451  275.059998  0.210000 41.898049  0.000096  0.000166  18.927353  0.219266  0.000015 25 12 18.906082  0.000000  0.000000  0.000000  0.000000  0.000000 
1  18.927353  1.218371  1.218310  275.059998  0.210000 41.897953  0.000065  -0.000093  18.949500  0.219317  0.000233 25 12 18.927353  0.000000  0.000000  0.000000  0.000000  0.000000 
1  18.949500  1.218424  1.218424  275.059998  0.210000 41.898307  0.000072  0.000034  18.971536  0.219249  -0.000079 25 13 18.949500  0.000000  0.000000  0.000000  0.000000  0.000000 
1  18.971536  1.218424  1.218424  275.059998  0.210000 41.898092  0.000065  0.000007  18.991923  0.219195  -0.000238 25 12 18.971536  0.000000  0.000000  0.000000  0.000000  0.000000 
1  18.991923  1.218542  1.218542  245.990005  0.210000 41.898290  0.000103  0.000179  19.013719  0.219217  -0.000075 25 12 18.991923  0.000000  0.000000  0.000000  0.000000  0.000000 
1  19.013719  1.218453  1.218453  245.990005  0.210000 41.898200  0.000083  0.000018  19.035114  0.219125  -0.000331 25 12 19.013719  0.000000  0.000000  0.000000  0.000000  0.000000 
1  19.035114  1.218761  1.218761  245.990005  0.210000 41.898298  0.000104  0.000189  19.057570  0.219133  -0.000232 25 13 19.035114  0.000000  0.000000  0.000000  0.000000  0.000000 
1  19.057570  1.218208  1.218208  245.990005  0.210000 41.898190  0.000078  0.000076  19.078715  0.219148  -0.000122 25 12 19.057570  0.000000  0.000000  0.000000  0.000000  0.000000 
1  19.078715  1.217972  1.217863  245.990005  0.210000 41.898198  0.000006  0.000123  19.099768  0.219027  -0.000472 25 12 19.078715  0.000000  0.000000  0.000000  0.000000  0.000000 
1  19.099768  1.219402  1.219402  245.990005  0.210000 41.898151  0.000101  -0.000137  19.120293  0.219206  0.000286 25 12 19.099768  0.000000  0.000000  0.000000  0.000000  0.000000 
1  19.120293  1.219172  1.219172  245.990005  0.210000 41.898126  0.000073  0.000057  19.143170  0.219157  -0.000031 25 13 19.120293  0.000000  0.000000  0.000000  0.000000  0.000000 
1  19.143170  1.219503  1.219503  245.990005  0.210000 41.898240  0.000025  -0.000128  19.164309  0.219082  -0.000240 25 12 19.143170  0.000000  0.000000  0.000000  0.000000  0.000000 
1  19.164309  1.220344  1.220344  245.990005  0.210000 41.898198  0.000065  -0.000049  19.185342  0.219245  0.000369 25 12 19.164309  0.000000  0.000000  0.000000  0.000000  0.000000 
1  19.185342  1.219790  1.219953  245.990005  0.210000 41.898236  0.000043  -0.000064  19.207158  0.219180  -0.000015 25 12 19.185342  0.000000  0.000000  0.000000  0.000000  0.000000 
1  19.207158  1.218368  1.218368  246.880005  0.160000 41.898271  0.000065  0.000020  19.229753  0.219165  -0.000081 25 13 19.207158  0.000000  0.000000  0.000000  0.000000  0.000000 
1  19.229753  1.219969  1.219969  246.880005  0.160000 41.898342  0.000097  0.000147  19.250499  0.219165  -0.000043 25 12 19.229753  0.000000  0.000000  0.000000  0.000000  0.000000 
1  19.250499  1.219477  1.219477  246.880005  0.160000 41.898156  0.000074  -0.000038  19.271718  0.219158  -0.000048 24 12 19.250499  0.000000  0.000000  0.000000  0.000000  0.000000 
1  19.271718  1.217372  1.217372  246.880005  0.160000 41.898215  0.000027  -0.000145  19.293901  0.219154  -0.000038 26 12 19.271718  0.000000  0.000000  0.000000  0.000000  0.000000 
1  19.293901  1.218427  1.218533  246.880005  0.160000 41.898580  0.000039  0.000038  19.317451  0.219286  0.000373 25 13 19.293901  0.000000  0.000000  0.000000  0.000000  0.000000 
1  19.317451  1.218218  1.218218  246.880005  0.160000 41.898364  0.000058  0.000001  19.338578  0.219222  0.000046 25 12 19.317451  0.000000  0.000000  0.000000  0.000000  0.000000 
1  19.338578  1.219185  1.219185  246.880005  0.160000 41.898374  0.000064  0.000124  19.360480  0.219204  -0.000051 25 12 19.338578  0.000000  0.000000  0.000000  0.000000  0.000000 
1  19.360480  1.218897  1.218491  246.880005  0.160000 41.898271  0.000063  0.000177  19.380522  0.219195  -0.000067 25 12 19.360480  0.000000  0.000000  0.000000  0.000000  0.000000 
1  19.380522  1.218580  1.218580  246.880005  0.160000 41.897948  0.000051  -0.000032  19.402787  0.219202  0.000003 25 13 19.380522  0.000000  0.000000  0.000000  0.000000  0.000000 
1  19.402787  1.218884  1.219670  246.880005  0.160000 41.898449  0.000103  0.000125  19.425749  0.219137  -0.000208 25 12 19.402787  0.000000  0.000000  0.000000  0.000000  0.000000 
1  19.425749  1.219581  1.219581  245.050003  0.220000 41.898519  0.000016  -0.000071  19.447805  0.219187  0.000030 25 12 19.425749  0.000000  0.000000  0.000000  0.000000  0.000000 
1  19.447805  1.217993  1.217993  245.050003  0.220000 41.898261  0.000071  0.000135  19.467219  0.219143  -0.000106 25 12 19.447805  0.000000  0.000000  0.000000  0.000000  0.000000 
1  19.467219  1.220791  1.220791  245.050003  0.220000 41.898368  0.000042  -0.000051  19.490707  0.218996  -0.000586 25 13 19.467219  0.000000  0.000000  0.000000  0.000000  0.000000 
1  19.490707  1.219882  1.219882  245.050003  0.220000 41.898480  0.000065  -0.000048  19.512696  0.219144  0.000136 25 12 19.490707  0.000000  0.000000  0.000000  0.000000  0.000000 
1  19.512696  1.218348  1.218348  245.050003  0.220000 41.898663  0.000088  -0.000044  19.534123  0.219233  0.000338 25 12 19.512696  0.000000  0.000000  0.000000  0.000000  0.000000 
1  19.534123  1.218458  1.218458  245.050003  0.220000 41.898581  0.000058  -0.000019  19.556376  0.219258  0.000277 24 13 19.534123  0.000000  0.000000  0.000000  0.000000  0.000000 
1  19.556376  1.218623  1.218623  245.050003  0.220000 41.898388  0.000086  0.000142  19.577944  0.219127  -0.000217 26 12 19.556376  0.000000  0.000000  0.000000  0.000000  0.000000 
1  19.577944  1.218738  1.218738  245.050003  0.220000 41.898864  0.000068  -0.000050  19.599721  0.219119  -0.000192 25 12 19.577944  0.000000  0.000000  0.000000  0.000000  0.000000 
1  19.599721  1.218961  1.218961  245.050003  0.220000 41.898849  0.000023  -0.000046  19.621353  0.219109  -0.000170 25 12 19.599721  0.000000  0.000000  0.000000  0.000000  0.000000 
1  19.621353  1.218494  1.218430  245.050003  0.220000 41.898692  0.000086  0.000066  19.642543  0.219059  -0.000296 25 12 19.621353  0.000000  0.000000  0.000000  0.000000  0.000000 
1  19.642543  1.217307  1.217307  245.050003  0.220000 41.898769  0.000035  -0.000039  19.664590  0.219038  -0.000264 25 12 19.642543  0.000000  0.000000  0.000000  0.000000  0.000000 
1  19.664590  1.219337  1.219337  245.050003  0.220000 41.898730  0.000087  -0.000091  19.686913  0.219088  -0.000024 25 13 19.664590  0.000000  0.000000  0.000000  0.000000  0.000000 
1  19.686913  1.218140  1.218140  244.289993  0.240000 41.898835  0.000010  -0.000111  19.708315  0.219068  -0.000068 25 12 19.686913  0.000000  0.000000  0.000000  0.000000  0.000000 
1  19.708315  1.218568  1.218568  244.289993  0.240000 41.898832  0.000098  0.000117  19.730111  0.219149  0.000207 25 12 19.708315  0.000000  0.000000  0.000000  0.000000  0.000000 
1  19.730111  1.220208  1.220123  244.289993  0.240000 41.898536  0.000114  0.000082  19.751110  0.219158  0.000144 25 12 19.730111  0.000000  0.000000  0.000000  0.000000  0.000000 
1  19.751110  1.218983  1.218983  244.289993  0.240000 41.898587  0.000087  0.000004  19.773664  0.219180  0.000129 25 13 19.751110  0.000000  0.000000  0.000000  0.000000  0.000000 
1  19.773664  1.219075  1.219075  244.289993  0.240000 41.898561  0.000066  0.000063  19.794695  0.219174  0.000076 25 12 19.773664  0.000000  0.000000  0.000000  0.000000  0.000000 
1  19.794695  1.219251  1.219251  244.289993  0.240000 41.898535  0.000026  -0.000161  19.816110  0.219002  -0.000485 25 12 19.794695  0.000000  0.000000  0.000000  0.000000  0.000000 
1  19.816110  1.219310  1.219310  244.289993  0.240000 41.898731  0.000092  0.000026  19.838509  0.219209  0.000355 25 12 19.816110  0.000000  0.000000  0.000000  0.000000  0.000000 
1  19.838509  1.220079  1.220079  244.289993  0.240000 41.898981  0.000082  -0.000061  19.860906  0.219092  -0.000127 25 13 19.838509  0.000000  0.000000  0.000000  0.000000  0.000000 
1  19.860906  1.220327  1.220327  266.079987  0.200000 41.898993  0.000060  -0.000128  19.882548  0.219010  -0.000328 25 12 19.860906  0.000000  0.000000  0.000000  0.000000  0.000000 
1  19.882548  1.219142  1.218774  266.079987  0.200000 41.899021  0.000063  -0.000168  19.904219  0.219024  -0.000192 25 12 19.882548  0.000000  0.000000  0.000000  0.000000  0.000000 
1  19.904219  1.218723  1.218723  266.079987  0.200000 41.899079  0.000021  0.000192  19.926192  0.219000  -0.000205 25 12 19.904219  0.000000  0.000000  0.000000  0.000000  0.000000 
1  19.926192  1.217607  1.217607  266.079987  0.200000 41.899238  0.000081  0.000129  19.948907  0.219138  0.000299 25 13 19.926192  0.000000  0.000000  0.000000  0.000000  0.000000 
1  19.948907  1.219525  1.219525  266.079987  0.200000 41.899156  0.000046  -0.000066  19.970057  0.219172  0.000308 25 12 19.948907  0.000000  0.000000  0.000000  0.000000  0.000000 
1  19.970057  1.217206  1.217206  266.079987  0.200000 41.899121  0.000038  0.000150  19.992081  0.219204  0.000307 25 12 19.970057  0.000000  0.000000  0.000000  0.000000  0.000000 
1  19.992081  1.218177  1.218177  266.079987  0.200000 41.899233  0.000079  0.000089  20.014022  0.219167  0.000137 25 13 19.992081  0.000000  0.000000  0.000000  0.000000  0.000000 
1  20.014022  1.219034  1.219034  266.079987  0.200000 41.899220  0.000086  0.000029  20.035195  0.219089  -0.000185 25 12 20.014022  0.000000  0.000000  0.000000  0.000000  0.000000 
1  20.035195  1.219515  1.219515  266.079987  0.200000 41.899132  0.000060  0.000090  20.056145  0.219133  0.000049 25 12 20.035195  0.000000  0.000000  0.000000  0.000000  0.000000 
1  20.056145  1.219567  1.219567  266.079987  0.200000 41.899148  0.000049  0.000032  20.077641  0.219085  -0.000154 25 12 20.056145  0.000000  0.000000  0.000000  0.000000  0.000000 
1  20.077641  1.218811  1.218811  233.759995  0.180000 41.899173  0.000008  -0.000082  20.099897  0.219111  -0.000030 25 13 20.077641  0.000000  0.000000  0.000000  0.000000  0.000000 
1  20.099897  1.218531  1.218531  233.759995  0.180000 41.899277  0.000029  -0.000197  20.122270  0.219094  -0.000085 25 12 20.099897  0.000000  0.000000  0.000000  0.000000  0.000000 
1  20.122270  1.219025  1.219025  233.759995  0.180000 41.899306  0.000068  -0.000014  20.143666  0.219066  -0.000191 25 12 20.122270  0.000000  0.000000  0.000000  0.000000  0.000000 
1  20.143666  1.219703  1.218830  233.759995  0.180000 41.899166  0.000045  0.000071  20.165176  0.219113  0.000051 25 12 20.143666  0.000000  0.000000  0.000000  0.000000  0.000000 
1  20.165176  1.217765  1.217765  233.759995  0.180000 41.899258  -0.000015  0.000021  20.186982  0.218986  -0.000442 25 13 20.165176  0.000000  0.000000  0.000000  0.000000  0.000000 
1  20.186982  1.219998  1.219998  233.759995  0.180000 41.899283  0.000084  -0.000011  20.208196  0.219053  -0.000108 25 12 20.186982  0.000000  0.000000  0.000000  0.000000  0.000000 
1  20.208196  1.219242  1.219242  233.759995  0.180000 41.899361  0.000063  -0.000010  20.229810  0.219107  0.000078 25 12 20.208196  0.000000  0.000000  0.000000  0.000000  0.000000 
1  20.229810  1.217828  1.217828  233.759995  0.180000 41.899440  0.000034  0.000081  20.251041  0.218974  -0.000397 25 12 20.229810  0.000000  0.000000  0.000000  0.000000  0.000000 
1  20.251041  1.218220  1.217812  233.759995  0.180000 41.899287  0.000052  0.000004  20.272687  0.219042  -0.000045 25 13 20.251041  0.000000  0.000000  0.000000  0.000000  0.000000 
1  20.272687  1.216908  1.216908  233.759995  0.180000 41.899354  0.000078  -0.000025  20.294109  0.219090  0.000170 25 12 20.272687  0.000000  0.000000  0.000000  0.000000  0.000000 
1  20.294109  1.218112  1.218112  262.549988  0.310000 41.899339  0.000084  -0.000007  20.315324  0.219056  0.000033 25 12 20.294109  0.000000  0.000000  0.000000  0.000000  0.000000 
1  20.315324  1.218406  1.218406  262.549988  0.310000 41.899758  0.000106  -0.000102  20.338167  0.219103  0.000160 25 12 20.315324  0.000000  0.000000  0.000000  0.000000  0.000000 
1  20.338167  1.218299  1.218299  262.549988  0.310000 41.899491  0.000107  0.000090  20.358317  0.219090  0.000015 25 12 20.338167  0.000000  0.000000  0.000000  0.000000  0.000000 
1  20.358317  1.218943  1.218860  262.549988  0.310000 41.899334  0.000035  -0.000158  20.379728  0.219056  -0.000090 25 13 20.358317  0.000000  0.000000  0.000000  0.000000  0.000000 
1  20.379728  1.219560  1.219560  262.549988  0.310000 41.899279  0.000064  0.000083  20.400741  0.218968  -0.000295 25 12 20.379728  0.000000  0.000000  0.000000  0.000000  0.000000 
1  20.400741  1.218848  1.218848  262.549988  0.310000 41.899347  0.000065  0.000068  20.422146  0.218923  -0.000370 25 12 20.400741  0.000000  0.000000  0.000000  0.000000  0.000000 
1  20.422146  1.218883  1.218883  262.549988  0.310000 41.899273  0.000057  -0.000004  20.444389  0.219015  0.000047 25 13 20.422146  0.000000  0.000000  0.000000  0.000000  0.000000 
1  20.444389  1.219458  1.219458  262.549988  0.310000 41.899450  0.000075  0.000005  20.466535  0.218987  -0.000077 25 12 20.444389  0.000000  0.000000  0.000000  0.000000  0.000000 
1  20.466535  1.219198  1.219198  262.549988  0.310000 41.899553  0.000096  0.000053  20.488639  0.219057  0.000172 25 12 20.466535  0.000000  0.000000  0.000000  0.000000  0.000000 
1  20.488639  1.218720  1.218720  262.549988  0.310000 41.899448  0.000075  -0.000108  20.510325  0.219008  -0.000054 25 12 20.488639  0.000000  0.000000  0.000000  0.000000  0.000000 
1  20.510325  1.217249  1.217184  260.089996  0.360000 41.899403  0.000059  -0.000031  20.531499  0.219079  0.000193 25 13 20.510325  0.000000  0.000000  0.000000  0.000000  0.000000 
1  20.531499  1.220893  1.220893  260.089996  0.360000 41.899300  0.000052  -0.000109  20.553197  0.219049  0.000065 25 12 20.531499  0.000000  0.000000  0.000000  0.000000  0.000000 
1  20.553197  1.218042  1.218042  260.089996  0.360000 41.899478  0.000065  -0.000075  20.575692  0.219117  0.000239 25 12 20.553197  0.000000  0.000000  0.000000  0.000000  0.000000 
1  20.575692  1.217428  1.217428  260.089996  0.360000 41.899631  0.000092  0.000126  20.598596  0.219129  0.000201 25 13 20.575692  0.000000  0.000000  0.000000  0.000000  0.000000 
1  20.598596  1.217964  1.217964  260.089996  0.360000 41.899691  0.000075  -0.000039  20.619323  0.219058  -0.000104 25 12 20.598596  0.000000  0.000000  0.000000  0.000000  0.000000 
1  20.619323  1.217170  1.217170  260.089996  0.360000 41.899725  0.000051  0.000235  20.640279  0.219002  -0.000277 25 12 20.619323  0.000000  0.000000  0.000000  0.000000  0.000000 
1  20.640279  1.219369  1.219369  260.089996  0.360000 41.899277  0.000051  -0.000168  20.661763  0.219023  -0.000115 25 12 20.640279  0.000000  0.000000  0.000000  0.000000  0.000000 
1  20.661763  1.219742  1.219786  260.089996  0.360000 41.899448  0.000073  0.000048  20.684036  0.218906  -0.000471 25 13 20.661763  0.000000  0.000000  0.000000  0.000000  0.000000 
1  20.684036  1.219185  1.219185  260.089996  0.360000 41.899648  0.000058  0.000085  20.707232  0.218987  0.000001 25 12 20.684036  0.000000  0.000000  0.000000  0.000000  0.000000 
1  20.707232  1.218025  1.218025  260.089996  0.360000 41.899541  0.000027  -0.000065  20.727896  0.219125  0.000437 25 12 20.707232  0.000000  0.000000  0.000000  0.000000  0.000000 
1  20.727896  1.219322  1.219322  260.089996  0.360000 41.899727  0.000030  -0.000063  20.749069  0.219149  0.000356 25 12 20.727896  0.000000  0.000000  0.000000  0.000000  0.000000 
1  20.749069  1.218950  1.218950  260.089996  0.360000 41.899698  0.000045  -0.000055  20.770842  0.219077  0.000013 25 13 20.749069  0.000000  0.000000  0.000000  0.000000  0.000000 
1  20.770842  1.219573  1.219573  254.910004  0.290000 41.899662  0.000084  0.000031  20.792646  0.219013  -0.000163 25 12 20.770842  0.000000  0.000000  0.000000  0.000000  0.000000 
1  20.792646  1.217707  1.217707  254.910004  0.290000 41.899524  0.000086  0.000185  20.812664  0.219105  0.000182 25 12 20.792646  0.000000  0.000000  0.000000  0.000000  0.000000 
1  20.812664  1.218340  1.218317  254.910004  0.290000 41.899531  0.000076  0.000059  20.835810  0.219116  0.000160 25 13 20.812664  0.000000  0.000000  0.000000  0.000000  0.000000 
1  20.835810  1.218127  1.218127  254.910004  0.290000 41.900016  0.000077  -0.000041  20.857651  0.219073  -0.000027 25 12 20.835810  0.000000  0.000000  0.000000  0.000000  0.000000 
1  20.857651  1.217081  1.217081  254.910004  0.290000 41.899758  0.000041  0.000012  20.878235  0.218936  -0.000473 25 12 20.857651  0.000000  0.000000  0.000000  0.000000  0.000000 
1  20.878235  1.219518  1.219518  254.910004  0.290000 41.899677  0.000023  0.000090  20.899684  0.219054  0.000099 25 12 20.878235  0.000000  0.000000  0.000000  0.000000  0.000000 
1  20.899684  1.218701  1.218701  254.910004  0.290000 41.899067  0.000037  -0.000064  20.920368  0.219056  0.000078 25 12 20.899684  0.000000  0.000000  0.000000  0.000000  0.000000 
1  20.920368  1.218683  1.218683  254.910004  0.290000 41.899329  0.000101  0.000163  20.943852  0.218961  -0.000250 25 13 20.920368  0.000000  0.000000  0.000000  0.000000  0.000000 
1  20.943852  1.217516  1.217516  269.880005  0.280000 41.899527  0.000068  0.000037  20.965011  0.218994  -0.000052 25 12 20.943852  0.000000  0.000000  0.000000  0.000000  0.000000 
1  20.965011  1.219799  1.219799  269.880005  0.280000 41.899347  0.000077  -0.000023  20.986284  0.218988  -0.000022 25 12 20.965011  0.000000  0.000000  0.000000  0.000000  0.000000 
1  20.986284  1.219527  1.219527  269.880005  0.280000 41.899419  0.000055  -0.000192  21.006960  0.219029  0.000154 25 12 20.986284  0.000000  0.000000  0.000000  0.000000  0.000000 
1  21.006960  1.219667  1.219667  269.880005  0.280000 41.899469  0.000052  -0.000042  21.029697  0.218980  -0.000069 25 13 21.006960  0.000000  0.000000  0.000000  0.000000  0.000000 
1  21.029697  1.218167  1.218167  269.880005  0.280000 41.899729  0.000071  0.000035  21.051247  0.218895  -0.000294 25 12 21.029697  0.000000  0.000000  0.000000  0.000000  0.000000 
1  21.051247  1.218457  1.218457  269.880005  0.280000 41.899416  0.000018  -0.000205  21.071030  0.218925  -0.000122 25 12 21.051247  0.000000  0.000000  0.000000  0.000000  0.000000 
1  21.071030  1.218510  1.218407  269.880005  0.280000 41.899359  0.000078  0.000121  21.091569  0.218937  0.000005 25 12 21.071030  0.000000  0.000000  0.000000  0.000000  0.000000 
1  21.091569  1.218959  1.218959  269.880005  0.280000 41.899304  0.000051  -0.000047  21.114362  0.218934  0.000025 25 13 21.091569  0.000000  0.000000  0.000000  0.000000  0.000000 
1  21.114362  1.217898  1.217898  269.880005  0.280000 41.899515  0.000081  0.000078  21.136660  0.218860  -0.000264 25 12 21.114362  0.000000  0.000000  0.000000  0.000000  0.000000 
1  21.136660  1.219315  1.219315  269.880005  0.280000 41.899533  0.000066  -0.000103  21.158035  0.218841  -0.000199 25 12 21.136660  0.000000  0.000000  0.000000  0.000000  0.000000 
1  21.158035  1.218357  1.218357  262.170013  0.260000 41.899554  0.000047  0.000082  21.180033  0.218889  0.000059 25 12 21.158035  0.000000  0.000000  0.000000  0.000000  0.000000 
1  21.180033  1.217681  1.217681  262.170013  0.260000 41.899608  0.000081  0.000018  21.201386  0.218914  0.000106 25 12 21.180033  0.000000  0.000000  0.000000  0.000000  0.000000 
1  21.201386  1.216894  1.216894  262.170013  0.260000 41.899933  0.000069  0.000054  21.223912  0.218938  0.000129 25 13 21.201386  0.000000  0.000000  0.000000  0.000000  0.000000 
1  21.223912  1.218778  1.218778  262.170013  0.260000 41.900082  0.000070  0.000184  21.245472  0.218834  -0.000222 25 12 21.223912  0.000000  0.000000  0.000000  0.000000  0.000000 
1  21.245472  1.219080  1.219080  262.170013  0.260000 41.900006  0.000030  -0.000028  21.266892  0.218893  0.000036 25 12 21.245472  0.000000  0.000000  0.000000  0.000000  0.000000 
1  21.266892  1.218725  1.218725  262.170013  0.260000 41.900050  0.000124  0.000173  21.288408  0.218912  0.000123 26 12 21.266892  0.000000  0.000000  0.000000  0.000000  0.000000 
1  21.288408  1.217926  1.217926  262.170013  0.260000 41.899906  0.000055  -0.000035  21.310435  0.218808  -0.000284 24 13 21.288408  0.000000  0.000000  0.000000  0.000000  0.000000 
1  21.310435  1.218933  1.218933  262.170013  0.260000 41.899933  0.000065  -0.000024  21.332084  0.218881  0.000100 25 12 21.310435  0.000000  0.000000  0.000000  0.000000  0.000000 
1  21.332084  1.218799  1.218760  262.170013  0.260000 41.899936  0.000049  -0.000009  21.353305  0.218827  -0.000112 26 12 21.332084  0.000000  0.000000  0.000000  0.000000  0.000000 
1  21.353305  1.220457  1.220457  262.170013  0.260000 41.899512  0.000070  -0.000110  21.373941  0.218977  0.000354 25 12 21.353305  0.000000  0.000000  0.000000  0.000000  0.000000 
1  21.373941  1.218048  1.218048  243.149994  0.230000 41.899536  0.000033  -0.000113  21.395812  0.218757  -0.000463 25 13 21.373941  0.000000  0.000000  0.000000  0.000000  0.000000 
1  21.395812  1.218165  1.218165  243.149994  0.230000 41.899854  0.000054  -0.000131  21.418719  0.218905  0.000204 25 12 21.395812  0.000000  0.000000  0.000000  0.000000  0.000000 
1  21.418719  1.218809  1.218809  243.149994  0.230000 41.900053  0.000095  -0.000129  21.440321  0.218858  -0.000010 25 12 21.418719  0.000000  0.000000  0.000000  0.000000  0.000000 
1  21.440321  1.218004  1.218066  243.149994  0.230000 41.899858  0.000069  0.000033  21.460792  0.218911  0.000191 24 13 21.440321  0.000000  0.000000  0.000000  0.000000  0.000000 
1  21.460792  1.218480  1.218480  243.149994  0.230000 41.900189  0.000038  -0.000006  21.483386  0.218890  0.000048 26 12 21.460792  0.000000  0.000000  0.000000  0.000000  0.000000 
1  21.483386  1.217586  1.217586  243.149994  0.230000 41.900141  0.000001  -0.000086  21.504877  0.218786  -0.000280 25 12 21.483386  0.000000  0.000000  0.000000  0.000000  0.000000 
1  21.504877  1.218667  1.218667  243.149994  0.230000 41.899718  0.000088  0.000145  21.525536  0.218878  0.000088 25 12 21.504877  0.000000  0.000000  0.000000  0.000000  0.000000 
1  21.525536  1.218743  1.218743  243.149994  0.230000 41.899932  0.000070  0.000187  21.547614  0.218830  -0.000117 25 13 21.525536  0.000000  0.000000  0.000000  0.000000  0.000000 
1  21.547614  1.217731  1.217731  243.149994  0.230000 41.899942  0.000041  0.000026  21.569051  0.218741  -0.000365 25 12 21.547614  0.000000  0.000000  0.000000  0.000000  0.000000 
1  21.569051  1.219482  1.219482  243.149994  0.230000 41.900011  0.000059  -0.000003  21.590504  0.218687  -0.000404 25 12 21.569051  0.000000  0.000000  0.000000  0.000000  0.000000 
1  21.590504  1.219077  1.219077  221.520004  0.140000 41.900009  0.000075  0.000094  21.612437  0.218672  -0.000303 25 12 21.590504  0.000000  0.000000  0.000000  0.000000  0.000000 
1  21.612437  1.218544  1.218544  221.520004  0.140000 41.900258  0.000056  -0.000021  21.634102  0.218771  0.000129 24 13 21.612437  0.000000  0.000000  0.000000  0.000000  0.000000 
1  21.634102  1.218841  1.218841  221.520004  0.140000 41.900356  0.000089  0.000108  21.656033  0.218844  0.000332 26 12 21.634102  0.000000  0.000000  0.000000  0.000000  0.000000 
1  21.656033  1.218656  1.218548  221.520004  0.140000 41.900014  0.000059  -0.000103  21.676961  0.218698  -0.000240 25 12 21.656033  0.000000  0.000000  0.000000  0.000000  0.000000 
1  21.676961  1.220218  1.220218  221.520004  0.140000 41.900014  0.000077  0.000067  21.698591  0.218728  -0.000057 25 12 21.676961  0.000000  0.000000  0.000000  0.000000  0.000000 
1  21.698591  1.219201  1.219201  221.520004  0.140000 41.900060  0.000071  0.000051  21.719588  0.218836  0.000306 25 13 21.698591  0.000000  0.000000  0.000000  0.000000  0.000000 
1  21.719588  1.218761  1.218347  221.520004  0.140000 41.900275  0.000079  -0.000013  21.741733  0.218782  0.000067 23 11 21.719588  0.000000  0.000000  0.000000  0.000000  0.000000 
1  21.741733  1.218506  1.218506  221.520004  0.140000 41.900419  0.000040  -0.000204  21.764364  0.218766  0.000006 25 12 21.741733  0.000000  0.000000  0.000000  0.000000  0.000000 
1  21.764364  1.217978  1.217978  221.520004  0.140000 41.900275  0.000102  0.000030  21.786091  0.218750  -0.000031 25 12 21.764364  0.000000  0.000000  0.000000  0.000000  0.000000 
1  21.786091  1.217738  1.217738  221.520004  0.140000 41.900442  0.000034  -0.000052  21.808221  0.218691  -0.000241 25 12 21.786091  0.000000  0.000000  0.000000  0.000000  0.000000 
1  21.808221  1.217433  1.217433  221.520004  0.140000 41.900405  0.000020  0.000079  21.830415  0.218773  0.000137 25 12 21.808221  0.000000  0.000000  0.000000  0.000000  0.000000 
1  21.830415  1.217120  1.217120  221.520004  0.140000 41.900531  0.000042  0.000032  21.851607  0.218748  -0.000007 25 13 21.830415  0.000000  0.000000  0.000000  0.000000  0.000000 
1  21.851607  1.218277  1.218277  314.640015  0.130000 41.900622  0.000068  0.000090  21.874157  0.218748  -0.000020 25 12 21.851607  0.000000  0.000000  0.000000  0.000000  0.000000 
1  21.874157  1.218099  1.218089  314.640015  0.130000 41.900581  0.000057  0.000090  21.896116  0.218716  -0.000111 25 12 21.874157  0.000000  0.000000  0.000000  0.000000  0.000000 
1  21.896116  1.218379  1.218379  314.640015  0.130000 41.900431  0.000022  -0.000100  21.918180  0.218835  0.000300 25 12 21.896116  0.000000  0.000000  0.000000  0.000000  0.000000 
1  21.918180  1.218978  1.218978  314.640015  0.130000 41.900513  0.000047  0.000095  21.939816  0.218779  -0.000005 25 12 21.918180  0.000000  0.000000  0.000000  0.000000  0.000000 
1  21.939816  1.219877  1.219877  314.640015  0.130000 41.900533  0.000061  0.000069  21.961405  0.218792  0.000048 25 13 21.939816  0.000000  0.000000  0.000000  0.000000  0.000000 
1  21.961405  1.219726  1.219726  314.640015  0.130000 41.900477  0.000042  0.000081  21.982208  0.218843  0.000189 25 12 21.961405  0.000000  0.000000  0.000000  0.000000  0.000000 
1  21.982208  1.217530  1.217490  314.640015  0.130000 41.900352  0.000064  0.000089  22.003474  0.218793  0.000005 25 12 21.982208  0.000000  0.000000  0.000000  0.000000  0.000000 
1  22.003474  1.217917  1.217917  359.040009  0.150000 41.900176  0.000081  0.000125  22.024902  0.218762  -0.000093 25 12 22.003474  0.000000  0.000000  0.000000  0.000000  0.000000 
1  22.024902  1.220097  1.220097  359.040009  0.150000 41.900317  0.000033  -0.000136  22.046737  0.218697  -0.000228 25 13 22.024902  0.000000  0.000000  0.000000  0.000000  0.000000 
1  22.046737  1.218882  1.218882  359.040009  0.150000 41.900286  0.000056  0.000125  22.067623  0.218699  -0.000136 25 12 22.046737  0.000000  0.000000  0.000000  0.000000  0.000000 
1  22.067623  1.218366  1.218366  359.040009  0.150000 41.900178  0.000030  -0.000114  22.087250  0.218789  0.000244 25 12 22.067623  0.000000  0.000000  0.000000  0.000000  0.000000 
1  22.087250  1.218538  1.218502  359.040009  0.150000 41.900210  0.000073  0.000066  22.109054  0.218670  -0.000201 25 13 22.087250  0.000000  0.000000  0.000000  0.000000  0.000000 
1  22.109054  1.217152  1.217152  359.040009  0.150000 41.899984  0.000047  0.000033  22.129456  0.218751  0.000125 25 12 22.109054  0.000000  0.000000  0.000000  0.000000  0.000000 
1  22.129456  1.217344  1.217344  359.040009  0.150000 41.900346  0.000094  -0.000183  22.152152  0.218672  -0.000195 25 12 22.129456  0.000000  0.000000  0.000000  0.000000  0.000000 
1  22.152152  1.218731  1.218731  359.040009  0.150000 41.900467  0.000024  -0.000127  22.173592  0.218643  -0.000249 25 12 22.152152  0.000000  0.000000  0.000000  0.000000  0.000000 
1  22.173592  1.217047  1.217047  359.040009  0.150000 41.900401  0.000048  -0.000039  22.194612  0.218711  0.000081 25 13 22.173592  0.000000  0.000000  0.000000  0.000000  0.000000 
1  22.194612  1.218917  1.218528  359.040009  0.150000 41.900148  0.000045  -0.000068  22.216732  0.218651  -0.000156 25 12 22.194612  0.000000  0.000000  0.000000  0.000000  0.000000 
1  22.216732  1.218539  1.218539  359.040009  0.150000 41.900192  0.000074  0.000085  22.238692  0.218625  -0.000167 25 12 22.216732  0.000000  0.000000  0.000000  0.000000  0.000000 
1  22.238692  1.218993  1.218993  345.540009  0.160000 41.900167  0.000044  -0.000037  22.260349  0.218559  -0.000321 25 12 22.238692  0.000000  0.000000  0.000000  0.000000  0.000000 
1  22.260349  1.219147  1.219147  345.540009  0.160000 41.900248  0.000048  0.000118  22.282930  0.218560  -0.000238 25 12 22.260349  0.000000  0.000000  0.000000  0.000000  0.000000 
1  22.282930  1.219647  1.219647  345.540009  0.160000 41.900159  0.000110  0.000061  22.305808  0.218629  0.000108 25 12 22.282930  0.000000  0.000000  0.000000  0.000000  0.000000 
1  22.305808  1.218319  1.218319  345.540009  0.160000 41.900495  0.000065  -0.000013  22.328515  0.218810  0.000629 25 12 22.305808  0.000000  0.000000  0.000000  0.000000  0.000000 
1  22.328515  1.218652  1.218652  345.540009  0.160000 41.900631  0.000048  0.000059  22.349746  0.218713  0.000059 25 12 22.328515  0.000000  0.000000  0.000000  0.000000  0.000000 
1  22.349746  1.218498  1.218432  345.540009  0.160000 41.900652  0.000051  -0.000004  22.371572  0.218721  0.000120 25 12 22.349746  0.000000  0.000000  0.000000  0.000000  0.000000 
1  22.371572  1.218498  1.218498  345.540009  0.160000 41.900719  0.000057  -0.000003  22.393472  0.218686  -0.000007 25 13 22.371572  0.000000  0.000000  0.000000  0.000000  0.000000 
1  22.393472  1.218164  1.218164  345.540009  0.160000 41.900936  0.000050  -0.000035  22.415705  0.218664  -0.000044 25 12 22.393472  0.000000  0.000000  0.000000  0.000000  0.000000 
1  22.415705  1.217851  1.217851  345.540009  0.160000 41.900648  0.000088  0.000135  22.436639  0.218754  0.000229 25 12 22.415705  0.000000  0.000000  0.000000  0.000000  0.000000 
1  22.436639  1.218963  1.218963  6.410000  0.190000 41.900507  0.000076  -0.000019  22.457280  0.218792  0.000307 25 12 22.436639  0.000000  0.000000  0.000000  0.000000  0.000000 
1  22.457280  1.217594  1.216743  6.410000  0.190000 41.900768  0.000011  -0.000208  22.480094  0.218769  0.000136 25 13 22.457280  0.000000  0.000000  0.000000  0.000000  0.000000 
1  22.480094  1.218131  1.218131  6.410000  0.190000 41.900714  0.000085  0.000046  22.501549  0.218640  -0.000311 25 12 22.480094  0.000000  0.000000  0.000000  0.000000  0.000000 
1  22.501549  1.218221  1.218221  6.410000  0.190000 41.900617  0.000015  -0.000141  22.523039  0.218687  -0.000031 25 12 22.501549  0.000000  0.000000  0.000000  0.000000  0.000000 
1  22.523039  1.219495  1.219495  6.410000  0.190000 41.900648  0.000010  -0.000050  22.545070  0.218682  -0.000060 25 12 22.523039  0.000000  0.000000  0.000000  0.000000  0.000000 
1  22.545070  1.218530  1.218530  6.410000  0.190000 41.900593  0.000042  -0.000070  22.565668  0.218733  0.000181 25 13 22.545070  0.000000  0.000000  0.000000  0.000000  0.000000 
1  22.565668  1.220250  1.220250  6.410000  0.190000 41.900809  0.000061  0.000020  22.588396  0.218700  -0.000007 25 12 22.565668  0.000000  0.000000  0.000000  0.000000  0.000000 
1  22.588396  1.219244  1.219244  6.410000  0.190000 41.900653  0.000040  -0.000107  22.609166  0.218730  0.000074 25 12 22.588396  0.000000  0.000000  0.000000  0.000000  0.000000 
1  22.609166  1.219723  1.219360  6.410000  0.190000 41.900715  0.000025  -0.000104  22.630448  0.218626  -0.000282 25 12 22.609166  0.000000  0.000000  0.000000  0.000000  0.000000 
1  22.630448  1.217905  1.217905  6.410000  0.190000 41.900366  0.000046  -0.000178  22.651768  0.218684  -0.000016 25 12 22.630448  0.000000  0.000000  0.000000  0.000000  0.000000 
1  22.651768  1.217347  1.217347  9.850000  0.160000 41.900474  0.000049  -0.000020  22.674002  0.218623  -0.000188 25 13 22.651768  0.000000  0.000000  0.000000  0.000000  0.000000 
1  22.674002  1.218215  1.218215  9.850000  0.160000 41.900318  0.000052  -0.000007  22.694012  0.218654  -0.000014 25 12 22.674002  0.000000  0.000000  0.000000  0.000000  0.000000 
1  22.694012  1.217669  1.217669  9.850000  0.160000 41.900768  0.000075  0.000196  22.718019  0.218727  0.000253 25 12 22.694012  0.000000  0.000000  0.000000  0.000000  0.000000 
1  22.718019  1.219318  1.219275  9.850000  0.160000 41.900623  0.000022  -0.000103  22.738680  0.218540  -0.000444 25 12 22.718019  0.000000  0.000000  0.000000  0.000000  0.000000 
1  22.738680  1.217193  1.217193  9.850000  0.160000 41.900662  0.000063  0.000036  22.760920  0.218497  -0.000398 25 13 22.738680  0.000000  0.000000  0.000000  0.000000  0.000000 
1  22.760920  1.218511  1.218511  9.850000  0.160000 41.900651  0.000061  -0.000031  22.782122  0.218522  -0.000205 25 12 22.760920  0.000000  0.000000  0.000000  0.000000  0.000000 
1  22.782122  1.218985  1.218985  9.850000  0.160000 41.900523  0.000094  -0.000030  22.803723  0.218614  0.000191 25 12 22.782122  0.000000  0.000000  0.000000  0.000000  0.000000 
1  22.803723  1.218722  1.218722  9.850000  0.160000 41.900670  0.000049  -0.000029  22.826731  0.218573  -0.000052 25 13 22.803723  0.000000  0.000000  0.000000  0.000000  0.000000 
1  22.826731  1.217762  1.218295  9.850000  0.160000 41.900503  0.000041  -0.000050  22.847439  0.218494  -0.000287 25 12 22.826731  0.000000  0.000000  0.000000  0.000000  0.000000 
1  22.847439  1.218885  1.218885  9.850000  0.160000 41.900338  0.000046  -0.000086  22.867363  0.218530  -0.000140 25 12 22.847439  0.000000  0.000000  0.000000  0.000000  0.000000 
1  22.867363  1.220476  1.220476  9.850000  0.160000 41.900251  0.000058  0.000034  22.888958  0.218544  -0.000008 25 12 22.867363  0.000000  0.000000  0.000000  0.000000  0.000000 
1  22.888958  1.218875  1.218875  9.850000  0.160000 41.900329  0.000088  -0.000023  22.910702  0.218597  0.000145 25 12 22.888958  0.000000  0.000000  0.000000  0.000000  0.000000 
1  22.910702  1.219569  1.219569  9.850000  0.160000 41.900510  0.000075  0.000088  22.932023  0.218643  0.000298 25 13 22.910702  0.000000  0.000000  0.000000  0.000000  0.000000 
1  22.932023  1.218501  1.218406  354.239990  0.040000 41.900322  0.000074  0.000108  22.954059  0.218574  -0.000011 25 12 22.932023  0.000000  0.000000  0.000000  0.000000  0.000000 
1  22.954059  1.218771  1.218771  354.239990  0.040000 41.900492  0.000041  -0.000003  22.975977  0.218540  -0.000157 25 12 22.954059  0.000000  0.000000  0.000000  0.000000  0.000000 
1  22.975977  1.218290  1.218290  354.239990  0.040000 41.900474  0.000038  0.000030  22.997998  0.218578  0.000045 26 12 22.975977  0.000000  0.000000  0.000000  0.000000  0.000000 
1  22.997998  1.216692  1.216692  354.239990  0.040000 41.900713  0.000074  0.000091  23.021311  0.218577  -0.000019 24 13 22.997998  0.000000  0.000000  0.000000  0.000000  0.000000 
1  23.021311  1.218829  1.218829  354.239990  0.040000 41.900668  0.000020  0.000078  23.042857  0.218607  0.000057 24 12 23.021311  0.000000  0.000000  0.000000  0.000000  0.000000 
1  23.042857  1.217551  1.217498  354.239990  0.040000 41.900586  0.000055  0.000040  23.064394  0.218549  -0.000115 26 12 23.042857  0.000000  0.000000  0.000000  0.000000  0.000000 
1  23.064394  1.218164  1.218164  354.239990  0.040000 41.900659  0.000010  -0.000191  23.086562  0.218612  0.000122 24 13 23.064394  0.000000  0.000000  0.000000  0.000000  0.000000 
1  23.086562  1.218419  1.218419  354.239990  0.040000 41.900666  0.000074  0.000014  23.108200  0.218607  0.000080 26 12 23.086562  0.000000  0.000000  0.000000  0.000000  0.000000 
1  23.108200  1.219609  1.219609  95.699997  0.080000 41.900654  0.000066  0.000069  23.129587  0.218547  -0.000188 25 12 23.108200  0.000000  0.000000  0.000000  0.000000  0.000000 
1  23.129587  1.217317  1.217317  95.699997  0.080000 41.900872  0.000023  -0.000026  23.151631  0.218598  0.000069 25 12 23.129587  0.000000  0.000000  0.000000  0.000000  0.000000 
1  23.151631  1.218993  1.218993  95.699997  0.080000 41.900978  0.000072  0.000075  23.172412  0.218602  0.000061 24 13 23.151631  0.000000  0.000000  0.000000  0.000000  0.000000 
1  23.172412  1.218880  1.218880  95.699997  0.080000 41.900984  0.000020  -0.000043  23.194145  0.218559  -0.000090 26 12 23.172412  0.000000  0.000000  0.000000  0.000000  0.000000 
1  23.194145  1.220535  1.220535  95.699997  0.080000 41.900891  0.000069  -0.000004  23.216034  0.218573  0.000010 25 12 23.194145  0.000000  0.000000  0.000000  0.000000  0.000000 
1  23.216034  1.220595  1.221920  95.699997  0.080000 41.901217  0.000057  0.000173  23.238442  0.218534  -0.000115 25 12 23.216034  0.000000  0.000000  0.000000  0.000000  0.000000 
1  23.238442  1.218463  1.218463  95.699997  0.080000 41.901020  0.000042  -0.000031  23.258790  0.218513  -0.000157 25 12 23.238442  0.000000  0.000000  0.000000  0.000000  0.000000 
1  23.258790  1.219124  1.219124  95.699997  0.080000 41.901045  0.000043  -0.000016  23.281218  0.218565  0.000072 25 13 23.258790  0.000000  0.000000  0.000000  0.000000  0.000000 
1  23.281218  1.219214  1.219214  95.699997  0.080000 41.901179  0.000046  0.000142  23.303020  0.218601  0.000162 25 12 23.281218  0.000000  0.000000  0.000000  0.000000  0.000000 
1  23.303020  1.219469  1.219469  123.739998  0.140000 41.901076  0.000056  0.000026  23.325317  0.218593  0.000057 25 12 23.303020  0.000000  0.000000  0.000000  0.000000  0.000000 
1  23.325317  1.217602  1.217735  123.739998  0.140000 41.901074  0.000062  0.000014  23.346699  0.218553  -0.000047 25 13 23.325317  0.000000  0.000000  0.000000  0.000000  0.000000 
1  23.346699  1.221702  1.221702  123.739998  0.140000 41.901048  0.000087  0.000174  23.368211  0.218658  0.000319 25 12 23.346699  0.000000  0.000000  0.000000  0.000000  0.000000 
1  23.368211  1.217897  1.217897  123.739998  0.140000 41.900964  0.000105  0.000128  23.389757  0.218581  -0.000030 25 12 23.368211  0.000000  0.000000  0.000000  0.000000  0.000000 
1  23.389757  1.218817  1.218817  123.739998  0.140000 41.901008  0.000093  0.000189  23.411298  0.218580  -0.000059 25 12 23.389757  0.000000  0.000000  0.000000  0.000000  0.000000 
1  23.411298  1.218917  1.218917  123.739998  0.140000 41.900915  0.000062  -0.000140  23.433002  0.218560  -0.000126 25 13 23.411298  0.000000  0.000000  0.000000  0.000000  0.000000 
1  23.433002  1.218506  1.218953  123.739998  0.140000 41.901035  0.000068  -0.000058  23.455150  0.218533  -0.000166 25 12 23.433002  0.000000  0.000000  0.000000  0.000000  0.000000 
1  23.455150  1.219853  1.219853  123.739998  0.140000 41.900938  0.000068  0.000028  23.476393  0.218444  -0.000385 25 12 23.455150  0.000000  0.000000  0.000000  0.000000  0.000000 
1  23.476393  1.218005  1.218005  123.739998  0.140000 41.900940  0.000021  0.000010  23.498338  0.218504  -0.000099 25 12 23.476393  0.000000  0.000000  0.000000  0.000000  0.000000 
1  23.498338  1.219512  1.219512  123.739998  0.140000 41.900739  0.000076  0.000073  23.519881  0.218612  0.000284 25 12 23.498338  0.000000  0.000000  0.000000  0.000000  0.000000 
1  23.519881  1.219531  1.219531  123.739998  0.140000 41.900982  0.000068  -0.000170  23.542202  0.218538  -0.000068 25 13 23.519881  0.000000  0.000000  0.000000  0.000000  0.000000 
1  23.542202  1.219765  1.219765  177.110001  0.110000 41.901103  0.000067  -0.000043  23.564926  0.218583  0.000055 25 12 23.542202  0.000000  0.000000  0.000000  0.000000  0.000000 
1  23.564926  1.218803  1.218803  177.110001  0.110000 41.901288  0.000065  0.000134  23.586632  0.218549  -0.000093 25 12 23.564926  0.000000  0.000000  0.000000  0.000000  0.000000 
1  23.586632  1.218057  1.218197  177.110001  0.110000 41.901138  0.000041  -0.000101  23.608498  0.218552  -0.000010 25 12 23.586632  0.000000  0.000000  0.000000  0.000000  0.000000 
1  23.608498  1.218247  1.218247  177.110001  0.110000 41.901029  0.000051  -0.000024  23.629623  0.218523  -0.000126 25 13 23.608498  0.000000  0.000000  0.000000  0.000000  0.000000 
1  23.629623  1.218775  1.218775  177.110001  0.110000 41.901141  0.000039  -0.000130  23.650938  0.218531  -0.000067 25 12 23.629623  0.000000  0.000000  0.000000  0.000000  0.000000 
1  23.650938  1.219284  1.219284  177.110001  0.110000 41.900942  0.000028  -0.000054  23.671953  0.218563  0.000130 25 12 23.650938  0.000000  0.000000  0.000000  0.000000  0.000000 
1  23.671953  1.216712  1.216712  177.110001  0.110000 41.900892  0.000057  0.000125  23.693505  0.218524  -0.000039 25 13 23.671953  0.000000  0.000000  0.000000  0.000000  0.000000 
1  23.693505  1.217857  1.217857  177.110001  0.110000 41.901055  0.000039  -0.000069  23.715361  0.218507  -0.000095 25 12 23.693505  0.000000  0.000000  0.000000  0.000000  0.000000 
1  23.715361  1.218941  1.218941  177.110001  0.110000 41.901065  0.000008  -0.000121  23.737803  0.218564  0.000111 25 12 23.715361  0.000000  0.000000  0.000000  0.000000  0.000000 
1  23.737803  1.217428  1.217428  238.770004  0.040000 41.900943  0.000084  0.000059  23.758638  0.218496  -0.000150 25 12 23.737803  0.000000  0.000000  0.000000  0.000000  0.000000 
1  23.758638  1.218774  1.218774  238.770004  0.040000 41.900925  0.000065  0.000067  23.780203  0.218474  -0.000177 25 13 23.758638  0.000000  0.000000  0.000000  0.000000  0.000000 
1  23.780203  1.218612  1.218612  238.770004  0.040000 41.900997  0.000085  -0.000116  23.801509  0.218537  0.000070 25 12 23.780203  0.000000  0.000000  0.000000  0.000000  0.000000 
1  23.801509  1.219184  1.219184  238.770004  0.040000 41.900687  -0.000006  0.000053  23.823241  0.218581  0.000185 25 12 23.801509  0.000000  0.000000  0.000000  0.000000  0.000000 
1  23.823241  1.218245  1.218245  238.770004  0.040000 41.900913  0.000022  0.000077  23.844997  0.218474  -0.000231 25 12 23.823241  0.000000  0.000000  0.000000  0.000000  0.000000 
1  23.844997  1.218995  1.219220  238.770004  0.040000 41.900979  0.000055  0.000057  23.866224  0.218433  -0.000260 25 13 23.844997  0.000000  0.000000  0.000000  0.000000  0.000000 
1  23.866224  1.219039  1.219039  238.770004  0.040000 41.900907  0.000041  0.000107  23.888219  0.218496  0.000055 25 12 23.866224  0.000000  0.000000  0.000000  0.000000  0.000000 
1  23.888219  1.220322  1.220322  238.770004  0.040000 41.900999  0.000028  0.000006  23.910285  0.218544  0.000222 25 12 23.888219  0.000000  0.000000  0.000000  0.000000  0.000000 
1  23.910285  1.218212  1.218212  238.770004  0.040000 41.901318  0.000053  -0.000036  23.931471  0.218567  0.000229 25 12 23.910285  0.000000  0.000000  0.000000  0.000000  0.000000 
1  23.931471  1.217849  1.217849  238.770004  0.040000 41.901302  0.000021  -0.000126  23.953804  0.218509  -0.000046 25 13 23.931471  0.000000  0.000000  0.000000  0.000000  0.000000 
