1.875237  1.875163  0
1.875237  1.876646  0
1.875237  1.874654  0
1.875237  1.875815  0
1.875237  1.875405  0
1.875237  1.874125  0
1.875237  1.875717  0
1.875237  1.874832  0
1.875237  1.875537  0
1.875237  1.874347  0
1.875237  1.874507  0
1.875237  1.875237  0
1.875237  1.875428  0
1.875237  1.875047  0
1.875237  1.875908  0
1.875237  1.875561  0
1.875237  1.876899  0
1.875237  1.875166  0
1.875237  1.875177  0
1.875237  1.875903  0
1.875237  1.875819  0
1.875237  1.875712  0
1.875237  1.876188  0
1.875237  1.876333  0
1.875237  1.875138  0
1.875237  1.875680  0
1.875237  1.877028  0
1.875237  1.877510  0
1.875237  1.876843  0
1.875237  1.876291  0
1.875237  1.875220  0
1.875237  1.875386  0
1.875237  1.876958  0
1.875237  1.876369  0
1.875237  1.877334  0
1.875237  1.876652  0
1.875237  1.875685  0
1.875237  1.876106  0
1.875237  1.875509  0
1.875237  1.876467  0
1.875237  1.875908  0
1.875237  1.875488  0
1.875237  1.876700  0
1.875237  1.876319  0
1.875237  1.876564  0
1.875237  1.876192  0
1.875237  1.875887  0
1.875237  1.875959  0
1.875237  1.875434  0
1.875237  1.876260  0
1.875237  1.875627  0
1.875237  1.876036  0
1.875237  1.875668  0
1.875237  1.875504  0
1.875237  1.876183  0
1.875237  1.875741  0
1.875237  1.876948  0
1.875237  1.876329  0
1.875237  1.876152  0
1.875237  1.877589  0
1.875237  1.877072  0
1.875237  1.876026  0
1.875237  1.876185  0
1.875237  1.876043  0
1.875237  1.876186  0
1.875237  1.876414  0
1.875237  1.875516  0
1.875237  1.875147  0
1.875237  1.875420  0
1.875237  1.876344  0
1.875237  1.874162  0
1.875237  1.874997  0
1.875237  1.876824  0
1.875237  1.875834  0
1.875237  1.876670  0
1.875237  1.876714  0
1.875237  1.876816  0
1.875237  1.876169  0
1.875237  1.876104  0
1.875237  1.875742  0
1.875237  1.876316  0
1.875237  1.876845  0
1.875237  1.876387  0
1.875237  1.874869  0
1.875237  1.875484  0
1.875237  1.876029  0
1.875237  1.874969  0
1.875237  1.874523  0
1.875237  1.875165  0
1.875237  1.877310  0
1.875237  1.876467  0
1.875237  1.875856  0
1.875237  1.876231  0
1.875237  1.876969  0
1.875237  1.876738  0
1.875237  1.878171  0
1.875237  1.877633  0
1.875237  1.878408  0
1.875237  1.877603  0
1.875237  1.876934  0
1.875237  1.877124  0
1.875237  1.875042  0
1.875237  1.877153  0
1.875237  1.878584  0
1.875237  1.878097  0
1.875237  1.877674  0
1.875237  1.876985  0
1.875237  1.877520  0
1.875237  1.875758  0
1.875237  1.876064  0
1.875237  1.875791  0
1.875237  1.876188  0
1.875237  1.876032  0
1.875237  1.877683  0
1.875237  1.878369  0
1.875237  1.876826  0
1.875237  1.877268  0
1.875237  1.876842  0
1.875237  1.876663  0
1.875237  1.875312  0
1.875237  1.874562  0
1.875237  1.874693  0
1.875237  1.875330  0
1.875237  1.875832  0
1.875237  1.875511  0
1.875237  1.875599  0
1.875237  1.873553  0
1.875237  1.874666  0
1.875237  1.874091  0
1.875237  1.872787  0
1.875237  1.873571  0
1.875237  1.874379  0
1.875237  1.874598  0
1.875237  1.872123  0
1.875237  1.872992  0
1.875237  1.874294  0
1.875237  1.874274  0
1.875237  1.873100  0
1.875237  1.875284  0
1.875237  1.875897  0
1.875237  1.875059  0
1.875237  1.874654  0
1.875237  1.875641  0
1.875237  1.874561  0
1.875237  1.874252  0
1.875237  1.873570  0
1.875237  1.873908  0
1.875237  1.876052  0
1.875237  1.875186  0
1.875237  1.876004  0
1.875237  1.874986  0
1.875237  1.875239  0
1.875237  1.875798  0
1.875237  1.874862  0
1.875237  1.874946  0
1.875237  1.874238  0
1.875237  1.876671  0
1.875237  1.874614  0
1.875237  1.875078  0
1.875237  1.876341  0
1.875237  1.876062  0
1.875237  1.876303  0
1.875237  1.873748  0
1.875237  1.875346  0
1.875237  1.875293  0
1.875237  1.874617  0
1.875237  1.874527  0
1.875237  1.874426  0
1.875237  1.873214  0
1.875237  1.874713  0
1.875237  1.875453  0
1.875237  1.874440  0
1.875237  1.874574  0
1.875237  1.875739  0
1.875237  1.874201  0
1.875237  1.874592  0
1.875237  1.873246  0
1.875237  1.874475  0
1.875237  1.876222  0
1.875237  1.875813  0
1.875237  1.873587  0
1.875237  1.875152  0
1.875237  1.877015  0
1.875237  1.877091  0
1.875237  1.874535  0
1.875237  1.874731  0
1.875237  1.875545  0
1.875237  1.875792  0
1.875237  1.875347  0
1.875237  1.875371  0
1.875237  1.874699  0
1.875237  1.876276  0
1.875237  1.875375  0
1.875237  1.874724  0
1.875237  1.875303  0
1.875237  1.875919  0
1.875237  1.874536  0
1.875237  1.874906  0
1.875237  1.873992  0
1.875237  1.874966  0
1.875237  1.873487  0
1.875237  1.873936  0
1.875237  1.876673  0
1.875237  1.877035  0
1.875237  1.875136  0
1.875237  1.875660  0
1.875237  1.876028  0
1.875237  1.875697  0
1.875237  1.875004  0
1.875237  1.874888  0
1.875237  1.874071  0
1.875237  1.875053  0
1.875237  1.872650  0
1.875237  1.875556  0
1.875237  1.874658  0
1.875237  1.875860  0
1.875237  1.874374  0
1.875237  1.873340  0
1.875237  1.874221  0
1.875237  1.874721  0
1.875237  1.875555  0
1.875237  1.874443  0
1.875237  1.874437  0
1.875237  1.876197  0
1.875237  1.874477  0
1.875237  1.872970  0
1.875237  1.874660  0
1.875237  1.874864  0
1.875237  1.875989  0
1.875237  1.875801  0
1.875237  1.875041  0
1.875237  1.874821  0
1.875237  1.875179  0
1.875237  1.875217  0
1.875237  1.873943  0
1.875237  1.874137  0
1.875237  1.875634  0
1.875237  1.875531  0
1.875237  1.874334  0
1.875237  1.873046  0
1.875237  1.873138  0
1.875237  1.874593  0
1.875237  1.872879  0
1.875237  1.874321  0
1.875237  1.875847  0
1.875237  1.875623  0
1.875237  1.875798  0
1.875237  1.875090  0
1.875237  1.875096  0
1.875237  1.874842  0
1.875237  1.874290  0
1.875237  1.875333  0
1.875237  1.876201  0
1.875237  1.874111  0
1.875237  1.875140  0
1.875237  1.874029  0
1.875237  1.874729  0
1.875237  1.873867  0
1.875237  1.874536  0
1.875237  1.873778  0
1.875237  1.874044  0
1.875237  1.875437  0
1.875237  1.875254  0
1.875237  1.875397  0
1.875237  1.874458  0
1.875237  1.875493  0
1.875237  1.875998  0
1.875237  1.875678  0
1.875237  1.875780  0
1.875237  1.877036  0
1.875237  1.876003  0
1.875237  1.876819  0
1.875237  1.874801  0
1.875237  1.875546  0
1.875237  1.874195  0
1.875237  1.876350  0
1.875237  1.876513  0
1.875237  1.875300  0
1.875237  1.874394  0
1.875237  1.876467  0
1.875237  1.874862  0
1.875237  1.875627  0
1.875237  1.875797  0
1.875237  1.876612  0
1.875237  1.876838  0
1.875237  1.875780  0
1.875237  1.875711  0
1.875237  1.875140  0
1.875237  1.876104  0
1.875237  1.876505  0
1.875237  1.876398  0
1.875237  1.875201  0
1.875237  1.874649  0
1.875237  1.875491  0
1.875237  1.875555  0
1.875237  1.874682  0
1.875237  1.874339  0
1.875237  1.875065  0
1.875237  1.873538  0
1.875237  1.875478  0
1.875237  1.874293  0
1.875237  1.876827  0
1.875237  1.874868  0
1.875237  1.875032  0
1.875237  1.876580  0
1.875237  1.877282  0
1.875237  1.876614  0
1.875237  1.875868  0
1.875237  1.876391  0
1.875237  1.875936  0
1.875237  1.875797  0
1.875237  1.875330  0
1.875237  1.876260  0
1.875237  1.876234  0
1.875237  1.876593  0
1.875237  1.876834  0
1.875237  1.876621  0
1.875237  1.875622  0
1.875237  1.875983  0
1.875237  1.874671  0
1.875237  1.877258  0
1.875237  1.876916  0
1.875237  1.876168  0
1.875237  1.876231  0
1.875237  1.875028  0
1.875237  1.875622  0
1.875237  1.873658  0
1.875237  1.874663  0
1.875237  1.875099  0
1.875237  1.876309  0
1.875237  1.876713  0
1.875237  1.875607  0
1.875237  1.877670  0
1.875237  1.876921  0
1.875237  1.875206  0
1.875237  1.874805  0
1.875237  1.875347  0
1.875237  1.876312  0
1.875237  1.875810  0
1.875237  1.876022  0
1.875237  1.875238  0
1.875237  1.874383  0
1.875237  1.874810  0
1.875237  1.873976  0
1.875237  1.874895  0
1.875237  1.876122  0
1.875237  1.875437  0
1.875237  1.875341  0
1.875237  1.872887  0
1.875237  1.875242  0
1.875237  1.876748  0
1.875237  1.875842  0
1.875237  1.876093  0
1.875237  1.874557  0
1.875237  1.876778  0
1.875237  1.876075  0
1.875237  1.875840  0
1.875237  1.875753  0
1.875237  1.875528  0
1.875237  1.875784  0
1.875237  1.874145  0
1.875237  1.875376  0
1.875237  1.875656  0
1.875237  1.876165  0
1.875237  1.875635  0
1.875237  1.874240  0
1.875237  1.874764  0
1.875237  1.874456  0
1.875237  1.875084  0
1.875237  1.875179  0
1.875237  1.876411  0
1.875237  1.875330  0
1.875237  1.875687  0
1.875237  1.875466  0
1.875237  1.876267  0
1.875237  1.874339  0
1.875237  1.873687  0
1.875237  1.875218  0
1.875237  1.876358  0
1.875237  1.874749  0
1.875237  1.874837  0
1.875237  1.874801  0
1.875237  1.876028  0
1.875237  1.872690  0
1.875237  1.872179  0
1.875237  1.874778  0
1.875237  1.873861  0
1.875237  1.873710  0
1.875237  1.874174  0
1.875237  1.875148  0
1.875237  1.874957  0
1.875237  1.873822  0
1.875237  1.874822  0
1.875237  1.875368  0
1.875237  1.875004  0
1.875237  1.876092  0
1.875237  1.875680  0
1.875237  1.875243  0
1.875237  1.875749  0
1.875237  1.875580  0
1.875237  1.874675  0
1.875237  1.876175  0
1.875237  1.874273  0
1.875237  1.874585  0
1.875237  1.874435  0
1.875237  1.874693  0
1.875237  1.875117  0
1.875237  1.874960  0
1.875237  1.874364  0
1.875237  1.876161  0
1.875237  1.875661  0
1.875237  1.874008  0
1.875237  1.874405  0
1.875237  1.874887  0
1.875237  1.874943  0
1.875237  1.875061  0
1.875237  1.876112  0
1.875237  1.877233  0
1.875237  1.875165  0
1.875237  1.874299  0
1.875237  1.875783  0
1.875237  1.874522  0
1.875237  1.873812  0
1.875237  1.874989  0
1.875237  1.872740  0
1.875237  1.872895  0
1.875237  1.872594  0
1.875237  1.873707  0
1.875237  1.873147  0
1.875237  1.872127  0
1.875237  1.873016  0
1.875237  1.873478  0
1.875237  1.872164  0
1.875237  1.872627  0
1.875237  1.871894  0
1.875237  1.873040  0
1.875237  1.870789  0
1.875237  1.872522  0
1.875237  1.874422  0
1.875237  1.873534  0
1.875237  1.873639  0
1.875237  1.874899  0
1.875237  1.876058  0
1.875237  1.874898  0
1.875237  1.875285  0
1.875237  1.875451  0
1.875237  1.874470  0
1.875237  1.874674  0
1.875237  1.874861  0
1.875237  1.875033  0
1.875237  1.873936  0
1.875237  1.873108  0
1.875237  1.874442  0
1.875237  1.874640  0
1.875237  1.873795  0
1.875237  1.873292  0
1.875237  1.874041  0
1.875237  1.874509  0
1.875237  1.873013  0
1.875237  1.872846  0
1.875237  1.873949  0
1.875237  1.874088  0
1.875237  1.874062  0
1.875237  1.872832  0
1.875237  1.872100  0
1.875237  1.873164  0
1.875237  1.874339  0
1.875237  1.871873  0
1.875237  1.868819  0
1.875237  1.871423  0
1.875237  1.872901  0
1.875237  1.872273  0
1.875237  1.872614  0
1.875237  1.873218  0
1.875237  1.874568  0
1.875237  1.873817  0
1.875237  1.875025  0
1.875237  1.874261  0
1.875237  1.874829  0
1.875237  1.874191  0
1.875237  1.873839  0
1.875237  1.873618  0
1.875237  1.874073  0
1.875237  1.876649  0
1.875237  1.874092  0
1.875237  1.873891  0
1.875237  1.872544  0
1.875237  1.872565  0
1.875237  1.873006  0
1.875237  1.873332  0
1.875237  1.873499  0
1.875237  1.873155  0
1.875237  1.871020  0
1.875237  1.873175  0
1.875237  1.873902  0
1.875237  1.872912  0
1.875237  1.871909  0
1.875237  1.874497  0
1.875237  1.874000  0
1.875237  1.872532  0
1.875237  1.874052  0
1.875237  1.874072  0
1.875237  1.872696  0
1.875237  1.872216  0
1.875237  1.870701  0
1.875237  1.873560  0
1.875237  1.871678  0
1.875237  1.871943  0
1.875237  1.872099  0
1.875237  1.874060  0
1.875237  1.874184  0
1.875237  1.873936  0
1.875237  1.871994  0
1.875237  1.874125  0
1.875237  1.873896  0
1.875237  1.873881  0
1.875237  1.873014  0
1.875237  1.874350  0
1.875237  1.874167  0
1.875237  1.874346  0
1.875237  1.872439  0
1.875237  1.873646  0
1.875237  1.873411  0
1.875237  1.873960  0
1.875237  1.873149  0
1.875237  1.871934  0
1.875237  1.873431  0
1.875237  1.873105  0
1.875237  1.873405  0
1.875237  1.873085  0
1.875237  1.872857  0
1.875237  1.873230  0
1.875237  1.871371  0
1.875237  1.873464  0
1.875237  1.872753  0
1.875237  1.872103  0
1.875237  1.872414  0
1.875237  1.874093  0
1.875237  1.872482  0
1.875237  1.873804  0
1.875237  1.873532  0
1.875237  1.873462  0
1.875237  1.873110  0
1.875237  1.872959  0
1.875237  1.872908  0
1.875237  1.873364  0
1.875237  1.874429  0
1.875237  1.873270  0
1.875237  1.873186  0
1.875237  1.873568  0
1.875237  1.872382  0
1.875237  1.872288  0
1.875237  1.870651  0
1.875237  1.871466  0
1.875237  1.873218  0
1.875237  1.872036  0
1.875237  1.873314  0
1.875237  1.873758  0
1.875237  1.875660  0
1.875237  1.873326  0
1.875237  1.871818  0
1.875237  1.875003  0
1.875237  1.875101  0
1.875237  1.874667  0
1.875237  1.874400  0
1.875237  1.874064  0
1.875237  1.872942  0
1.875237  1.872609  0
1.875237  1.872365  0
1.875237  1.871140  0
1.875237  1.872945  0
1.875237  1.872713  0
1.875237  1.872928  0
1.875237  1.872103  0
1.875237  1.874669  0
1.875237  1.873471  0
1.875237  1.871931  0
1.875237  1.871335  0
1.875237  1.873795  0
1.875237  1.873553  0
1.875237  1.874617  0
1.875237  1.873398  0
1.875237  1.873924  0
1.875237  1.873702  0
1.875237  1.872099  0
1.875237  1.873138  0
1.875237  1.872481  0
1.875237  1.873853  0
1.875237  1.872791  0
1.875237  1.873879  0
1.875237  1.874280  0
1.875237  1.872444  0
1.875237  1.873545  0
1.875237  1.871852  0
1.875237  1.873017  0
1.875237  1.873003  0
1.875237  1.873245  0
1.875237  1.872553  0
1.875237  1.872167  0
1.875237  1.873440  0
1.875237  1.873069  0
1.875237  1.872851  0
1.875237  1.873142  0
1.875237  1.873250  0
1.875237  1.873826  0
1.875237  1.874504  0
1.875237  1.873407  0
1.875237  1.874473  0
1.875237  1.873908  0
1.875237  1.873132  0
1.875237  1.873221  0
1.875237  1.874568  0
1.875237  1.873663  0
1.875237  1.872321  0
1.875237  1.873019  0
1.875237  1.874568  0
1.875237  1.874296  0
1.875237  1.873328  0
1.875237  1.873313  0
1.875237  1.873944  0
1.875237  1.873728  0
1.875237  1.873258  0
1.875237  1.874416  0
1.875237  1.873675  0
1.875237  1.873099  0
1.875237  1.873172  0
1.875237  1.873087  0
1.875237  1.873854  0
1.875237  1.873892  0
1.875237  1.872716  0
1.875237  1.873153  0
1.875237  1.872405  0
1.875237  1.872829  0
1.875237  1.872409  0
1.875237  1.872503  0
1.875237  1.873258  0
1.875237  1.872933  0
1.875237  1.873120  0
1.875237  1.872571  0
1.875237  1.872533  0
1.875237  1.873190  0
1.875237  1.872554  0
1.875237  1.872480  0
1.875237  1.871110  0
1.875237  1.872494  0
1.875237  1.873389  0
1.875237  1.873423  0
1.875237  1.873335  0
1.875237  1.872591  0
1.875237  1.872483  0
1.875237  1.872663  0
1.875237  1.873280  0
1.875237  1.874170  0
1.875237  1.873331  0
1.875237  1.871681  0
1.875237  1.872421  0
1.875237  1.873126  0
1.875237  1.871746  0
1.875237  1.871719  0
1.875237  1.873444  0
1.875237  1.873869  0
1.875237  1.872858  0
1.875237  1.872702  0
1.875237  1.873615  0
1.875237  1.873281  0
1.875237  1.873736  0
1.875237  1.873459  0
1.875237  1.873696  0
1.875237  1.873079  0
1.875237  1.873078  0
1.875237  1.873837  0
1.875237  1.872960  0
1.875237  1.872658  0
1.875237  1.872814  0
1.875237  1.871812  0
1.875237  1.872766  0
1.875237  1.872775  0
1.875237  1.872551  0
1.875237  1.872778  0
1.875237  1.872584  0
1.875237  1.871788  0
1.875237  1.871878  0
1.875237  1.871804  0
2.375237  1.871811  400
2.375237  1.872942  400
2.375237  1.874306  400
2.375237  1.873893  400
2.375237  1.873582  400
2.375237  1.873277  400
2.375237  1.873541  400
2.375237  1.874545  400
2.375237  1.872886  400
2.375237  1.873604  400
2.375237  1.873081  400
2.375237  1.872761  400
2.375237  1.873861  400
2.375237  1.874258  400
2.375237  1.874097  400
2.375237  1.872377  400
2.375237  1.871292  400
2.375237  1.873707  400
2.375237  1.873024  400
2.375237  1.871458  400
2.375237  1.871877  400
2.375237  1.872660  400
2.375237  1.873129  400
2.375237  1.871443  400
2.375237  1.870251  400
2.375237  1.872998  400
2.375237  1.873646  400
2.375237  1.874088  400
2.375237  1.872563  400
2.375237  1.873209  400
2.375237  1.874307  400
2.375237  1.873624  400
2.375237  1.872893  400
2.375237  1.874202  400
2.375237  1.873184  400
2.375237  1.872814  400
2.375237  1.872244  400
2.375237  1.871632  400
2.375237  1.871197  400
2.375237  1.871120  400
2.375237  1.871600  400
2.375237  1.872314  400
2.375237  1.872677  400
2.375237  1.872937  400
2.375237  1.873398  400
2.375237  1.873290  400
2.375237  1.875443  400
2.375237  1.874274  400
2.375237  1.873457  400
2.375237  1.873170  400
2.375237  1.874557  400
2.375237  1.874254  400
2.375237  1.873611  400
2.375237  1.872902  400
2.375237  1.873394  400
2.375237  1.872904  400
2.375237  1.871709  400
2.375237  1.870250  400
2.375237  1.871631  400
2.375237  1.873377  400
2.375237  1.874977  400
2.375237  1.873255  400
2.375237  1.873271  400
2.375237  1.872384  400
2.375237  1.873668  400
2.375237  1.873336  400
2.375237  1.874796  400
2.375237  1.872700  400
2.375237  1.872763  400
2.375237  1.872411  400
2.375237  1.872736  400
2.375237  1.872554  400
2.375237  1.871681  400
2.375237  1.870779  400
2.375237  1.871308  400
2.375237  1.872073  400
2.375237  1.871366  400
2.375237  1.871726  400
2.375237  1.871936  400
2.375237  1.871467  400
2.375237  1.870983  400
2.375237  1.870549  400
2.375237  1.870347  400
2.375237  1.872153  400
2.375237  1.871306  400
2.375237  1.870695  400
2.375237  1.871488  400
2.375237  1.872607  400
2.375237  1.872416  400
2.375237  1.873234  400
2.375237  1.871787  400
2.375237  1.875047  400
2.375237  1.872951  400
2.375237  1.873386  400
2.375237  1.872166  400
2.375237  1.871791  400
2.375237  1.872868  400
2.375237  1.872325  400
2.375237  1.870400  400
2.375237  1.872139  400
2.375237  1.872090  400
2.375237  1.872399  400
2.375237  1.872138  400
2.375237  1.871501  400
2.375237  1.871869  400
2.375237  1.871314  400
2.375237  1.871946  400
2.375237  1.872032  400
2.375237  1.872690  400
2.375237  1.872830  400
2.375237  1.871832  400
2.375237  1.873388  400
2.375237  1.871925  400
2.375237  1.872289  400
2.375237  1.872363  400
2.375237  1.872988  400
2.375237  1.872640  400
2.375237  1.872948  400
2.375237  1.871574  400
2.375237  1.871936  400
2.375237  1.871556  400
2.375237  1.872103  400
2.375237  1.870182  400
2.375237  1.870779  400
2.375237  1.871273  400
2.375237  1.872244  400
2.375237  1.870866  400
2.375237  1.870508  400
2.375237  1.871884  400
2.375237  1.871891  400
2.375237  1.870761  400
2.375237  1.872312  400
2.375237  1.871463  400
2.375237  1.874061  400
2.375237  1.874858  400
2.375237  1.873409  400
2.375237  1.873653  400
2.375237  1.871455  400
2.375237  1.871689  400
2.375237  1.870844  400
2.375237  1.873381  400
2.375237  1.872824  400
2.375237  1.872709  400
2.375237  1.872100  400
2.375237  1.871261  400
2.375237  1.871547  400
2.375237  1.871103  400
2.375237  1.870975  400
2.375237  1.871917  400
2.375237  1.872128  400
2.375237  1.872244  400
2.375237  1.871620  400
2.375237  1.872400  400
2.375237  1.872674  400
2.375237  1.871666  400
2.375237  1.871749  400
2.375237  1.871582  400
2.375237  1.871188  400
2.375237  1.871085  400
2.375237  1.871967  400
2.375237  1.872385  400
2.375237  1.871361  400
2.375237  1.870619  400
2.375237  1.869848  400
2.375237  1.871501  400
2.375237  1.871424  400
2.375237  1.871391  400
2.375237  1.870324  400
2.375237  1.871974  400
2.375237  1.871907  400
2.375237  1.872047  400
2.375237  1.870775  400
2.375237  1.870565  400
2.375237  1.870376  400
2.375237  1.870623  400
2.375237  1.871089  400
2.375237  1.870724  400
2.375237  1.870864  400
2.375237  1.871020  400
2.375237  1.871336  400
2.375237  1.871752  400
2.375237  1.871008  400
2.375237  1.870813  400
2.375237  1.871202  400
2.375237  1.870822  400
2.375237  1.870463  400
2.375237  1.871145  400
2.375237  1.871975  400
2.375237  1.870641  400
2.375237  1.870590  400
2.375237  1.870809  400
2.375237  1.871509  400
2.375237  1.870896  400
2.375237  1.868019  400
2.375237  1.869708  400
2.375237  1.870413  400
2.375237  1.870499  400
2.375237  1.870110  400
2.375237  1.870829  400
2.375237  1.872772  400
2.375237  1.870813  400
2.375237  1.870598  400
2.375237  1.870687  400
2.375237  1.870884  400
2.375237  1.870337  400
2.375237  1.870086  400
2.375237  1.869787  400
2.375237  1.869887  400
2.375237  1.870191  400
2.375237  1.871820  400
2.375237  1.870163  400
2.375237  1.870951  400
2.375237  1.870708  400
2.375237  1.871154  400
2.375237  1.870865  400
2.375237  1.870479  400
2.375237  1.869747  400
2.375237  1.869301  400
2.375237  1.870695  400
2.375237  1.871249  400
2.375237  1.871675  400
2.375237  1.872054  400
2.375237  1.872007  400
2.375237  1.871481  400
2.375237  1.873053  400
2.375237  1.871670  400
2.375237  1.872784  400
2.375237  1.874068  400
2.375237  1.871787  400
2.375237  1.870320  400
2.375237  1.871259  400
2.375237  1.872237  400
2.375237  1.870570  400
2.375237  1.871885  400
2.375237  1.872305  400
2.375237  1.873198  400
2.375237  1.872022  400
2.375237  1.871611  400
2.375237  1.871473  400
2.375237  1.872821  400
2.375237  1.872835  400
2.375237  1.872219  400
2.375237  1.871667  400
2.375237  1.871814  400
2.375237  1.872888  400
2.375237  1.872069  400
2.375237  1.871564  400
2.375237  1.873245  400
2.375237  1.871973  400
2.375237  1.871574  400
2.375237  1.871918  400
2.375237  1.871719  400
2.375237  1.872045  400
2.375237  1.870044  400
2.375237  1.871232  400
2.375237  1.872190  400
2.375237  1.871471  400
2.375237  1.870487  400
2.375237  1.873526  400
2.375237  1.871495  400
2.375237  1.872030  400
2.375237  1.872015  400
2.375237  1.873341  400
2.375237  1.873117  400
2.375237  1.871790  400
2.375237  1.871811  400
2.375237  1.872616  400
2.375237  1.872752  400
2.375237  1.872786  400
2.375237  1.872817  400
2.375237  1.871619  400
2.375237  1.872588  400
2.375237  1.872910  400
2.375237  1.869494  400
2.375237  1.871158  400
2.375237  1.872371  400
2.375237  1.871628  400
2.375237  1.872044  400
2.375237  1.871451  400
2.375237  1.871600  400
2.375237  1.872811  400
2.375237  1.870408  400
2.375237  1.873089  400
2.375237  1.872310  400
2.375237  1.872134  400
2.375237  1.872882  400
2.375237  1.871896  400
2.375237  1.871054  400
2.375237  1.871086  400
2.375237  1.870628  400
2.375237  1.870848  400
2.375237  1.870136  400
2.375237  1.871518  400
2.375237  1.871184  400
2.375237  1.869857  400
2.375237  1.870920  400
2.375237  1.872000  400
2.375237  1.872209  400
2.375237  1.870457  400
2.375237  1.870586  400
2.375237  1.871915  400
2.375237  1.869706  400
2.375237  1.871075  400
2.375237  1.871769  400
2.375237  1.872597  400
2.375237  1.874095  400
2.375237  1.872112  400
2.375237  1.873247  400
2.375237  1.872305  400
2.375237  1.871815  400
2.375237  1.872270  400
2.375237  1.872286  400
2.375237  1.871229  400
2.375237  1.872268  400
2.375237  1.872210  400
2.375237  1.872174  400
2.375237  1.871162  400
2.375237  1.870584  400
2.375237  1.871386  400
2.375237  1.871905  400
2.375237  1.871467  400
2.375237  1.871221  400
2.375237  1.871817  400
2.375237  1.872053  400
2.375237  1.872913  400
2.375237  1.873326  400
2.375237  1.872075  400
2.375237  1.872235  400
2.375237  1.872233  400
2.375237  1.870631  400
2.375237  1.870507  400
2.375237  1.871548  400
2.375237  1.871686  400
2.375237  1.871372  400
2.375237  1.870381  400
2.375237  1.871189  400
2.375237  1.871486  400
2.375237  1.869991  400
1.875237  1.871566  0
1.875237  1.871980  0
1.875237  1.871415  0
1.875237  1.869599  0
1.875237  1.870939  0
1.875237  1.872908  0
1.875237  1.871236  0
1.875237  1.871896  0
1.875237  1.873766  0
1.875237  1.872656  0
1.875237  1.874160  0
1.875237  1.872401  0
1.875237  1.872537  0
1.875237  1.872711  0
1.875237  1.873121  0
1.875237  1.872922  0
1.875237  1.873673  0
1.875237  1.873486  0
1.875237  1.873805  0
1.875237  1.871395  0
1.875237  1.870475  0
1.875237  1.873056  0
1.875237  1.873223  0
1.875237  1.872287  0
1.875237  1.873805  0
1.875237  1.872994  0
1.875237  1.871613  0
1.875237  1.870944  0
1.875237  1.871816  0
1.875237  1.873561  0
1.875237  1.874136  0
1.875237  1.872315  0
1.875237  1.874014  0
1.875237  1.873694  0
1.875237  1.872389  0
1.875237  1.871599  0
1.875237  1.872681  0
1.875237  1.871187  0
1.875237  1.871010  0
1.875237  1.871681  0
1.875237  1.872216  0
1.875237  1.871792  0
1.875237  1.872694  0
1.875237  1.872077  0
1.875237  1.872614  0
1.875237  1.872088  0
1.875237  1.872175  0
1.875237  1.872603  0
1.875237  1.872461  0
1.875237  1.872336  0
1.875237  1.873903  0
1.875237  1.872183  0
1.875237  1.872531  0
1.875237  1.871906  0
1.875237  1.872293  0
1.875237  1.872514  0
1.875237  1.873592  0
1.875237  1.873053  0
1.875237  1.873138  0
1.875237  1.871819  0
1.875237  1.871706  0
1.875237  1.873583  0
1.875237  1.872859  0
1.875237  1.872255  0
1.875237  1.872684  0
1.875237  1.872724  0
1.875237  1.871821  0
1.875237  1.872551  0
1.875237  1.872626  0
1.875237  1.873213  0
1.875237  1.872915  0
1.875237  1.872946  0
1.875237  1.873320  0
1.875237  1.872557  0
1.875237  1.872045  0
1.875237  1.871192  0
1.875237  1.871003  0
1.875237  1.871228  0
1.875237  1.871344  0
1.875237  1.871635  0
1.875237  1.871064  0
1.875237  1.872367  0
1.875237  1.871779  0
1.875237  1.870504  0
1.875237  1.869078  0
1.875237  1.871849  0
1.875237  1.871610  0
1.875237  1.872367  0
1.875237  1.871721  0
1.875237  1.872296  0
1.875237  1.872204  0
1.875237  1.870831  0
1.875237  1.871330  0
1.875237  1.872565  0
1.875237  1.872308  0
1.875237  1.872096  0
1.875237  1.872457  0
1.875237  1.871866  0
1.875237  1.872068  0
1.875237  1.872021  0
1.875237  1.872832  0
1.875237  1.872886  0
1.875237  1.873897  0
1.875237  1.871726  0
1.875237  1.871406  0
1.875237  1.871547  0
1.875237  1.871037  0
1.875237  1.871061  0
1.875237  1.870629  0
1.875237  1.871445  0
1.875237  1.871776  0
1.875237  1.872414  0
1.875237  1.871895  0
1.875237  1.871598  0
1.875237  1.872148  0
1.875237  1.871360  0
1.875237  1.872128  0
1.875237  1.872778  0
1.875237  1.871939  0
1.875237  1.871838  0
1.875237  1.871682  0
1.875237  1.871327  0
1.875237  1.871481  0
1.875237  1.871806  0
1.875237  1.871163  0
1.875237  1.871350  0
1.875237  1.871357  0
1.875237  1.870541  0
1.875237  1.870834  0
1.875237  1.871120  0
1.875237  1.871576  0
1.875237  1.871074  0
1.875237  1.872217  0
1.875237  1.871962  0
1.875237  1.873040  0
1.875237  1.872066  0
1.875237  1.872232  0
1.875237  1.871266  0
1.875237  1.872008  0
1.875237  1.871701  0
1.875237  1.871314  0
1.875237  1.871399  0
1.875237  1.872891  0
1.875237  1.873920  0
1.875237  1.872499  0
1.875237  1.872351  0
1.875237  1.872111  0
1.875237  1.871857  0
1.875237  1.871639  0
1.875237  1.873475  0
1.875237  1.872559  0
1.875237  1.871901  0
1.875237  1.872656  0
1.875237  1.873459  0
1.875237  1.873316  0
1.875237  1.871953  0
1.875237  1.873586  0
1.875237  1.873504  0
1.875237  1.872307  0
1.875237  1.871672  0
1.875237  1.872168  0
1.875237  1.871118  0
1.875237  1.870819  0
1.875237  1.871394  0
1.875237  1.870998  0
1.875237  1.871435  0
1.875237  1.871821  0
1.875237  1.870688  0
1.875237  1.871746  0
1.875237  1.874029  0
1.875237  1.872783  0
1.875237  1.873614  0
1.875237  1.870942  0
1.875237  1.871415  0
1.875237  1.872147  0
1.875237  1.870840  0
1.875237  1.871826  0
1.875237  1.873839  0
1.875237  1.872002  0
1.875237  1.872195  0
1.875237  1.870247  0
1.875237  1.872654  0
1.875237  1.873813  0
1.875237  1.871393  0
1.875237  1.870084  0
1.875237  1.872434  0
1.875237  1.873220  0
1.875237  1.871018  0
1.875237  1.870730  0
1.875237  1.870373  0
1.875237  1.871629  0
1.875237  1.871577  0
1.875237  1.872065  0
1.875237  1.870947  0
1.875237  1.871353  0
1.875237  1.870827  0
1.875237  1.870545  0
1.875237  1.871960  0
1.875237  1.872081  0
1.875237  1.872354  0
1.875237  1.871639  0
1.875237  1.873454  0
1.875237  1.872853  0
1.875237  1.871510  0
1.875237  1.870904  0
1.875237  1.872152  0
1.875237  1.870103  0
1.875237  1.870538  0
1.875237  1.871306  0
1.875237  1.870898  0
1.875237  1.870887  0
1.875237  1.871386  0
1.875237  1.871269  0
1.875237  1.872327  0
1.875237  1.871104  0
1.875237  1.870831  0
1.875237  1.872105  0
1.875237  1.872949  0
1.875237  1.872369  0
1.875237  1.870914  0
1.875237  1.872303  0
1.875237  1.872775  0
1.875237  1.873835  0
1.875237  1.873199  0
1.875237  1.874094  0
1.875237  1.872138  0
1.875237  1.872628  0
1.875237  1.873069  0
1.875237  1.872320  0
1.875237  1.871671  0
1.875237  1.872577  0
1.875237  1.871223  0
1.875237  1.871640  0
4.375237  1.870484  800
4.375237  1.871797  800
4.375237  1.871731  800
4.375237  1.870447  800
4.375237  1.870359  800
4.375237  1.873003  800
4.375237  1.873365  800
4.375237  1.873576  800
4.375237  1.872947  800
4.375237  1.871627  800
4.375237  1.871921  800
4.375237  1.871793  800
4.375237  1.872020  800
4.375237  1.872291  800
4.375237  1.871698  800
4.375237  1.871893  800
4.375237  1.872361  800
4.375237  1.872495  800
4.375237  1.870714  800
4.375237  1.869967  800
4.375237  1.870043  800
4.375237  1.870675  800
4.375237  1.870330  800
4.375237  1.871736  800
4.375237  1.871284  800
4.375237  1.872074  800
4.375237  1.871767  800
4.375237  1.871020  800
4.375237  1.871715  800
4.375237  1.872518  800
4.375237  1.872150  800
4.375237  1.871889  800
4.375237  1.872588  800
4.375237  1.872345  800
4.375237  1.872543  800
4.375237  1.870664  800
4.375237  1.871513  800
4.375237  1.871538  800
4.375237  1.872757  800
4.375237  1.872287  800
4.375237  1.872390  800
4.375237  1.872647  800
4.375237  1.872419  800
4.375237  1.870349  800
4.375237  1.871201  800
4.375237  1.871503  800
4.375237  1.871840  800
4.375237  1.870889  800
4.375237  1.872137  800
4.375237  1.872656  800
4.375237  1.874169  800
4.375237  1.871733  800
4.375237  1.872406  800
4.375237  1.873686  800
4.375237  1.873734  800
4.375237  1.872317  800
4.375237  1.872287  800
4.375237  1.872417  800
4.375237  1.871526  800
4.375237  1.870775  800
4.375237  1.871705  800
4.375237  1.868794  800
4.375237  1.870861  800
4.375237  1.869650  800
4.375237  1.871877  800
4.375237  1.870188  800
4.375237  1.871788  800
4.375237  1.870791  800
4.375237  1.871034  800
4.375237  1.872571  800
4.375237  1.873205  800
4.375237  1.872142  800
4.375237  1.873441  800
4.375237  1.875360  800
4.375237  1.873561  800
4.375237  1.873000  800
4.375237  1.872430  800
4.375237  1.873522  800
4.375237  1.872658  800
4.375237  1.871730  800
4.375237  1.870305  800
4.375237  1.872621  800
4.375237  1.873234  800
4.375237  1.872041  800
4.375237  1.872190  800
4.375237  1.872708  800
4.375237  1.871833  800
4.375237  1.872377  800
4.375237  1.872332  800
4.375237  1.872474  800
4.375237  1.872322  800
4.375237  1.871754  800
4.375237  1.872868  800
4.375237  1.872083  800
4.375237  1.872388  800
4.375237  1.872554  800
4.375237  1.872388  800
4.375237  1.870360  800
4.375237  1.871608  800
4.375237  1.870697  800
4.375237  1.871389  800
4.375237  1.870991  800
4.375237  1.871553  800
4.375237  1.870645  800
4.375237  1.869895  800
4.375237  1.872361  800
4.375237  1.871092  800
4.375237  1.870356  800
4.375237  1.869471  800
4.375237  1.871053  800
4.375237  1.873375  800
4.375237  1.872669  800
4.375237  1.871322  800
4.375237  1.872935  800
4.375237  1.871942  800
4.375237  1.872508  800
4.375237  1.870533  800
4.375237  1.872219  800
4.375237  1.872858  800
4.375237  1.872502  800
4.375237  1.871085  800
4.375237  1.871777  800
4.375237  1.871963  800
4.375237  1.871873  800
4.375237  1.870986  800
4.375237  1.870667  800
4.375237  1.872345  800
4.375237  1.873770  800
4.375237  1.872628  800
4.375237  1.873072  800
4.375237  1.871820  800
4.375237  1.872157  800
4.375237  1.872138  800
4.375237  1.872687  800
4.375237  1.873634  800
4.375237  1.872799  800
4.375237  1.872354  800
4.375237  1.872943  800
4.375237  1.872296  800
4.375237  1.872798  800
4.375237  1.870886  800
4.375237  1.871930  800
4.375237  1.871417  800
4.375237  1.870778  800
4.375237  1.870471  800
4.375237  1.871333  800
4.375237  1.869862  800
4.375237  1.871562  800
4.375237  1.870302  800
4.375237  1.870400  800
4.375237  1.870524  800
4.375237  1.870602  800
4.375237  1.870144  800
4.375237  1.871966  800
4.375237  1.871832  800
4.375237  1.872135  800
4.375237  1.871729  800
4.375237  1.871640  800
4.375237  1.872834  800
4.375237  1.872254  800
4.375237  1.872740  800
4.375237  1.871590  800
4.375237  1.872566  800
4.375237  1.871649  800
4.375237  1.872489  800
4.375237  1.872067  800
4.375237  1.871344  800
4.375237  1.871769  800
4.375237  1.871180  800
4.375237  1.871948  800
4.375237  1.871395  800
4.375237  1.869087  800
4.375237  1.870579  800
4.375237  1.870345  800
4.375237  1.871290  800
4.375237  1.871431  800
4.375237  1.871132  800
4.375237  1.873013  800
4.375237  1.871049  800
4.375237  1.871579  800
4.375237  1.872169  800
4.375237  1.871088  800
4.375237  1.870418  800
4.375237  1.868912  800
4.375237  1.870707  800
4.375237  1.869062  800
4.375237  1.870392  800
4.375237  1.870933  800
4.375237  1.870536  800
4.375237  1.869622  800
4.375237  1.870682  800
4.375237  1.870456  800
4.375237  1.871096  800
4.375237  1.870300  800
4.375237  1.871193  800
4.375237  1.871625  800
4.375237  1.872091  800
4.375237  1.871554  800
4.375237  1.871003  800
4.375237  1.871666  800
4.375237  1.872022  800
4.375237  1.874284  800
4.375237  1.872310  800
4.375237  1.872787  800
4.375237  1.871924  800
4.375237  1.871789  800
4.375237  1.871032  800
4.375237  1.871194  800
4.375237  1.872146  800
4.375237  1.871700  800
4.375237  1.870458  800
4.375237  1.870823  800
4.375237  1.871364  800
4.375237  1.870678  800
4.375237  1.871078  800
4.375237  1.871183  800
4.375237  1.872570  800
4.375237  1.871922  800
4.375237  1.872627  800
4.375237  1.872484  800
4.375237  1.871618  800
4.375237  1.872951  800
4.375237  1.871820  800
4.375237  1.869611  800
4.375237  1.870238  800
4.375237  1.872503  800
4.375237  1.871859  800
4.375237  1.870888  800
4.375237  1.870058  800
4.375237  1.871708  800
4.375237  1.870352  800
4.375237  1.869741  800
4.375237  1.869242  800
4.375237  1.871285  800
4.375237  1.871264  800
4.375237  1.871949  800
4.375237  1.870472  800
4.375237  1.871679  800
4.375237  1.871604  800
4.375237  1.870764  800
4.375237  1.871242  800
4.375237  1.872607  800
4.375237  1.871891  800
4.375237  1.871813  800
4.375237  1.872138  800
4.375237  1.871281  800
4.375237  1.872140  800
4.375237  1.871047  800
4.375237  1.870148  800
4.375237  1.871993  800
4.375237  1.873323  800
4.375237  1.872282  800
4.375237  1.870757  800
4.375237  1.869915  800
4.375237  1.871328  800
4.375237  1.871793  800
4.375237  1.871158  800
4.375237  1.871533  800
4.375237  1.872651  800
4.375237  1.872296  800
4.375237  1.871483  800
4.375237  1.871605  800
4.375237  1.871731  800
4.375237  1.870383  800
4.375237  1.870712  800
4.375237  1.872128  800
4.375237  1.871417  800
4.375237  1.871638  800
4.375237  1.870906  800
4.375237  1.872396  800
4.375237  1.870645  800
4.375237  1.869258  800
4.375237  1.870286  800
4.375237  1.869726  800
4.375237  1.871788  800
4.375237  1.870735  800
4.375237  1.871756  800
4.375237  1.870762  800
4.375237  1.872004  800
4.375237  1.872024  800
4.375237  1.872649  800
4.375237  1.872881  800
4.375237  1.872885  800
4.375237  1.872409  800
4.375237  1.872726  800
4.375237  1.872322  800
4.375237  1.872205  800
4.375237  1.870116  800
4.375237  1.872669  800
4.375237  1.873543  800
4.375237  1.872114  800
4.375237  1.871773  800
4.375237  1.872239  800
4.375237  1.871775  800
4.375237  1.871346  800
4.375237  1.869439  800
4.375237  1.870748  800
4.375237  1.870366  800
4.375237  1.870654  800
4.375237  1.871480  800
4.375237  1.871728  800
4.375237  1.872040  800
4.375237  1.871253  800
4.375237  1.871066  800
4.375237  1.871807  800
4.375237  1.871658  800
4.375237  1.872966  800
4.375237  1.872093  800
4.375237  1.871395  800
4.375237  1.870645  800
4.375237  1.870785  800
4.375237  1.870600  800
4.375237  1.871168  800
4.375237  1.871468  800
4.375237  1.872700  800
4.375237  1.871079  800
4.375237  1.869535  800
4.375237  1.870955  800
4.375237  1.870484  800
4.375237  1.870986  800
4.375237  1.870316  800
4.375237  1.871075  800
4.375237  1.871514  800
4.375237  1.870972  800
4.375237  1.870858  800
4.375237  1.872418  800
4.375237  1.872302  800
4.375237  1.871529  800
4.375237  1.871873  800
4.375237  1.871095  800
4.375237  1.872190  800
4.375237  1.872773  800
4.375237  1.871716  800
4.375237  1.871499  800
4.375237  1.871664  800
4.375237  1.871175  800
4.375237  1.871114  800
4.375237  1.872098  800
4.375237  1.871769  800
4.375237  1.872303  800
4.375237  1.871359  800
1.875237  1.870810  0
1.875237  1.871902  0
1.875237  1.870711  0
1.875237  1.870711  0
1.875237  1.871037  0
1.875237  1.871592  0
1.875237  1.871963  0
1.875237  1.872165  0
1.875237  1.872533  0
1.875237  1.870428  0
1.875237  1.870716  0
1.875237  1.869830  0
1.875237  1.871676  0
1.875237  1.868773  0
1.875237  1.869790  0
1.875237  1.869816  0
1.875237  1.870493  0
1.875237  1.870069  0
1.875237  1.869448  0
1.875237  1.870141  0
1.875237  1.869667  0
1.875237  1.870869  0
1.875237  1.870744  0
1.875237  1.870704  0
1.875237  1.869784  0
1.875237  1.870570  0
1.875237  1.871039  0
1.875237  1.870792  0
1.875237  1.872543  0
1.875237  1.874040  0
1.875237  1.871939  0
1.875237  1.871454  0
1.875237  1.872772  0
1.875237  1.871999  0
1.875237  1.871041  0
1.875237  1.870530  0
1.875237  1.871721  0
1.875237  1.871883  0
1.875237  1.871646  0
1.875237  1.871522  0
1.875237  1.872098  0
1.875237  1.872168  0
1.875237  1.871157  0
1.875237  1.871832  0
1.875237  1.873463  0
1.875237  1.873784  0
1.875237  1.871892  0
1.875237  1.871743  0
1.875237  1.871241  0
1.875237  1.870833  0
1.875237  1.871052  0
1.875237  1.870502  0
1.875237  1.871749  0
1.875237  1.871799  0
1.875237  1.870196  0
1.875237  1.870965  0
1.875237  1.870743  0
1.875237  1.872491  0
1.875237  1.869380  0
1.875237  1.869506  0
1.875237  1.872092  0
1.875237  1.872498  0
1.875237  1.870633  0
1.875237  1.870616  0
1.875237  1.871532  0
1.875237  1.871489  0
1.875237  1.870842  0
1.875237  1.871374  0
1.875237  1.872033  0
1.875237  1.871923  0
1.875237  1.871660  0
1.875237  1.872690  0
1.875237  1.872784  0
1.875237  1.872383  0
1.875237  1.871014  0
1.875237  1.870292  0
1.875237  1.872112  0
1.875237  1.870086  0
1.875237  1.872044  0
1.875237  1.872477  0
1.875237  1.870508  0
1.875237  1.873009  0
1.875237  1.872306  0
1.875237  1.871046  0
1.875237  1.870497  0
1.875237  1.872399  0
1.875237  1.872625  0
1.875237  1.872235  0
1.875237  1.871898  0
1.875237  1.872262  0
1.875237  1.870927  0
1.875237  1.870275  0
1.875237  1.871101  0
1.875237  1.872110  0
1.875237  1.871253  0
1.875237  1.871771  0
1.875237  1.871415  0
1.875237  1.870315  0
1.875237  1.869878  0
1.875237  1.869883  0
1.875237  1.870767  0
1.875237  1.872084  0
1.875237  1.871104  0
1.875237  1.871040  0
1.875237  1.870688  0
1.875237  1.869385  0
1.875237  1.871531  0
1.875237  1.870913  0
1.875237  1.871590  0
1.875237  1.871539  0
1.875237  1.872557  0
1.875237  1.872733  0
1.875237  1.871981  0
1.875237  1.872381  0
1.875237  1.871302  0
1.875237  1.870511  0
1.875237  1.869526  0
1.875237  1.870466  0
1.875237  1.869968  0
1.875237  1.871640  0
1.875237  1.871713  0
1.875237  1.870908  0
1.875237  1.869884  0
1.875237  1.869967  0
1.875237  1.872228  0
1.875237  1.871690  0
1.875237  1.871146  0
1.875237  1.871987  0
1.875237  1.873481  0
1.875237  1.871550  0
1.875237  1.870967  0
1.875237  1.871281  0
1.875237  1.869597  0
1.875237  1.871228  0
1.875237  1.870654  0
1.875237  1.871110  0
1.875237  1.870985  0
1.875237  1.870565  0
1.875237  1.871527  0
1.875237  1.870014  0
1.875237  1.870537  0
1.875237  1.871651  0
1.875237  1.870442  0
1.875237  1.870696  0
1.875237  1.870480  0
1.875237  1.871161  0
1.875237  1.869604  0
1.875237  1.870559  0
1.875237  1.870388  0
1.875237  1.870708  0
1.875237  1.870904  0
1.875237  1.871493  0
1.875237  1.871101  0
1.875237  1.872581  0
1.875237  1.870558  0
1.875237  1.871158  0
1.875237  1.870481  0
1.875237  1.872885  0
1.875237  1.870731  0
1.875237  1.872138  0
1.875237  1.871755  0
1.875237  1.871524  0
1.875237  1.872190  0
1.875237  1.871908  0
1.875237  1.872208  0
1.875237  1.870278  0
1.875237  1.872804  0
1.875237  1.872489  0
1.875237  1.870747  0
1.875237  1.871083  0
1.875237  1.870860  0
1.875237  1.871345  0
1.875237  1.870620  0
1.875237  1.871107  0
1.875237  1.871503  0
1.875237  1.871109  0
1.875237  1.871348  0
1.875237  1.870571  0
1.875237  1.870525  0
1.875237  1.870479  0
1.875237  1.869562  0
1.875237  1.870332  0
1.875237  1.872105  0
1.875237  1.872287  0
1.875237  1.870452  0
1.875237  1.871231  0
1.875237  1.871852  0
1.875237  1.870249  0
1.875237  1.869477  0
1.875237  1.868738  0
1.875237  1.870205  0
1.875237  1.871894  0
1.875237  1.871726  0
1.875237  1.872070  0
1.875237  1.872328  0
1.875237  1.872383  0
1.875237  1.871386  0
1.875237  1.871580  0
1.875237  1.874959  0
1.875237  1.875149  0
1.875237  1.873791  0
1.875237  1.872644  0
1.875237  1.873922  0
1.875237  1.873307  0
1.875237  1.872269  0
1.875237  1.871302  0
1.875237  1.871244  0
1.875237  1.871130  0
1.875237  1.872784  0
1.875237  1.873884  0
1.875237  1.873421  0
1.875237  1.872985  0
1.875237  1.873795  0
1.875237  1.872911  0
1.875237  1.873671  0
1.875237  1.872443  0
1.875237  1.872402  0
1.875237  1.872284  0
1.875237  1.872348  0
1.875237  1.872443  0
1.875237  1.870969  0
1.875237  1.871219  0
1.875237  1.873871  0
1.875237  1.871677  0
1.875237  1.873556  0
1.875237  1.872903  0
1.875237  1.874533  0
1.875237  1.872183  0
1.875237  1.872086  0
1.875237  1.871661  0
1.875237  1.873746  0
1.875237  1.872801  0
1.875237  1.872903  0
1.875237  1.873520  0
1.875237  1.873632  0
1.875237  1.872218  0
1.875237  1.872073  0
1.875237  1.872297  0
1.875237  1.873495  0
1.875237  1.873608  0
1.875237  1.873097  0
1.875237  1.874400  0
1.875237  1.873555  0
1.875237  1.873271  0
1.875237  1.872036  0
1.875237  1.872999  0
1.875237  1.872647  0
1.875237  1.873511  0
1.875237  1.872831  0
1.875237  1.872469  0
1.875237  1.873328  0
1.875237  1.872926  0
1.875237  1.871167  0
1.875237  1.871879  0
1.875237  1.874484  0
1.875237  1.873441  0
1.875237  1.872879  0
1.875237  1.874369  0
1.875237  1.874910  0
1.875237  1.875052  0
1.875237  1.873321  0
1.875237  1.872818  0
1.875237  1.872129  0
1.875237  1.872488  0
1.875237  1.872427  0
1.875237  1.872947  0
1.875237  1.872731  0
1.875237  1.873176  0
1.875237  1.870629  0
1.875237  1.871296  0
1.875237  1.871529  0
1.875237  1.871902  0
1.875237  1.872495  0
1.875237  1.872570  0
1.875237  1.870783  0
1.875237  1.872426  0
1.875237  1.872735  0
1.875237  1.872933  0
1.875237  1.873715  0
1.875237  1.874200  0
1.875237  1.873835  0
1.875237  1.873856  0
1.875237  1.874132  0
1.875237  1.873938  0
1.875237  1.872651  0
1.875237  1.872127  0
1.875237  1.874164  0
1.875237  1.874716  0
1.875237  1.875343  0
1.875237  1.874333  0
1.875237  1.876713  0
1.875237  1.874883  0
1.875237  1.873422  0
1.875237  1.873651  0
1.875237  1.874604  0
1.875237  1.874117  0
1.875237  1.873203  0
1.875237  1.873852  0
1.875237  1.872985  0
1.875237  1.871750  0
1.875237  1.872659  0
1.875237  1.873005  0
1.875237  1.874209  0
1.875237  1.874175  0
1.875237  1.873987  0
1.875237  1.872916  0
1.875237  1.872388  0
1.875237  1.873326  0
1.875237  1.872938  0
1.875237  1.873239  0
1.875237  1.873468  0
1.875237  1.872141  0
1.875237  1.872034  0
1.875237  1.871902  0
1.875237  1.873030  0
1.875237  1.873144  0
1.875237  1.872644  0
1.875237  1.873447  0
1.875237  1.875852  0
1.875237  1.873964  0
1.875237  1.873753  0
1.875237  1.873583  0
1.875237  1.875464  0
1.875237  1.873659  0
1.875237  1.873417  0
1.875237  1.873083  0
1.875237  1.872761  0
1.875237  1.872861  0
1.875237  1.874116  0
1.875237  1.873158  0
1.875237  1.875540  0
1.875237  1.875073  0
1.875237  1.875017  0
1.875237  1.873251  0
1.875237  1.873546  0
1.875237  1.874119  0
1.875237  1.874124  0
1.875237  1.873382  0
1.875237  1.873566  0
1.875237  1.874603  0
1.875237  1.874303  0
1.875237  1.872555  0
1.875237  1.872005  0
1.875237  1.874035  0
1.875237  1.873994  0
1.875237  1.873978  0
1.875237  1.872998  0
1.875237  1.873018  0
1.875237  1.873055  0
1.875237  1.872564  0
1.875237  1.871627  0
1.875237  1.872075  0
1.875237  1.872431  0
1.875237  1.872757  0
1.875237  1.872716  0
1.875237  1.872745  0
1.875237  1.873611  0
1.875237  1.873221  0
1.875237  1.870400  0
1.875237  1.872482  0
1.875237  1.873581  0
1.875237  1.873137  0
1.875237  1.870783  0
1.875237  1.872865  0
1.875237  1.872719  0
1.875237  1.872333  0
1.875237  1.872323  0
1.875237  1.872946  0
1.875237  1.873678  0
1.875237  1.873481  0
1.875237  1.872646  0
1.875237  1.874023  0
1.875237  1.873354  0
1.875237  1.873190  0
1.875237  1.872805  0
1.875237  1.872201  0
1.875237  1.872552  0
1.875237  1.874227  0
1.875237  1.873500  0
1.875237  1.873222  0
1.875237  1.873832  0
1.875237  1.874275  0
1.875237  1.873568  0
1.875237  1.873288  0
1.875237  1.875104  0
1.875237  1.876006  0
1.875237  1.873958  0
1.875237  1.874165  0
1.875237  1.875021  0
1.875237  1.873577  0
1.875237  1.871732  0
1.875237  1.872173  0
1.875237  1.873665  0
1.875237  1.873385  0
1.875237  1.872482  0
1.875237  1.873275  0
1.875237  1.873333  0
