1  -0.369079  -0.369079  48.428486  0.012117  -0.056405  -356.179015  0.014785  -0.054920  329.850006  0.500000
1  -0.363661  -0.363661  52.535419  0.012916  -0.000364  -355.947614  0.015748  0.001176  329.720001  0.500000
1  -0.364143  -0.364143  56.122904  0.014514  -0.007516  -355.713437  0.017506  -0.005990  329.579987  0.500000
1  -0.363066  -0.363066  60.664122  0.008256  -0.102101  -355.480160  0.011410  -0.100582  329.450012  0.500000
1  -0.365371  -0.365371  63.880825  0.007723  -0.099858  -355.243771  0.011040  -0.098340  329.320007  0.500000
1  -0.367077  -0.367077  67.433935  0.018642  0.100601  -355.009914  0.022125  0.102138  329.190002  0.500000
1  -0.366791  -0.366603  71.702251  0.017710  0.110672  -354.782583  0.021359  0.112224  329.059998  0.500000
1  -0.367182  -0.367182  75.249950  0.017177  0.108869  -354.557078  0.020998  0.110467  328.920013  0.500000
1  -0.366452  -0.366452  79.357859  0.007590  -0.096983  -354.323805  0.011585  -0.095366  328.779999  0.500000
1  -0.364463  -0.364463  83.380330  0.010386  -0.033462  -354.083058  0.014560  -0.031795  328.630005  0.500000
1  -0.364018  -0.364018  87.064853  0.021172  0.200228  -353.847535  0.025527  0.201905  328.489990  0.500000
1  -0.366204  -0.365930  91.361893  0.009587  -0.049357  -353.590007  0.014130  -0.047619  328.339996  0.500000
1  -0.366399  -0.366399  95.079552  0.017444  0.060101  -353.324603  0.022170  0.061852  328.200012  0.500000
1  -0.366912  -0.366912  98.665454  0.015979  0.040405  -353.059459  0.020895  0.042191  328.059998  0.490000
1  -0.367361  -0.367361  102.411133  0.007191  -0.071974  -352.809815  0.012300  -0.070163  327.920013  0.490000
1  -0.366546  -0.366546  105.548837  0.009587  -0.064055  -352.529069  0.014901  -0.062144  327.769989  0.490000
1  -0.362918  -0.363254  108.528644  0.017710  0.082461  -352.249418  0.023234  0.084418  327.630005  0.490000
1  -0.365965  -0.365965  111.898985  0.012117  0.029198  -351.977447  0.017855  0.031189  327.480011  0.490000
1  -0.364973  -0.364973  114.536686  0.001731  -0.176145  -351.698809  0.007687  -0.174093  327.339996  0.490000
1  -0.365884  -0.365884  117.310447  0.009721  -0.027415  -351.408747  0.015908  -0.025234  327.200012  0.480000
1  -0.366863  -0.366863  120.173636  0.010653  0.023433  -351.115590  0.017075  0.025678  327.059998  0.480000
1  -0.367246  -0.367835  122.556633  0.013982  0.077928  -350.817770  0.020649  0.080130  326.929993  0.480000
1  -0.366392  -0.366392  125.040301  0.007457  -0.085761  -350.492611  0.014380  -0.083423  326.799988  0.470000
1  -0.364290  -0.364290  127.197830  0.013848  0.002093  -350.161631  0.021031  0.004552  326.670013  0.470000
1  -0.364598  -0.364598  129.216105  0.017444  0.103304  -349.835586  0.024890  0.105858  326.549988  0.470000
1  -0.365322  -0.365322  131.078261  0.012783  0.056642  -349.504703  0.020501  0.059221  326.420013  0.470000
1  -0.366213  -0.366519  132.984529  0.013183  0.080714  -349.162764  0.021188  0.083389  326.299988  0.460000
1  -0.368113  -0.368113  134.537797  0.003329  -0.023473  -348.846595  0.011627  -0.020761  326.190002  0.460000
1  -0.365718  -0.365718  135.942656  0.008922  0.015853  -348.489645  0.017533  0.018742  326.079987  0.460000
1  -0.365058  -0.365058  137.476776  0.011318  0.045067  -348.120030  0.020236  0.047888  325.970001  0.460000
1  -0.361980  -0.361980  138.806056  0.003728  -0.110704  -347.742922  0.012960  -0.107732  325.869995  0.460000
1  -0.364568  -0.364947  140.062150  0.003995  -0.054638  -347.389316  0.013544  -0.051670  325.760010  0.460000
1  -0.366777  -0.366777  141.213884  0.007457  -0.031962  -347.018202  0.017319  -0.028988  325.660004  0.460000
1  -0.366897  -0.366897  142.240278  0.015180  0.124736  -346.623568  0.025365  0.127691  325.549988  0.460000
1  -0.367144  -0.367144  143.380242  0.012916  0.091102  -346.225816  0.023446  0.094327  325.440002  0.450000
1  -0.366686  -0.366686  144.131680  0.017044  0.235972  -345.830775  0.027908  0.239075  325.320007  0.450000
1  -0.364887  -0.365286  145.094210  0.016778  0.166034  -345.402992  0.027995  0.169228  325.209991  0.450000
1  -0.363904  -0.363904  146.032241  0.012650  0.048618  -344.990773  0.024203  0.051775  325.089996  0.450000
1  -0.364524  -0.364524  146.767374  0.006525  -0.016839  -344.572420  0.018425  -0.013476  324.970001  0.450000
1  -0.366498  -0.366498  147.502239  -0.017444  -0.409487  -344.182938  -0.005193  -0.406176  324.850006  0.450000
1  -0.366370  -0.366370  148.085012  0.000533  -0.206767  -343.746775  0.013129  -0.203561  324.709991  0.450000
1  -0.367686  -0.367842  148.705798  0.021438  0.155399  -343.276335  0.034398  0.158791  324.579987  0.450000
1  -0.366723  -0.366723  149.333559  -0.009321  -0.341824  -342.817916  0.004009  -0.338348  324.440002  0.450000
1  -0.365421  -0.365421  149.835336  0.009055  -0.056297  -342.330585  0.022756  -0.052769  324.299988  0.450000
1  -0.364869  -0.364869  150.364183  0.017177  0.063956  -341.850273  0.031245  0.067431  324.170013  0.450000
1  -0.364321  -0.364321  150.790582  0.027564  0.307308  -341.348033  0.042019  0.310855  324.029999  0.450000
1  -0.367190  -0.366017  151.249732  0.019441  0.066284  -340.818884  0.034290  0.069917  323.910004  0.450000
1  -0.366683  -0.366683  151.698834  0.001997  -0.255609  -340.301688  0.017228  -0.251972  323.790009  0.450000
1  -0.369273  -0.369273  152.076699  0.022504  0.181693  -339.788403  0.038136  0.185415  323.679993  0.450000
1  -0.366299  -0.366299  152.415482  0.020773  0.182353  -339.271281  0.036798  0.186073  323.579987  0.450000
1  -0.364274  -0.364274  152.783150  0.016245  0.040029  -338.713707  0.032699  0.043949  323.470001  0.450000
1  -0.364529  -0.364690  153.183000  0.017577  -0.001276  -338.138652  0.034445  0.002654  323.369995  0.450000
1  -0.363731  -0.363731  153.498636  0.030760  0.260957  -337.552501  0.048068  0.264947  323.269989  0.450000
1  -0.366107  -0.366107  153.828354  0.020906  0.028566  -336.955274  0.038648  0.032658  323.160004  0.450000
1  -0.367980  -0.367980  154.112809  0.027297  0.203284  -336.371373  0.045473  0.207405  323.040009  0.460000
1  -0.368408  -0.368408  154.386362  0.021705  0.069325  -335.745346  0.040343  0.073642  322.910004  0.460000
1  -0.366337  -0.365939  154.663428  0.019441  0.020303  -335.136462  0.038520  0.024475  322.769989  0.460000
1  -0.364084  -0.364084  154.934714  0.004927  -0.170800  -334.530531  0.024459  -0.166529  322.619995  0.460000
1  -0.364132  -0.364132  155.141406  0.002929  -0.200143  -333.913012  0.022936  -0.195693  322.459991  0.460000
1  -0.365002  -0.365002  155.300275  0.010253  -0.112780  -333.263511  0.030730  -0.108452  322.279999  0.460000
1  -0.365795  -0.365795  155.470931  0.019841  0.046780  -332.649111  0.040770  0.051187  322.089996  0.460000
1  -0.367261  -0.367017  155.584307  0.007856  -0.133057  -332.017922  0.029246  -0.128805  321.899994  0.460000
1  -0.366340  -0.366340  155.787618  0.014248  -0.027006  -331.367639  0.036111  -0.022694  321.709991  0.460000
1  -0.366319  -0.366319  155.935637  0.016245  0.011198  -330.741678  0.038567  0.015466  321.510010  0.460000
1  -0.362949  -0.362949  156.057132  0.014914  -0.004391  -330.097524  0.037710  -0.000043  321.320007  0.460000
1  -0.365052  -0.365052  156.172582  0.011984  -0.028766  -329.493345  0.035229  -0.024362  321.119995  0.460000
1  -0.362697  -0.363137  156.240014  0.014514  0.017540  -328.814593  0.038259  0.021997  320.920013  0.460000
1  -0.366244  -0.366244  156.336882  0.016512  -0.013344  -328.142895  0.040729  -0.008926  320.720001  0.460000
1  -0.366390  -0.366390  156.430518  0.018775  -0.024435  -327.460911  0.043463  -0.020043  320.519989  0.450000
1  -0.367650  -0.367650  156.518654  0.021572  0.085179  -326.785535  0.046736  0.089572  320.329987  0.450000
1  -0.367431  -0.367431  156.610961  0.020107  0.091115  -326.123024  0.045753  0.095544  320.119995  0.450000
1  -0.364807  -0.363249  156.683390  0.023569  0.136599  -325.480812  0.049675  0.141034  319.929993  0.450000
1  -0.364173  -0.364173  156.718583  0.015047  -0.057596  -324.775203  0.041642  -0.053240  319.739990  0.450000
1  -0.363697  -0.363697  156.775991  0.009321  -0.141767  -324.100462  0.036385  -0.137409  319.549988  0.450000
1  -0.364338  -0.364338  156.795003  0.023968  0.129653  -323.414103  0.051507  0.134066  319.369995  0.440000
1  -0.366629  -0.366629  156.863701  0.015180  -0.044805  -322.731072  0.043192  -0.040348  319.190002  0.440000
1  -0.366223  -0.366122  156.930596  0.022504  0.074431  -322.026233  0.050990  0.078863  319.010010  0.440000
1  -0.367665  -0.367665  157.014906  0.020240  0.041300  -321.332169  0.049196  0.045637  318.839996  0.440000
1  -0.367171  -0.367171  157.043760  0.021305  0.126465  -320.689968  0.050711  0.130786  318.670013  0.440000
1  -0.367206  -0.367206  157.041374  0.029428  0.201104  -319.955426  0.059328  0.205585  318.500000  0.430000
1  -0.363377  -0.363377  157.068936  0.011984  -0.082314  -319.253546  0.042365  -0.077842  318.350006  0.430000
1  -0.364191  -0.363988  157.114652  0.018376  0.011570  -318.543299  0.049239  0.016067  318.200012  0.430000
1  -0.363786  -0.363786  157.166356  0.009188  -0.139160  -317.836791  0.040524  -0.134747  318.049988  0.430000
1  -0.366300  -0.366300  157.184072  0.007989  -0.154663  -317.131495  0.039800  -0.150263  317.910004  0.420000
1  -0.368224  -0.368224  157.241313  0.017710  -0.017911  -316.410076  0.049994  -0.013543  317.760010  0.420000
1  -0.366811  -0.366811  157.256127  0.018376  0.061275  -315.713570  0.051126  0.065617  317.609985  0.420000
1  -0.365930  -0.366059  157.305724  0.009321  -0.111452  -315.003352  0.042548  -0.106994  317.450012  0.420000
1  -0.365161  -0.365161  157.317333  0.012517  -0.069329  -314.307154  0.046212  -0.064971  317.299988  0.420000
1  -0.363360  -0.363360  157.326707  0.000266  -0.312428  -313.597877  0.034432  -0.308077  317.149994  0.410000
1  -0.364190  -0.364190  157.296530  0.019974  0.056079  -312.881077  0.054612  0.060523  317.000000  0.410000
1  -0.365435  -0.365435  157.379547  0.014781  -0.089974  -312.122163  0.049906  -0.085465  316.839996  0.410000
1  -0.369163  -0.369102  157.381446  0.025167  0.148756  -311.400403  0.060762  0.153149  316.690002  0.410000
1  -0.367234  -0.367234  157.351574  0.013049  -0.039337  -310.677473  0.049116  -0.035011  316.540009  0.410000
1  -0.366907  -0.366907  157.374743  0.023170  0.093448  -309.947568  0.059702  0.097868  316.390015  0.410000
1  -0.363950  -0.363950  157.404246  0.020773  0.066839  -309.219267  0.057776  0.071250  316.260010  0.410000
1  -0.362168  -0.362168  157.417686  0.022371  0.150523  -308.504121  0.059843  0.154851  316.140015  0.410000
1  -0.365655  -0.365495  157.432852  0.020107  0.072030  -307.772208  0.058049  0.076470  316.040009  0.400000
1  -0.366351  -0.366351  157.449311  0.018642  0.071271  -307.047272  0.057053  0.075717  315.940002  0.400000
1  -0.368355  -0.368355  157.490532  0.021039  0.036336  -306.282528  0.059928  0.040685  315.859985  0.400000
1  -0.367101  -0.367101  157.555815  0.012517  -0.082790  -305.534853  0.051876  -0.078407  315.790009  0.400000
1  -0.366169  -0.366169  157.570632  0.012916  -0.072373  -304.805522  0.052736  -0.068045  315.720001  0.400000
1  -0.366442  -0.366341  157.581709  0.015579  0.014328  -304.075908  0.055864  0.018663  315.670013  0.400000
1  -0.364080  -0.364080  157.561135  0.006392  -0.174222  -303.343829  0.047132  -0.169950  315.630005  0.400000
1  -0.365507  -0.365507  157.522700  0.011851  -0.090271  -302.616013  0.053046  -0.085944  315.600006  0.400000
1  -0.366020  -0.366020  157.524864  0.009987  -0.092800  -301.880230  0.051640  -0.088455  315.589996  0.400000
1  -0.365659  -0.365659  157.497024  0.021572  0.157578  -301.144158  0.063682  0.161892  315.579987  0.400000
1  -0.367815  -0.367647  157.521855  0.018642  0.049623  -300.404255  0.061207  0.053904  315.589996  0.400000
1  -0.365567  -0.365567  157.529040  0.017976  -0.013363  -299.647423  0.060998  -0.009086  315.600006  0.400000
1  -0.365530  -0.365530  157.538424  0.013049  -0.063587  -298.909533  0.056523  -0.059324  315.630005  0.400000
1  -0.362068  -0.362068  157.506191  0.012517  -0.042350  -298.182547  0.056442  -0.038110  315.660004  0.400000
1  -0.364444  -0.364444  157.508279  0.017177  0.034404  -297.438092  0.061558  0.038645  315.709991  0.400000
1  -0.364491  -0.364371  157.507003  0.019042  0.058592  -296.696274  0.063868  0.062736  315.769989  0.400000
1  -0.366653  -0.366653  157.535249  0.013982  -0.035875  -295.938335  0.059261  -0.031750  315.839996  0.400000
1  -0.368569  -0.368569  157.514402  0.017976  0.017941  -295.189942  0.063700  0.022150  315.899994  0.400000
1  -0.365946  -0.365946  157.510962  0.022371  0.069513  -294.427856  0.068539  0.073673  315.959991  0.400000
1  -0.365442  -0.365442  157.465781  0.015446  0.041757  -293.695945  0.062057  0.045904  316.019989  0.400000
1  -0.363872  -0.364648  157.467220  0.022637  0.176472  -292.961102  0.069694  0.180637  316.079987  0.400000
1  -0.364080  -0.364080  157.468802  0.015713  -0.003512  -292.203308  0.063212  0.000594  316.140015  0.400000
1  -0.363635  -0.363635  157.458040  0.017444  0.059322  -291.459007  0.065382  0.063419  316.220001  0.400000
1  -0.366012  -0.366012  157.417435  0.026898  0.239255  -290.717679  0.075272  0.243340  316.299988  0.400000
1  -0.367192  -0.367192  157.461908  0.019175  0.058864  -289.964078  0.067989  0.062941  316.380005  0.400000
1  -0.366969  -0.366490  157.455789  0.010653  -0.072912  -289.225607  0.059898  -0.068870  316.470001  0.400000
1  -0.367093  -0.367093  157.434895  0.012916  -0.051495  -288.471796  0.062594  -0.047442  316.570007  0.400000
1  -0.364400  -0.364400  157.436123  0.019308  0.079936  -287.720370  0.069420  0.083975  316.670013  0.400000
1  -0.364023  -0.364023  157.447863  0.016911  -0.013451  -286.955095  0.067449  -0.009463  316.769989  0.400000
1  -0.361864  -0.361864  157.449980  0.017577  0.004428  -286.195964  0.068541  0.008372  316.890015  0.400000
1  -0.365169  -0.365286  157.436443  0.010919  -0.088363  -285.450024  0.062306  -0.084381  317.010010  0.400000
1  -0.364638  -0.364638  157.398084  0.016245  0.076927  -284.716076  0.068053  0.080857  317.130005  0.400000
1  -0.366315  -0.366315  157.392541  0.013049  -0.050361  -283.954809  0.065278  -0.046452  317.260010  0.400000
1  -0.367427  -0.367427  157.396860  0.019841  0.037760  -283.194357  0.072489  0.041653  317.380005  0.400000
1  -0.365217  -0.365217  157.391397  0.017843  0.014899  -282.439493  0.070907  0.018712  317.510010  0.400000
1  -0.366760  -0.366423  157.385458  0.014115  0.006099  -281.675359  0.067603  0.009946  317.640015  0.400000
1  -0.366219  -0.366219  157.379443  0.012384  -0.034791  -280.933752  0.066284  -0.030982  317.760010  0.400000
1  -0.364531  -0.364531  157.371674  0.014514  0.009676  -280.220171  0.068810  0.013458  317.890015  0.400000
1  -0.364690  -0.365085  157.382885  0.012916  -0.039064  -279.453017  0.067636  -0.035333  318.019989  0.400000
1  -0.366475  -0.366475  157.372554  0.009721  -0.080324  -278.738760  0.064833  -0.076577  318.149994  0.400000
1  -0.370396  -0.370396  157.272210  -0.033023  -0.502976  -278.068301  0.022498  -0.499223  318.279999  0.390000
1  -0.366207  -0.366207  157.093181  -0.009987  -0.035541  -277.472663  0.045938  -0.031813  318.410004  0.390000
1  -0.366277  -0.366277  156.810063  -0.011452  0.031799  -276.945433  0.044864  0.035495  318.529999  0.390000
1  -0.365942  -0.366090  156.417412  -0.084289  -0.507549  -276.643463  -0.027600  -0.503971  318.660004  0.390000
1  -0.364117  -0.364117  155.648024  -0.094143  0.141172  -276.601869  -0.037049  0.144759  318.779999  0.390000
1  -0.364370  -0.364370  154.828309  -0.081626  0.177497  -276.517118  -0.024162  0.180965  318.899994  0.390000
1  -0.364388  -0.364388  154.083695  -0.123171  -0.730888  -276.349681  -0.065336  -0.727440  319.010010  0.390000
1  -0.367230  -0.367230  153.285807  -0.092279  -0.177585  -276.238797  -0.034077  -0.174172  319.119995  0.390000
1  -0.366441  -0.366441  152.450276  -0.106793  -0.256528  -276.159353  -0.048227  -0.253114  319.220001  0.390000
1  -0.366975  -0.366975  151.625959  -0.063516  0.235603  -276.012725  -0.004591  0.238962  319.320007  0.400000
1  -0.365261  -0.365261  150.948346  -0.042744  0.213659  -275.696476  0.016537  0.216979  319.420013  0.400000
1  -0.364324  -0.364324  150.147087  -0.097472  -0.420904  -275.484716  -0.037847  -0.417688  319.519989  0.400000
1  -0.364720  -0.364720  149.392526  -0.072438  -0.186123  -275.247306  -0.012474  -0.182976  319.609985  0.400000
1  -0.363975  -0.363975  148.932032  0.024501  0.506625  -274.662018  0.084800  0.509784  319.700012  0.400000
1  -0.365998  -0.365998  148.641634  0.012517  -0.022324  -273.940896  0.073150  -0.019208  319.790009  0.390000
1  -0.365949  -0.366088  148.295733  0.070041  1.174034  -273.302883  0.130994  1.177026  319.869995  0.390000
1  -0.366995  -0.366995  148.365797  0.053130  0.195431  -272.334667  0.114388  0.198359  319.950012  0.390000
1  -0.366718  -0.366718  148.498135  0.083890  0.581435  -271.380824  0.145471  0.584454  320.029999  0.390000
1  -0.366103  -0.366103  148.879063  0.103331  -0.130707  -270.125631  0.165229  -0.127744  320.100006  0.390000
1  -0.364278  -0.364278  149.509179  0.209058  0.810667  -268.619854  0.271273  0.813616  320.170013  0.390000
1  -0.364101  -0.364838  150.198795  0.190416  0.767585  -267.112052  0.252941  0.770503  320.230011  0.390000
1  -0.364130  -0.364130  150.832774  0.138085  0.061668  -265.634613  0.200920  0.064565  320.299988  0.390000
1  -0.366169  -0.366169  151.760179  0.160988  -0.203321  -263.979748  0.224132  -0.200476  320.369995  0.390000
1  -0.367301  -0.367301  152.698424  0.183359  0.279862  -262.445841  0.246814  0.282741  320.429993  0.390000
1  -0.367366  -0.367366  153.446257  0.132759  -0.082989  -261.041071  0.196518  -0.080164  320.489990  0.390000
1  -0.365104  -0.364918  154.551741  0.242348  0.724034  -259.281747  0.306418  0.726930  320.559998  0.390000
1  -0.365540  -0.365540  155.856982  0.207061  -0.005469  -257.389878  0.271445  -0.002568  320.619995  0.390000
1  -0.362771  -0.362771  157.093719  0.180962  -0.251326  -255.653931  0.245661  -0.248375  320.690002  0.390000
1  -0.365488  -0.365488  158.141688  0.143012  0.176520  -254.264903  0.208018  0.179420  320.750000  0.380000
1  -0.365662  -0.365662  159.378395  0.203998  0.506306  -252.601018  0.269316  0.509218  320.820007  0.380000
1  -0.366123  -0.366081  160.608246  0.156594  -0.080774  -251.003002  0.222226  -0.077841  320.899994  0.380000
1  -0.366987  -0.366987  161.800075  0.160056  0.163939  -249.517006  0.226008  0.166906  320.980011  0.380000
1  -0.367004  -0.367004  162.998910  0.060187  -0.918605  -248.282374  0.126421  -0.916042  321.059998  0.380000
1  -0.366180  -0.366180  163.330882  -0.022504  -0.654699  -247.623070  0.044043  -0.651841  321.140015  0.380000
1  -0.364123  -0.364123  163.212238  -0.072571  -0.293721  -247.361316  -0.005712  -0.290827  321.220001  0.370000
1  -0.365063  -0.365291  162.673243  -0.174304  -0.824259  -247.481879  -0.107139  -0.821411  321.309998  0.370000
1  -0.366465  -0.366465  161.873754  -0.153664  -0.161174  -247.725447  -0.086207  -0.158439  321.399994  0.370000
1  -0.365896  -0.365896  160.988358  -0.153132  -0.006441  -248.010525  -0.085394  -0.003797  321.480011  0.370000
1  -0.368255  -0.368255  160.050762  -0.113318  0.439942  -248.206752  -0.045320  0.442402  321.570007  0.370000
1  -0.366629  -0.366629  159.434777  -0.059921  0.200861  -248.003468  0.008338  0.203314  321.649994  0.370000
1  -0.365871  -0.366037  158.797261  -0.090281  -0.150291  -247.873203  -0.021765  -0.147891  321.730011  0.370000
1  -0.362158  -0.362158  157.984243  -0.116380  -0.161270  -247.920720  -0.047613  -0.158952  321.809998  0.370000
1  -0.366259  -0.366259  156.892003  -0.160722  -0.266491  -248.158434  -0.091718  -0.264302  321.890015  0.360000
1  -0.363961  -0.363961  155.675403  -0.144077  -0.030531  -248.385651  -0.074855  -0.028472  321.959991  0.360000
1  -0.366521  -0.366521  154.446461  -0.111720  0.479050  -248.627052  -0.042297  0.480938  322.029999  0.360000
1  -0.369907  -0.369817  153.403934  -0.101733  0.126868  -248.681583  -0.032118  0.128621  322.089996  0.360000
1  -0.367614  -0.367614  152.111356  -0.116913  0.244650  -248.867345  -0.047120  0.246336  322.149994  0.360000
1  -0.366078  -0.366078  150.993124  -0.105727  -0.247635  -248.869649  -0.035758  -0.246025  322.209991  0.360000
1  -0.366065  -0.366065  149.885656  -0.091080  -0.035111  -248.874699  -0.020945  -0.033563  322.260010  0.360000
1  -0.362827  -0.362827  148.974908  -0.090547  -0.258694  -248.811277  -0.020258  -0.257259  322.309998  0.360000
1  -0.366712  -0.366416  148.002890  -0.039148  0.436274  -248.657873  0.031296  0.437697  322.350006  0.360000
1  -0.367455  -0.367455  147.320000  0.034088  0.995877  -248.247979  0.104679  0.997243  322.380005  0.350000
1  -0.368116  -0.368116  147.314264  0.119043  0.780731  -247.229713  0.189773  0.782040  322.399994  0.350000
1  -0.367211  -0.367211  147.822432  0.202800  0.748218  -245.730327  0.273675  0.749608  322.429993  0.350000
1  -0.367915  -0.367915  148.784035  0.237288  0.598099  -243.969236  0.308313  0.599518  322.450012  0.350000
1  -0.365027  -0.365544  149.953239  0.187620  -0.478927  -242.129163  0.258802  -0.477459  322.459991  0.350000
1  -0.364491  -0.364491  150.855105  0.149670  -0.369118  -240.573577  0.221024  -0.367561  322.480011  0.340000
1  -0.365564  -0.365564  151.498822  0.111187  -0.438552  -239.301205  0.182713  -0.436953  322.480011  0.340000
1  -0.365830  -0.365830  152.291799  0.186421  0.743370  -237.959903  0.258119  0.744974  322.489990  0.340000
1  -0.368149  -0.368149  153.350997  0.151933  -0.069493  -236.458128  0.223808  -0.067846  322.179993  0.340000
1  -0.368495  -0.368231  154.471261  0.178831  -0.004530  -234.845422  0.250894  -0.002821  321.820007  0.340000
1  -0.367323  -0.367323  155.600399  0.159523  -0.181644  -233.337287  0.231772  -0.179893  321.459991  0.340000
1  -0.366115  -0.366115  156.901204  0.192280  0.079114  -231.719215  0.264720  0.080932  321.049988  0.330000
1  -0.363198  -0.363198  158.209740  0.143811  -0.232192  -230.185561  0.216449  -0.230346  320.660004  0.330000
1  -0.365445  -0.365445  159.325517  0.143012  0.042909  -228.769831  0.215858  0.044763  320.250000  0.330000
1  -0.365377  -0.365109  160.522286  0.149004  0.276814  -227.388188  0.222058  0.278759  319.869995  0.330000
1  -0.366732  -0.366732  161.687155  0.085354  -0.560345  -226.083112  0.158607  -0.558482  319.489990  0.330000
1  -0.367811  -0.367811  162.424183  -0.014647  -1.300679  -225.176006  0.058814  -1.298733  319.119995  0.330000
1  -0.365979  -0.365979  162.593893  -0.038483  -0.353521  -224.768496  0.035182  -0.351699  318.739990  0.330000
1  -0.365294  -0.365294  162.250730  -0.119576  -0.561388  -224.768539  -0.045730  -0.559698  318.320007  0.320000
1  -0.363295  -0.363698  161.721070  -0.164317  -0.466857  -224.979572  -0.090291  -0.465187  317.890015  0.320000
1  -0.364081  -0.364081  160.947581  -0.180695  -0.374822  -225.343136  -0.106504  -0.373256  317.390015  0.320000
1  -0.366155  -0.366155  160.100404  -0.140881  -0.024011  -225.632079  -0.066538  -0.022591  316.899994  0.320000
1  -0.366242  -0.366242  159.224557  -0.141148  -0.226066  -225.875975  -0.066672  -0.224830  316.390015  0.320000
1  -0.367771  -0.367771  158.075381  -0.127565  0.338270  -226.252698  -0.052966  0.339374  315.929993  0.320000
1  -0.366217  -0.366241  156.856472  -0.173771  -0.080303  -226.711622  -0.099056  -0.079262  315.450012  0.320000
1  -0.366208  -0.366208  155.442170  -0.182160  0.248285  -227.311267  -0.107359  0.249101  314.989990  0.320000
1  -0.363419  -0.363419  154.135026  -0.142879  0.149033  -227.683523  -0.068006  0.149650  314.529999  0.310000
1  -0.365341  -0.365341  153.018117  -0.101200  0.254049  -227.829016  -0.026276  0.254554  314.019989  0.310000
1  -0.365786  -0.365786  151.992488  -0.101600  0.019395  -227.928942  -0.026629  0.019830  313.519989  0.310000
1  -0.366294  -0.366294  150.975164  -0.085221  0.167565  -228.003649  -0.010213  0.167909  313.059998  0.310000
1  -0.367266  -0.367266  149.889148  -0.051532  0.426439  -227.985105  0.023503  0.426702  312.589996  0.310000
1  -0.367015  -0.367015  149.064702  -0.034088  0.269001  -227.803801  0.040966  0.269183  312.040009  0.310000
1  -0.365220  -0.365220  148.294635  -0.036618  -0.132265  -227.526871  0.038446  -0.132160  311.529999  0.310000
1  -0.364176  -0.364176  147.561272  0.015979  0.639005  -227.246942  0.091045  0.639022  311.420013  0.310000
1  -0.364294  -0.364294  147.012534  -0.002663  0.209974  -226.867409  0.072390  0.209855  311.309998  0.310000
1  -0.368215  -0.368215  146.373295  -0.041279  -0.447548  -226.471724  0.033755  -0.447734  311.170013  0.310000
1  -0.366037  -0.365692  145.816953  -0.010653  0.063801  -226.119847  0.064359  0.063592  311.049988  0.310000
1  -0.368732  -0.368732  145.326755  0.015047  0.189535  -225.669728  0.090033  0.189300  310.959991  0.310000
1  -0.366803  -0.366803  145.085410  0.024767  0.145017  -225.173101  0.099727  0.144778  310.869995  0.310000
1  -0.365066  -0.365066  144.757976  0.016512  0.045533  -224.665253  0.091443  0.045281  310.450012  0.310000
1  -0.364946  -0.364946  144.372318  0.025833  0.157946  -224.144644  0.100727  0.157598  309.980011  0.310000
1  -0.365687  -0.365429  144.321219  0.057391  0.409972  -223.524876  0.132252  0.409652  309.450012  0.310000
1  -0.366357  -0.366357  144.435368  0.101466  0.463875  -222.610522  0.176288  0.463564  308.940002  0.320000
1  -0.366578  -0.366578  144.996553  0.145941  0.129568  -221.361377  0.220726  0.129225  308.459991  0.320000
1  -0.368952  -0.368952  145.709457  0.149536  0.057485  -220.053216  0.224289  0.057185  308.029999  0.320000
1  -0.365604  -0.365604  146.462247  0.159390  0.152026  -218.728826  0.234121  0.151826  307.619995  0.320000
1  -0.362526  -0.363175  147.342018  0.159923  -0.188656  -217.367335  0.234640  -0.188785  307.200012  0.320000
1  -0.363817  -0.363817  148.283292  0.170975  0.074138  -216.005690  0.245689  0.074121  306.730011  0.330000
1  -0.364851  -0.364851  149.457084  0.183492  0.061320  -214.497708  0.258208  0.061353  306.339996  0.330000
1  -0.366407  -0.366407  150.548365  0.208925  0.915894  -213.069737  0.283646  0.915920  305.859985  0.330000
1  -0.367858  -0.367858  151.917227  0.161121  -0.396498  -211.494895  0.235863  -0.396284  305.369995  0.340000
1  -0.365611  -0.366728  152.879464  0.086952  -0.357789  -210.397297  0.161725  -0.357511  304.790009  0.340000
1  -0.364926  -0.364926  153.485783  0.041812  -0.385510  -209.598950  0.116628  -0.385127  304.239990  0.350000
1  -0.362195  -0.362195  153.765902  -0.046872  -0.377702  -209.259827  0.027996  -0.377214  303.679993  0.350000
1  -0.364054  -0.364054  154.000062  -0.018775  -0.033059  -208.891708  0.056141  -0.032597  303.170013  0.360000
1  -0.366784  -0.366784  154.136242  -0.037018  -0.254054  -208.548268  0.037945  -0.253621  302.679993  0.360000
1  -0.367277  -0.367180  154.233616  -0.003995  0.489682  -208.289136  0.071010  0.490058  302.190002  0.360000
1  -0.366991  -0.366991  154.527847  0.049135  0.684881  -207.759870  0.124181  0.685259  301.700012  0.370000
1  -0.366158  -0.366158  154.949420  0.003995  -0.331362  -207.113621  0.079084  -0.330946  301.239990  0.370000
1  -0.365324  -0.365324  155.404548  0.014647  -0.302162  -206.457127  0.089780  -0.301786  300.839996  0.380000
1  -0.359906  -0.359906  155.649786  -0.007191  -0.091863  -206.038909  0.067981  -0.091505  300.450012  0.380000
1  -0.364874  -0.365288  155.827461  0.018109  0.380904  -205.625668  0.093311  0.381185  300.070007  0.380000
1  -0.367438  -0.367438  156.144250  -0.000266  -0.278684  -205.053772  0.074962  -0.278440  299.660004  0.390000
1  -0.366707  -0.366707  156.359220  0.019707  0.068392  -204.537059  0.094953  0.068541  299.230011  0.390000
1  -0.368438  -0.368438  156.544670  0.013982  -0.043523  -203.999829  0.089235  -0.043455  298.769989  0.400000
1  -0.365573  -0.365573  156.733830  0.005992  -0.138790  -203.490933  0.081253  -0.138743  298.290009  0.400000
1  -0.364002  -0.364234  156.811830  0.015713  0.152401  -203.020644  0.090970  0.152339  297.820007  0.400000
1  -0.364704  -0.364704  156.975313  0.014781  0.038375  -202.520015  0.090036  0.038368  297.290009  0.410000
1  -0.363836  -0.363836  157.102975  0.017710  0.189580  -202.054235  0.092961  0.189553  296.739990  0.410000
1  -0.367717  -0.367717  157.232581  0.008922  -0.026108  -201.568126  0.084162  -0.026213  296.420013  0.410000
1  -0.366543  -0.366543  157.351156  0.009987  -0.035455  -201.073781  0.085212  -0.035584  296.119995  0.420000
1  -0.367754  -0.367848  157.481775  0.011718  -0.040303  -200.569984  0.086926  -0.040466  295.850006  0.420000
1  -0.366272  -0.366272  157.591623  0.014781  0.043182  -200.076065  0.089967  0.042967  295.459991  0.420000
1  -0.364521  -0.364521  157.716750  0.016911  0.044270  -199.577400  0.092074  0.044021  295.089996  0.420000
1  -0.365560  -0.365560  157.802376  0.018642  0.068797  -199.089684  0.093773  0.068515  294.589996  0.420000
1  -0.366151  -0.366151  157.900948  0.008123  -0.078717  -198.613139  0.083223  -0.079000  294.299988  0.430000
1  -0.365371  -0.366880  158.005529  0.009854  -0.070601  -198.126408  0.084919  -0.070951  293.880005  0.430000
1  -0.366946  -0.366946  158.091878  0.020506  0.120601  -197.648220  0.095532  0.120225  293.779999  0.430000
1  -0.368475  -0.368475  158.181579  0.011452  -0.065999  -197.161208  0.086434  -0.066405  293.890015  0.430000
1  -0.366331  -0.366331  158.260548  0.011851  -0.074194  -196.686281  0.086785  -0.074630  293.670013  0.430000
1  -0.362922  -0.362922  158.311579  0.020107  0.136400  -196.213926  0.094985  0.135881  293.690002  0.430000
1  -0.365375  -0.365332  158.361677  0.017177  0.038253  -195.737043  0.091994  0.037700  293.820007  0.420000
1  -0.365595  -0.365595  158.391373  0.032757  0.369015  -195.284599  0.107510  0.368414  294.329987  0.410000
1  -0.366689  -0.366689  158.425058  0.016245  0.058473  -194.831371  0.090930  0.057846  295.070007  0.400000
1  -0.368018  -0.368018  158.523823  0.014914  -0.003944  -194.361274  0.089535  -0.004548  295.140015  0.400000
1  -0.365526  -0.365526  158.593130  0.015313  -0.032615  -193.894888  0.089866  -0.033263  295.649994  0.390000
