1   0.000000   0.000000 -15.570622 -15.570622  0.000000      1
1   0.000000   0.000000 -15.571157 -15.571157  0.000000      1
1   0.000000   0.000000 -15.571450 -15.571450  0.000000      1
1   0.000000   0.000000 -15.569128 -15.569453  1014.000000      1
1   0.000000   0.000000 -15.569812 -15.569812  0.000000      1
1   0.000000   0.000000 -15.570401 -15.570401  0.000000      1
1   0.000000   0.000000 -15.569765 -15.569765  0.000000      1
1   0.000000   0.000000 -15.569899 -15.569899  0.000000      1
1   0.000000   0.000000 -15.570480 -15.570477  1014.000000      1
1   0.000000   0.000000 -15.570432 -15.570432  0.000000      2
1   0.000000   0.000000 -15.570310 -15.570310  0.000000      2
1   0.000000   0.000000 -15.569685 -15.569685  0.000000      2
1   0.000000   0.000000 -15.569909 -15.569909  0.000000      2
1   0.000000   0.000000 -15.570426 -15.570381  1013.000000      2
1   0.000000   0.000000 -15.570272 -15.570272  0.000000      2
1   0.000000   0.000000 -15.569361 -15.569361  0.000000      2
1   0.000000   0.000000 -15.568394 -15.568394  0.000000      2
1   0.000000   0.000000 -15.570133 -15.570133  0.000000      2
2   0.000000   0.000000 0.000000 -15.570716  1018.000000      2
2   0.000000   0.000000 0.000000 -15.569423  0.000000      3
2   0.000000   0.000000 0.000000 -15.569010  0.000000      3
2   0.000000   0.000000 0.000000 -15.570328  0.000000      3
2   0.000000   0.000000 0.000000 -15.569696  0.000000      3
2   0.000000   0.000000 0.000000 -15.568596  1025.000000      3
2   0.000000   0.000000 0.000000 -15.569726  0.000000      3
2   0.000000   0.000000 0.000000 -15.570808  0.000000      3
2   0.000000   0.000000 0.000000 -15.570104  0.000000      3
2   0.000000   0.000000 0.000000 -15.568546  0.000000      3
2   0.000000   0.000000 0.000000 -15.569987  1016.000000      3
2   0.000000   0.000000 0.000000 -15.570105  0.000000      4
2   0.000000   0.000000 0.000000 -15.570015  0.000000      4
2   0.000000   0.000000 0.000000 -15.569495  0.000000      4
2   0.000000   0.000000 0.000000 -15.570194  0.000000      4
2   0.000000   0.000000 0.000000 -15.571104  1008.000000      4
2   0.000000   0.000000 0.000000 -15.568338  0.000000      4
2   0.000000   0.000000 0.000000 -15.570551  0.000000      4
2   0.000000   0.000000 0.000000 -15.571485  0.000000      4
2   0.000000   0.000000 0.000000 -15.570107  0.000000      4
2   0.000000   0.000000 0.000000 -15.570221  999.000000      4
2   0.000000   0.000000 0.000000 -15.570508  0.000000      5
2   0.000000   0.000000 0.000000 -15.571058  0.000000      5
2   0.000000   0.000000 0.000000 -15.569157  0.000000      5
2   0.000000   0.000000 0.000000 -15.569970  0.000000      5
1   0.000000   0.000000 -15.571421 -15.571420  1006.000000      5
1   0.000000   0.000000 -15.570372 -15.570372  0.000000      5
1   0.000000   0.000000 -15.569314 -15.569314  0.000000      5
1   0.000000   0.000000 -15.569820 -15.569820  0.000000      5
1   0.000000   0.000000 -15.570377 -15.570377  0.000000      5
1   0.000000   0.000000 -15.569778 -15.569984  1014.000000      5
1   0.000000   0.000000 -15.569692 -15.569692  0.000000      6
1   0.000000   0.000000 -15.569826 -15.569826  0.000000      6
1   0.000000   0.000000 -15.570198 -15.570198  0.000000      6
