1  -0.387952  -0.387952  66.627950  0.013049  -0.054646  9.611006  0.018741  -0.051229  130.809998  0.030000
1  -0.366579  -0.366579  70.342314  0.021305  0.149508  10.255427  0.027381  0.153072  128.169998  0.030000
1  -0.368338  -0.368723  73.505033  0.018908  0.075865  10.923841  0.025380  0.079483  126.260002  0.040000
1  -0.368104  -0.368104  77.102473  0.013848  0.024196  11.596001  0.020720  0.027960  122.320000  0.040000
1  -0.367178  -0.367178  80.155595  0.012916  0.003566  12.284651  0.020200  0.007434  121.099998  0.040000
1  -0.366653  -0.366653  83.135520  0.005992  -0.157439  12.995638  0.013693  -0.153502  120.470001  0.050000
1  -0.365838  -0.365838  85.998888  0.013316  0.023899  13.728780  0.021449  0.027938  119.690002  0.050000
1  -0.367030  -0.368106  88.746666  0.024368  0.165096  14.487518  0.032938  0.169223  119.300003  0.050000
1  -0.367911  -0.367911  91.400922  0.020373  0.093489  15.278171  0.029392  0.097657  119.839996  0.050000
1  -0.368156  -0.368156  94.000970  0.013049  -0.005588  16.079606  0.022526  -0.001316  118.419998  0.050000
1  -0.367097  -0.367097  96.284283  0.001997  -0.177647  16.879346  0.011938  -0.173320  117.160004  0.050000
1  -0.364917  -0.364917  98.356708  0.017044  0.088970  17.694572  0.027447  0.093296  115.349998  0.060000
1  -0.367396  -0.367145  100.301340  0.012117  -0.008814  18.523399  0.022989  -0.004427  113.550003  0.060000
1  -0.369287  -0.369287  102.274014  0.008922  -0.076163  19.377665  0.020268  -0.071728  112.489998  0.060000
1  -0.367265  -0.367265  104.100973  -0.000533  -0.301815  20.248311  0.011291  -0.297361  110.910004  0.060000
1  -0.366393  -0.366393  105.769646  0.008389  -0.097762  21.125027  0.020699  -0.093261  108.230003  0.070000
1  -0.366070  -0.366070  107.357874  0.000533  -0.274569  22.011913  0.013326  -0.270026  107.750000  0.070000
1  -0.365293  -0.365585  108.855889  0.015180  0.034553  22.891778  0.028448  0.039011  108.050003  0.070000
1  -0.368064  -0.368064  110.257024  0.021438  0.139450  23.792374  0.035188  0.143928  108.970001  0.070000
1  -0.368783  -0.368783  111.556735  0.010786  -0.051774  24.698565  0.025019  -0.047229  109.099998  0.070000
1  -0.368246  -0.368246  112.772681  0.011984  -0.011004  25.604811  0.026701  -0.006464  109.739998  0.070000
1  -0.367154  -0.367154  113.843866  0.006525  -0.109881  26.512569  0.021727  -0.105356  110.339996  0.070000
1  -0.364615  -0.364873  114.802596  0.010519  -0.065908  27.421555  0.026204  -0.061383  110.400002  0.080000
1  -0.367558  -0.367558  115.718748  0.011452  -0.071991  28.345611  0.027615  -0.067499  111.220001  0.080000
1  -0.368480  -0.368480  116.540222  0.013848  0.000819  29.251658  0.030490  0.005282  112.559998  0.080000
1  -0.367133  -0.367133  117.401899  0.014115  0.000938  30.169300  0.031235  0.005470  113.809998  0.080000
1  -0.367214  -0.367214  118.180306  0.015313  0.049477  31.083622  0.032909  0.053921  115.260002  0.080000
1  -0.363810  -0.364274  118.931445  0.005992  -0.167446  32.024234  0.024073  -0.162925  116.470001  0.080000
1  -0.368102  -0.368102  119.567508  0.015047  0.019806  32.945708  0.033599  0.024253  117.849998  0.080000
1  -0.369081  -0.369081  120.165451  0.011185  -0.073885  33.882984  0.030215  -0.069455  117.889999  0.090000
1  -0.367807  -0.367807  120.698797  0.010519  -0.058394  34.805097  0.030016  -0.054022  118.150002  0.090000
1  -0.366000  -0.366000  121.202770  0.011185  -0.043065  35.716191  0.031150  -0.038745  118.800003  0.090000
1  -0.366371  -0.366350  121.690919  0.009587  -0.055502  36.637744  0.030020  -0.051143  119.150002  0.090000
1  -0.366557  -0.366557  122.170276  0.017311  0.074570  37.568759  0.038214  0.079011  120.190002  0.090000
1  -0.369620  -0.369620  122.621583  0.013582  0.004778  38.496921  0.034951  0.009186  122.250000  0.090000
1  -0.368593  -0.368593  122.980921  0.011452  -0.008341  39.408104  0.033277  -0.004032  123.970001  0.090000
1  -0.367028  -0.367028  123.288073  0.007723  -0.107025  40.314508  0.030003  -0.102751  124.400002  0.090000
1  -0.366686  -0.366777  123.623849  0.017843  0.066797  41.238464  0.040577  0.071088  122.839996  0.100000
1  -0.363994  -0.363994  123.967295  0.008123  -0.093400  42.174217  0.031324  -0.089136  120.300003  0.100000
1  -0.367624  -0.367624  124.215379  0.006924  -0.146204  43.093516  0.030572  -0.142006  119.680000  0.100000
1  -0.369329  -0.369329  124.499177  0.012384  -0.009025  44.008339  0.036481  -0.004826  118.720001  0.110000
1  -0.367447  -0.367447  124.760961  0.016378  0.050504  44.926868  0.040924  0.054700  118.089996  0.110000
1  -0.366252  -0.366140  124.964328  0.022903  0.187642  45.832887  0.047890  0.191802  117.199997  0.110000
1  -0.364219  -0.364219  125.209260  0.017444  0.092575  46.746059  0.042875  0.096746  116.139999  0.120000
1  -0.367238  -0.367238  125.405507  0.008522  -0.084272  47.653168  0.034396  -0.080125  115.300003  0.120000
1  -0.370871  -0.370871  125.616297  0.019574  0.121879  48.557424  0.045884  0.125977  113.769997  0.120000
1  -0.367821  -0.367821  125.787166  0.017311  0.081787  49.455837  0.044055  0.085842  112.889999  0.130000
1  -0.367050  -0.367117  125.925349  0.009188  -0.086549  50.359192  0.036363  -0.082555  112.750000  0.130000
1  -0.365779  -0.365779  126.097438  0.011851  -0.049962  51.265259  0.039455  -0.045971  113.839996  0.130000
1  -0.364806  -0.364806  126.263316  0.006658  -0.109401  52.188096  0.034701  -0.105392  114.230003  0.130000
1  -0.367527  -0.367527  126.388029  0.026232  0.205139  53.088542  0.054696  0.209098  115.419998  0.130000
1  -0.369125  -0.369125  126.498300  0.002530  -0.213409  53.967567  0.031408  -0.209525  116.510002  0.130000
1  -0.369023  -0.370101  126.622916  0.006392  -0.125252  54.851596  0.035684  -0.121327  117.099998  0.130000
1  -0.367053  -0.367053  126.722141  0.002929  -0.189284  55.737599  0.032636  -0.185383  117.820000  0.130000
1  -0.363602  -0.363602  126.769798  0.008788  -0.053069  56.600768  0.038901  -0.049235  118.400002  0.130000
1  -0.367805  -0.367805  126.913544  0.017577  0.089422  57.492815  0.048103  0.093214  119.269997  0.120000
1  -0.368027  -0.368027  126.980603  0.015180  0.027646  58.364969  0.046107  0.031452  119.959999  0.120000
1  -0.367778  -0.367724  127.057596  0.021971  0.164924  59.233384  0.053299  0.168689  120.559998  0.120000
1  -0.366807  -0.366807  127.107256  0.014647  0.038193  60.089974  0.046368  0.041925  121.120003  0.120000
1  -0.366819  -0.366819  127.171155  0.015446  0.079969  60.977437  0.047574  0.083675  121.290001  0.120000
1  -0.367286  -0.367286  127.222565  0.010653  -0.050844  61.846360  0.043176  -0.047229  121.820000  0.110000
1  -0.369119  -0.369119  127.290838  0.008655  -0.097231  62.707227  0.041566  -0.093621  122.959999  0.110000
1  -0.367898  -0.368007  127.326051  0.006525  -0.111940  63.517462  0.039804  -0.108326  123.849998  0.110000
1  -0.367905  -0.367905  127.360996  0.007457  -0.088449  64.410607  0.041136  -0.084879  124.250000  0.110000
1  -0.366660  -0.366660  127.422739  0.012783  -0.007998  65.264914  0.046844  -0.004446  125.169998  0.110000
1  -0.364408  -0.364408  127.476259  0.017444  0.045418  66.120065  0.051879  0.048911  126.230003  0.110000
1  -0.366804  -0.366804  127.528349  0.005326  -0.140055  66.960325  0.040135  -0.136572  126.489998  0.110000
1  -0.369225  -0.369340  127.519933  0.017177  0.102342  67.789640  0.052351  0.105750  126.489998  0.110000
1  -0.367624  -0.367624  127.550424  0.008522  -0.117294  68.635393  0.044064  -0.113870  126.559998  0.110000
1  -0.365508  -0.365508  127.544738  0.012117  0.012987  69.458946  0.048022  0.016400  126.919998  0.110000
1  -0.362770  -0.362770  127.603617  0.012384  -0.008304  70.297583  0.048648  -0.004963  127.250000  0.110000
1  -0.365965  -0.365965  127.662393  0.022371  0.127222  71.143477  0.058993  0.130580  127.480003  0.110000
1  -0.366561  -0.366748  127.683482  0.018109  0.054401  71.946388  0.055072  0.057703  127.739998  0.110000
1  -0.367806  -0.367806  127.705773  0.010120  -0.088701  72.801232  0.047439  -0.085489  128.520004  0.100000
1  -0.368293  -0.368293  127.689216  0.012650  0.028677  73.600242  0.050313  0.031891  129.649994  0.100000
1  -0.366799  -0.366799  127.705568  0.004527  -0.143693  74.400994  0.042529  -0.140531  130.770004  0.100000
1  -0.365501  -0.365501  127.724155  0.011318  -0.023675  75.205939  0.049658  -0.020545  131.250000  0.100000
1  -0.367022  -0.367703  127.763386  0.008788  -0.048658  76.000926  0.047465  -0.045480  132.000000  0.100000
1  -0.368491  -0.368491  127.795581  0.011185  -0.082851  76.811565  0.050194  -0.079754  132.800003  0.100000
1  -0.369931  -0.369931  127.774363  0.010919  -0.028433  77.593451  0.050249  -0.025419  132.899994  0.100000
1  -0.366380  -0.366380  127.794105  0.007057  -0.103153  78.376830  0.046710  -0.100137  132.929993  0.100000
1  -0.364811  -0.364811  127.806646  0.012251  -0.035080  79.165606  0.052226  -0.032069  132.490005  0.100000
1  -0.365646  -0.362051  127.822967  0.007856  -0.090243  79.936295  0.048149  -0.087251  132.360001  0.100000
1  -0.368272  -0.368272  127.848313  0.006258  -0.104560  80.698469  0.046863  -0.101621  132.779999  0.100000
1  -0.367493  -0.367493  127.834703  0.009055  -0.072023  81.460462  0.049966  -0.069146  133.570007  0.100000
1  -0.366952  -0.366952  127.847208  0.021572  0.144135  82.238110  0.062791  0.146969  134.179993  0.100000
1  -0.365380  -0.365380  127.873486  0.011052  -0.023868  82.995925  0.052574  -0.021028  134.990005  0.100000
1  -0.366022  -0.365977  127.880304  0.008522  -0.069830  83.750091  0.050343  -0.067032  135.529999  0.100000
1  -0.364502  -0.364502  127.889192  0.012916  0.009263  84.495192  0.055030  0.012017  135.800003  0.100000
1  -0.366957  -0.366957  127.868084  0.018642  0.168442  85.213228  0.061043  0.171164  136.520004  0.100000
1  -0.369412  -0.369412  127.896661  0.014248  0.057785  85.953549  0.056939  0.060516  137.190002  0.100000
1  -0.366920  -0.366920  127.897222  0.009188  -0.026103  86.680109  0.052163  -0.023428  137.929993  0.100000
1  -0.364213  -0.364301  127.895538  0.002663  -0.167483  87.402156  0.045915  -0.164877  138.520004  0.100000
1  -0.366399  -0.366399  127.901751  0.009721  -0.001058  88.113186  0.053248  0.001520  139.259995  0.100000
1  -0.367066  -0.367066  127.900693  0.004394  -0.126744  88.825524  0.048193  -0.124210  140.369995  0.100000
1  -0.366300  -0.366300  127.920843  0.013715  0.004739  89.543844  0.057780  0.007249  140.479996  0.100000
1  -0.366665  -0.366665  127.949703  0.010519  -0.028450  90.256603  0.054849  -0.025966  140.610001  0.100000
1  -0.362573  -0.363199  127.962247  0.008655  -0.087947  90.966883  0.053246  -0.085504  141.100006  0.100000
1  -0.366332  -0.366332  127.953347  0.010253  -0.064606  91.688523  0.055102  -0.062223  142.020004  0.090000
1  -0.368010  -0.368010  127.936940  0.004661  -0.135401  92.377519  0.049760  -0.133045  142.600006  0.090000
1  -0.368574  -0.368574  127.931249  0.010919  -0.044155  93.063402  0.056263  -0.041840  143.229996  0.090000
1  -0.367902  -0.367902  127.937143  0.016778  0.109324  93.740448  0.062367  0.111619  144.350006  0.090000
1  -0.366408  -0.366047  127.964884  0.020240  0.126694  94.433214  0.066072  0.128968  144.300003  0.090000
1  -0.365077  -0.365077  127.964731  0.009854  -0.094443  95.120450  0.055920  -0.092258  144.580002  0.090000
1  -0.368434  -0.368434  127.951497  0.016778  0.051363  95.804146  0.063076  0.053546  144.940002  0.090000
1  -0.367546  -0.367546  127.917298  0.004527  -0.105052  96.453630  0.051051  -0.102935  145.139999  0.100000
1  -0.368795  -0.368795  127.918721  0.006658  -0.120772  97.109058  0.053405  -0.118680  144.600006  0.100000
1  -0.365865  -0.365684  127.896442  0.010519  -0.068172  97.758258  0.057479  -0.066166  144.050003  0.100000
1  -0.365708  -0.365708  127.911341  0.012251  0.014254  98.400339  0.059425  0.016266  143.539993  0.100000
1  -0.366410  -0.366410  127.915313  0.007723  -0.080860  99.043054  0.055109  -0.078898  143.419998  0.100000
1  -0.368499  -0.368499  127.891706  0.012517  0.001511  99.676844  0.060107  0.003421  143.240005  0.100000
1  -0.367474  -0.367474  127.869314  0.014781  0.029087  100.313740  0.062570  0.030939  142.839996  0.100000
1  -0.365484  -0.365499  127.904135  0.011984  0.003720  100.963973  0.059979  0.005582  142.350006  0.100000
1  -0.363915  -0.363915  127.910266  0.017976  0.137308  101.565573  0.066160  0.139094  142.139999  0.100000
1  -0.366327  -0.366327  127.908398  0.005992  -0.112758  102.186607  0.054362  -0.111052  142.820007  0.100000
1  -0.370581  -0.370581  127.901748  0.022371  0.212846  102.800639  0.070927  0.214566  143.889999  0.100000
1  -0.368064  -0.368064  127.949409  0.007723  -0.112361  103.414576  0.056464  -0.110640  145.190002  0.100000
1  -0.366728  -0.366226  127.950070  0.011851  -0.011725  104.017073  0.060768  -0.010076  146.449997  0.100000
1  -0.367732  -0.367732  127.951769  0.018376  0.087057  104.624873  0.067464  0.088649  147.199997  0.100000
1  -0.365938  -0.365938  127.951722  0.007457  -0.080545  105.211907  0.056715  -0.078964  147.309998  0.100000
1  -0.366936  -0.366936  127.942331  0.016512  0.084649  105.795184  0.065932  0.086158  147.880005  0.100000
1  -0.368505  -0.368505  127.936517  0.023968  0.187022  106.385383  0.073548  0.188522  147.699997  0.100000
1  -0.365008  -0.365319  127.938728  0.016112  0.087129  106.961236  0.065847  0.088581  147.300003  0.100000
1  -0.364735  -0.364735  127.939133  0.002796  -0.155678  107.534183  0.052686  -0.154260  146.289993  0.100000
1  -0.365918  -0.365918  127.925302  0.016778  0.097606  108.088224  0.066810  0.098945  145.809998  0.100000
1  -0.368018  -0.368018  127.923144  0.013049  0.070602  108.627012  0.063225  0.071963  145.550003  0.100000
1  -0.369044  -0.369044  127.899187  0.015579  0.039913  109.188680  0.065891  0.041148  145.279999  0.100000
1  -0.367463  -0.367502  127.894086  0.013049  0.032266  109.740560  0.063498  0.033521  144.229996  0.110000
1  -0.364495  -0.364495  127.865730  0.006791  -0.058535  110.263046  0.057366  -0.057335  143.710007  0.110000
1  -0.367247  -0.367247  127.862915  0.004794  -0.163445  110.796707  0.055493  -0.162262  143.279999  0.110000
1  -0.368128  -0.368128  127.864599  0.014647  -0.000292  111.332903  0.065467  0.000833  142.460007  0.110000
1  -0.369293  -0.369293  127.894085  0.013848  0.011556  111.874503  0.064790  0.012674  141.759995  0.110000
1  -0.367058  -0.366614  127.883007  0.022637  0.185508  112.395994  0.073687  0.186541  140.389999  0.110000
1  -0.362426  -0.362426  127.884983  0.008655  -0.008450  112.908229  0.059821  -0.007380  140.070007  0.110000
1  -0.367010  -0.367010  127.892443  0.000932  -0.171724  113.421906  0.052208  -0.170707  140.220001  0.110000
1  -0.369336  -0.369336  127.855075  0.012517  0.018729  113.904521  0.063889  0.019677  140.300003  0.110000
1  -0.368341  -0.368341  127.860388  0.005193  -0.077240  114.393610  0.056663  -0.076324  140.600006  0.110000
1  -0.368613  -0.368613  127.860171  0.001864  -0.123453  114.886208  0.053433  -0.122592  141.259995  0.110000
1  -0.367263  -0.367263  127.867888  0.011585  0.012212  115.375457  0.063245  0.013117  141.460007  0.110000
1  -0.364595  -0.364595  127.875969  0.015846  0.090707  115.840361  0.067589  0.091530  141.729996  0.110000
1  -0.365217  -0.365217  127.888633  0.006525  -0.099921  116.344142  0.058352  -0.099159  142.070007  0.110000
1  -0.368958  -0.368958  127.873813  0.010253  0.025849  116.803950  0.062158  0.026549  142.610001  0.110000
1  -0.370475  -0.370499  127.863334  0.016645  0.144496  117.258870  0.068621  0.145175  143.070007  0.110000
1  -0.367735  -0.367735  127.856230  0.006791  -0.074603  117.712851  0.058835  -0.073985  144.470001  0.110000
1  -0.364424  -0.364424  127.887269  0.014647  0.074589  118.175264  0.066761  0.075260  146.149994  0.110000
1  -0.366132  -0.366132  127.888940  0.013982  0.023387  118.626905  0.066151  0.023943  147.179993  0.110000
1  -0.366629  -0.366629  127.870240  0.010919  0.010775  119.064337  0.063146  0.011302  148.830002  0.110000
1  -0.367426  -0.367766  127.863705  0.004527  -0.078060  119.483371  0.056808  -0.077536  150.520004  0.110000
1  -0.369205  -0.369205  127.850221  0.016112  0.071385  119.924730  0.068439  0.071827  151.529999  0.110000
1  -0.367209  -0.367209  127.796304  0.009587  -0.002907  120.333486  0.061955  -0.002525  151.380005  0.110000
1  -0.366259  -0.366259  127.746163  0.012916  0.084308  120.733869  0.065318  0.084617  151.240005  0.110000
1  -0.364857  -0.364857  127.736723  0.010386  0.026377  121.138825  0.062822  0.026695  151.250000  0.110000
1  -0.366953  -0.366996  127.764397  0.007457  -0.057617  121.551633  0.059929  -0.057276  151.729996  0.110000
1  -0.368795  -0.368795  127.795661  0.007057  -0.092443  121.963303  0.059563  -0.092131  152.669998  0.110000
1  -0.367177  -0.367177  127.776869  0.008123  -0.091244  122.362403  0.060651  -0.091023  152.699997  0.110000
1  -0.366762  -0.366762  127.798365  0.012251  0.044670  122.753449  0.064804  0.044906  152.639999  0.110000
1  -0.367478  -0.367478  127.813815  0.015047  0.048969  123.152037  0.067621  0.049149  152.559998  0.110000
1  -0.366100  -0.366319  127.776240  -0.007856  -0.311947  123.515181  0.044728  -0.311852  152.649994  0.110000
1  -0.369202  -0.369202  127.723474  0.018775  0.160580  123.887751  0.071364  0.160617  152.850006  0.110000
1  -0.367617  -0.367617  127.753626  0.019841  0.148321  124.272170  0.072442  0.148411  152.559998  0.120000
1  -0.368793  -0.368793  127.746175  0.023702  0.284643  124.626955  0.076311  0.284678  152.440002  0.120000
1  -0.367674  -0.367674  127.750197  0.012517  -0.017827  124.992480  0.065126  -0.017853  152.050003  0.120000
1  -0.363582  -0.363906  127.801159  0.015446  0.039978  125.368398  0.068060  0.040000  151.779999  0.120000
1  -0.367899  -0.367899  127.814694  0.008256  -0.107392  125.732241  0.060867  -0.107427  152.020004  0.120000
1  -0.369624  -0.369624  127.860156  0.005593  -0.064909  126.078084  0.058205  -0.064930  151.899994  0.120000
1  -0.366991  -0.366991  127.883881  0.005326  -0.099983  126.421954  0.057926  -0.100075  152.639999  0.120000
1  -0.367043  -0.367043  127.855228  0.009854  0.018999  126.744369  0.062434  0.018831  153.460007  0.120000
1  -0.364214  -0.364628  127.889204  0.016911  0.151114  127.076352  0.069479  0.151001  154.779999  0.120000
1  -0.365546  -0.365546  127.881218  0.012916  0.058097  127.404210  0.065463  0.057916  155.240005  0.120000
1  -0.366169  -0.366169  127.883915  0.007191  -0.032373  127.717629  0.059714  -0.032596  155.220001  0.120000
1  -0.369060  -0.369060  127.864192  0.001864  -0.178968  128.039229  0.054354  -0.179279  155.039993  0.120000
1  -0.368020  -0.368020  127.858577  -0.002131  -0.208121  128.350274  0.050330  -0.208404  154.679993  0.120000
1  -0.367276  -0.367350  127.830518  0.009454  -0.021214  128.651229  0.061874  -0.021584  154.839996  0.120000
1  -0.364813  -0.364813  127.801489  0.020639  0.226113  128.941082  0.073016  0.225712  154.759995  0.120000
1  -0.366749  -0.366749  127.794720  0.013316  0.033774  129.243067  0.065648  0.033371  155.179993  0.120000
1  -0.368120  -0.368120  127.849801  0.020506  0.176724  129.556034  0.072804  0.176423  155.830002  0.120000
1  -0.370030  -0.370030  127.814369  0.009055  -0.029610  129.837190  0.061301  -0.030087  156.009995  0.120000
1  -0.368804  -0.369006  127.824748  0.013848  0.029186  130.133938  0.066047  0.028716  156.119995  0.120000
1  -0.366688  -0.366688  127.843613  0.019974  0.156174  130.427809  0.072122  0.155716  156.449997  0.120000
1  -0.366595  -0.366170  127.827235  0.015979  0.087499  130.692720  0.068070  0.086984  156.720001  0.120000
1  -0.366321  -0.366321  127.843584  0.013982  0.063134  130.987066  0.066013  0.062597  157.070007  0.130000
1  -0.367007  -0.367007  127.871374  0.011052  0.021358  131.257117  0.063029  0.020846  157.470001  0.130000
1  -0.368714  -0.369050  127.867988  -0.009454  -0.360384  131.517928  0.042457  -0.360988  158.009995  0.130000
1  -0.366692  -0.366692  127.853748  0.022237  0.211943  131.783255  0.074075  0.211294  159.050003  0.130000
1  -0.366561  -0.366561  127.846869  -0.005326  -0.242411  132.028265  0.046441  -0.243050  159.610001  0.130000
1  -0.367143  -0.367143  127.816723  0.018642  0.177046  132.269052  0.070334  0.176343  160.470001  0.130000
1  -0.367794  -0.367794  127.793791  0.002397  -0.110997  132.496897  0.054012  -0.111710  161.460007  0.130000
1  -0.368929  -0.368700  127.798281  0.005060  -0.111110  132.741433  0.056597  -0.111836  161.949997  0.130000
1  -0.367309  -0.367309  127.784909  0.007457  -0.033460  132.971622  0.058913  -0.034230  162.229996  0.130000
1  -0.366452  -0.366452  127.753267  0.006525  -0.025007  133.189824  0.057895  -0.025812  162.220001  0.140000
1  -0.366727  -0.366727  127.724274  0.002929  -0.077639  133.392322  0.054209  -0.078474  162.210007  0.140000
1  -0.365630  -0.365630  127.716454  -0.007989  -0.292535  133.604636  0.043202  -0.293368  162.220001  0.140000
1  -0.368829  -0.369299  127.724013  0.010653  0.016417  133.827224  0.061757  0.015580  162.149994  0.140000
1  -0.368326  -0.368326  127.707211  0.009854  0.019070  134.036196  0.060862  0.018199  161.979996  0.140000
1  -0.366930  -0.366930  127.710083  -0.001598  -0.172422  134.236150  0.049320  -0.173260  162.149994  0.140000
1  -0.366137  -0.366137  127.679788  -0.008123  -0.226761  134.407340  0.042701  -0.227643  162.580002  0.140000
1  -0.363263  -0.363263  127.657300  0.018109  0.138033  134.619635  0.068827  0.137059  163.020004  0.140000
1  -0.368657  -0.368438  127.651623  0.003728  -0.115357  134.813368  0.054342  -0.116345  163.259995  0.140000
1  -0.370720  -0.370720  127.636549  0.013715  0.103669  134.987365  0.064225  0.102683  163.369995  0.140000
1  -0.367850  -0.367850  127.624501  0.018243  0.157977  135.179064  0.068642  0.156934  163.500000  0.140000
1  -0.368019  -0.368019  127.639087  0.005859  -0.042862  135.363359  0.056150  -0.043846  163.669998  0.140000
1  -0.361595  -0.361595  127.680483  0.013715  0.098278  135.544822  0.063906  0.097346  163.800003  0.140000
1  -0.364039  -0.364339  127.701990  0.005859  -0.082114  135.730641  0.055941  -0.083127  164.020004  0.140000
1  -0.367423  -0.367423  127.693891  0.015313  0.139068  135.904417  0.065283  0.138021  163.979996  0.140000
1  -0.367242  -0.367242  127.690859  0.012384  0.079182  136.066133  0.062236  0.078081  163.630005  0.150000
1  -0.369230  -0.369230  127.693873  0.001465  -0.118832  136.231029  0.051202  -0.119902  163.419998  0.150000
1  -0.367242  -0.367242  127.713451  0.004661  -0.112172  136.415346  0.054280  -0.113240  163.029999  0.150000
1  -0.365668  -0.365800  127.743180  0.004394  -0.089873  136.586419  0.053899  -0.090906  163.110001  0.150000
1  -0.367204  -0.367204  127.774496  0.013982  0.017600  136.764199  0.063366  0.016468  163.449997  0.150000
1  -0.367079  -0.367079  127.795035  0.000399  -0.213101  136.935991  0.049662  -0.214254  163.529999  0.150000
1  -0.369360  -0.369360  127.790894  0.009987  0.001084  137.097037  0.059121  -0.000111  163.889999  0.150000
1  -0.367999  -0.367999  127.754159  0.017311  0.174664  137.227807  0.066314  0.173484  164.110001  0.150000
1  -0.366489  -0.366763  127.746089  -0.000799  -0.207939  137.374259  0.048075  -0.209173  164.179993  0.150000
1  -0.365880  -0.365880  127.744769  0.007723  -0.027532  137.517490  0.056461  -0.028715  163.970001  0.160000
1  -0.367452  -0.367452  127.763718  0.013449  0.088232  137.667758  0.062061  0.087032  164.369995  0.160000
1  -0.367255  -0.367255  127.764565  0.000399  -0.215084  137.820424  0.048877  -0.216348  164.259995  0.160000
1  -0.367873  -0.367873  127.759952  0.009188  0.031784  137.949294  0.057530  0.030531  163.940002  0.160000
1  -0.367420  -0.366084  127.728810  0.006525  -0.033742  138.065021  0.054731  -0.035094  163.639999  0.160000
1  -0.365941  -0.365941  127.723389  0.004661  -0.113086  138.204993  0.052731  -0.114358  163.279999  0.160000
1  -0.364889  -0.364889  127.711362  0.006125  -0.057316  138.334872  0.054051  -0.058591  163.399994  0.160000
1  -0.367278  -0.367278  127.718476  0.006125  -0.117961  138.474186  0.053906  -0.119261  163.570007  0.160000
1  -0.370338  -0.370338  127.724753  0.012916  -0.006967  138.613584  0.060556  -0.008309  163.750000  0.160000
1  -0.366924  -0.366446  127.697140  0.004661  -0.024745  138.709801  0.052156  -0.026090  163.970001  0.160000
1  -0.365656  -0.365656  127.729542  0.002929  -0.112817  138.839460  0.050286  -0.114144  164.559998  0.160000
1  -0.366527  -0.366527  127.727024  0.003595  -0.116661  138.960231  0.050804  -0.118064  165.630005  0.160000
1  -0.366491  -0.366491  127.697583  0.011052  0.090642  139.051220  0.058111  0.089233  166.720001  0.160000
1  -0.369397  -0.369397  127.655237  0.010120  0.044522  139.142603  0.057026  0.043059  167.809998  0.160000
1  -0.368865  -0.369114  127.657193  -0.001332  -0.213534  139.251977  0.045424  -0.214969  168.860001  0.160000
1  -0.369510  -0.369510  127.661406  0.001465  -0.115402  139.349356  0.048073  -0.116756  169.850006  0.170000
1  -0.367059  -0.366957  127.614313  -0.000932  -0.180211  139.436594  0.045515  -0.181693  170.350006  0.170000
1  -0.365901  -0.365567  127.576510  0.006525  0.023653  139.504403  0.052815  0.022178  170.770004  0.170000
1  -0.367061  -0.367061  127.557640  0.004261  -0.042281  139.579017  0.050395  -0.043745  170.990005  0.170000
1  -0.368341  -0.368341  127.548303  0.011052  0.056125  139.664419  0.057032  0.054681  171.350006  0.170000
1  -0.368316  -0.368316  127.552933  0.011851  0.112721  139.747990  0.057678  0.111304  171.630005  0.170000
1  -0.367277  -0.367277  127.572686  0.008922  0.085202  139.824460  0.054599  0.083811  171.970001  0.170000
1  -0.366146  -0.363264  127.601350  0.001864  -0.157055  139.915304  0.047387  -0.158479  172.320007  0.170000
1  -0.366413  -0.366413  127.560260  0.002530  -0.042339  139.974704  0.047891  -0.043847  172.649994  0.170000
1  -0.367865  -0.367865  127.557734  0.017311  0.195043  140.043398  0.062516  0.193563  172.899994  0.170000
1  -0.367930  -0.367930  127.543164  0.011185  0.070782  140.109164  0.056231  0.069286  173.190002  0.170000
1  -0.368541  -0.368541  127.511812  0.005593  0.014115  140.155634  0.050477  0.012608  173.350006  0.170000
1  -0.367195  -0.367211  127.495505  0.026898  0.407244  140.219868  0.071620  0.405738  173.389999  0.170000
1  -0.366211  -0.366211  127.501862  -0.001065  -0.104072  140.272845  0.043498  -0.105547  173.350006  0.170000
1  -0.366883  -0.366883  127.521629  -0.006125  -0.279654  140.340861  0.038282  -0.281121  173.110001  0.170000
1  -0.367626  -0.368096  127.540616  -0.001731  -0.181376  140.401145  0.042517  -0.182846  172.910004  0.170000
1  -0.369052  -0.369052  127.515813  0.010519  0.091993  140.446569  0.054604  0.090488  172.789993  0.170000
1  -0.368736  -0.368736  127.517630  0.004794  -0.008311  140.491793  0.048718  -0.009812  172.679993  0.170000
1  -0.365230  -0.365230  127.527922  0.001198  -0.014241  140.525785  0.044964  -0.015738  172.740005  0.170000
1  -0.366512  -0.366512  127.519821  -0.000533  -0.174542  140.577910  0.043066  -0.176125  173.240005  0.170000
1  -0.368198  -0.368314  127.534976  0.013715  0.055119  140.642948  0.057148  0.053555  173.869995  0.170000
1  -0.368459  -0.368459  127.531818  0.008522  0.023170  140.686206  0.051788  0.021628  174.240005  0.170000
1  -0.367887  -0.367887  127.548343  0.030493  0.418254  140.743239  0.073593  0.416708  174.360001  0.170000
1  -0.367587  -0.367587  127.576491  0.039148  0.637228  140.805034  0.082086  0.635707  174.589996  0.170000
1  -0.365940  -0.365940  127.571267  -0.000399  -0.101892  140.839906  0.042372  -0.103445  174.559998  0.170000
1  -0.367148  -0.364801  127.535355  -0.000533  -0.108991  140.864181  0.042069  -0.110600  174.300003  0.170000
1  -0.369425  -0.369425  127.526290  -0.010653  -0.286962  140.884582  0.031786  -0.288505  174.020004  0.170000
1  -0.369161  -0.369161  127.530897  0.009055  0.084224  140.920552  0.051329  0.082679  173.380005  0.170000
1  -0.366785  -0.366785  127.556266  0.008389  0.021381  140.972605  0.050496  0.019793  172.449997  0.170000
1  -0.365242  -0.365242  127.518475  0.015047  0.157865  141.005162  0.056981  0.156212  171.589996  0.160000
1  -0.365570  -0.365845  127.477674  0.014647  0.140990  141.032548  0.056404  0.139278  170.639999  0.160000
1  -0.368366  -0.368366  127.494888  0.000266  -0.171824  141.084646  0.041851  -0.173465  170.369995  0.160000
1  -0.369165  -0.369165  127.505889  0.021039  0.220616  141.131157  0.062453  0.219002  170.000000  0.160000
1  -0.368095  -0.368095  127.509533  -0.000932  -0.056517  141.143918  0.040318  -0.058070  166.229996  0.020000
1  -0.365067  -0.365067  127.516825  0.008655  0.064063  141.163853  0.049735  0.062486  144.750000  0.000000
1  -0.365901  -0.366009  127.513985  0.004261  0.010089  141.186303  0.045173  0.008517  0.000000  0.000000
1  -0.365667  -0.365667  127.503193  0.009321  0.036522  141.207841  0.050062  0.034903  0.000000  0.000000
1  -0.367036  -0.367036  127.530093  -0.002530  -0.235909  141.254418  0.038043  -0.237491  0.000000  0.000000
1  -0.369890  -0.369890  127.504390  0.011851  0.067277  141.270781  0.052248  0.065651  0.000000  0.000000
1  -0.367883  -0.367883  127.507860  0.004261  -0.002987  141.290634  0.044491  -0.004554  0.000000  0.000000
1  -0.366105  -0.366860  127.498272  0.004661  -0.060518  141.320313  0.044713  -0.062141  237.479996  0.000000
1  -0.366473  -0.366473  127.503357  0.011052  0.063094  141.340153  0.050932  0.061461  232.919998  0.000000
1  -0.367819  -0.367819  127.532397  0.003196  -0.101513  141.368162  0.042902  -0.103086  231.009995  0.000000
1  -0.370587  -0.370587  127.534851  0.006525  -0.004981  141.376761  0.046060  -0.006553  0.000000  0.000000
1  -0.367887  -0.367887  127.483239  -0.019841  -0.443681  141.350675  0.019515  -0.445353  0.000000  0.000000
1  -0.366608  -0.366463  127.445106  0.025433  0.427598  141.344727  0.064612  0.425898  248.360001  0.000000
1  -0.366301  -0.366301  127.448129  0.018775  0.190531  141.372715  0.057776  0.188890  261.220001  0.000000
1  -0.368176  -0.368176  127.432263  -0.000000  -0.197874  141.382649  0.038818  -0.199537  259.170013  0.000000
1  -0.368694  -0.368694  127.444847  0.014381  0.092803  141.410373  0.053027  0.091163  252.630005  0.000000
1  -0.367652  -0.367652  127.471896  0.009587  0.029251  141.433853  0.048064  0.027672  0.000000  0.000000
1  -0.367196  -0.365433  127.471239  0.006258  0.005084  141.443253  0.044563  0.003473  0.000000  0.000000
1  -0.367175  -0.367175  127.504330  0.004394  -0.004806  141.463133  0.042531  -0.006334  0.000000  0.000000
7  -0.367214  -0.362212  127.527874  0.010120  -0.032165  141.510534  0.048081  -0.033776  0.000000  0.000000
7  -0.367214  -0.367353  127.549631  0.005060  -0.125554  141.534341  0.042855  -0.127112  221.880005  0.000000
7  -0.367214  -0.370163  127.597535  0.016512  0.026725  141.596989  0.054137  0.025139  238.679993  0.000000
7  -0.367214  -0.369238  127.624956  -0.014914  -0.428238  141.614903  0.022545  -0.429778  241.089996  0.000000
7  -0.367214  -0.366560  127.632809  -0.007856  -0.357692  141.653627  0.029429  -0.359301  242.970001  0.000000
7  -0.367214  -0.369471  127.670692  0.020373  0.162240  141.689049  0.057487  0.160712  255.429993  0.000000
7  -0.367214  -0.366003  127.647873  -0.013582  -0.339917  141.678008  0.023360  -0.341531  0.000000  0.000000
7  -0.367214  -0.367520  127.613321  0.013049  0.114196  141.677710  0.049819  0.112579  0.000000  0.000000
7  -0.367214  -0.367689  127.598108  0.018908  0.280405  141.663071  0.055498  0.278883  0.000000  0.000000
7  -0.367214  -0.373203  127.605129  0.003462  -0.099177  141.674991  0.039881  -0.100750  0.000000  0.000000
7  -0.367214  -0.367136  127.515990  -0.002530  -0.116771  141.622563  0.033704  -0.118520  0.000000  0.000000
7  -0.367214  -0.365038  127.481058  0.000666  -0.102535  141.609570  0.036719  -0.104244  0.000000  0.000000
7  -0.367214  -0.367001  127.465106  0.023569  0.247143  141.615522  0.059451  0.245430  0.000000  0.000000
7  -0.367214  -0.368671  127.533230  0.004527  -0.164578  141.649303  0.040244  -0.166184  247.729996  0.000000
7  -0.367214  -0.368481  127.529087  -0.001997  -0.159951  141.635615  0.033545  -0.161569  245.039993  0.000000
7  -0.367214  -0.366974  127.523713  0.004661  -0.057948  141.642761  0.040032  -0.059601  245.410004  0.010000
7  -0.367214  -0.362805  127.509939  0.006658  -0.023067  141.625272  0.041847  -0.024719  245.210007  0.010000
7  -0.367214  -0.366229  127.517684  0.018109  0.166774  141.625541  0.053126  0.165192  243.250000  0.010000
7  -0.367214  -0.368257  127.571640  0.000399  -0.190250  141.654417  0.035250  -0.191809  239.740005  0.010000
7  -0.367214  -0.368762  127.574058  0.030360  0.340326  141.672505  0.065037  0.338722  237.070007  0.010000
7  -0.367214  -0.367879  127.565362  0.001731  -0.058706  141.647832  0.036238  -0.060270  235.240005  0.010000
7  -0.367214  -0.367038  127.528282  0.015979  0.248225  141.609898  0.050314  0.246619  233.610001  0.010000
7  -0.367214  -0.365001  127.474253  0.010919  0.093499  141.585420  0.045073  0.091818  231.529999  0.010000
7  -0.367214  -0.366459  127.526416  0.004927  -0.074217  141.594354  0.038915  -0.075753  230.059998  0.010000
7  -0.367214  -0.368597  127.576149  0.005726  -0.176289  141.615663  0.039544  -0.177886  228.419998  0.010000
7  -0.367214  -0.368936  127.564813  0.015979  0.049592  141.616824  0.049619  0.047924  224.619995  0.010000
7  -0.367214  -0.367813  127.606671  0.006658  -0.103019  141.645727  0.040129  -0.104652  223.550003  0.010000
1  -0.363326  -0.363326  127.584253  0.009454  0.062002  141.622297  0.042751  0.060351  221.830002  0.010000
1  -0.366776  -0.366776  127.553333  -0.006791  -0.278766  141.603533  0.026327  -0.280392  213.910004  0.010000
1  -0.370065  -0.370065  127.572905  0.007057  -0.048549  141.605108  0.040006  -0.050116  210.479996  0.010000
1  -0.368078  -0.368078  127.572498  0.008922  -0.027685  141.593823  0.041694  -0.029303  209.179993  0.010000
1  -0.368460  -0.368451  127.596521  0.010120  -0.004345  141.586601  0.042723  -0.005910  210.860001  0.010000
