1  -0.012536  -0.012536  40.225576  0.022237  0.009974  46.871683  0.029265  0.015088  4143686085123936393445960974329465292702207877468197340942166315157208147970188181708803960324380399411070420271065647655225885554180004630490185868282181772790863621944391274367375806738759191459497572398564286740491918413501196786193692354922378775133488441982976.000000  11770725485347657910795877582322246954431253355313937878067171217397098841195578469190425726943977821382442231216059136288544817020378480931842164666047732192664316280731650075638824659000800471601222515114307303154082850893194397170392557054074055538379622094733312.000000
1  -0.010949  -0.010949  43.910499  0.021705  0.009817  50.297227  0.029246  0.014906  4143686085123936393445960974329465292702207877468197340942166315157208147970188181708803960324380399411070420271065647655225885554180004630490185868282181772790863621944391274367375806738759191459497572398564286740491918413501196786193692354922378775133488441982976.000000  11770725485347657910795877582322246954431253355313937878067171217397098841195578469190425726943977821382442231216059136288544817020378480931842164666047732192664316280731650075638824659000800471601222515114307303154082850893194397170392557054074055538379622094733312.000000
1  -0.009721  -0.009721  47.869396  0.014914  -0.014507  53.659774  0.022961  -0.009448  4143686085123936393445960974329465292702207877468197340942166315157208147970188181708803960324380399411070420271065647655225885554180004630490185868282181772790863621944391274367375806738759191459497572398564286740491918413501196786193692354922378775133488441982976.000000  11770725485347657910795877582322246954431253355313937878067171217397098841195578469190425726943977821382442231216059136288544817020378480931842164666047732192664316280731650075638824659000800471601222515114307303154082850893194397170392557054074055538379622094733312.000000
1  -0.011182  -0.011182  52.093926  0.020773  0.006221  56.982752  0.029318  0.011228  4143686085123936393445960974329465292702207877468197340942166315157208147970188181708803960324380399411070420271065647655225885554180004630490185868282181772790863621944391274367375806738759191459497572398564286740491918413501196786193692354922378775133488441982976.000000  11770725485347657910795877582322246954431253355313937878067171217397098841195578469190425726943977821382442231216059136288544817020378480931842164666047732192664316280731650075638824659000800471601222515114307303154082850893194397170392557054074055538379622094733312.000000
1  -0.010812  -0.010812  56.357105  0.023036  0.014885  60.260556  0.032075  0.019850  4143686085123936393445960974329465292702207877468197340942166315157208147970188181708803960324380399411070420271065647655225885554180004630490185868282181772790863621944391274367375806738759191459497572398564286740491918413501196786193692354922378775133488441982976.000000  11770725485347657910795877582322246954431253355313937878067171217397098841195578469190425726943977821382442231216059136288544817020378480931842164666047732192664316280731650075638824659000800471601222515114307303154082850893194397170392557054074055538379622094733312.000000
1  -0.010307  -0.009923  60.515348  0.030094  0.039007  63.484361  0.039616  0.043922  4143686085123936393445960974329465292702207877468197340942166315157208147970188181708803960324380399411070420271065647655225885554180004630490185868282181772790863621944391274367375806738759191459497572398564286740491918413501196786193692354922378775133488441982976.000000  11770725485347657910795877582322246954431253355313937878067171217397098841195578469190425726943977821382442231216059136288544817020378480931842164666047732192664316280731650075638824659000800471601222515114307303154082850893194397170392557054074055538379622094733312.000000
1  -0.009114  -0.009114  63.668579  0.018243  -0.003402  66.622304  0.028242  0.001448  324.000000  0.770000
1  -0.009449  -0.009449  66.903711  0.019974  0.003669  69.770240  0.030450  0.008457  324.000000  0.770000
1  -0.010073  -0.010073  71.233926  0.017843  -0.001916  72.794700  0.028779  0.002803  324.000000  0.770000
1  -0.008192  -0.008192  75.612639  0.017577  -0.002313  75.789760  0.028969  0.002334  324.000000  0.770000
1  -0.010456  -0.009960  79.531150  0.022903  0.016637  78.814665  0.034755  0.021210  324.000000  0.770000
1  -0.009561  -0.009561  84.075487  0.023569  0.025087  81.723065  0.035869  0.029605  324.000000  0.770000
1  -0.010054  -0.010054  88.569522  0.009188  -0.029555  84.499571  0.021917  -0.025123  324.000000  0.770000
1  -0.009833  -0.009833  92.895550  0.017710  0.004827  87.268132  0.030865  0.009189  324.000000  0.770000
1  -0.009862  -0.009862  97.127687  0.016378  -0.003438  89.976558  0.029950  0.000846  324.000000  0.770000
1  -0.010908  -0.010503  100.985505  0.019308  0.007346  92.639252  0.033291  0.011556  324.000000  0.770000
1  -0.011395  -0.011395  105.345399  0.009987  -0.029838  95.238731  0.024372  -0.025701  324.000000  0.770000
1  -0.010053  -0.010053  109.095534  0.015846  -0.005636  97.735978  0.030618  -0.001604  337.019989  1.510000
1  -0.011810  -0.011810  112.706857  0.021438  0.015217  100.222884  0.036596  0.019175  337.019989  1.510000
1  -0.008636  -0.008636  116.157096  0.020639  0.009697  102.674194  0.036174  0.013574  337.019989  1.510000
1  -0.010368  -0.010569  119.701397  0.015979  -0.005978  105.035680  0.031880  -0.002182  337.019989  1.510000
1  -0.010215  -0.010215  123.017995  0.013582  -0.013620  107.401282  0.029850  -0.009923  337.019989  1.510000
1  -0.009623  -0.009623  126.009628  0.019841  0.013090  109.631408  0.036456  0.016701  337.019989  1.510000
1  -0.009328  -0.009328  128.848333  0.021172  0.016162  111.849736  0.038129  0.019692  337.019989  1.510000
1  -0.009557  -0.009557  131.520159  0.018509  0.004579  113.983096  0.035794  0.008011  337.019989  1.510000
1  -0.009815  -0.009990  133.968526  0.011851  -0.023289  116.053757  0.029454  -0.019954  337.019989  1.510000
1  -0.010284  -0.010284  136.369880  0.018775  0.006793  118.069374  0.036688  0.010038  337.019989  1.510000
1  -0.009123  -0.009123  138.650044  0.016778  -0.001350  120.048508  0.034994  0.001813  346.980011  1.720000
1  -0.010915  -0.010915  140.691044  0.021572  0.017964  121.973105  0.040081  0.021033  346.980011  1.720000
1  -0.008596  -0.008596  142.577273  0.003063  -0.053716  123.837002  0.021858  -0.050727  346.980011  1.720000
1  -0.009545  -0.009882  144.358291  0.015713  -0.004688  125.624796  0.034778  -0.001805  346.980011  1.720000
1  -0.010473  -0.010473  145.950229  0.017577  0.003219  127.334564  0.036902  0.005996  346.980011  1.720000
1  -0.009409  -0.009409  147.451187  0.017710  0.005215  129.007470  0.037287  0.007895  346.980011  1.720000
1  -0.010308  -0.010308  148.876504  0.018376  0.005828  130.658644  0.038199  0.008427  346.980011  1.720000
1  -0.009974  -0.009974  150.153107  0.033955  0.067160  132.234595  0.054012  0.069661  346.980011  1.720000
1  -0.009859  -0.009848  151.368858  0.019707  0.008390  133.783467  0.039992  0.010807  346.980011  1.720000
1  -0.010433  -0.010433  152.476113  0.009721  -0.031712  135.227610  0.030216  -0.029402  346.980011  1.720000
1  -0.009402  -0.009402  153.431781  0.013449  -0.014279  136.617031  0.034147  -0.012074  346.980011  1.720000
1  -0.011617  -0.011617  154.347326  0.023170  0.024799  137.985955  0.044064  0.026913  346.980011  1.720000
1  -0.009070  -0.009070  155.225916  0.018109  0.005680  139.307998  0.039194  0.007718  345.519989  1.820000
1  -0.011002  -0.010734  156.003767  0.019042  0.009734  140.584213  0.040308  0.011686  345.519989  1.820000
1  -0.007923  -0.007923  156.733033  0.013183  -0.015552  141.796406  0.034619  -0.013694  345.519989  1.820000
1  -0.009795  -0.009795  157.394265  0.021705  0.017207  142.978097  0.043303  0.018982  345.519989  1.820000
1  -0.010312  -0.010312  158.006331  0.017710  0.001385  144.095467  0.039461  0.003068  345.519989  1.820000
1  -0.010689  -0.010689  158.635941  0.018642  0.003951  145.196022  0.040542  0.005560  345.519989  1.820000
1  -0.011319  -0.011088  159.169556  0.014514  -0.009370  146.228187  0.036554  -0.007836  345.519989  1.820000
1  -0.010654  -0.010654  159.643592  0.026099  0.035805  147.213931  0.048269  0.037251  349.570007  2.700000
1  -0.009995  -0.009995  160.110997  0.022237  0.019518  148.175214  0.044532  0.020893  349.570007  2.700000
1  -0.010772  -0.010772  160.426516  0.015713  -0.001599  149.021848  0.038117  -0.000317  349.570007  2.700000
1  -0.010450  -0.010450  160.834157  0.014781  -0.005395  149.908848  0.037299  -0.004169  349.570007  2.700000
1  -0.009761  -0.009840  161.155905  0.022637  0.022675  150.739524  0.045256  0.023826  349.570007  2.700000
1  -0.011165  -0.011165  161.454461  0.021971  0.020906  151.535745  0.044688  0.021991  349.570007  2.700000
1  -0.008962  -0.008962  161.804336  0.020107  0.013403  152.344274  0.042923  0.014454  349.570007  2.700000
1  -0.011435  -0.011435  162.095156  0.021039  0.014203  153.094753  0.043942  0.015191  349.570007  2.700000
1  -0.009432  -0.009432  162.370646  0.021971  0.016405  153.803889  0.044955  0.017330  349.570007  2.700000
1  -0.010222  -0.010035  162.593562  0.012916  -0.017916  154.458090  0.035973  -0.017059  349.570007  2.700000
1  -0.011359  -0.011359  162.761829  0.015047  -0.004377  155.066194  0.038171  -0.003583  349.570007  2.700000
1  -0.010518  -0.010518  162.968728  0.023968  0.025602  155.690967  0.047157  0.026343  353.570007  3.870000
1  -0.011223  -0.011223  163.132464  0.018109  0.001892  156.260712  0.041354  0.002568  353.570007  3.870000
1  -0.009404  -0.009404  163.257136  0.022903  0.023910  156.782359  0.046199  0.024531  353.570007  3.870000
1  -0.009559  -0.009754  163.403924  0.015446  -0.003607  157.292343  0.038791  -0.003031  353.570007  3.870000
1  -0.013619  -0.013619  163.575694  0.025700  0.035784  157.823096  0.049095  0.036334  353.570007  3.870000
1  -0.009041  -0.009041  163.652855  0.017311  0.001265  158.265410  0.040742  0.001749  353.570007  3.870000
1  -0.011570  -0.011570  163.773181  0.018642  0.009093  158.727502  0.042115  0.009551  353.570007  3.870000
1  -0.010199  -0.010199  163.840400  0.022237  0.022632  159.136196  0.045740  0.023036  353.570007  3.870000
1  -0.011214  -0.011529  163.943675  0.016112  -0.001725  159.544553  0.039645  -0.001356  353.570007  3.870000
1  -0.009484  -0.009484  164.049113  0.016645  0.002199  159.950568  0.040209  0.002546  355.989990  4.070000
1  -0.009998  -0.009998  164.129911  0.012251  -0.014512  160.322235  0.035840  -0.014198  355.989990  4.070000
1  -0.010906  -0.010906  164.233336  0.017710  0.005881  160.706079  0.041325  0.006175  355.989990  4.070000
1  -0.010801  -0.010801  164.308842  0.023303  0.026605  161.058021  0.046937  0.026866  355.989990  4.070000
1  -0.008506  -0.008990  164.385619  0.015047  -0.006709  161.394693  0.038699  -0.006477  355.989990  4.070000
1  -0.011146  -0.011146  164.426010  0.018509  0.008118  161.679712  0.042171  0.008306  355.989990  4.070000
1  -0.009248  -0.009248  164.492145  0.026099  0.038372  161.974714  0.049772  0.038534  355.989990  4.070000
1  -0.011217  -0.011217  164.585162  0.012384  -0.016291  162.287011  0.036071  -0.016134  355.989990  4.070000
1  -0.012090  -0.012090  164.629839  0.016911  0.001919  162.551967  0.040605  0.002045  355.989990  4.070000
1  -0.010999  -0.011172  164.699283  0.018109  0.007589  162.818359  0.041810  0.007695  355.989990  4.070000
1  -0.012023  -0.012023  164.740688  0.025167  0.033063  163.068887  0.048868  0.033139  358.040009  3.730000
1  -0.010179  -0.010179  164.747428  0.020639  0.016380  163.287356  0.044340  0.016427  358.040009  3.730000
1  -0.010348  -0.010348  164.756734  0.020639  0.015472  163.498494  0.044336  0.015489  358.040009  3.730000
1  -0.012693  -0.012693  164.808208  0.011452  -0.019538  163.705484  0.035146  -0.019534  358.040009  3.730000
1  -0.009929  -0.009683  164.822697  0.022104  0.022769  163.900723  0.045793  0.022754  358.040009  3.730000
1  -0.011959  -0.011959  164.823606  0.018243  0.005574  164.085426  0.041923  0.005535  358.040009  3.730000
1  -0.010810  -0.010810  164.889864  0.018642  0.007888  164.294611  0.042319  0.007853  358.040009  3.730000
1  -0.010243  -0.010243  164.871951  0.009721  -0.028353  164.437671  0.033382  -0.028427  358.040009  3.730000
1  -0.010862  -0.010862  164.887392  0.009987  -0.025860  164.585406  0.033636  -0.025953  358.040009  3.730000
1  -0.009867  -0.009625  164.897498  0.022371  0.024829  164.733198  0.046006  0.024725  358.040009  3.730000
1  -0.009986  -0.009986  164.887622  0.015446  -0.002941  164.868693  0.039066  -0.003063  358.040009  3.730000
1  -0.010749  -0.010749  164.909204  0.021438  0.019023  165.011355  0.045043  0.018890  358.040009  3.730000
1  -0.009641  -0.009641  164.940026  0.014781  -0.007218  165.157000  0.038371  -0.007353  358.040009  3.730000
1  -0.011175  -0.011175  164.925177  0.009854  -0.027433  165.267621  0.033423  -0.027592  0.890000  3.000000
1  -0.010795  -0.011011  164.926442  0.011185  -0.019655  165.376883  0.034736  -0.019820  0.890000  3.000000
1  -0.010340  -0.010340  164.963062  0.019574  0.014076  165.509356  0.043109  0.013913  0.890000  3.000000
1  -0.012252  -0.012252  165.007333  0.020773  0.017124  165.641492  0.044291  0.016959  0.890000  3.000000
1  -0.010181  -0.010181  164.998401  0.007989  -0.031717  165.726696  0.031485  -0.031901  0.890000  3.000000
1  -0.011578  -0.011578  165.034765  0.016245  0.001709  165.847334  0.039722  0.001527  0.890000  3.000000
1  -0.008406  -0.008459  165.057800  0.017710  0.006200  165.946679  0.041164  0.006005  0.890000  3.000000
1  -0.010161  -0.010161  165.081302  0.010120  -0.024884  166.053182  0.033553  -0.025084  0.890000  3.000000
1  -0.010541  -0.010541  165.050092  0.011185  -0.018760  166.110052  0.034591  -0.018982  6.530000  2.100000
1  -0.010009  -0.010009  165.066059  0.008788  -0.028773  166.175995  0.032167  -0.029011  6.530000  2.100000
1  -0.011253  -0.011253  165.062414  0.017044  0.003785  166.247221  0.040397  0.003538  6.530000  2.100000
1  -0.010941  -0.010983  165.058761  0.021705  0.021779  166.314532  0.045030  0.021525  6.530000  2.100000
1  -0.009042  -0.009042  165.090159  0.023303  0.026386  166.400342  0.046603  0.026134  6.530000  2.100000
1  -0.009728  -0.009728  165.102659  0.020107  0.014951  166.466856  0.043381  0.014696  6.530000  2.100000
1  -0.009455  -0.009455  165.116060  0.007989  -0.032395  166.532860  0.031237  -0.032652  6.530000  2.100000
1  -0.011250  -0.011250  165.118422  0.016645  0.002497  166.595469  0.039865  0.002236  6.530000  2.100000
1  -0.011254  -0.011264  165.124869  0.011452  -0.020156  166.663317  0.034644  -0.020424  6.530000  2.100000
1  -0.010130  -0.010130  165.111433  0.008256  -0.031130  166.701398  0.031417  -0.031409  6.530000  2.100000
1  -0.010417  -0.010417  165.113805  0.012783  -0.015595  166.750610  0.035914  -0.015883  4.100000  1.130000
1  -0.008886  -0.008886  165.105026  0.018376  0.004485  166.793763  0.041473  0.004182  4.100000  1.130000
1  -0.009354  -0.009354  165.131351  0.011052  -0.022432  166.848749  0.034122  -0.022725  4.100000  1.130000
1  -0.010894  -0.010953  165.106131  0.013982  -0.009017  166.868566  0.037018  -0.009324  4.100000  1.130000
1  -0.010908  -0.010908  165.040743  0.015713  0.000517  166.860336  0.038711  0.000187  4.100000  1.130000
1  -0.010865  -0.010865  165.054943  0.016645  0.006328  166.892299  0.039613  0.006009  4.100000  1.130000
1  -0.009828  -0.009828  165.050534  0.017843  0.012892  166.915090  0.040780  0.012574  4.100000  1.130000
1  -0.010119  -0.010119  165.038442  0.019707  0.019389  166.944225  0.042612  0.019071  4.100000  1.130000
1  -0.012210  -0.012067  165.034192  0.021438  0.025057  166.985861  0.044312  0.024744  4.100000  1.130000
1  -0.010642  -0.010642  165.045554  0.012650  -0.010323  167.029225  0.035494  -0.010626  1.480000  0.540000
1  -0.010335  -0.010335  165.032926  0.017044  0.005330  167.046834  0.039853  0.005013  1.480000  0.540000
1  -0.010240  -0.010240  165.041117  0.006392  -0.038724  167.079139  0.029168  -0.039045  1.480000  0.540000
1  -0.010422  -0.010422  164.990922  0.021305  0.023046  167.067893  0.044043  0.022708  1.480000  0.540000
1  -0.009992  -0.009785  165.026327  0.012916  -0.014852  167.104335  0.035620  -0.015190  1.480000  0.540000
1  -0.010447  -0.010447  165.070189  0.013449  -0.010886  167.155396  0.036125  -0.011204  1.480000  0.540000
1  -0.009736  -0.009736  165.042651  0.016645  0.002199  167.151400  0.039283  0.001859  1.480000  0.540000
1  -0.011862  -0.011862  165.053589  0.017444  0.006351  167.174516  0.040049  0.006015  1.480000  0.540000
1  -0.009546  -0.009546  165.022014  0.020773  0.021151  167.168270  0.043341  0.020806  1.480000  0.540000
1  -0.011055  -0.011171  165.046499  0.012384  -0.014278  167.199401  0.034919  -0.014616  1.480000  0.540000
1  -0.009218  -0.009218  165.050416  0.019974  0.014514  167.217919  0.042474  0.014173  1.480000  0.540000
1  -0.009696  -0.009696  165.115357  0.007324  -0.036253  167.276296  0.029796  -0.036571  313.290009  0.440000
1  -0.009986  -0.009986  165.165504  0.012117  -0.017196  167.327772  0.034561  -0.017502  313.290009  0.440000
1  -0.009600  -0.009600  165.146637  0.024102  0.030791  167.325010  0.046507  0.030462  313.290009  0.440000
1  -0.010309  -0.010232  165.211348  0.014381  -0.010279  167.400242  0.036760  -0.010586  313.290009  0.440000
1  -0.009060  -0.009060  165.256134  0.021039  0.016211  167.456013  0.043389  0.015911  313.290009  0.440000
1  -0.009280  -0.009280  165.236900  0.018376  0.007215  167.457379  0.040690  0.006894  313.290009  0.440000
1  -0.009874  -0.009874  165.241347  0.015446  -0.004682  167.474527  0.037725  -0.005009  313.290009  0.440000
1  -0.009687  -0.009687  165.232239  0.010786  -0.019164  167.475805  0.033029  -0.019498  313.290009  0.440000
1  -0.010695  -0.010198  165.204680  0.015846  0.002470  167.467379  0.038053  0.002126  313.290009  0.440000
1  -0.010714  -0.010714  165.200809  0.018775  0.012124  167.488300  0.040948  0.011784  313.290009  0.440000
1  -0.010015  -0.010015  165.191670  0.014381  -0.008761  167.505221  0.036518  -0.009108  313.290009  0.440000
1  -0.011436  -0.011436  165.182648  0.027564  0.042594  167.519438  0.049665  0.042243  317.269989  0.340000
1  -0.009298  -0.009298  165.187815  0.017710  0.005434  167.521911  0.039775  0.005081  317.269989  0.340000
1  -0.008828  -0.009035  165.157112  0.015180  -0.004187  167.502252  0.037205  -0.004555  317.269989  0.340000
1  -0.010754  -0.010754  165.172969  0.011585  -0.017851  167.521304  0.033577  -0.018206  317.269989  0.340000
1  -0.009268  -0.009268  165.214513  0.014647  -0.002743  167.552690  0.036610  -0.003079  317.269989  0.340000
1  -0.011512  -0.011512  165.214041  0.021438  0.022639  167.561999  0.043366  0.022297  317.269989  0.340000
1  -0.010324  -0.010324  165.228509  0.026232  0.040850  167.582830  0.048126  0.040509  317.269989  0.340000
1  -0.010548  -0.010658  165.221670  0.010120  -0.027084  167.583261  0.031975  -0.027441  317.269989  0.340000
1  -0.011473  -0.011473  165.249090  0.013848  -0.010590  167.615626  0.035672  -0.010930  247.160004  0.220000
1  -0.007297  -0.007297  165.199095  0.030360  0.054104  167.588009  0.052141  0.053737  247.160004  0.220000
1  -0.010963  -0.010963  165.183888  0.017044  0.001616  167.583967  0.038788  0.001249  247.160004  0.220000
1  -0.008863  -0.008863  165.175044  0.009987  -0.024236  167.582375  0.031695  -0.024600  247.160004  0.220000
1  -0.010475  -0.010267  165.230883  0.008123  -0.030999  167.612926  0.029800  -0.031338  247.160004  0.220000
1  -0.010670  -0.010670  165.222149  0.014647  -0.001009  167.608716  0.036291  -0.001349  247.160004  0.220000
1  -0.009930  -0.009930  165.191170  0.022903  0.028229  167.590840  0.044506  0.027866  247.160004  0.220000
1  -0.009711  -0.009711  165.226833  0.007324  -0.033836  167.617138  0.028894  -0.034182  247.160004  0.220000
1  -0.010353  -0.010353  165.192334  0.024501  0.032908  167.603828  0.046032  0.032545  247.160004  0.220000
1  -0.009568  -0.009876  165.153296  0.008788  -0.027263  167.573336  0.030279  -0.027638  247.160004  0.220000
1  -0.010712  -0.010712  165.209218  0.027564  0.044696  167.619661  0.049025  0.044344  204.690002  0.160000
1  -0.009782  -0.009782  165.199585  0.017710  0.008761  167.609347  0.039135  0.008407  204.690002  0.160000
1  -0.011105  -0.011105  165.130654  0.008655  -0.027036  167.556587  0.030036  -0.027417  204.690002  0.160000
1  -0.009997  -0.009997  165.140575  0.007057  -0.034338  167.561435  0.028403  -0.034708  204.690002  0.160000
1  -0.009412  -0.009239  165.152555  0.018243  0.008719  167.568655  0.039552  0.008353  204.690002  0.160000
1  -0.011156  -0.011156  165.141381  0.016378  0.005228  167.550390  0.037652  0.004865  204.690002  0.160000
1  -0.010143  -0.010143  165.162505  0.019974  0.016834  167.572353  0.041214  0.016481  204.690002  0.160000
1  -0.009653  -0.009653  165.191065  0.007324  -0.035447  167.581332  0.028528  -0.035798  204.690002  0.160000
1  -0.010523  -0.010523  165.191359  0.027431  0.044741  167.584871  0.048600  0.044390  204.690002  0.160000
1  -0.008308  -0.007612  165.161822  0.014248  -0.004585  167.568055  0.035380  -0.004939  204.690002  0.160000
1  -0.009396  -0.009396  165.188801  0.021971  0.026232  167.591757  0.043073  0.025892  110.809998  0.250000
1  -0.009902  -0.009902  165.170904  0.017311  0.005927  167.582787  0.038374  0.005577  110.809998  0.250000
1  -0.011108  -0.011108  165.196734  0.020373  0.019204  167.594073  0.041403  0.018863  110.809998  0.250000
1  -0.012758  -0.012758  165.202381  0.015579  0.000547  167.593479  0.036575  0.000206  110.809998  0.250000
1  -0.010301  -0.010130  165.132788  0.022237  0.027092  167.548307  0.043190  0.026725  110.809998  0.250000
1  -0.009040  -0.009040  165.087162  0.013316  -0.007012  167.513643  0.034228  -0.007387  110.809998  0.250000
1  -0.008534  -0.008534  165.084612  0.019042  0.014301  167.513612  0.039918  0.013933  110.809998  0.250000
1  -0.009098  -0.009098  165.050290  0.010386  -0.019408  167.490205  0.031224  -0.019781  110.809998  0.250000
1  -0.012729  -0.012729  165.049940  0.017976  0.012739  167.484043  0.038780  0.012377  110.809998  0.250000
1  -0.010362  -0.010483  165.051095  0.025300  0.040125  167.486509  0.046068  0.039768  110.809998  0.250000
1  -0.010926  -0.010926  165.053338  0.011185  -0.014720  167.485077  0.031919  -0.015071  97.370003  0.550000
1  -0.010093  -0.010093  165.139108  0.010653  -0.016352  167.533803  0.031361  -0.016672  97.370003  0.550000
1  -0.007640  -0.007640  165.137372  0.010519  -0.017286  167.531243  0.031193  -0.017616  97.370003  0.550000
1  -0.009971  -0.009971  165.146983  0.017843  0.010596  167.543130  0.038483  0.010267  97.370003  0.550000
1  -0.008990  -0.009572  165.107758  0.014248  -0.006266  167.514871  0.034847  -0.006619  97.370003  0.550000
1  -0.010257  -0.010257  165.128821  0.021971  0.022845  167.527070  0.042535  0.022498  97.370003  0.550000
1  -0.010438  -0.010438  165.133002  0.011318  -0.017455  167.526029  0.031848  -0.017799  97.370003  0.550000
1  -0.007888  -0.007888  165.136828  0.009987  -0.020010  167.520457  0.030483  -0.020351  97.370003  0.550000
1  -0.010182  -0.010182  165.161869  0.015846  0.002398  167.519863  0.036307  0.002055  97.370003  0.550000
1  -0.010534  -0.010821  165.178651  0.010386  -0.021060  167.517667  0.030811  -0.021407  97.370003  0.550000
1  -0.009691  -0.009691  165.144308  0.015313  -0.001037  167.484312  0.035697  -0.001400  97.370003  0.550000
1  -0.011692  -0.011692  165.114919  0.010519  -0.020067  167.453880  0.030864  -0.020439  97.370003  0.550000
1  -0.009886  -0.009886  165.155852  0.012783  -0.009083  167.477863  0.033099  -0.009428  107.849998  0.660000
1  -0.011056  -0.011056  165.216928  0.019175  0.015776  167.522521  0.039463  0.015456  107.849998  0.660000
1  -0.010236  -0.008809  165.199341  0.005193  -0.039408  167.507997  0.025445  -0.039742  107.849998  0.660000
1  -0.010532  -0.010532  165.216423  0.020906  0.020056  167.524527  0.041124  0.019725  107.849998  0.660000
1  -0.011818  -0.011818  165.216130  0.028496  0.053779  167.524064  0.048682  0.053449  107.849998  0.660000
1  -0.010004  -0.010004  165.200200  0.012517  -0.006828  167.501271  0.032667  -0.007163  107.849998  0.660000
1  -0.008485  -0.008485  165.175839  0.018509  0.011996  167.484830  0.038620  0.011641  107.849998  0.660000
1  -0.011118  -0.011442  165.178892  0.011452  -0.015411  167.482208  0.031528  -0.015762  107.849998  0.660000
1  -0.008639  -0.008639  165.169704  0.017444  0.009923  167.482269  0.037486  0.009581  123.809998  0.910000
1  -0.010203  -0.010203  165.185827  0.013316  -0.008702  167.495636  0.033326  -0.009041  123.809998  0.910000
1  -0.009311  -0.009311  165.181870  0.015180  0.000997  167.494032  0.035157  0.000664  123.809998  0.910000
1  -0.009438  -0.009438  165.194385  0.016778  0.006956  167.504290  0.036722  0.006628  123.809998  0.910000
1  -0.010709  -0.010569  165.205194  0.015313  -0.000956  167.513690  0.035224  -0.001285  123.809998  0.910000
1  -0.008161  -0.008161  165.226242  0.016112  0.001219  167.523473  0.035989  0.000892  123.809998  0.910000
1  -0.009849  -0.009849  165.186224  0.016778  0.005182  167.483046  0.036615  0.004832  123.809998  0.910000
1  -0.009829  -0.009829  165.177102  0.010253  -0.022257  167.478171  0.030054  -0.022609  123.809998  0.910000
1  -0.010163  -0.010163  165.172322  0.015713  0.000376  167.475567  0.035479  0.000028  123.809998  0.910000
1  -0.011200  -0.011428  165.118184  0.014381  -0.003961  167.430590  0.034107  -0.004329  123.809998  0.910000
1  -0.010340  -0.010340  165.140355  0.012916  -0.011603  167.445960  0.032609  -0.011955  128.710007  0.890000
1  -0.010393  -0.010393  165.123901  0.012517  -0.013553  167.436650  0.032174  -0.013908  128.710007  0.890000
1  -0.010300  -0.010300  165.110234  0.027164  0.045488  167.425971  0.046785  0.045134  128.710007  0.890000
1  -0.009688  -0.009688  165.080039  0.014781  -0.003754  167.401470  0.034363  -0.004117  128.710007  0.890000
1  -0.010411  -0.010557  165.077915  0.007057  -0.033749  167.396784  0.026606  -0.034103  128.710007  0.890000
1  -0.009341  -0.009341  165.095497  0.021971  0.022715  167.421311  0.041487  0.022374  128.710007  0.890000
1  -0.011741  -0.011741  165.066805  0.018376  0.009465  167.395665  0.037854  0.009113  128.710007  0.890000
1  -0.010555  -0.010555  165.137179  0.015313  -0.002210  167.440149  0.034765  -0.002533  128.710007  0.890000
1  -0.009854  -0.009854  165.144327  0.018109  0.010533  167.441356  0.037529  0.010210  128.710007  0.890000
1  -0.009742  -0.010333  165.142937  0.013582  -0.010377  167.436455  0.032965  -0.010715  128.710007  0.890000
1  -0.010125  -0.010125  165.170033  0.014248  -0.004404  167.444452  0.033600  -0.004728  125.680000  0.780000
1  -0.010052  -0.010052  165.131746  0.015047  -0.003978  167.407887  0.034357  -0.004331  125.680000  0.780000
1  -0.012039  -0.012039  165.115542  0.011851  -0.014568  167.394246  0.031126  -0.014919  125.680000  0.780000
1  -0.008575  -0.008575  165.119564  0.014514  -0.002638  167.386164  0.033755  -0.002985  125.680000  0.780000
1  -0.010955  -0.010907  165.148307  0.019574  0.014346  167.415844  0.038784  0.014012  125.680000  0.780000
1  -0.009763  -0.009763  165.099127  0.010519  -0.019587  167.380931  0.029691  -0.019935  125.680000  0.780000
1  -0.009268  -0.009268  165.113999  0.017311  0.007124  167.383593  0.036449  0.006783  125.680000  0.780000
1  -0.011630  -0.011630  165.093503  0.007989  -0.028506  167.363683  0.027093  -0.028852  125.680000  0.780000
1  -0.010343  -0.010343  165.100038  0.015579  0.000592  167.374463  0.034650  0.000256  125.680000  0.780000
1  -0.009786  -0.009787  165.095975  0.023036  0.032466  167.369653  0.042075  0.032134  125.680000  0.780000
1  -0.010420  -0.010420  165.129038  0.016645  0.005500  167.372596  0.035650  0.005169  121.989998  0.700000
1  -0.009828  -0.009828  165.130188  0.028096  0.048301  167.376204  0.047067  0.047967  121.989998  0.700000
1  -0.010989  -0.010989  165.115522  0.012650  -0.012115  167.355569  0.031584  -0.012458  121.989998  0.700000
1  -0.009527  -0.009527  165.153159  0.017710  0.008158  167.375232  0.036614  0.007831  121.989998  0.700000
1  -0.010718  -0.010924  165.127480  0.024901  0.034841  167.356135  0.043767  0.034497  121.989998  0.700000
1  -0.009915  -0.009915  165.142619  0.009587  -0.025001  167.360366  0.028421  -0.025337  121.989998  0.700000
1  -0.009332  -0.009332  165.140045  0.014248  -0.003812  167.346375  0.033048  -0.004150  121.989998  0.700000
1  -0.010545  -0.010545  165.102107  0.020373  0.019251  167.315905  0.039134  0.018897  121.989998  0.700000
1  -0.009508  -0.009508  165.116827  0.014781  -0.005462  167.329612  0.033507  -0.005803  121.989998  0.700000
1  -0.010555  -0.010521  165.124586  0.018509  0.010555  167.328560  0.037203  0.010219  121.989998  0.700000
1  -0.010970  -0.010970  165.080337  0.020506  0.016435  167.303220  0.039162  0.016082  121.989998  0.700000
1  -0.009434  -0.009434  165.129183  0.014647  -0.005487  167.332397  0.033275  -0.005814  121.989998  0.700000
1  -0.011378  -0.011378  165.116793  0.026765  0.042627  167.334456  0.045359  0.042300  125.370003  0.630000
1  -0.010998  -0.010998  165.096746  0.007856  -0.030711  167.310334  0.026415  -0.031049  125.370003  0.630000
1  -0.009594  -0.010212  165.107711  0.024368  0.034847  167.316636  0.042894  0.034516  125.370003  0.630000
1  -0.010243  -0.010243  165.093475  0.014115  -0.006733  167.298644  0.032605  -0.007072  125.370003  0.630000
1  -0.010229  -0.010229  165.102825  0.019441  0.014604  167.301838  0.037898  0.014268  125.370003  0.630000
1  -0.011208  -0.011208  165.120313  0.023036  0.029404  167.312305  0.041462  0.029078  125.370003  0.630000
1  -0.007674  -0.007674  165.125719  0.017311  0.006501  167.311344  0.035703  0.006175  125.370003  0.630000
1  -0.009886  -0.009937  165.112020  0.017444  0.006747  167.289428  0.035799  0.006410  125.370003  0.630000
1  -0.010153  -0.010153  165.158704  0.011052  -0.021918  167.320867  0.029377  -0.022242  148.089996  0.520000
1  -0.009813  -0.009813  165.193602  0.019707  0.013528  167.343781  0.038003  0.013217  148.089996  0.520000
1  -0.010131  -0.010131  165.175556  0.019574  0.011418  167.334999  0.037834  0.011090  148.089996  0.520000
1  -0.010179  -0.010179  165.200259  0.010653  -0.023784  167.355343  0.028882  -0.024100  148.089996  0.520000
1  -0.009386  -0.009459  165.209531  0.016911  0.001608  167.350403  0.035106  0.001280  148.089996  0.520000
1  -0.010472  -0.010472  165.211817  0.008788  -0.026792  167.329364  0.026949  -0.027124  148.089996  0.520000
1  -0.009113  -0.009113  165.242876  0.012517  -0.012722  167.354686  0.030648  -0.013040  148.089996  0.520000
1  -0.011523  -0.011523  165.231261  0.012916  -0.007528  167.338358  0.031015  -0.007846  148.089996  0.520000
1  -0.010072  -0.010072  165.244544  0.014115  -0.005168  167.342680  0.032181  -0.005487  148.089996  0.520000
1  -0.009691  -0.010045  165.268220  0.011185  -0.018809  167.364897  0.029222  -0.019121  148.089996  0.520000
1  -0.010430  -0.010430  165.189424  0.017843  0.007684  167.303676  0.035836  0.007336  118.839996  0.450000
1  -0.009226  -0.009226  165.168620  0.016645  0.003230  167.290905  0.034603  0.002883  118.839996  0.450000
1  -0.011344  -0.011344  165.159274  0.020506  0.018261  167.281934  0.038430  0.017916  118.839996  0.450000
1  -0.011280  -0.011280  165.147200  0.009587  -0.025082  167.260754  0.027475  -0.025429  118.839996  0.450000
1  -0.009433  -0.009961  165.133113  0.023702  0.027516  167.251474  0.041553  0.027163  118.839996  0.450000
1  -0.011113  -0.011113  165.207307  0.018376  0.005287  167.305695  0.036202  0.004970  118.839996  0.450000
1  -0.007657  -0.007657  165.229477  0.018509  0.006557  167.325641  0.036305  0.006249  118.839996  0.450000
1  -0.010882  -0.010882  165.209425  0.007191  -0.035502  167.302687  0.024952  -0.035823  118.839996  0.450000
1  -0.010394  -0.010394  165.223669  0.007856  -0.033410  167.304090  0.025585  -0.033731  118.839996  0.450000
1  -0.009601  -0.010275  165.211162  0.009587  -0.026705  167.302566  0.027282  -0.027031  118.839996  0.450000
1  -0.012001  -0.012001  165.251854  0.012650  -0.016275  167.332302  0.030316  -0.016587  85.110001  0.430000
1  -0.009785  -0.009785  165.278288  0.015979  -0.001763  167.349153  0.033615  -0.002068  85.110001  0.430000
1  -0.009759  -0.009759  165.278822  0.025433  0.036988  167.357285  0.043039  0.036683  85.110001  0.430000
1  -0.010619  -0.010619  165.264643  0.015713  -0.003368  167.347173  0.033283  -0.003686  85.110001  0.430000
1  -0.009875  -0.009770  165.248367  0.027031  0.041541  167.329941  0.044565  0.041210  85.110001  0.430000
1  -0.011946  -0.011946  165.286381  0.021838  0.023993  167.351228  0.039345  0.023683  85.110001  0.430000
1  -0.009916  -0.009916  165.252246  0.014115  -0.008118  167.332767  0.031586  -0.008444  85.110001  0.430000
1  -0.010183  -0.010183  165.272780  0.016378  0.000750  167.342065  0.033819  0.000430  85.110001  0.430000
1  -0.010199  -0.010199  165.277703  0.011452  -0.017853  167.347950  0.028861  -0.018167  85.110001  0.430000
1  -0.010079  -0.010044  165.293548  0.014248  -0.007376  167.353320  0.031626  -0.007689  85.110001  0.430000
1  -0.010695  -0.010695  165.247471  0.018908  0.012874  167.316056  0.036249  0.012542  77.870003  0.310000
1  -0.009112  -0.009112  165.285632  0.021838  0.021684  167.338527  0.039148  0.021367  77.870003  0.310000
1  -0.009697  -0.009697  165.289033  0.013982  -0.010416  167.345734  0.031260  -0.010735  77.870003  0.310000
1  -0.009019  -0.009019  165.283516  0.017177  0.003396  167.336509  0.034422  0.003074  77.870003  0.310000
1  -0.009008  -0.009063  165.295984  0.020639  0.017419  167.346361  0.037854  0.017104  77.870003  0.310000
1  -0.009717  -0.009717  165.291464  0.013316  -0.010552  167.347013  0.030499  -0.010866  77.870003  0.310000
1  -0.011816  -0.011816  165.298265  0.013316  -0.012471  167.347103  0.030465  -0.012791  77.870003  0.310000
1  -0.009780  -0.009780  165.330018  0.017577  0.006312  167.357769  0.034697  0.006002  77.870003  0.310000
1  -0.013089  -0.013089  165.323017  0.011851  -0.016932  167.348528  0.028937  -0.017248  77.870003  0.310000
1  -0.010603  -0.010403  165.300206  0.013848  -0.009315  167.335941  0.030900  -0.009639  77.870003  0.310000
1  -0.010753  -0.010753  165.304989  0.022371  0.023686  167.337979  0.039390  0.023363  77.870003  0.310000
1  -0.009033  -0.009033  165.327020  0.007191  -0.036877  167.356391  0.024181  -0.037189  77.870003  0.310000
1  -0.009105  -0.009105  165.249306  0.014248  -0.004631  167.301874  0.031200  -0.004968  120.279999  0.280000
1  -0.011928  -0.011928  165.225355  0.017444  0.010002  167.279155  0.034362  0.009667  120.279999  0.280000
1  -0.009787  -0.009981  165.226952  0.013049  -0.007394  167.280265  0.029937  -0.007720  120.279999  0.280000
1  -0.010218  -0.010218  165.244529  0.022637  0.030808  167.283342  0.039494  0.030489  120.279999  0.280000
1  -0.011074  -0.011074  165.300674  0.021305  0.021343  167.322040  0.038136  0.021041  120.279999  0.280000
1  -0.008293  -0.008293  165.278440  0.021838  0.021170  167.297573  0.038631  0.020846  120.279999  0.280000
1  -0.010921  -0.010921  165.255972  0.021438  0.018336  167.279770  0.038196  0.018002  120.279999  0.280000
1  -0.009316  -0.009644  165.250563  0.013715  -0.014207  167.276074  0.030437  -0.014544  120.279999  0.280000
1  -0.009978  -0.009978  165.221605  0.023436  0.024506  167.255662  0.040122  0.024164  66.750000  0.130000
1  -0.010046  -0.010046  165.180066  0.009854  -0.028817  167.223791  0.026502  -0.029171  66.750000  0.130000
1  -0.008755  -0.008755  165.147345  0.022371  0.022283  167.195778  0.038982  0.021929  66.750000  0.130000
1  -0.010201  -0.010201  165.158983  0.022237  0.022631  167.206769  0.038820  0.022295  66.750000  0.130000
1  -0.009626  -0.009940  165.129408  0.005193  -0.044366  167.188940  0.021741  -0.044705  66.750000  0.130000
1  -0.010474  -0.010474  165.137600  0.005326  -0.044158  167.197379  0.021844  -0.044483  66.750000  0.130000
1  -0.011640  -0.011640  165.159423  0.012517  -0.013158  167.202806  0.029005  -0.013470  66.750000  0.130000
1  -0.009817  -0.009817  165.171115  0.015313  -0.001516  167.210904  0.031772  -0.001821  66.750000  0.130000
1  -0.010544  -0.010544  165.128459  0.022371  0.029535  167.170863  0.038794  0.029215  66.750000  0.130000
1  -0.010015  -0.008393  165.113179  0.026365  0.047296  167.146438  0.042755  0.046975  66.750000  0.130000
1  -0.009263  -0.009263  165.113346  0.016245  0.004021  167.135716  0.032601  0.003696  66.750000  0.130000
1  -0.011334  -0.011334  165.127049  0.015313  0.001079  167.135117  0.031639  0.000766  111.900002  0.080000
1  -0.010351  -0.010351  165.141687  0.029561  0.055333  167.151757  0.045858  0.055026  111.900002  0.080000
1  -0.011580  -0.011580  165.107673  0.013715  -0.005825  167.114057  0.029977  -0.006146  111.900002  0.080000
1  -0.010066  -0.010134  165.142780  0.019974  0.018708  167.133093  0.036208  0.018403  111.900002  0.080000
1  -0.008498  -0.008498  165.174330  0.013582  -0.006449  167.150583  0.029789  -0.006743  111.900002  0.080000
1  -0.010997  -0.010997  165.202410  0.016645  0.005089  167.166808  0.032824  0.004802  111.900002  0.080000
1  -0.009844  -0.009844  165.212054  0.014115  -0.004498  167.164834  0.030264  -0.004788  111.900002  0.080000
1  -0.010764  -0.010764  165.210020  0.019974  0.018943  167.164800  0.036093  0.018648  111.900002  0.080000
1  -0.010712  -0.010651  165.208210  0.013582  -0.010378  167.164606  0.029666  -0.010684  111.900002  0.080000
1  -0.008346  -0.008346  165.238360  0.013848  -0.005510  167.183240  0.029907  -0.005798  177.149994  0.140000
1  -0.010284  -0.010284  165.211027  0.014248  -0.007248  167.168496  0.030272  -0.007554  177.149994  0.140000
1  -0.009267  -0.009267  165.153239  0.015180  -0.002479  167.131378  0.031167  -0.002805  177.149994  0.140000
1  -0.009979  -0.009979  165.150593  0.024368  0.034591  167.129220  0.040324  0.034271  177.149994  0.140000
1  -0.011084  -0.011168  165.199570  0.023702  0.025653  167.173808  0.039631  0.025349  177.149994  0.140000
1  -0.010454  -0.010454  165.170679  0.018109  0.004113  167.146845  0.034002  0.003792  177.149994  0.140000
1  -0.009447  -0.009447  165.167280  0.009987  -0.027492  167.144853  0.025848  -0.027810  177.149994  0.140000
1  -0.009796  -0.009796  165.156636  0.014514  -0.007089  167.128752  0.030343  -0.007410  177.149994  0.140000
1  -0.009273  -0.009273  165.098671  0.018109  0.008405  167.084177  0.033900  0.008066  177.149994  0.140000
1  -0.012956  -0.012761  165.092034  0.017843  0.006622  167.087047  0.033603  0.006296  177.149994  0.140000
1  -0.009582  -0.009582  165.117250  0.011185  -0.019122  167.093938  0.026916  -0.019437  165.960007  0.200000
1  -0.010959  -0.010959  165.087185  0.018243  0.008132  167.075119  0.033939  0.007810  165.960007  0.200000
1  -0.009486  -0.009486  165.072453  0.029561  0.053942  167.054466  0.045223  0.053616  165.960007  0.200000
1  -0.009468  -0.009468  165.090287  0.015713  -0.003751  167.058081  0.031343  -0.004074  165.960007  0.200000
1  -0.010221  -0.009788  165.155309  0.025966  0.037000  167.102470  0.041573  0.036707  165.960007  0.200000
1  -0.010446  -0.010446  165.159202  0.010120  -0.025627  167.100698  0.025696  -0.025924  165.960007  0.200000
1  -0.012175  -0.012175  165.194601  0.024501  0.030450  167.132768  0.040050  0.030165  165.960007  0.200000
1  -0.011205  -0.011205  165.185088  0.018109  0.007098  167.124915  0.033627  0.006807  165.960007  0.200000
1  -0.008575  -0.008575  165.159233  0.013449  -0.010157  167.101898  0.028933  -0.010463  165.960007  0.200000
1  -0.010398  -0.010405  165.189418  0.022770  0.021327  167.123106  0.038223  0.021021  165.960007  0.200000
1  -0.008058  -0.008058  165.229187  0.016245  -0.003807  167.146370  0.031671  -0.004099  165.960007  0.200000
1  -0.010711  -0.010711  165.208976  0.017577  0.004387  167.131843  0.032971  0.004085  165.960007  0.200000
1  -0.010838  -0.010838  165.188389  0.015713  -0.001678  167.112596  0.031074  -0.001989  157.539993  0.240000
1  -0.010485  -0.010485  165.192287  0.017577  0.006461  167.117953  0.032909  0.006156  157.539993  0.240000
1  -0.008409  -0.008634  165.201372  0.017976  0.005603  167.131150  0.033279  0.005303  157.539993  0.240000
1  -0.007515  -0.007515  165.173886  0.018376  0.009579  167.094754  0.033643  0.009262  157.539993  0.240000
1  -0.002623  -0.002623  165.179448  0.023303  0.028869  167.092543  0.038538  0.028558  157.539993  0.240000
1  -0.008374  -0.008374  165.195169  0.011851  -0.018701  167.096043  0.027056  -0.019008  157.539993  0.240000
1  -0.009786  -0.009786  165.229188  0.013449  -0.011709  167.113031  0.028627  -0.012003  157.539993  0.240000
1  -0.011215  -0.010877  165.205743  0.010120  -0.025847  167.099447  0.025265  -0.026152  157.539993  0.240000
1  -0.009813  -0.009813  165.224127  0.021572  0.024382  167.108040  0.036690  0.024093  141.800003  0.430000
1  -0.008069  -0.008069  165.220859  0.010919  -0.015819  167.097628  0.026008  -0.016109  141.800003  0.430000
1  -0.009676  -0.009676  165.199591  0.018109  0.014933  167.079830  0.033168  0.014636  141.800003  0.430000
1  -0.008724  -0.008724  165.202991  0.015047  -0.000427  167.086624  0.030075  -0.000720  141.800003  0.430000
1  -0.011390  -0.010618  165.285794  0.014115  -0.007452  167.138742  0.029121  -0.007724  141.800003  0.430000
1  -0.009902  -0.009902  165.255362  0.014914  -0.002962  167.120564  0.029888  -0.003249  141.800003  0.430000
1  -0.009431  -0.009431  165.292425  0.005060  -0.043222  167.134302  0.020006  -0.043503  141.800003  0.430000
1  -0.010283  -0.010283  165.208478  0.013183  -0.009337  167.076768  0.028090  -0.009652  141.800003  0.430000
1  -0.009246  -0.009246  165.148739  0.009454  -0.025320  167.037450  0.024325  -0.025649  141.800003  0.430000
1  -0.009557  -0.009538  165.162236  0.016245  0.000718  167.045059  0.031086  0.000403  141.800003  0.430000
1  -0.010678  -0.010678  165.108310  0.015446  -0.002398  167.001890  0.030251  -0.002729  35.220001  0.160000
1  -0.010075  -0.010075  165.126459  0.009721  -0.023261  167.008299  0.024497  -0.023571  35.220001  0.160000
1  -0.011469  -0.011469  165.134231  0.015180  0.000867  167.010964  0.029930  0.000570  35.220001  0.160000
1  -0.008613  -0.008613  165.134300  0.022237  0.025674  167.001787  0.036954  0.025368  35.220001  0.160000
1  -0.009274  -0.010059  165.115467  0.021572  0.023940  166.978390  0.036256  0.023630  35.220001  0.160000
1  -0.010352  -0.010352  165.137895  0.021438  0.022302  166.992895  0.036095  0.022003  35.220001  0.160000
1  -0.009263  -0.009263  165.126517  0.015047  -0.004421  166.988368  0.029673  -0.004723  35.220001  0.160000
1  -0.010492  -0.010492  165.103756  0.011984  -0.012241  166.965304  0.026580  -0.012543  35.220001  0.160000
1  -0.011357  -0.011357  165.131937  0.021305  0.025879  166.979816  0.035875  0.025594  35.220001  0.160000
1  -0.009438  -0.009999  165.150104  0.022770  0.033287  166.987709  0.037314  0.033014  35.220001  0.160000
1  -0.010978  -0.010978  165.193599  0.014115  -0.004111  167.017514  0.028633  -0.004377  23.590000  0.490000
1  -0.008972  -0.008972  165.191356  0.012384  -0.010220  167.011658  0.026872  -0.010494  23.590000  0.490000
1  -0.010005  -0.010005  165.217076  0.008389  -0.029334  167.028398  0.022850  -0.029608  23.590000  0.490000
1  -0.010652  -0.010652  165.211531  0.016512  0.003885  167.020543  0.030942  0.003603  23.590000  0.490000
1  -0.009504  -0.009446  165.141193  0.018908  0.016390  166.955893  0.033302  0.016079  23.590000  0.490000
1  -0.011741  -0.011741  165.117666  0.014914  -0.001528  166.945151  0.029276  -0.001838  23.590000  0.490000
1  -0.009808  -0.009808  165.109768  0.015180  -0.001906  166.937002  0.029511  -0.002215  23.590000  0.490000
1  -0.008856  -0.008856  165.101196  0.010653  -0.018730  166.926750  0.024954  -0.019036  23.590000  0.490000
1  -0.009691  -0.009691  165.069881  0.021971  0.021556  166.906934  0.036237  0.021233  23.590000  0.490000
1  -0.009915  -0.009931  165.113609  0.015446  -0.005109  166.938399  0.029687  -0.005406  23.590000  0.490000
1  -0.010685  -0.010685  165.110189  0.013049  -0.011559  166.935379  0.027262  -0.011849  63.799999  0.480000
1  -0.010203  -0.010203  165.095790  0.019574  0.015182  166.917768  0.033755  0.014886  63.799999  0.480000
1  -0.009761  -0.009761  165.150349  0.020373  0.016055  166.958688  0.034531  0.015780  63.799999  0.480000
1  -0.011807  -0.011807  165.150474  0.026498  0.044822  166.949168  0.040628  0.044545  63.799999  0.480000
1  -0.008266  -0.008161  165.144781  0.009454  -0.021181  166.928248  0.023553  -0.021467  63.799999  0.480000
1  -0.010120  -0.010120  165.181263  0.027564  0.049616  166.952716  0.041638  0.049342  63.799999  0.480000
1  -0.009839  -0.009839  165.149825  0.013715  -0.007155  166.919874  0.027754  -0.007453  63.799999  0.480000
1  -0.009449  -0.009449  165.165988  0.016911  0.006165  166.936699  0.030925  0.005882  63.799999  0.480000
1  -0.010130  -0.010130  165.149841  0.009188  -0.025383  166.932112  0.023172  -0.025670  63.799999  0.480000
1  -0.009210  -0.009528  165.151844  0.020373  0.019287  166.937658  0.034330  0.019007  63.799999  0.480000
1  -0.010269  -0.010269  165.107361  0.019841  0.020622  166.901529  0.033765  0.020330  63.799999  0.480000
1  -0.009919  -0.009919  165.074064  0.017177  0.007156  166.882091  0.031068  0.006851  63.799999  0.480000
1  -0.008100  -0.008100  165.102688  0.018376  0.009755  166.895499  0.032240  0.009462  90.529999  0.540000
1  -0.010379  -0.010379  165.134938  0.015579  -0.003547  166.920805  0.029416  -0.003831  90.529999  0.540000
1  -0.008978  -0.009076  165.127964  0.024501  0.031971  166.913900  0.038307  0.031682  90.529999  0.540000
1  -0.009661  -0.009661  165.159242  0.008655  -0.030382  166.924660  0.022435  -0.030664  90.529999  0.540000
1  -0.010416  -0.010416  165.164339  0.010253  -0.024440  166.925169  0.024004  -0.024722  90.529999  0.540000
1  -0.009178  -0.009178  165.119972  0.015979  -0.000495  166.885481  0.029694  -0.000802  90.529999  0.540000
1  -0.010009  -0.010009  165.147791  0.018775  0.011383  166.889898  0.032463  0.011088  90.529999  0.540000
1  -0.009239  -0.009361  165.124895  0.010253  -0.020113  166.863404  0.023910  -0.020411  90.529999  0.540000
1  -0.009598  -0.009598  165.103661  0.005326  -0.037193  166.845758  0.018955  -0.037487  99.790001  0.390000
1  -0.011447  -0.011447  165.053098  0.012251  -0.010357  166.815760  0.025845  -0.010663  99.790001  0.390000
1  -0.009289  -0.009289  165.062125  0.020373  0.019821  166.818906  0.033939  0.019524  99.790001  0.390000
1  -0.010648  -0.010648  165.071041  0.011052  -0.016831  166.821074  0.024591  -0.017118  99.790001  0.390000
1  -0.011494  -0.011100  165.039643  0.017444  0.010817  166.800809  0.030953  0.010528  99.790001  0.390000
1  -0.009199  -0.009199  165.032976  0.016378  0.005927  166.788851  0.029858  0.005636  99.790001  0.390000
1  -0.012271  -0.012271  165.045324  0.021305  0.023003  166.794911  0.034757  0.022716  99.790001  0.390000
1  -0.009740  -0.009740  165.062327  0.014914  -0.001600  166.803092  0.028340  -0.001876  99.790001  0.390000
1  -0.008815  -0.008815  165.108431  0.015979  0.002253  166.830075  0.029381  0.001992  99.790001  0.390000
1  -0.009388  -0.009441  165.092428  0.010120  -0.022924  166.818054  0.023491  -0.023201  99.790001  0.390000
1  -0.009186  -0.009186  165.076419  0.012517  -0.013420  166.793417  0.025855  -0.013713  132.839996  0.350000
1  -0.009669  -0.009669  165.080365  0.008655  -0.028407  166.804248  0.021967  -0.028689  132.839996  0.350000
1  -0.010184  -0.010184  165.040588  0.015979  0.001820  166.771201  0.029258  0.001522  132.839996  0.350000
1  -0.009900  -0.009900  165.045479  0.017444  0.006917  166.776658  0.030695  0.006627  132.839996  0.350000
1  -0.011825  -0.011435  165.074199  0.019841  0.014827  166.787939  0.033065  0.014545  132.839996  0.350000
1  -0.008404  -0.008404  165.107697  0.009454  -0.027992  166.811447  0.022653  -0.028264  132.839996  0.350000
1  -0.010184  -0.010184  165.123586  0.020240  0.018705  166.814339  0.033413  0.018438  132.839996  0.350000
1  -0.009897  -0.009897  165.158890  0.017311  0.004142  166.834500  0.030457  0.003878  132.839996  0.350000
1  -0.009344  -0.009344  165.116852  0.010120  -0.022384  166.803126  0.023235  -0.022666  132.839996  0.350000
1  -0.010576  -0.010298  165.074096  0.017843  0.007708  166.767491  0.030923  0.007406  132.839996  0.350000
1  -0.009584  -0.009584  165.128582  0.007856  -0.035270  166.811089  0.020913  -0.035545  134.860001  0.420000
1  -0.009653  -0.009653  165.145983  0.013183  -0.014344  166.828452  0.026214  -0.014612  134.860001  0.420000
1  -0.009807  -0.009807  165.161102  0.016645  0.001504  166.830731  0.029649  0.001237  134.860001  0.420000
1  -0.009337  -0.009337  165.172849  0.029162  0.052644  166.839083  0.042140  0.052381  134.860001  0.420000
1  -0.010494  -0.010249  165.220413  0.019308  0.013123  166.877813  0.032265  0.012876  134.860001  0.420000
1  -0.009200  -0.009200  165.202854  0.018243  0.006968  166.871772  0.031169  0.006702  134.860001  0.420000
1  -0.009755  -0.009755  165.210371  0.010653  -0.022855  166.878174  0.023552  -0.023121  134.860001  0.420000
1  -0.010378  -0.010378  165.180796  0.021039  0.022770  166.846885  0.033908  0.022491  134.860001  0.420000
1  -0.009699  -0.009699  165.144993  0.017044  0.003496  166.817428  0.029878  0.003197  134.860001  0.420000
1  -0.010124  -0.010257  165.191205  0.008123  -0.032238  166.847215  0.020933  -0.032514  134.860001  0.420000
1  -0.009238  -0.009238  165.203727  0.019707  0.016097  166.848638  0.032492  0.015826  95.110001  0.130000
1  -0.009333  -0.009333  165.187698  0.013049  -0.010892  166.825170  0.025802  -0.011177  95.110001  0.130000
1  -0.010757  -0.010757  165.144339  0.007191  -0.032674  166.798878  0.019912  -0.032965  95.110001  0.130000
1  -0.008910  -0.008910  165.146118  0.025833  0.040094  166.796808  0.038526  0.039806  95.110001  0.130000
1  -0.009621  -0.009435  165.152186  0.015979  0.003540  166.787061  0.028645  0.003259  95.110001  0.130000
1  -0.010317  -0.010317  165.169640  0.007057  -0.034133  166.796182  0.019696  -0.034409  95.110001  0.130000
1  -0.001465  -0.001465  165.162031  0.020506  0.017986  166.790570  0.033116  0.017703  95.110001  0.130000
1  -0.012605  -0.012605  165.203607  0.013715  -0.009949  166.813797  0.026301  -0.010215  95.110001  0.130000
1  -0.010302  -0.010302  165.198945  0.014115  -0.009306  166.820610  0.026673  -0.009573  95.110001  0.130000
1  -0.009424  -0.009964  165.204406  0.012783  -0.014807  166.802573  0.025310  -0.015087  95.110001  0.130000
1  -0.011415  -0.011415  165.221271  0.009587  -0.027190  166.813646  0.022088  -0.027464  95.110001  0.130000
1  -0.009269  -0.009269  165.231934  0.018109  0.007395  166.813299  0.030582  0.007124  95.110001  0.130000
1  -0.009726  -0.009726  165.249205  0.019441  0.012574  166.831267  0.031889  0.012311  17.010000  0.240000
1  -0.012373  -0.012373  165.208812  0.007324  -0.031686  166.805238  0.019743  -0.031956  17.010000  0.240000
1  -0.008657  -0.008520  165.196353  0.018775  0.012148  166.806007  0.031167  0.011874  17.010000  0.240000
1  -0.010473  -0.010473  165.165505  0.011052  -0.017679  166.778415  0.023412  -0.017962  17.010000  0.240000
1  -0.007165  -0.007165  165.132281  0.011052  -0.017571  166.750242  0.023381  -0.017863  17.010000  0.240000
1  -0.009840  -0.009840  165.130486  0.015846  0.004329  166.751237  0.028150  0.004053  17.010000  0.240000
1  -0.009492  -0.009492  165.144010  0.016911  0.008933  166.770400  0.029192  0.008674  17.010000  0.240000
1  -0.009649  -0.008531  165.160905  0.023702  0.036113  166.791902  0.035961  0.035865  17.010000  0.240000
1  -0.010435  -0.010435  165.129631  0.016512  0.006027  166.772386  0.028740  0.005762  348.790009  0.330000
1  -0.009278  -0.009278  165.102174  0.012517  -0.008369  166.748309  0.024716  -0.008642  348.790009  0.330000
1  -0.009705  -0.009705  165.172959  0.013183  -0.007626  166.799767  0.025363  -0.007869  348.790009  0.330000
1  -0.011214  -0.011214  165.170300  0.013582  -0.007888  166.805864  0.025736  -0.008141  348.790009  0.330000
1  -0.009584  -0.009604  165.159634  0.013316  -0.010599  166.796626  0.025440  -0.010864  348.790009  0.330000
1  -0.010405  -0.010405  165.185583  0.026232  0.038794  166.816589  0.038331  0.038532  348.790009  0.330000
1  -0.009582  -0.009582  165.228963  0.023569  0.028885  166.836392  0.035644  0.028632  348.790009  0.330000
1  -0.009872  -0.009872  165.253313  0.021172  0.018094  166.849894  0.033221  0.017839  348.790009  0.330000
1  -0.010150  -0.010150  165.217229  0.021572  0.023068  166.817794  0.033589  0.022798  348.790009  0.330000
1  -0.009098  -0.009221  165.217746  0.022504  0.025633  166.813139  0.034493  0.025359  348.790009  0.330000
1  -0.012079  -0.012079  165.224903  0.017044  0.003141  166.812129  0.029006  0.002868  331.820007  0.730000
1  -0.009411  -0.009411  165.224431  0.014781  -0.007467  166.810217  0.026713  -0.007744  331.820007  0.730000
1  -0.008629  -0.008629  165.233105  0.014248  -0.010104  166.812114  0.026153  -0.010381  331.820007  0.730000
1  -0.012070  -0.012070  165.225597  0.024102  0.029761  166.801676  0.035978  0.029479  331.820007  0.730000
1  -0.008878  -0.009242  165.190753  0.008788  -0.031492  166.783596  0.020634  -0.031782  331.820007  0.730000
1  -0.009948  -0.009948  165.155319  0.007856  -0.036627  166.767947  0.019671  -0.036921  331.820007  0.730000
1  -0.010356  -0.010356  165.162644  0.020240  0.017461  166.772280  0.032031  0.017186  331.820007  0.730000
1  -0.010228  -0.010228  165.216241  0.020373  0.018800  166.805234  0.032143  0.018549  331.820007  0.730000
1  -0.011776  -0.011776  165.255894  0.013049  -0.010138  166.827247  0.024797  -0.010379  331.820007  0.730000
1  -0.008110  -0.008271  165.271659  0.020639  0.018821  166.840772  0.032361  0.018579  331.820007  0.730000
1  -0.010438  -0.010438  165.250120  0.021705  0.023341  166.821599  0.033397  0.023081  336.339996  0.820000
1  -0.009452  -0.009452  165.261794  0.013316  -0.009837  166.821542  0.024981  -0.010096  336.339996  0.820000
1  -0.008874  -0.008874  165.249439  0.010786  -0.021623  166.804436  0.022420  -0.021897  336.339996  0.820000
1  -0.008983  -0.008983  165.239030  0.022637  0.026707  166.788623  0.034243  0.026431  336.339996  0.820000
1  -0.010805  -0.010830  165.238955  0.017444  0.006112  166.793590  0.029024  0.005845  336.339996  0.820000
1  -0.009119  -0.009119  165.245828  0.015846  -0.003506  166.804344  0.027399  -0.003772  336.339996  0.820000
1  -0.010620  -0.010620  165.254382  0.018509  0.008331  166.811843  0.030037  0.008068  336.339996  0.820000
1  -0.009166  -0.009166  165.280830  0.017444  0.004621  166.834636  0.028949  0.004368  336.339996  0.820000
1  -0.010984  -0.010984  165.282889  0.021039  0.015364  166.853276  0.032518  0.015105  336.339996  0.820000
1  -0.010169  -0.010100  165.296151  0.015446  -0.007189  166.864186  0.026899  -0.007446  336.339996  0.820000
1  -0.008727  -0.008727  165.277280  0.011984  -0.020079  166.847503  0.023407  -0.020349  341.299988  0.850000
1  -0.010662  -0.010662  165.256376  0.017177  0.003904  166.828283  0.028572  0.003630  341.299988  0.850000
1  -0.010777  -0.010777  165.283322  0.018908  0.009725  166.845071  0.030279  0.009461  341.299988  0.850000
1  -0.010448  -0.010448  165.274260  0.016778  0.001879  166.834182  0.028120  0.001609  341.299988  0.850000
1  -0.010728  -0.010727  165.284245  0.025966  0.038009  166.839042  0.037281  0.037742  341.299988  0.850000
1  -0.009628  -0.009628  165.266548  0.017311  0.003518  166.823683  0.028597  0.003244  341.299988  0.850000
1  -0.010718  -0.010718  165.270857  0.028096  0.045129  166.836353  0.039357  0.044864  341.299988  0.850000
1  -0.010723  -0.010723  165.261894  0.016911  -0.001400  166.830850  0.028142  -0.001676  341.299988  0.850000
1  -0.009105  -0.009105  165.224521  0.009587  -0.028614  166.793809  0.020786  -0.028902  341.299988  0.850000
1  -0.011014  -0.011218  165.243346  0.014781  -0.006901  166.799546  0.025954  -0.007177  341.299988  0.850000
1  -0.010441  -0.010441  165.276402  0.015846  0.000997  166.813529  0.026997  0.000740  341.299988  0.850000
1  -0.010505  -0.010505  165.237394  0.017444  0.008482  166.783904  0.028565  0.008211  341.299988  0.850000
1  -0.010520  -0.010520  165.294214  0.010253  -0.021670  166.821704  0.021354  -0.021916  335.640015  1.050000
1  -0.010292  -0.010292  165.268512  0.017843  0.008315  166.802478  0.028915  0.008055  335.640015  1.050000
1  -0.010184  -0.010382  165.280250  0.015846  -0.000469  166.810200  0.026892  -0.000727  335.640015  1.050000
1  -0.011136  -0.011136  165.232734  0.015313  0.001843  166.765011  0.026329  0.001572  335.640015  1.050000
1  -0.008682  -0.008682  165.201553  0.015713  0.003466  166.736755  0.026699  0.003188  335.640015  1.050000
1  -0.010977  -0.010977  165.168509  0.013715  -0.003097  166.706541  0.024673  -0.003378  335.640015  1.050000
1  -0.008662  -0.008662  165.200220  0.016512  0.006507  166.720143  0.027445  0.006240  335.640015  1.050000
1  -0.010754  -0.010477  165.140517  0.011452  -0.014290  166.678186  0.022353  -0.014574  335.640015  1.050000
1  -0.010408  -0.010408  165.171053  0.015313  -0.001476  166.691638  0.026190  -0.001747  337.149994  1.210000
1  -0.009855  -0.009855  165.223093  0.012384  -0.012598  166.718796  0.023240  -0.012845  337.149994  1.210000
1  -0.011143  -0.011143  165.219513  0.016378  0.004233  166.713328  0.027208  0.003983  337.149994  1.210000
1  -0.008236  -0.008236  165.225012  0.020906  0.020864  166.717992  0.031710  0.020612  337.149994  1.210000
1  -0.008931  -0.009295  165.225530  0.025034  0.034236  166.727541  0.035812  0.033982  337.149994  1.210000
1  -0.010850  -0.010850  165.166727  0.015180  -0.001842  166.668573  0.025924  -0.002123  337.149994  1.210000
1  -0.009550  -0.009550  165.160321  0.006924  -0.035753  166.662432  0.017641  -0.036030  337.149994  1.210000
1  -0.011416  -0.011416  165.148308  0.017311  0.007985  166.648878  0.028001  0.007714  337.149994  1.210000
1  -0.010937  -0.010937  165.154680  0.015846  -0.000090  166.654783  0.026511  -0.000354  337.149994  1.210000
1  -0.008899  -0.009351  165.149234  0.022637  0.026596  166.651949  0.033276  0.026335  337.149994  1.210000
1  -0.009855  -0.009855  165.144279  0.015713  -0.000558  166.646199  0.026325  -0.000819  344.200012  0.830000
1  -0.009157  -0.009157  165.131335  0.012251  -0.011312  166.632374  0.022837  -0.011572  344.200012  0.830000
1  -0.010149  -0.010149  165.108605  0.007324  -0.030371  166.607452  0.017882  -0.030638  344.200012  0.830000
1  -0.011181  -0.011181  165.121975  0.012916  -0.007246  166.615402  0.023452  -0.007499  344.200012  0.830000
1  -0.008588  -0.008801  165.111588  0.012916  -0.007651  166.606757  0.023426  -0.007906  344.200012  0.830000
1  -0.009874  -0.009874  165.098049  0.010786  -0.014949  166.600585  0.021271  -0.015201  344.200012  0.830000
1  -0.010481  -0.010481  165.035782  0.028895  0.054690  166.561840  0.039348  0.054413  344.200012  0.830000
1  -0.009874  -0.009874  165.053377  0.021838  0.025396  166.572978  0.032267  0.025134  344.200012  0.830000
1  -0.012189  -0.012189  165.077613  0.013582  -0.008672  166.588909  0.023988  -0.008923  344.200012  0.830000
1  -0.010069  -0.010210  165.083244  0.015713  -0.000062  166.581143  0.026092  -0.000317  344.200012  0.830000
1  -0.010582  -0.010582  165.089304  0.021039  0.018172  166.584462  0.031391  0.017913  2.490000  0.580000
1  -0.010381  -0.010381  165.100520  0.014115  -0.004739  166.582540  0.024444  -0.004986  2.490000  0.580000
1  -0.009399  -0.009399  165.104918  0.012117  -0.012900  166.584566  0.022422  -0.013146  2.490000  0.580000
1  -0.009431  -0.009431  165.135069  0.012783  -0.011015  166.603068  0.023066  -0.011249  2.490000  0.580000
1  -0.009424  -0.009670  165.112917  0.019308  0.014312  166.583553  0.029562  0.014061  2.490000  0.580000
1  -0.009004  -0.009004  165.064891  0.016778  0.007111  166.535335  0.027001  0.006839  2.490000  0.580000
1  -0.012074  -0.012074  165.064429  0.021438  0.024250  166.523652  0.031634  0.023980  2.490000  0.580000
1  -0.010755  -0.010755  165.055718  0.009987  -0.021745  166.515271  0.020157  -0.022012  2.490000  0.580000
1  -0.009411  -0.009411  165.097743  0.012650  -0.009430  166.546596  0.022801  -0.009669  2.490000  0.580000
1  -0.010020  -0.009898  165.129889  0.016645  0.004405  166.570315  0.026774  0.004176  2.490000  0.580000
1  -0.008631  -0.008631  165.126553  0.006658  -0.034732  166.569104  0.016763  -0.034968  345.019989  0.360000
1  -0.010133  -0.010133  165.091939  0.016911  0.008982  166.532625  0.026987  0.008729  345.019989  0.360000
1  -0.009935  -0.009935  165.102096  0.014781  -0.000913  166.540148  0.024833  -0.001162  345.019989  0.360000
1  -0.010503  -0.010503  165.079292  0.014647  -0.003247  166.527554  0.024672  -0.003503  345.019989  0.360000
1  -0.012125  -0.011899  165.117664  0.016112  0.000805  166.551591  0.026115  0.000561  345.019989  0.360000
1  -0.010133  -0.010133  165.153043  0.018376  0.005844  166.570755  0.028353  0.005601  345.019989  0.360000
1  -0.010578  -0.010578  165.165608  0.027564  0.045495  166.571529  0.037518  0.045254  345.019989  0.360000
1  -0.010583  -0.010583  165.150517  0.020906  0.016876  166.562943  0.030831  0.016622  345.019989  0.360000
1  -0.009060  -0.009060  165.188797  0.011185  -0.022220  166.588742  0.021090  -0.022462  345.019989  0.360000
1  -0.012106  -0.011762  165.177794  0.016112  -0.002118  166.580873  0.025989  -0.002368  345.019989  0.360000
1  -0.009557  -0.009557  165.201848  0.011052  -0.021119  166.602533  0.020908  -0.021356  345.019989  0.360000
1  -0.010320  -0.010320  165.186701  0.017177  0.008183  166.588040  0.027009  0.007945  345.019989  0.360000
1  -0.010063  -0.010063  165.187460  0.004661  -0.041617  166.578790  0.014467  -0.041860  349.010010  0.310000
1  -0.010577  -0.010577  165.166320  0.011318  -0.013843  166.562024  0.021098  -0.014091  349.010010  0.310000
1  -0.010530  -0.010137  165.191611  0.024235  0.036147  166.584550  0.033994  0.035912  349.010010  0.310000
1  -0.012367  -0.012367  165.165430  0.019042  0.014234  166.569374  0.028773  0.013988  349.010010  0.310000
1  -0.010855  -0.010855  165.161047  0.021438  0.023070  166.569416  0.031145  0.022822  349.010010  0.310000
1  -0.010189  -0.010189  165.140846  0.014514  -0.004754  166.554017  0.024193  -0.005009  349.010010  0.310000
1  -0.007872  -0.007872  165.156298  0.012117  -0.014582  166.562263  0.021773  -0.014830  349.010010  0.310000
1  -0.009615  -0.009317  165.160663  0.009454  -0.027235  166.569548  0.019085  -0.027480  349.010010  0.310000
1  -0.011596  -0.011596  165.183873  0.014781  -0.005292  166.583867  0.024389  -0.005530  333.119995  0.410000
1  -0.010163  -0.010163  165.180041  0.019042  0.013742  166.570845  0.028625  0.013501  333.119995  0.410000
1  -0.011863  -0.011863  165.172161  0.018109  0.009828  166.548074  0.027664  0.009574  333.119995  0.410000
1  -0.010947  -0.010947  165.171671  0.009987  -0.020446  166.538320  0.019517  -0.020696  333.119995  0.410000
1  -0.009097  -0.009288  165.166827  0.013982  -0.007377  166.533431  0.023485  -0.007630  333.119995  0.410000
1  -0.011864  -0.011864  165.169536  0.014248  -0.006410  166.542353  0.023729  -0.006654  333.119995  0.410000
1  -0.009699  -0.009699  165.164849  0.011984  -0.014776  166.536176  0.021440  -0.015021  333.119995  0.410000
1  -0.009705  -0.009705  165.199524  0.019308  0.012940  166.566121  0.028743  0.012710  333.119995  0.410000
1  -0.010089  -0.010089  165.231994  0.008522  -0.028123  166.576409  0.017936  -0.028347  333.119995  0.410000
1  -0.009393  -0.009602  165.242676  0.020639  0.021716  166.567398  0.030029  0.021488  333.119995  0.410000
1  -0.009583  -0.009583  165.243368  0.010386  -0.017764  166.560145  0.019751  -0.017996  297.329987  0.220000
1  -0.009098  -0.009098  165.245662  0.003462  -0.047589  166.564270  0.012803  -0.047823  297.329987  0.220000
1  -0.009960  -0.009960  165.232706  0.010919  -0.017198  166.552226  0.020234  -0.017439  297.329987  0.220000
1  -0.010987  -0.010987  165.219433  0.016112  0.001138  166.544922  0.025401  0.000891  297.329987  0.220000
1  -0.009757  -0.008456  165.230108  0.015579  -0.001114  166.549821  0.024844  -0.001358  297.329987  0.220000
1  -0.009789  -0.009789  165.200192  0.026498  0.042088  166.528791  0.035735  0.041835  297.329987  0.220000
1  -0.011270  -0.011270  165.224723  0.015579  0.000685  166.552623  0.024798  0.000456  297.329987  0.220000
1  -0.009941  -0.009941  165.221539  0.011718  -0.012745  166.556309  0.020915  -0.012969  297.329987  0.220000
1  -0.012159  -0.012159  165.203612  0.009854  -0.019905  166.549218  0.019026  -0.020133  297.329987  0.220000
1  -0.010246  -0.010373  165.168192  0.010653  -0.018117  166.520690  0.019796  -0.018364  297.329987  0.220000
1  -0.009473  -0.009473  165.183970  0.022237  0.026786  166.525451  0.031357  0.026541  180.020004  0.150000
1  -0.010314  -0.010314  165.220671  0.013582  -0.008129  166.544113  0.022681  -0.008361  180.020004  0.150000
1  -0.009603  -0.009603  165.197606  0.024368  0.034560  166.533683  0.033441  0.034317  180.020004  0.150000
1  -0.010827  -0.010827  165.238411  0.014647  -0.001511  166.550744  0.023701  -0.001733  180.020004  0.150000
1  -0.010216  -0.010015  165.276120  0.018908  0.014079  166.582608  0.027943  0.013869  180.020004  0.150000
1  -0.010228  -0.010228  165.255172  0.020639  0.019343  166.564588  0.029646  0.019112  180.020004  0.150000
1  -0.010530  -0.010530  165.193816  0.013982  -0.006899  166.520434  0.022958  -0.007154  180.020004  0.150000
1  -0.008012  -0.008012  165.197300  0.013183  -0.010963  166.513364  0.022133  -0.011219  180.020004  0.150000
1  -0.010743  -0.010743  165.196725  0.021572  0.024226  166.509793  0.030499  0.023981  180.020004  0.150000
1  -0.009015  -0.009243  165.255722  0.015579  0.000794  166.540108  0.024488  0.000572  180.020004  0.150000
1  -0.009716  -0.009716  165.249062  0.020107  0.018907  166.545724  0.028993  0.018686  166.009995  0.180000
1  -0.010663  -0.010663  165.217422  0.020639  0.019725  166.525228  0.029498  0.019484  166.009995  0.180000
1  -0.010666  -0.010666  165.257257  0.023036  0.027144  166.555377  0.031875  0.026918  166.009995  0.180000
1  -0.009988  -0.009988  165.257268  0.014647  -0.005350  166.548573  0.023462  -0.005582  166.009995  0.180000
1  -0.010448  -0.010660  165.272837  0.018243  0.008839  166.556867  0.027034  0.008610  166.009995  0.180000
1  -0.009919  -0.009919  165.236599  0.018908  0.012614  166.529660  0.027672  0.012370  166.009995  0.180000
1  -0.011477  -0.011477  165.213338  0.002397  -0.049359  166.499361  0.011135  -0.049606  166.009995  0.180000
1  -0.009879  -0.009879  165.225655  0.019441  0.018825  166.516887  0.028159  0.018595  166.009995  0.180000
1  -0.009191  -0.009191  165.118595  0.011052  -0.012978  166.444176  0.019736  -0.013244  166.009995  0.180000
1  -0.010032  -0.010058  165.141429  0.009188  -0.022585  166.462765  0.017852  -0.022830  166.009995  0.180000
1  -0.009691  -0.009691  165.128308  0.017577  0.008373  166.456015  0.026215  0.008124  166.009995  0.180000
1  -0.011092  -0.011092  165.170761  0.010120  -0.022668  166.480267  0.018738  -0.022901  166.009995  0.180000
1  -0.009166  -0.009166  165.132647  0.011718  -0.015875  166.453152  0.020308  -0.016123  113.139999  0.410000
1  -0.008348  -0.008348  165.148452  0.015313  0.001989  166.462527  0.023884  0.001758  113.139999  0.410000
1  -0.010020  -0.009499  165.126415  0.021838  0.030767  166.441453  0.030384  0.030534  113.139999  0.410000
1  -0.010451  -0.010451  165.122030  0.017843  0.014811  166.429568  0.026365  0.014576  113.139999  0.410000
1  -0.009969  -0.009969  165.141085  0.021572  0.028416  166.439173  0.030073  0.028190  113.139999  0.410000
1  -0.012182  -0.012182  165.158163  0.021971  0.025904  166.446630  0.030449  0.025674  113.139999  0.410000
1  -0.009525  -0.009525  165.182187  0.016645  0.003033  166.450558  0.025099  0.002803  113.139999  0.410000
1  -0.010984  -0.010810  165.200234  0.020773  0.023715  166.450690  0.029206  0.023494  113.139999  0.410000
1  -0.008413  -0.008413  165.243538  0.017044  0.010488  166.470712  0.025460  0.010284  35.150002  0.420000
1  -0.009311  -0.009311  165.216927  0.008522  -0.023622  166.454567  0.016913  -0.023842  35.150002  0.420000
1  -0.012304  -0.012304  165.186048  0.013582  -0.004325  166.430201  0.021946  -0.004561  35.150002  0.420000
1  -0.010279  -0.010279  165.206716  0.016645  0.006702  166.444345  0.024987  0.006476  35.150002  0.420000
1  -0.009123  -0.009603  165.176335  0.012251  -0.010653  166.418118  0.020566  -0.010894  35.150002  0.420000
1  -0.010123  -0.010123  165.199668  0.009721  -0.021060  166.441736  0.018017  -0.021283  35.150002  0.420000
1  -0.009045  -0.009045  165.163014  0.016245  0.005772  166.422505  0.024516  0.005539  35.150002  0.420000
1  -0.010247  -0.010247  165.145197  0.017177  0.008386  166.411710  0.025424  0.008151  35.150002  0.420000
1  -0.010548  -0.010548  165.197947  0.018642  0.014862  166.451477  0.026873  0.014654  35.150002  0.420000
1  -0.010092  -0.008516  165.162126  0.010386  -0.018360  166.424738  0.018590  -0.018590  35.150002  0.420000
1  -0.011331  -0.011331  165.223400  0.009587  -0.023283  166.466908  0.017775  -0.023490  36.119999  0.560000
1  -0.008895  -0.008895  165.233535  0.015180  0.001159  166.464057  0.023346  0.000951  36.119999  0.560000
1  -0.010254  -0.010254  165.231862  0.015446  0.002024  166.444898  0.023586  0.001803  36.119999  0.560000
1  -0.010296  -0.010296  165.244351  0.017577  0.009956  166.440343  0.025693  0.009731  36.119999  0.560000
1  -0.009926  -0.009989  165.223043  0.024235  0.036214  166.416072  0.032324  0.035977  36.119999  0.560000
1  -0.009738  -0.009738  165.216485  0.022903  0.029008  166.414101  0.030968  0.028768  36.119999  0.560000
1  -0.010817  -0.010817  165.257919  0.011984  -0.014130  166.456846  0.020034  -0.014341  36.119999  0.560000
1  -0.009113  -0.009113  165.244600  0.019441  0.011465  166.462566  0.027466  0.011241  36.119999  0.560000
1  -0.011014  -0.011014  165.242715  0.020107  0.017399  166.466418  0.028111  0.017184  36.119999  0.560000
1  -0.008983  -0.008600  165.241006  0.015313  -0.001579  166.465554  0.023294  -0.001797  36.119999  0.560000
1  -0.010938  -0.010938  165.203740  0.010386  -0.019904  166.438578  0.018341  -0.020137  38.680000  0.230000
1  -0.010893  -0.010893  165.164106  0.014514  -0.003703  166.405465  0.022440  -0.003954  38.680000  0.230000
1  -0.009053  -0.009053  165.147973  0.017710  0.009842  166.392737  0.025612  0.009596  38.680000  0.230000
1  -0.008938  -0.008938  165.173365  0.024501  0.037306  166.405341  0.032383  0.037075  38.680000  0.230000
1  -0.009888  -0.009648  165.240849  0.022237  0.023647  166.466044  0.030104  0.023441  38.680000  0.230000
1  -0.009557  -0.009557  165.260900  0.009587  -0.029690  166.491735  0.017433  -0.029896  38.680000  0.230000
1  -0.008620  -0.008620  165.248171  0.015713  -0.003318  166.487452  0.023535  -0.003534  38.680000  0.230000
1  -0.007905  -0.007905  165.235051  0.013848  -0.007482  166.467773  0.021646  -0.007708  38.680000  0.230000
1  -0.009492  -0.009492  165.238505  0.012251  -0.016640  166.463911  0.020022  -0.016875  38.680000  0.230000
1  -0.010283  -0.010570  165.220960  0.012783  -0.014502  166.439975  0.020528  -0.014749  38.680000  0.230000
1  -0.008791  -0.008791  165.213474  0.025433  0.038351  166.434472  0.033155  0.038111  86.889999  0.350000
1  -0.010316  -0.010316  165.197331  0.016245  0.003658  166.416060  0.023943  0.003418  86.889999  0.350000
1  -0.010216  -0.010216  165.223649  0.018509  0.009266  166.435473  0.026185  0.009034  86.889999  0.350000
1  -0.010480  -0.010480  165.196997  0.016112  -0.000006  166.410455  0.023762  -0.000247  86.889999  0.350000
1  -0.009709  -0.008836  165.240723  0.017710  0.007436  166.446422  0.025343  0.007223  86.889999  0.350000
1  -0.010221  -0.010221  165.204866  0.009454  -0.026088  166.412450  0.017059  -0.026323  86.889999  0.350000
1  -0.009801  -0.009801  165.208189  0.015579  -0.002448  166.412168  0.023160  -0.002682  86.889999  0.350000
1  -0.010829  -0.010829  165.206468  0.013715  -0.010555  166.415060  0.021274  -0.010786  86.889999  0.350000
1  -0.007310  -0.007310  165.166817  0.014914  -0.004142  166.383519  0.022445  -0.004387  86.889999  0.350000
1  -0.010996  -0.010822  165.170731  0.008123  -0.032131  166.383223  0.015630  -0.032370  86.889999  0.350000
1  -0.008582  -0.008582  165.139005  0.014647  -0.005144  166.351428  0.022127  -0.005394  86.889999  0.350000
1  -0.009842  -0.009842  165.117566  0.014514  -0.005598  166.338813  0.021970  -0.005845  86.889999  0.350000
1  -0.009763  -0.009763  165.137916  0.016645  0.003708  166.356071  0.024081  0.003480  2.450000  0.220000
1  -0.010058  -0.010058  165.129527  0.023036  0.033058  166.335647  0.030449  0.032832  2.450000  0.220000
1  -0.011189  -0.010735  165.148860  0.022903  0.031127  166.348272  0.030296  0.030909  2.450000  0.220000
1  -0.010598  -0.010598  165.159256  0.013848  -0.007288  166.355567  0.021219  -0.007506  2.450000  0.220000
1  -0.008993  -0.008993  165.140066  0.014381  -0.003505  166.344230  0.021729  -0.003727  2.450000  0.220000
1  -0.010930  -0.010930  165.156737  0.018109  0.010923  166.361664  0.025438  0.010710  2.450000  0.220000
1  -0.009249  -0.009249  165.130522  0.004794  -0.045779  166.340702  0.012095  -0.046011  2.450000  0.220000
1  -0.009470  -0.009308  165.121367  0.016378  0.001993  166.335320  0.023657  0.001764  2.450000  0.220000
1  -0.009783  -0.009783  165.084283  0.019707  0.017427  166.311088  0.026961  0.017192  2.450000  0.220000
1  -0.008998  -0.008998  165.068779  0.002131  -0.051806  166.299817  0.009361  -0.052040  37.700001  0.390000
1  -0.010132  -0.010132  165.086870  0.018509  0.011789  166.300048  0.025717  0.011554  37.700001  0.390000
1  -0.009731  -0.009731  165.125583  0.013582  -0.007238  166.316408  0.020771  -0.007455  37.700001  0.390000
1  -0.009737  -0.008658  165.141633  0.014914  -0.001152  166.332539  0.022084  -0.001359  37.700001  0.390000
1  -0.010206  -0.010206  165.120083  0.012916  -0.009464  166.312658  0.020062  -0.009686  37.700001  0.390000
1  -0.009229  -0.009229  165.143911  0.013449  -0.006164  166.318665  0.020575  -0.006376  37.700001  0.390000
1  -0.009520  -0.009520  165.157351  0.012117  -0.012984  166.326162  0.019222  -0.013196  37.700001  0.390000
1  -0.011529  -0.011529  165.160010  0.011585  -0.012761  166.318518  0.018668  -0.012974  37.700001  0.390000
1  -0.009277  -0.009154  165.190724  0.022371  0.023186  166.341105  0.029432  0.022972  37.700001  0.390000
1  -0.011789  -0.011789  165.242029  0.012650  -0.015747  166.368947  0.019693  -0.015950  5.680000  0.320000
1  -0.008454  -0.008454  165.236223  0.020906  0.019657  166.362667  0.027927  0.019449  5.680000  0.320000
1  -0.010095  -0.010095  165.214663  0.018775  0.011598  166.350991  0.025772  0.011379  5.680000  0.320000
1  -0.009951  -0.009951  165.229481  0.019441  0.015025  166.352591  0.026417  0.014808  5.680000  0.320000
1  -0.009419  -0.009593  165.242651  0.018376  0.009561  166.362051  0.025330  0.009346  5.680000  0.320000
1  -0.008462  -0.008462  165.234465  0.015979  0.003026  166.356108  0.022912  0.002814  5.680000  0.320000
1  -0.011000  -0.011000  165.180840  0.019574  0.016716  166.315126  0.026479  0.016479  5.680000  0.320000
1  -0.007738  -0.007738  165.167084  0.022637  0.029093  166.298868  0.029517  0.028857  5.680000  0.320000
1  -0.009993  -0.009993  165.190820  0.015446  0.001329  166.314591  0.022308  0.001111  5.680000  0.320000
1  -0.009078  -0.009013  165.195863  0.012251  -0.010836  166.313652  0.019092  -0.011049  5.680000  0.320000
1  -0.009662  -0.009662  165.183468  0.020107  0.021196  166.308245  0.026926  0.020984  5.680000  0.320000
1  -0.011674  -0.011674  165.163313  0.027297  0.049079  166.291843  0.034092  0.048857  355.529999  0.470000
1  -0.008010  -0.008010  165.168152  0.008788  -0.022898  166.289165  0.015564  -0.023112  355.529999  0.470000
1  -0.008910  -0.008910  165.110489  0.019574  0.023008  166.241011  0.026323  0.022777  355.529999  0.470000
1  -0.009840  -0.010060  165.123237  0.009321  -0.020038  166.247620  0.016049  -0.020258  355.529999  0.470000
1  -0.008822  -0.008822  165.093056  0.006924  -0.030597  166.221971  0.013627  -0.030830  355.529999  0.470000
