1  0.000000  0.000000  0.003030  0.030305  0.048488  0.000000  0.000000  0.000000 
1  0.003030  0.003030  0.008997  0.059669  0.085773  0.000000  0.000000  0.000000 
1  0.008997  0.008997  0.017800  0.088027  0.113991  0.000000  0.000000  0.000000 
1  0.017800  0.017800  0.029344  0.115438  0.135050  0.000000  0.000000  0.000000 
1  0.029344  0.029344  0.043539  0.141956  0.150469  0.000000  0.000000  0.000000 
1  0.043539  0.043539  0.060298  0.167590  0.161391  0.000000  0.000000  0.000000 
1  0.060298  0.060298  0.079537  0.192382  0.168780  0.000000  0.000000  0.000000 
1  0.079537  0.079537  0.101172  0.216355  0.173379  0.000000  0.000000  0.000000 
1  0.101172  0.101172  0.125124  0.239523  0.175773  0.000000  0.000000  0.000000 
1  0.125124  0.125124  0.151316  0.261920  0.176453  0.000000  0.000000  0.000000 
1  0.151316  0.151316  0.179671  0.283547  0.175766  0.000000  0.000000  0.000000 
1  0.179671  0.179671  0.210122  0.304508  0.174150  0.000000  0.000000  0.000000 
1  0.210122  0.210122  0.242596  0.324739  0.171690  0.000000  0.000000  0.000000 
1  0.242596  0.242596  0.277023  0.344276  0.168611  0.000000  0.000000  0.000000 
1  0.277023  0.277023  0.313340  0.363165  0.165111  0.000000  0.000000  0.000000 
1  0.313340  0.313340  0.351485  0.381456  0.161355  0.000000  0.000000  0.000000 
1  0.351485  0.351485  0.391398  0.399129  0.157360  0.000000  0.000000  0.000000 
1  0.391398  0.391398  0.433017  0.416188  0.153183  0.000000  0.000000  0.000000 
1  0.433017  0.433017  0.476286  0.432693  0.148955  0.000000  0.000000  0.000000 
1  0.476286  0.476286  0.521146  0.448598  0.144611  0.000000  0.000000  0.000000 
1  0.521146  0.521146  0.567548  0.464023  0.140369  0.000000  0.000000  0.000000 
1  0.567548  0.567548  0.615443  0.478942  0.136165  0.000000  0.000000  0.000000 
1  0.615443  0.615443  0.664777  0.493343  0.131974  0.000000  0.000000  0.000000 
1  0.664777  0.664777  0.715506  0.507291  0.127897  0.000000  0.000000  0.000000 
1  0.715506  0.715506  0.767583  0.520771  0.123885  0.000000  0.000000  0.000000 
1  0.767583  0.767583  0.820961  0.533782  0.119925  0.000000  0.000000  0.000000 
1  0.820961  0.820961  0.875596  0.546346  0.116042  0.000000  0.000000  0.000000 
1  0.875596  0.875596  0.931444  0.558486  0.112258  0.000000  0.000000  0.000000 
1  0.931444  0.931444  0.988466  0.570212  0.108568  0.000000  0.000000  0.000000 
1  0.988466  0.988466  1.046624  0.581582  0.105046  0.000000  0.000000  0.000000 
1  1.046624  1.046624  1.105880  0.592562  0.101606  0.000000  0.000000  0.000000 
1  1.105880  1.105880  1.166200  0.603197  0.098301  0.000000  0.000000  0.000000 
1  1.166200  1.166200  1.227546  0.613469  0.095075  0.000000  0.000000  0.000000 
1  1.227546  1.227546  1.289885  0.623382  0.091922  0.000000  0.000000  0.000000 
1  1.289885  1.289885  1.353181  0.632960  0.088861  0.000000  0.000000  0.000000 
1  1.353181  1.353181  1.417404  0.642235  0.085930  0.000000  0.000000  0.000000 
1  1.417404  1.417404  1.482528  0.651240  0.083151  0.000000  0.000000  0.000000 
1  1.482528  1.482528  1.548521  0.659925  0.080416  0.000000  0.000000  0.000000 
1  1.548521  1.548521  1.615354  0.668337  0.077793  0.000000  0.000000  0.000000 
1  1.615354  1.615354  1.683000  0.676456  0.075224  0.000000  0.000000  0.000000 
1  1.683000  1.683000  1.751426  0.684264  0.072673  0.000000  0.000000  0.000000 
1  1.751426  1.751426  1.820608  0.691813  0.070216  0.000000  0.000000  0.000000 
1  1.820608  1.820608  1.890517  0.699090  0.067817  0.000000  0.000000  0.000000 
