1  -0.365557  -0.365903  66.983016  0.028230  0.264126  9.650676  0.033921  0.267579  357.950012  0.310000
1  -0.366212  -0.366212  70.737945  0.011851  -0.039175  10.283201  0.017921  -0.035589  358.040009  0.310000
1  -0.365967  -0.365967  74.352896  0.004661  -0.136290  10.931469  0.011126  -0.132608  358.130005  0.310000
1  -0.367717  -0.367717  77.681267  0.016112  0.044038  11.615568  0.022982  0.047827  358.220001  0.310000
1  -0.367888  -0.367888  80.753250  0.014514  0.024722  12.301189  0.021792  0.028533  358.309998  0.310000
1  -0.366997  -0.365161  83.740180  0.008256  -0.050416  12.995687  0.015947  -0.046553  358.399994  0.310000
1  -0.365073  -0.365073  86.765641  0.009721  -0.054251  13.744924  0.017848  -0.050282  358.500000  0.310000
1  -0.366273  -0.366273  89.424376  0.009721  -0.043336  14.489084  0.018278  -0.039249  358.589996  0.320000
1  -0.368038  -0.368038  91.983713  0.010786  -0.043993  15.266279  0.019789  -0.039802  358.700012  0.320000
1  -0.368185  -0.368185  94.439252  0.019574  0.113231  16.082959  0.029045  0.117530  358.809998  0.320000
1  -0.367940  -0.368215  96.820274  0.005992  -0.146298  16.878250  0.015918  -0.141985  358.920013  0.320000
1  -0.366057  -0.366057  98.915982  0.001465  -0.257527  17.680878  0.011836  -0.253204  359.029999  0.330000
1  -0.366282  -0.366282  100.914939  0.021572  0.149522  18.517064  0.032416  0.153972  359.149994  0.330000
1  -0.367631  -0.367631  102.879925  0.010253  -0.085402  19.386869  0.021581  -0.081028  359.260010  0.330000
1  -0.367867  -0.367867  104.654901  0.018775  0.056442  20.250117  0.030574  0.060869  359.380005  0.330000
1  -0.368015  -0.367856  106.258321  0.014248  0.029468  21.109536  0.026525  0.033969  359.489990  0.330000
1  -0.366029  -0.366029  107.823050  0.021438  0.121911  22.008459  0.034202  0.126471  359.600006  0.330000
1  -0.366899  -0.366899  109.237993  0.002131  -0.207888  22.885922  0.015375  -0.203394  359.709991  0.340000
1  -0.365483  -0.365483  110.523797  0.017577  0.118920  23.741099  0.031291  0.123455  359.809998  0.340000
1  -0.368709  -0.368709  111.754755  0.004661  -0.168837  24.644939  0.018861  -0.164288  359.910004  0.340000
1  -0.369687  -0.369132  112.854210  0.011984  -0.044778  25.578161  0.026679  -0.040262  0.000000  0.340000
1  -0.367415  -0.367415  113.965926  0.011718  0.001334  26.449914  0.026885  0.005901  0.100000  0.340000
1  -0.365593  -0.365593  114.937876  0.010919  -0.019952  27.375061  0.026577  -0.015490  0.200000  0.340000
1  -0.367120  -0.367120  115.871219  0.012384  -0.067174  28.304594  0.028521  -0.062658  0.300000  0.340000
1  -0.368158  -0.368158  116.766053  0.012251  -0.041821  29.226519  0.028869  -0.037314  0.400000  0.340000
1  -0.370267  -0.370089  117.609428  0.011585  -0.040695  30.146480  0.028684  -0.036193  0.500000  0.340000
1  -0.368445  -0.368445  118.349195  0.003862  -0.182604  31.073276  0.021440  -0.178098  0.600000  0.340000
1  -0.364778  -0.364778  119.041529  0.008522  -0.093685  31.999172  0.026579  -0.089173  0.700000  0.340000
1  -0.366569  -0.366569  119.703894  0.005726  -0.133845  32.911475  0.024256  -0.129383  0.800000  0.340000
1  -0.366907  -0.366907  120.329351  0.007457  -0.112028  33.825558  0.026458  -0.107599  0.900000  0.340000
1  -0.368750  -0.368871  120.902757  0.012384  -0.014971  34.759978  0.031864  -0.010561  0.990000  0.340000
1  -0.368439  -0.368439  121.379345  0.023436  0.197603  35.683836  0.043385  0.201976  1.080000  0.340000
1  -0.363824  -0.363824  121.772603  0.007989  -0.061402  36.593242  0.028404  -0.057106  1.170000  0.340000
1  -0.365803  -0.365803  122.211360  0.008389  -0.150773  37.533677  0.029269  -0.146420  1.270000  0.340000
1  -0.364407  -0.364407  122.612048  0.013449  -0.076635  38.469436  0.034791  -0.072335  1.370000  0.340000
1  -0.367097  -0.367322  122.969791  0.014781  0.035964  39.377144  0.036583  0.040252  1.470000  0.340000
1  -0.369256  -0.369256  123.326565  0.011718  0.019352  40.285281  0.033978  0.023597  1.590000  0.340000
1  -0.366735  -0.366735  123.642559  0.018775  0.176778  41.170337  0.041486  0.180996  1.700000  0.340000
1  -0.365455  -0.365455  123.956958  0.016112  0.045140  42.079019  0.039270  0.049296  1.820000  0.340000
1  -0.366494  -0.366494  124.220804  0.019574  0.112888  43.007101  0.043187  0.117030  1.940000  0.340000
1  -0.368439  -0.368023  124.465096  0.018908  0.118571  43.915837  0.042970  0.122733  2.070000  0.340000
1  -0.368169  -0.368169  124.687132  0.008788  -0.089928  44.822754  0.033293  -0.085818  2.200000  0.340000
1  -0.368050  -0.368050  124.907320  0.012916  0.012833  45.723724  0.037863  0.016940  2.330000  0.340000
1  -0.364421  -0.364421  125.089523  0.014781  0.023525  46.632119  0.040170  0.027591  2.460000  0.340000
1  -0.367075  -0.367075  125.291548  0.011851  -0.027791  47.529842  0.037675  -0.023720  2.590000  0.340000
1  -0.368556  -0.368457  125.495989  0.015979  0.042015  48.440315  0.042239  0.046091  2.730000  0.340000
1  -0.367812  -0.367812  125.637507  0.010653  0.004173  49.324179  0.037343  0.008196  2.870000  0.340000
1  -0.368622  -0.368622  125.781060  0.017710  0.107677  50.213832  0.044828  0.111650  3.010000  0.340000
1  -0.366737  -0.366737  125.964287  0.017444  0.071159  51.108265  0.044988  0.075128  3.140000  0.350000
1  -0.366267  -0.366267  126.127260  0.011984  -0.048912  52.015151  0.039956  -0.044984  3.280000  0.350000
1  -0.367692  -0.365013  126.222389  0.016112  0.120956  52.883584  0.044506  0.124907  3.420000  0.350000
1  -0.369058  -0.369058  126.321187  0.010253  -0.036619  53.763281  0.039062  -0.032741  3.560000  0.350000
1  -0.370897  -0.370897  126.423370  0.018243  0.077742  54.659173  0.047468  0.081593  3.700000  0.350000
1  -0.367926  -0.367926  126.528085  0.009454  -0.101812  55.541665  0.039092  -0.098005  3.840000  0.340000
1  -0.364966  -0.364966  126.596204  0.013049  0.014044  56.413761  0.043096  0.017892  3.990000  0.340000
1  -0.366035  -0.366338  126.756706  0.012517  -0.006401  57.295799  0.042974  -0.002563  4.140000  0.340000
1  -0.368038  -0.368038  126.856374  0.013049  0.021005  58.173368  0.043915  0.024831  4.280000  0.340000
1  -0.368505  -0.368505  126.944325  0.014914  0.050855  59.043159  0.046179  0.054599  4.430000  0.340000
1  -0.367547  -0.367547  127.052576  0.018109  0.114795  59.909544  0.049775  0.118527  4.570000  0.340000
1  -0.363934  -0.363934  127.117053  0.021172  0.151520  60.778835  0.053234  0.155239  4.720000  0.340000
1  -0.366670  -0.366332  127.207170  0.013982  -0.002227  61.652056  0.046435  0.001399  4.860000  0.340000
1  -0.370143  -0.370143  127.258642  0.007856  -0.036331  62.503014  0.040703  -0.032704  5.000000  0.340000
1  -0.368580  -0.368580  127.331530  0.015579  0.003474  63.373447  0.048808  0.007092  5.150000  0.340000
1  -0.367646  -0.367646  127.368446  0.012517  -0.007567  64.212820  0.046125  -0.003993  5.290000  0.340000
1  -0.367112  -0.367112  127.430253  0.016645  0.074642  65.060389  0.050632  0.078216  5.440000  0.340000
1  -0.365476  -0.365522  127.445438  0.009587  -0.058300  65.905664  0.043951  -0.054820  5.590000  0.340000
1  -0.367690  -0.367690  127.479967  0.016911  0.073649  66.743383  0.051644  0.077106  5.730000  0.340000
1  -0.369283  -0.369283  127.504337  0.019841  0.166317  67.566616  0.054937  0.169726  5.870000  0.340000
1  -0.370071  -0.370071  127.549356  0.014647  0.020262  68.404253  0.050110  0.023695  6.010000  0.340000
1  -0.366781  -0.366781  127.569037  0.011185  -0.016044  69.220153  0.047006  -0.012689  6.150000  0.340000
1  -0.364539  -0.365061  127.582943  0.013183  -0.003296  70.042585  0.049361  0.000080  6.280000  0.340000
1  -0.368006  -0.368006  127.619529  0.019574  0.136997  70.882528  0.056115  0.140306  6.410000  0.340000
1  -0.369333  -0.369333  127.620775  0.006125  -0.091857  71.677012  0.043013  -0.088564  6.530000  0.340000
1  -0.368785  -0.368785  127.646920  0.000932  -0.206411  72.490272  0.038170  -0.203201  6.660000  0.340000
1  -0.367243  -0.367243  127.685419  0.015047  0.006132  73.295945  0.052624  0.009334  6.780000  0.340000
1  -0.365851  -0.364791  127.728470  0.008256  -0.082919  74.122256  0.046185  -0.079720  6.890000  0.340000
1  -0.366044  -0.366044  127.733022  0.013316  0.062074  74.901156  0.051579  0.065225  7.010000  0.340000
1  -0.370520  -0.370520  127.747950  0.013049  0.003425  75.688249  0.051644  0.006523  7.120000  0.340000
1  -0.368647  -0.368647  127.748647  0.005726  -0.087512  76.469424  0.044649  -0.084455  7.240000  0.340000
1  -0.368613  -0.368613  127.755830  0.002796  -0.153276  77.247315  0.042048  -0.150239  7.350000  0.340000
1  -0.366322  -0.366732  127.764788  0.007324  -0.067595  78.036153  0.046901  -0.064547  7.460000  0.340000
1  -0.366003  -0.366003  127.761088  0.011718  -0.033185  78.815514  0.051614  -0.030224  7.570000  0.340000
1  -0.367854  -0.367854  127.744608  0.016512  0.068363  79.588732  0.056722  0.071299  7.670000  0.340000
1  -0.369526  -0.369526  127.770495  0.017577  0.062151  80.359398  0.058097  0.065058  7.780000  0.340000
1  -0.366279  -0.366279  127.746147  0.011984  0.050051  81.102174  0.052811  0.052946  7.890000  0.340000
1  -0.365909  -0.366579  127.728038  0.010120  -0.045709  81.859756  0.051250  -0.042868  8.000000  0.340000
1  -0.365211  -0.365211  127.670554  0.013582  0.082454  82.594666  0.055011  0.085289  8.110000  0.340000
1  -0.369219  -0.369219  127.649653  0.005326  -0.053240  83.316955  0.047053  -0.050431  8.230000  0.340000
1  -0.369900  -0.369900  127.632901  0.013848  0.048226  84.069253  0.055874  0.050971  8.340000  0.330000
1  -0.367555  -0.367555  127.639128  0.009854  -0.036313  84.802686  0.052166  -0.033592  8.460000  0.330000
1  -0.365126  -0.365106  127.662249  0.001997  -0.182599  85.534263  0.044598  -0.179919  8.580000  0.330000
1  -0.370488  -0.370488  127.662907  -0.000666  -0.212730  86.259152  0.042218  -0.210047  8.690000  0.330000
1  -0.368368  -0.368368  127.681589  0.011984  0.041395  86.976815  0.055150  0.044028  8.810000  0.330000
1  -0.367406  -0.367406  127.706527  0.007856  -0.047256  87.693378  0.051300  -0.044642  8.920000  0.330000
1  -0.369487  -0.369487  127.725805  0.013982  0.031007  88.420112  0.057701  0.033543  9.030000  0.330000
1  -0.361288  -0.362542  127.732876  0.013715  0.039781  89.131787  0.057704  0.042290  9.140000  0.330000
1  -0.366923  -0.366923  127.762898  0.008389  -0.041130  89.836418  0.052645  -0.038666  9.250000  0.330000
1  -0.368738  -0.368738  127.752560  0.011718  0.002738  90.534678  0.056234  0.005165  9.350000  0.330000
1  -0.368435  -0.368435  127.788775  0.032757  0.378043  91.239788  0.077534  0.380472  9.450000  0.330000
1  -0.368023  -0.368023  127.803927  0.012783  0.034176  91.949498  0.057819  0.036533  9.550000  0.330000
1  -0.366602  -0.366602  127.800517  0.018908  0.156406  92.633663  0.064193  0.158738  9.650000  0.330000
1  -0.365821  -0.365821  127.785738  0.017976  0.096712  93.326473  0.063505  0.098997  9.750000  0.330000
1  -0.366937  -0.366937  127.815540  0.010120  -0.059506  94.014727  0.055891  -0.057251  9.850000  0.330000
1  -0.368871  -0.368871  127.815604  0.007590  -0.078557  94.683327  0.053597  -0.076340  9.950000  0.330000
1  -0.370220  -0.370220  127.804205  0.021971  0.187418  95.354284  0.068208  0.189579  10.060000  0.330000
1  -0.367077  -0.367420  127.791444  0.005326  -0.084835  96.002189  0.051791  -0.082724  10.160000  0.330000
1  -0.364777  -0.364777  127.802942  0.011052  -0.022892  96.663828  0.057744  -0.020780  10.270000  0.330000
1  -0.366450  -0.366450  127.804397  0.005992  -0.111428  97.317857  0.052903  -0.109358  10.370000  0.330000
1  -0.368767  -0.368767  127.802550  0.006125  -0.130811  97.975837  0.053251  -0.128798  10.480000  0.330000
1  -0.368728  -0.368728  127.821873  0.022371  0.170920  98.627222  0.069710  0.172903  10.580000  0.330000
1  -0.367311  -0.367311  127.788451  0.009321  -0.053578  99.263304  0.056864  -0.051663  10.670000  0.330000
1  -0.362285  -0.362285  127.803627  0.015579  0.054805  99.896837  0.063325  0.056721  10.770000  0.330000
1  -0.365130  -0.365130  127.807423  0.013582  0.038697  100.522777  0.061529  0.040576  10.860000  0.330000
1  -0.367457  -0.367457  127.834154  0.004261  -0.123448  101.143853  0.052403  -0.121600  10.940000  0.330000
1  -0.368659  -0.368659  127.845505  0.001332  -0.150973  101.748835  0.049665  -0.149191  11.030000  0.330000
1  -0.368817  -0.368405  127.850022  0.016112  0.073757  102.358765  0.064632  0.075523  11.110000  0.330000
1  -0.366739  -0.366739  127.837876  0.006924  -0.063496  102.968649  0.055630  -0.061775  11.180000  0.330000
1  -0.365328  -0.365328  127.828068  0.010253  -0.031096  103.567276  0.059136  -0.029429  11.260000  0.330000
1  -0.366195  -0.366195  127.823142  0.012783  -0.003635  104.166124  0.061840  -0.001975  11.330000  0.330000
1  -0.368121  -0.368121  127.828033  0.010786  -0.047089  104.769902  0.060016  -0.045475  11.390000  0.330000
1  -0.369573  -0.371593  127.851267  0.005726  -0.125639  105.364812  0.055126  -0.124050  11.450000  0.330000
1  -0.367276  -0.367276  127.849631  0.015713  0.057405  105.957793  0.065276  0.058944  11.510000  0.330000
1  -0.364218  -0.364218  127.869956  0.000932  -0.226621  106.535627  0.050655  -0.225134  11.560000  0.330000
1  -0.366437  -0.366437  127.840352  0.009854  -0.029699  107.099428  0.059728  -0.028283  11.620000  0.330000
1  -0.367643  -0.367643  127.844808  0.007590  -0.044537  107.659234  0.057617  -0.043130  11.670000  0.330000
1  -0.367481  -0.367606  127.893342  0.013848  0.027085  108.225748  0.064026  0.028494  11.730000  0.330000
1  -0.368060  -0.368060  127.926935  0.012517  -0.007081  108.796217  0.062840  -0.005706  11.780000  0.330000
1  -0.365408  -0.365408  127.923576  0.009854  -0.027535  109.347197  0.060313  -0.026279  11.840000  0.330000
1  -0.366567  -0.366567  127.892709  0.010919  -0.061365  109.897439  0.061509  -0.060175  11.900000  0.330000
1  -0.364885  -0.364885  127.895645  0.017311  0.085195  110.439793  0.068029  0.086354  11.960000  0.330000
1  -0.367929  -0.368225  127.888459  0.011851  0.026055  110.971717  0.062694  0.027207  12.020000  0.330000
1  -0.368338  -0.368338  127.876077  0.007723  -0.049365  111.500060  0.058686  -0.048240  12.080000  0.330000
1  -0.367698  -0.367698  127.850733  0.005726  -0.057453  112.005337  0.056804  -0.056351  12.150000  0.330000
1  -0.364621  -0.364621  127.900836  0.018642  0.106603  112.538875  0.069838  0.107687  12.210000  0.330000
1  -0.366595  -0.366595  127.895992  0.019974  0.128156  113.059338  0.071274  0.129123  12.270000  0.330000
1  -0.368265  -0.368620  127.930088  0.019841  0.114248  113.584624  0.071249  0.115242  12.340000  0.330000
1  -0.367180  -0.367180  127.930261  0.015047  0.055720  114.086962  0.066556  0.056660  12.410000  0.330000
1  -0.367413  -0.367413  127.934302  -0.002397  -0.258958  114.564418  0.049205  -0.258055  12.470000  0.330000
1  -0.364169  -0.364169  127.906235  0.014781  0.120715  115.065042  0.066479  0.121566  12.530000  0.330000
1  -0.365294  -0.365294  127.919250  0.012117  0.010721  115.546081  0.063903  0.011548  12.590000  0.330000
1  -0.365797  -0.366204  127.875760  0.014781  0.102425  116.008971  0.066646  0.103179  12.650000  0.330000
1  -0.367661  -0.367661  127.847752  0.017976  0.124450  116.484736  0.069917  0.125169  12.710000  0.330000
1  -0.369095  -0.369095  127.844752  0.008256  -0.025831  116.946769  0.060274  -0.025113  12.760000  0.330000
1  -0.367187  -0.367187  127.873038  0.006924  -0.064175  117.410222  0.059017  -0.063489  12.810000  0.330000
1  -0.366071  -0.366071  127.827700  0.002131  -0.158155  117.853073  0.054286  -0.157583  12.860000  0.330000
1  -0.366141  -0.366799  127.844471  0.001332  -0.176727  118.309041  0.053555  -0.176104  12.910000  0.330000
1  -0.368153  -0.368153  127.831673  0.010919  0.002599  118.746509  0.063200  0.003160  12.960000  0.330000
1  -0.369254  -0.369254  127.794341  0.012783  0.102866  119.156893  0.065118  0.103383  13.010000  0.330000
1  -0.367753  -0.367691  127.812870  0.012251  0.053199  119.587475  0.064637  0.053682  13.050000  0.330000
1  -0.365056  -0.365056  127.824504  0.011851  0.054697  120.001190  0.064289  0.055181  13.100000  0.330000
1  -0.365960  -0.365960  127.805275  0.009987  0.017128  120.413104  0.062467  0.017516  13.140000  0.330000
1  -0.366872  -0.366872  127.789422  0.009454  0.010171  120.819519  0.061974  0.010524  13.180000  0.330000
1  -0.367829  -0.367829  127.816660  0.013049  0.046856  121.230939  0.065609  0.047239  13.230000  0.330000
1  -0.367697  -0.367536  127.793379  0.009321  0.001104  121.618370  0.061911  0.001379  13.270000  0.330000
1  -0.363634  -0.363634  127.757584  0.006924  -0.045149  122.009313  0.059537  -0.044917  13.310000  0.330000
1  -0.364709  -0.364709  127.711688  0.011718  0.044946  122.377845  0.064349  0.045105  13.350000  0.330000
1  -0.364996  -0.364996  127.694341  0.015713  0.128190  122.757541  0.068363  0.128338  13.390000  0.330000
1  -0.366887  -0.366887  127.717147  0.012916  0.080356  123.138655  0.065590  0.080570  13.430000  0.330000
1  -0.369140  -0.368788  127.725336  0.006258  -0.053408  123.517010  0.058948  -0.053260  13.470000  0.330000
1  -0.367302  -0.367302  127.735189  -0.003595  -0.217765  123.880850  0.049107  -0.217629  13.520000  0.330000
1  -0.366790  -0.366790  127.722999  0.019175  0.223519  124.241750  0.071884  0.223589  13.560000  0.330000
1  -0.366069  -0.366069  127.696735  0.005193  -0.103642  124.604178  0.057903  -0.103623  13.600000  0.330000
1  -0.368062  -0.368062  127.736352  0.013715  0.033603  124.984453  0.066433  0.033648  13.640000  0.330000
1  -0.367970  -0.370461  127.756461  0.007856  -0.069130  125.354128  0.060573  -0.069164  13.680000  0.330000
1  -0.367271  -0.367271  127.752487  -0.000000  -0.217716  125.708020  0.052709  -0.217785  13.720000  0.330000
1  -0.366247  -0.366247  127.760287  0.012517  0.007509  126.067767  0.065217  0.007418  13.750000  0.330000
1  -0.365406  -0.365406  127.793059  -0.001465  -0.190475  126.409417  0.051228  -0.190545  13.790000  0.330000
1  -0.366885  -0.366885  127.784721  0.016645  0.064035  126.764604  0.069317  0.063837  13.830000  0.330000
1  -0.367859  -0.367239  127.785609  0.009055  -0.078059  127.105391  0.061706  -0.078260  13.880000  0.330000
1  -0.369286  -0.369286  127.807800  0.003595  -0.175639  127.437698  0.056225  -0.175840  13.920000  0.330000
1  -0.368877  -0.368877  127.810850  0.009188  -0.036096  127.762265  0.061791  -0.036345  13.960000  0.330000
1  -0.366000  -0.366000  127.829339  0.014914  0.045631  128.089195  0.067485  0.045337  14.000000  0.330000
1  -0.362324  -0.362324  127.802153  0.007989  -0.033368  128.386436  0.060524  -0.033704  14.040000  0.330000
1  -0.366666  -0.366666  127.828315  0.011585  0.034961  128.704279  0.064083  0.034629  14.080000  0.330000
1  -0.368459  -0.368459  127.827455  0.009321  -0.020201  129.009511  0.061782  -0.020556  14.120000  0.330000
1  -0.366988  -0.366988  127.849781  0.010919  0.046864  129.309709  0.063344  0.046520  14.160000  0.330000
1  -0.368125  -0.368125  127.864456  0.005859  -0.077192  129.597650  0.058242  -0.077592  14.200000  0.330000
1  -0.366471  -0.366471  127.824130  0.007989  0.003436  129.868433  0.060318  0.002951  14.230000  0.330000
1  -0.365565  -0.365864  127.820736  0.019841  0.158045  130.157582  0.072119  0.157583  14.270000  0.340000
1  -0.366222  -0.366222  127.797999  0.014914  0.102781  130.438035  0.067133  0.102245  14.310000  0.340000
1  -0.368130  -0.368130  127.790090  0.015713  0.105710  130.709950  0.067875  0.105164  14.340000  0.340000
1  -0.369569  -0.371194  127.785349  -0.006258  -0.345119  130.971303  0.045846  -0.345700  14.380000  0.340000
1  -0.367033  -0.367033  127.768372  0.007856  -0.088427  131.254232  0.059892  -0.089041  14.410000  0.340000
1  -0.364378  -0.364378  127.751375  0.019175  0.176217  131.500884  0.071140  0.175602  14.450000  0.340000
1  -0.366633  -0.366633  127.771690  -0.001997  -0.223150  131.759630  0.049904  -0.223757  14.480000  0.340000
1  -0.368376  -0.368376  127.778490  0.006791  -0.083449  132.014319  0.058624  -0.084116  14.520000  0.340000
1  -0.368207  -0.368224  127.796251  0.014248  0.060684  132.278006  0.066011  0.060018  14.550000  0.340000
1  -0.368594  -0.368594  127.797384  0.009188  -0.074344  132.532989  0.060873  -0.075047  14.580000  0.340000
1  -0.365689  -0.365689  127.784497  0.005859  -0.022044  132.750642  0.057467  -0.022768  14.610000  0.340000
1  -0.366795  -0.366795  127.749085  0.011052  0.017995  132.949442  0.062585  0.017197  14.630000  0.340000
1  -0.363046  -0.363046  127.723949  -0.003995  -0.246721  133.200381  0.047436  -0.247497  14.650000  0.340000
1  -0.367019  -0.367345  127.747515  0.013582  0.028380  133.439313  0.064931  0.027592  14.670000  0.340000
1  -0.369152  -0.369152  127.770924  0.010919  0.005326  133.671850  0.062183  0.004556  14.680000  0.340000
1  -0.367150  -0.367150  127.762415  0.011851  0.015529  133.890374  0.063020  0.014691  14.690000  0.340000
1  -0.365957  -0.365957  127.756908  0.007856  -0.038736  134.103422  0.058931  -0.039599  14.690000  0.340000
1  -0.366351  -0.366351  127.776647  0.018509  0.133046  134.332937  0.069493  0.132199  14.700000  0.340000
1  -0.365919  -0.365830  127.781035  0.010919  -0.016150  134.552539  0.061805  -0.017069  14.690000  0.340000
1  -0.367587  -0.367587  127.793545  0.006791  -0.097132  134.765791  0.057581  -0.098047  14.690000  0.340000
1  -0.367680  -0.367680  127.801265  0.026898  0.348781  134.967899  0.077590  0.347924  14.680000  0.340000
1  -0.368015  -0.368015  127.783857  0.013848  0.082766  135.162606  0.064435  0.081802  14.670000  0.340000
1  -0.366132  -0.366132  127.775584  0.014647  0.146105  135.338039  0.065132  0.145135  14.660000  0.340000
1  -0.362416  -0.362672  127.775596  0.008123  0.003719  135.525887  0.058500  0.002714  14.650000  0.340000
1  -0.367090  -0.367090  127.799786  0.015713  0.056051  135.733933  0.065981  0.055078  14.640000  0.340000
1  -0.369069  -0.369069  127.787683  0.011318  0.007180  135.918493  0.061472  0.006157  14.620000  0.340000
1  -0.368370  -0.368168  127.807441  0.014115  0.059056  136.109026  0.064158  0.058013  14.610000  0.340000
1  -0.367701  -0.367701  127.768970  0.010519  -0.002242  136.280531  0.060441  -0.003397  14.590000  0.340000
1  -0.364790  -0.364790  127.776325  0.011318  0.021022  136.451009  0.061125  0.019964  14.570000  0.340000
1  -0.365618  -0.365602  127.758242  0.015180  0.130118  136.616509  0.064867  0.129044  14.560000  0.340000
1  -0.366063  -0.366063  127.756839  0.018509  0.118158  136.796197  0.068074  0.117008  14.550000  0.340000
1  -0.367242  -0.367242  127.719202  -0.000266  -0.158635  136.935368  0.049171  -0.159802  14.540000  0.340000
1  -0.369074  -0.369074  127.730757  0.012117  0.013315  137.106544  0.061431  0.012147  14.540000  0.340000
1  -0.367989  -0.367989  127.747488  0.007590  -0.009754  137.259537  0.056783  -0.010881  14.550000  0.340000
1  -0.365073  -0.365073  127.729603  0.009987  0.054991  137.394903  0.059053  0.053810  14.560000  0.340000
1  -0.366761  -0.366761  127.733306  0.016112  0.038328  137.564741  0.065045  0.037066  14.570000  0.340000
1  -0.366623  -0.366623  127.725906  0.015713  0.140235  137.705303  0.064511  0.138969  14.580000  0.340000
1  -0.369921  -0.369921  127.715364  0.002264  -0.167546  137.844455  0.050923  -0.168862  14.600000  0.340000
1  -0.369037  -0.369037  127.706580  0.005992  -0.012188  137.967453  0.054518  -0.013438  14.630000  0.340000
1  -0.366126  -0.366126  127.738729  0.012117  0.040266  138.120350  0.060511  0.039040  14.660000  0.340000
1  -0.366195  -0.366195  127.709174  0.000399  -0.125134  138.231462  0.048649  -0.126437  14.690000  0.340000
1  -0.366691  -0.366691  127.710740  0.019441  0.211458  138.351881  0.067553  0.210155  14.730000  0.340000
1  -0.367978  -0.367978  127.693870  -0.007989  -0.237106  138.446737  0.039981  -0.238424  14.780000  0.340000
1  -0.369379  -0.369379  127.723835  0.019841  0.229342  138.579891  0.067676  0.228089  14.820000  0.340000
1  -0.367815  -0.367815  127.695365  0.004394  -0.050302  138.683543  0.052085  -0.051642  14.870000  0.340000
1  -0.366681  -0.366681  127.636744  -0.007324  -0.190058  138.758100  0.040218  -0.191469  14.910000  0.340000
1  -0.363834  -0.363834  127.591832  0.011052  0.063879  138.845862  0.058443  0.062479  14.950000  0.340000
1  -0.366533  -0.366306  127.595221  0.002131  -0.104074  138.950852  0.049368  -0.105487  14.990000  0.340000
1  -0.368538  -0.368538  127.537435  -0.022770  -0.481910  139.020132  0.024312  -0.483357  15.040000  0.340000
1  -0.368546  -0.368546  127.553515  0.005859  -0.049280  139.123544  0.052794  -0.050668  15.080000  0.340000
1  -0.369264  -0.369264  127.584261  0.008655  -0.007712  139.236098  0.055448  -0.009029  15.120000  0.340000
1  -0.367089  -0.367089  127.573840  0.013183  0.101109  139.332415  0.059825  0.099709  15.160000  0.340000
1  -0.366202  -0.366272  127.583275  0.012783  0.045102  139.441162  0.059270  0.043679  15.200000  0.340000
1  -0.367455  -0.367455  127.573902  0.002264  -0.053792  139.525818  0.048596  -0.055207  15.240000  0.340000
1  -0.367914  -0.367914  127.579299  -0.000666  -0.174357  139.619886  0.045516  -0.175751  15.280000  0.340000
1  -0.370407  -0.370407  127.581086  0.007590  -0.077170  139.721589  0.053612  -0.078597  15.320000  0.340000
1  -0.367760  -0.367760  127.531500  0.007723  -0.001933  139.779991  0.053581  -0.003475  15.350000  0.340000
1  -0.367380  -0.367537  127.550683  0.012384  0.080045  139.862339  0.058089  0.078646  15.390000  0.340000
1  -0.366214  -0.366214  127.534278  0.012517  0.168931  139.925363  0.058059  0.167464  15.430000  0.340000
1  -0.367856  -0.367856  127.569533  0.007723  -0.034031  140.017472  0.053112  -0.035457  15.470000  0.340000
1  -0.367858  -0.367858  127.611577  0.007723  -0.021060  140.104924  0.052957  -0.022474  15.510000  0.340000
1  -0.368835  -0.368835  127.627889  0.013316  0.081372  140.180799  0.058392  0.079912  15.540000  0.340000
1  -0.366659  -0.365412  127.653820  0.005326  -0.130720  140.280082  0.050249  -0.132161  15.580000  0.340000
1  -0.365791  -0.365791  127.656495  0.010919  -0.006941  140.359927  0.055672  -0.008400  15.620000  0.340000
1  -0.362618  -0.362618  127.664044  -0.003995  -0.258721  140.435525  0.040603  -0.260193  15.660000  0.340000
1  -0.366595  -0.366595  127.706358  0.013715  0.065539  140.540010  0.058152  0.064081  15.710000  0.340000
1  -0.370970  -0.370970  127.711454  0.003462  -0.161083  140.617688  0.047730  -0.162599  15.760000  0.340000
1  -0.368808  -0.368437  127.732281  0.013582  0.077163  140.693758  0.057693  0.075706  15.800000  0.330000
1  -0.367341  -0.367341  127.723619  0.012117  0.020544  140.760811  0.056060  0.018982  15.850000  0.330000
1  -0.367036  -0.367036  127.715794  0.001731  -0.202499  140.828473  0.045500  -0.204065  15.900000  0.330000
1  -0.366922  -0.366889  127.707043  0.003329  -0.131670  140.890586  0.046931  -0.133233  15.950000  0.330000
1  -0.367159  -0.367159  127.745458  0.002131  -0.117964  140.956635  0.045571  -0.119432  16.000000  0.330000
1  -0.368655  -0.368655  127.743749  -0.000000  -0.105110  141.001645  0.043275  -0.106619  16.059999  0.330000
1  -0.369900  -0.369900  127.766867  -0.004794  -0.235553  141.054644  0.038320  -0.237040  16.110001  0.330000
1  -0.367107  -0.367107  127.737853  0.014781  0.150736  141.082698  0.057721  0.149185  16.160000  0.330000
1  -0.364448  -0.364328  127.735313  -0.001065  -0.169803  141.126711  0.041703  -0.171359  16.209999  0.330000
1  -0.367104  -0.367104  127.744542  0.015313  0.139989  141.177858  0.057916  0.138435  16.260000  0.330000
1  -0.368343  -0.368343  127.718151  0.007856  -0.049430  141.224802  0.050283  -0.051034  16.320000  0.330000
1  -0.367862  -0.367862  127.681842  0.010519  0.046921  141.265885  0.052769  0.045258  16.370001  0.330000
1  -0.367927  -0.367927  127.684479  0.007723  -0.121838  141.334336  0.049799  -0.123449  16.420000  0.330000
1  -0.365567  -0.364073  127.680005  0.014115  0.042367  141.386712  0.056015  0.040750  16.480000  0.330000
1  -0.366342  -0.366342  127.715510  0.005326  -0.083840  141.439376  0.047062  -0.085395  16.530001  0.330000
1  -0.364645  -0.364645  127.731853  -0.000666  -0.182779  141.482893  0.040896  -0.184358  16.580000  0.330000
1  -0.367575  -0.367575  127.714878  0.000932  -0.167161  141.519361  0.042315  -0.168834  16.629999  0.330000
1  -0.368216  -0.368216  127.708601  0.012783  0.085347  141.557937  0.053993  0.083731  16.680000  0.330000
1  -0.367948  -0.367327  127.702371  0.008256  -0.017704  141.594419  0.049289  -0.019351  16.730000  0.330000
1  -0.365910  -0.365910  127.706311  0.004527  -0.053490  141.625033  0.045395  -0.055072  16.780001  0.330000
1  -0.366831  -0.366831  127.709848  0.018642  0.154907  141.667529  0.059338  0.153339  16.840000  0.330000
1  -0.367763  -0.367763  127.715140  0.010786  -0.017928  141.714302  0.051308  -0.019539  16.889999  0.330000
1  -0.370316  -0.370316  127.690755  0.003862  -0.126001  141.740871  0.044206  -0.127702  16.940001  0.330000
1  -0.367719  -0.367486  127.673170  0.018642  0.192925  141.759955  0.058811  0.191266  16.980000  0.320000
1  -0.367235  -0.367235  127.675107  0.003063  -0.115047  141.792465  0.043058  -0.116689  17.030001  0.320000
1  -0.365635  -0.365635  127.659807  0.014381  0.139021  141.812874  0.054199  0.137349  17.080000  0.320000
1  -0.363010  -0.363223  127.679328  0.003595  -0.102540  141.847900  0.043239  -0.104199  17.120001  0.320000
1  -0.366982  -0.366982  127.677653  0.005193  -0.096988  141.878367  0.044661  -0.098641  17.160000  0.320000
1  -0.369591  -0.369591  127.675180  -0.013316  -0.422307  141.900533  0.025977  -0.423955  17.200001  0.320000
1  -0.368889  -0.368889  127.677943  0.021039  0.204364  141.933120  0.060154  0.202730  17.240000  0.320000
1  -0.367275  -0.367275  127.659127  0.011318  0.038246  141.949241  0.050254  0.036544  17.270000  0.320000
1  -0.365348  -0.365035  127.651191  0.019441  0.247324  141.956498  0.058201  0.245709  17.309999  0.320000
1  -0.365563  -0.365563  127.687179  -0.006258  -0.362107  141.999218  0.032330  -0.363742  17.350000  0.320000
1  -0.366149  -0.366149  127.692540  0.011718  0.059527  142.013448  0.050133  0.057886  17.379999  0.320000
1  -0.368376  -0.368376  127.693720  0.003595  -0.109348  142.031234  0.041835  -0.111001  17.420000  0.310000
1  -0.369313  -0.369313  127.682020  0.011851  0.035426  142.042195  0.049912  0.033740  17.450001  0.310000
1  -0.367461  -0.367591  127.700188  0.013183  0.081841  142.063809  0.051070  0.080197  17.490000  0.310000
1  -0.365147  -0.365147  127.711950  0.002264  -0.077964  142.067047  0.039977  -0.079598  17.520000  0.310000
1  -0.366976  -0.366976  127.717021  0.019841  0.251834  142.073477  0.057374  0.250134  17.549999  0.310000
1  -0.366329  -0.366329  127.760625  0.002264  -0.101600  142.093891  0.039628  -0.103169  17.590000  0.310000
1  -0.370854  -0.370854  127.739445  0.008256  0.009492  142.093134  0.045441  0.007848  17.620001  0.310000
1  -0.369355  -0.369258  127.720837  0.004661  -0.179311  142.117970  0.041661  -0.181017  17.650000  0.310000
1  -0.367697  -0.367697  127.697199  0.014248  0.144815  142.104562  0.051068  0.143106  17.690001  0.310000
1  -0.367239  -0.367239  127.657196  0.004661  -0.092745  142.096877  0.041292  -0.094523  17.719999  0.310000
1  -0.365864  -0.365864  127.637835  0.016112  0.225043  142.071099  0.052562  0.223291  17.750000  0.310000
1  -0.368356  -0.368356  127.616516  -0.011452  -0.322622  142.055381  0.024820  -0.324297  17.790001  0.310000
1  -0.369591  -0.369389  127.603247  -0.005459  -0.231378  142.047544  0.030628  -0.233062  17.820000  0.310000
1  -0.368862  -0.368862  127.581540  0.009987  0.024326  142.034761  0.045894  0.022626  17.860001  0.310000
1  -0.367364  -0.367364  127.576662  0.002264  -0.016591  142.010945  0.037995  -0.018245  17.900000  0.310000
1  -0.364477  -0.364477  127.592482  0.021572  0.213472  142.013574  0.057126  0.211819  17.940001  0.310000
1  -0.365918  -0.365918  127.582193  0.004261  -0.029556  141.989936  0.039639  -0.031179  17.969999  0.310000
1  -0.367978  -0.367622  127.523983  -0.007324  -0.193494  141.941116  0.027872  -0.195215  18.010000  0.310000
1  -0.367801  -0.367801  127.526735  0.006525  -0.050747  141.941363  0.041544  -0.052423  18.040001  0.300000
1  -0.368881  -0.368881  127.584006  0.002929  -0.139718  141.957862  0.037778  -0.141253  18.080000  0.300000
1  -0.367729  -0.367729  127.576429  0.013982  0.091041  141.942894  0.048652  0.089373  18.110001  0.300000
1  -0.366226  -0.366226  127.612264  0.012783  0.037435  141.944447  0.047279  0.035858  18.139999  0.300000
1  -0.367288  -0.367821  127.592677  0.016778  0.164364  141.917937  0.051101  0.162722  18.180000  0.300000
1  -0.369175  -0.369175  127.612658  -0.012650  -0.322080  141.899538  0.021503  -0.323684  18.209999  0.300000
1  -0.370025  -0.370025  127.607174  0.005726  -0.067377  141.899145  0.039698  -0.069016  18.240000  0.300000
1  -0.368427  -0.368427  127.605207  0.026232  0.367528  141.880049  0.060030  0.365912  18.270000  0.300000
1  -0.365916  -0.365916  127.586346  0.017311  0.245471  141.846944  0.050934  0.243822  18.290001  0.300000
1  -0.364769  -0.364975  127.590046  0.008522  0.025565  141.832432  0.041973  0.023914  18.320000  0.300000
1  -0.367644  -0.367644  127.579941  0.009987  0.035619  141.817530  0.043259  0.033959  18.350000  0.300000
1  -0.368311  -0.368311  127.616974  0.009321  -0.006729  141.814855  0.042420  -0.008326  18.379999  0.300000
1  -0.368240  -0.368240  127.618297  -0.013715  -0.371785  141.790510  0.019211  -0.373399  18.400000  0.300000
1  -0.365368  -0.365368  127.626143  0.020240  0.243624  141.778915  0.052995  0.241981  18.430000  0.300000
1  -0.365616  -0.365451  127.588148  0.006258  -0.013283  141.736466  0.038832  -0.014958  18.459999  0.300000
1  -0.364109  -0.364109  127.550530  0.010120  -0.033707  141.727380  0.042509  -0.035434  18.490000  0.300000
1  -0.366909  -0.366909  127.540285  0.023702  0.297768  141.707310  0.055917  0.296140  18.510000  0.310000
1  -0.369966  -0.369966  127.511880  0.008123  -0.069826  141.693771  0.040157  -0.071486  18.540001  0.310000
1  -0.369099  -0.369099  127.469158  0.002397  -0.076388  141.646771  0.034252  -0.078017  18.570000  0.310000
1  -0.366250  -0.366439  127.481406  0.004661  -0.023956  141.616498  0.036351  -0.025513  18.590000  0.310000
1  -0.366955  -0.366955  127.453857  0.014248  0.171333  141.572006  0.045766  0.169718  18.620001  0.310000
1  -0.366430  -0.366430  127.440470  0.005060  0.003961  141.532094  0.036400  0.002353  18.639999  0.310000
1  -0.368456  -0.368456  127.483686  -0.014248  -0.462971  141.529744  0.016919  -0.464545  18.670000  0.310000
1  -0.368511  -0.368511  127.450905  0.024901  0.228702  141.503690  0.055889  0.227071  18.680000  0.310000
1  -0.368580  -0.368109  127.448595  0.003196  -0.030030  141.463732  0.034017  -0.031587  18.700001  0.310000
1  -0.366234  -0.366234  127.442907  0.003862  0.013226  141.420443  0.034515  0.011681  18.719999  0.310000
1  -0.366224  -0.366224  127.473362  0.006258  0.049563  141.390415  0.036756  0.048042  18.730000  0.300000
1  -0.367143  -0.367143  127.477237  -0.004661  -0.201217  141.349566  0.025660  -0.202776  18.740000  0.300000
1  -0.369835  -0.369835  127.443463  0.015313  0.178311  141.295385  0.045458  0.176654  18.750000  0.300000
1  -0.367942  -0.368391  127.475929  0.010653  0.071954  141.274712  0.040636  0.070447  18.760000  0.300000
1  -0.365746  -0.365746  127.480270  0.011718  0.033874  141.250621  0.041532  0.032257  18.770000  0.300000
1  -0.364026  -0.364026  127.482975  -0.003995  -0.120205  141.198881  0.025656  -0.121787  18.770000  0.300000
1  -0.367673  -0.367673  127.453404  0.015313  0.169795  141.148340  0.044793  0.168241  18.770000  0.300000
1  -0.370706  -0.370706  127.461124  0.006258  -0.061667  141.131239  0.035570  -0.063242  18.770000  0.300000
1  -0.368182  -0.367943  127.439590  -0.005193  -0.245240  141.092254  0.023945  -0.246818  18.770000  0.300000
1  -0.367201  -0.367201  127.432656  0.006392  0.048527  141.053419  0.035365  0.046983  18.770000  0.300000
1  -0.365913  -0.365913  127.424997  -0.004661  -0.153569  141.008428  0.024147  -0.155123  18.760000  0.300000
1  -0.366695  -0.366695  127.440362  0.003196  -0.088433  140.979460  0.031841  -0.089992  18.750000  0.300000
1  -0.367575  -0.367575  127.429848  0.031558  0.477989  140.937699  0.060037  0.476441  18.740000  0.300000
1  -0.368091  -0.368091  127.416977  -0.011452  -0.321869  140.893651  0.016859  -0.323421  18.740000  0.300000
1  -0.369058  -0.369058  127.412390  0.039548  0.637902  140.864353  0.067701  0.636352  18.719999  0.300000
1  -0.365982  -0.365982  127.440531  0.023170  0.267433  140.844249  0.051150  0.265867  18.709999  0.300000
1  -0.364036  -0.364036  127.463733  0.003728  -0.111436  140.826018  0.031543  -0.112964  18.700001  0.300000
1  -0.366671  -0.366671  127.535625  0.016911  0.086007  140.835100  0.044571  0.084536  18.670000  0.300000
1  -0.368309  -0.368309  127.546040  -0.004527  -0.282323  140.812823  0.022972  -0.283885  18.650000  0.300000
1  -0.366839  -0.366839  127.564102  -0.014914  -0.434223  140.791729  0.012429  -0.435725  18.620001  0.300000
1  -0.367093  -0.367093  127.523455  -0.004794  -0.163937  140.728209  0.022381  -0.165499  18.590000  0.300000
1  -0.365714  -0.365714  127.545468  -0.003196  -0.159205  140.696071  0.023824  -0.160664  18.559999  0.300000
1  -0.365725  -0.365725  127.562714  -0.006258  -0.266922  140.663844  0.020598  -0.268411  18.530001  0.300000
1  -0.368747  -0.368747  127.555084  0.005593  -0.058665  140.630648  0.032288  -0.060188  18.500000  0.300000
1  -0.368020  -0.368020  127.531326  0.014514  0.085911  140.601034  0.041043  0.084365  18.469999  0.300000
1  -0.368169  -0.368465  127.551464  0.014115  0.190657  140.570799  0.040490  0.189211  18.440001  0.300000
1  -0.366655  -0.366655  127.574373  -0.001198  -0.147824  140.541240  0.025025  -0.149237  18.410000  0.300000
1  -0.365517  -0.365517  127.607267  0.009188  -0.002101  140.522844  0.035260  -0.003518  18.379999  0.300000
1  -0.366182  -0.366182  127.572968  -0.001598  -0.114695  140.459660  0.024311  -0.116207  18.350000  0.300000
1  -0.368403  -0.368403  127.544249  -0.000000  -0.105554  140.418298  0.025750  -0.107029  18.320000  0.300000
1  -0.367772  -0.367432  127.544241  -0.002796  -0.202330  140.380870  0.022801  -0.203802  18.299999  0.300000
1  -0.367498  -0.367498  127.479946  -0.000399  -0.155549  140.332466  0.025033  -0.157084  18.280001  0.300000
1  -0.363711  -0.363711  127.451356  -0.006658  -0.217238  140.276039  0.018619  -0.218711  18.260000  0.300000
1  -0.365947  -0.365947  127.400941  0.007989  0.070500  140.208609  0.033108  0.069000  18.240000  0.300000
1  -0.367107  -0.367107  127.394332  0.005593  0.005280  140.161692  0.030557  0.003800  18.219999  0.300000
1  -0.368234  -0.368264  127.368575  0.017444  0.308939  140.093912  0.042251  0.307518  18.200001  0.300000
1  -0.369619  -0.369619  127.357484  0.013715  0.161653  140.044217  0.038370  0.160211  18.190001  0.300000
1  -0.367160  -0.367160  127.369387  0.021305  0.344864  139.984149  0.045813  0.343480  18.170000  0.300000
1  -0.365890  -0.365890  127.396848  0.018642  0.307338  139.935256  0.043008  0.305983  18.160000  0.300000
1  -0.366719  -0.366719  127.378868  0.003995  -0.001450  139.875482  0.028198  -0.002910  18.139999  0.300000
1  -0.369170  -0.368719  127.379143  0.001598  -0.111989  139.836561  0.025647  -0.113436  18.129999  0.300000
1  -0.370918  -0.370918  127.365661  0.004927  -0.075622  139.800997  0.028818  -0.077067  18.120001  0.300000
1  -0.367338  -0.367338  127.358430  0.013848  0.185556  139.742421  0.037591  0.184155  18.100000  0.300000
1  -0.365290  -0.365290  127.367358  0.013982  0.139427  139.709269  0.037572  0.137997  18.090000  0.300000
1  -0.364593  -0.364593  127.369502  0.016778  0.209313  139.662855  0.040221  0.207903  18.070000  0.300000
1  -0.368283  -0.368038  127.368630  0.003329  -0.011193  139.606362  0.026624  -0.012595  18.059999  0.300000
1  -0.367730  -0.367730  127.388287  0.023569  0.294841  139.567711  0.046718  0.293468  18.040001  0.300000
1  -0.368854  -0.368854  127.405278  0.005326  -0.121954  139.553899  0.028325  -0.123382  18.030001  0.300000
1  -0.367173  -0.367173  127.457849  0.012783  0.033507  139.536020  0.035639  0.032178  18.010000  0.300000
1  -0.364889  -0.364889  127.521634  0.005726  -0.068832  139.522638  0.028443  -0.070127  18.000000  0.300000
1  -0.364011  -0.363286  127.520795  0.007590  0.000110  139.482529  0.030163  -0.001200  17.980000  0.300000
1  -0.366623  -0.366623  127.567842  -0.012251  -0.483071  139.479229  0.010183  -0.484371  17.959999  0.300000
1  -0.371928  -0.371928  127.544066  -0.013316  -0.313148  139.420008  0.008972  -0.314507  17.940001  0.300000
1  -0.368790  -0.368790  127.560944  -0.004661  -0.260321  139.398655  0.017482  -0.261688  17.930000  0.300000
1  -0.367212  -0.367212  127.567822  0.022637  0.240326  139.364772  0.044637  0.238983  17.910000  0.300000
1  -0.366557  -0.366643  127.582093  -0.005593  -0.189264  139.322133  0.016269  -0.190567  17.889999  0.300000
1  -0.366854  -0.366854  127.553200  0.013316  0.175148  139.260554  0.035035  0.173808  17.870001  0.300000
1  -0.368016  -0.368016  127.530096  0.000666  -0.009398  139.192380  0.022241  -0.010732  17.850000  0.300000
1  -0.368916  -0.368916  127.540056  0.006258  0.085507  139.132081  0.027699  0.084232  17.820000  0.300000
1  -0.367068  -0.367068  127.566551  0.000266  -0.112166  139.097476  0.021573  -0.113434  17.799999  0.300000
1  -0.366105  -0.366186  127.496472  0.004794  -0.019036  139.027014  0.025949  -0.020458  17.780001  0.300000
1  -0.367422  -0.367422  127.501092  0.007723  0.000001  138.996956  0.028740  -0.001303  17.750000  0.300000
1  -0.368189  -0.368189  127.455993  0.005593  0.035821  138.938092  0.026466  0.034474  17.730000  0.300000
1  -0.368376  -0.368376  127.456217  0.002397  -0.090990  138.909622  0.023125  -0.092302  17.709999  0.300000
1  -0.367794  -0.367794  127.465245  -0.004927  -0.214676  138.874518  0.015664  -0.215964  17.680000  0.300000
1  -0.364977  -0.365450  127.446493  0.009454  0.080559  138.810210  0.029908  0.079269  17.660000  0.300000
1  -0.366354  -0.366354  127.465038  0.006924  -0.009846  138.771678  0.027242  -0.011136  17.639999  0.300000
1  -0.366770  -0.366770  127.456792  0.013316  0.139242  138.707244  0.033489  0.138021  17.620001  0.300000
1  -0.370339  -0.370339  127.378661  0.005060  0.025145  138.627810  0.025093  0.023795  17.600000  0.300000
1  -0.368723  -0.368723  127.330552  0.025700  0.391225  138.556068  0.045590  0.389925  17.580000  0.300000
1  -0.366944  -0.366765  127.313015  0.003329  0.028803  138.482838  0.023083  0.027546  17.559999  0.300000
1  -0.366080  -0.366080  127.333694  0.008922  0.090483  138.435874  0.028547  0.089273  17.540001  0.300000
1  -0.366531  -0.366531  127.295015  0.017044  0.256926  138.376798  0.036529  0.255660  17.520000  0.300000
1  -0.367656  -0.367656  127.349884  0.000399  -0.144292  138.354876  0.019755  -0.145510  17.510000  0.300000
1  -0.368640  -0.368640  127.319409  -0.000133  -0.183945  138.306309  0.019082  -0.185297  17.490000  0.300000
1  -0.366499  -0.367308  127.324353  0.016245  0.144050  138.279068  0.035323  0.142753  17.480000  0.290000
1  -0.365674  -0.365674  127.425912  -0.000133  -0.263496  138.293077  0.018820  -0.264674  17.459999  0.290000
1  -0.365911  -0.365911  127.472448  0.005193  -0.074385  138.273333  0.024018  -0.075558  17.440001  0.290000
1  -0.367181  -0.367181  127.454821  -0.002131  -0.149354  138.222362  0.016560  -0.150570  17.430000  0.290000
1  -0.369934  -0.369934  127.459177  0.018775  0.294111  138.171883  0.037340  0.292920  17.410000  0.290000
1  -0.367889  -0.367807  127.460133  0.011452  0.057081  138.127847  0.029887  0.055877  17.389999  0.290000
1  -0.366044  -0.366044  127.517056  -0.003862  -0.218569  138.116805  0.014456  -0.219689  17.370001  0.290000
1  -0.366055  -0.366055  127.507762  0.005459  -0.051011  138.067582  0.023648  -0.052207  17.350000  0.290000
1  -0.366185  -0.366185  127.562420  0.015579  0.063986  138.058687  0.033646  0.062845  17.340000  0.290000
1  -0.369214  -0.369214  127.622543  0.008522  -0.194719  138.088840  0.026462  -0.195853  17.320000  0.290000
1  -0.368275  -0.368574  127.643562  0.010519  -0.121069  138.089951  0.028327  -0.122326  17.299999  0.290000
1  -0.366028  -0.366028  127.613502  0.011185  0.074164  138.038960  0.028863  0.072948  17.290001  0.290000
1  -0.364768  -0.364768  127.639449  0.011185  -0.004585  138.015966  0.028737  -0.005736  17.270000  0.290000
1  -0.366315  -0.366315  127.620699  0.022637  0.317954  137.964983  0.040061  0.316802  17.250000  0.290000
1  -0.367622  -0.367622  127.640551  0.009454  0.074198  137.918888  0.026760  0.073087  17.230000  0.290000
1  -0.367120  -0.367129  127.616451  0.017177  0.155005  137.871385  0.034357  0.153822  17.209999  0.290000
1  -0.366848  -0.366848  127.656332  -0.014514  -0.484412  137.859210  0.002545  -0.485529  17.190001  0.290000
1  -0.365715  -0.365715  127.662036  -0.005726  -0.248003  137.819622  0.011211  -0.249141  17.170000  0.290000
1  -0.367185  -0.367185  127.625148  0.009055  0.063899  137.764186  0.025867  0.062732  17.150000  0.290000
1  -0.367616  -0.367616  127.626006  0.000266  -0.170208  137.733345  0.016955  -0.171323  17.139999  0.290000
1  -0.369278  -0.368834  127.620525  0.007856  0.002376  137.700389  0.024425  0.001231  17.120001  0.290000
1  -0.367210  -0.367210  127.578872  -0.002929  -0.162004  137.644177  0.013510  -0.163210  17.110001  0.290000
1  -0.366050  -0.366050  127.570305  0.011185  0.040354  137.604717  0.027502  0.039192  17.100000  0.290000
1  -0.365802  -0.365802  127.553924  -0.005326  -0.201652  137.558371  0.010863  -0.202839  17.100000  0.290000
1  -0.365307  -0.365307  127.530965  0.003196  -0.212269  137.535796  0.019256  -0.213475  17.100000  0.290000
1  -0.366897  -0.367037  127.518974  -0.001332  -0.172997  137.483482  0.014609  -0.174120  17.100000  0.290000
1  -0.368084  -0.368084  127.517712  0.006392  -0.010396  137.430304  0.022214  -0.011483  17.100000  0.290000
1  -0.366279  -0.366279  127.527717  0.017843  0.190577  137.397212  0.033553  0.189517  17.100000  0.290000
1  -0.364546  -0.364546  127.475391  -0.011718  -0.289606  137.322019  0.003866  -0.290783  17.110001  0.290000
1  -0.364218  -0.364218  127.480474  0.017044  0.242538  137.279206  0.032514  0.241459  17.120001  0.290000
1  -0.367423  -0.366997  127.499618  -0.001332  -0.064818  137.228093  0.014027  -0.065847  17.139999  0.290000
1  -0.368603  -0.368603  127.478013  -0.002929  -0.193521  137.177426  0.012309  -0.194669  17.160000  0.290000
1  -0.367979  -0.367979  127.463135  0.012517  0.139916  137.115838  0.027639  0.138794  17.180000  0.290000
1  -0.365775  -0.365775  127.522686  0.001997  -0.188043  137.105244  0.017003  -0.189093  17.209999  0.290000
1  -0.366197  -0.366197  127.510392  0.024767  0.353626  137.063117  0.039656  0.352522  17.240000  0.290000
1  -0.365878  -0.366128  127.549174  0.016645  0.157956  137.048297  0.031419  0.156887  17.270000  0.300000
1  -0.371043  -0.371043  127.531786  0.013183  0.138837  136.995898  0.027836  0.137772  17.299999  0.300000
1  -0.366983  -0.366983  127.517194  0.006125  0.023442  136.943820  0.020667  0.022387  17.330000  0.300000
1  -0.366566  -0.366566  127.497588  -0.000666  -0.094813  136.893722  0.013761  -0.095919  17.360001  0.300000
1  -0.365020  -0.365020  127.465486  0.018775  0.201223  136.850468  0.033081  0.200099  17.400000  0.300000
1  -0.364777  -0.365129  127.544117  0.006258  -0.178146  136.871120  0.020456  -0.179140  17.430000  0.300000
1  -0.366628  -0.366628  127.551859  0.004794  -0.162651  136.849264  0.018875  -0.163711  17.469999  0.300000
1  -0.369800  -0.369800  127.527226  0.009854  0.145669  136.782025  0.023824  0.144649  17.500000  0.300000
1  -0.366224  -0.366224  127.561792  0.011452  0.038391  136.767049  0.025317  0.037400  17.530001  0.300000
1  -0.366448  -0.366448  127.572508  -0.013316  -0.446577  136.751522  0.000431  -0.447656  17.559999  0.300000
1  -0.363527  -0.364785  127.563005  -0.003728  -0.108524  136.700152  0.009911  -0.109505  17.600000  0.300000
1  -0.366691  -0.366691  127.576381  -0.021838  -0.625048  136.681915  -0.008311  -0.626063  17.629999  0.300000
1  -0.369684  -0.369684  127.601396  -0.000000  -0.197464  136.667094  0.013425  -0.198428  17.670000  0.300000
1  -0.367810  -0.367810  127.643785  0.036485  0.423339  136.682565  0.049802  0.422338  17.719999  0.300000
1  -0.366549  -0.366549  127.696389  0.001997  -0.171900  136.682126  0.015209  -0.172914  17.760000  0.300000
1  -0.366959  -0.366989  127.700540  0.037284  0.480818  136.672375  0.050385  0.479803  17.809999  0.300000
1  -0.363969  -0.363969  127.696218  0.012650  0.082255  136.635146  0.025644  0.081259  17.860001  0.300000
1  -0.366729  -0.366729  127.670665  0.024901  0.268691  136.603780  0.037783  0.267652  17.920000  0.300000
1  -0.367766  -0.367766  127.676154  0.003329  -0.117850  136.581206  0.016105  -0.118862  17.969999  0.300000
