1  -0.371003  -0.370802  57.186494  0.013316  4.234883  356.339996  0.220000
1  -0.366202  -0.366202  61.394838  0.017577  4.474245  356.609985  0.220000
1  -0.365069  -0.365069  65.966682  0.014248  4.725857  357.029999  0.220000
1  -0.367429  -0.367429  70.353699  0.005060  4.978453  357.450012  0.220000
1  -0.369092  -0.369092  74.727858  0.009188  5.224201  357.869995  0.220000
1  -0.367084  -0.367085  79.026826  0.009721  5.485396  358.290009  0.220000
1  -0.365697  -0.365697  83.338794  0.012650  5.739228  359.019989  0.220000
1  -0.364521  -0.364521  87.643951  0.007457  5.983106  359.559998  0.220000
1  -0.367522  -0.367522  91.671057  0.006924  6.251292  0.540000  0.220000
1  -0.370149  -0.370149  95.481695  0.008522  6.528197  1.570000  0.220000
1  -0.366869  -0.366725  99.305713  0.011052  6.810217  2.060000  0.220000
1  -0.365130  -0.365130  102.810894  0.020373  7.094126  2.460000  0.220000
1  -0.366465  -0.366465  106.210848  0.009854  7.391499  2.680000  0.220000
1  -0.369623  -0.369623  109.114209  0.009587  7.694592  2.890000  0.210000
1  -0.367263  -0.367263  112.440212  0.014115  8.006234  3.090000  0.210000
1  -0.364665  -0.365054  114.840173  0.014514  8.309086  3.380000  0.210000
1  -0.367316  -0.367316  116.945720  0.022371  8.657659  3.770000  0.210000
1  -0.367859  -0.367859  118.845233  0.008123  8.984219  4.220000  0.210000
1  -0.369548  -0.369548  121.384524  0.017044  9.333792  4.600000  0.210000
1  -0.366772  -0.366772  123.700313  0.016245  9.686671  5.210000  0.210000
1  -0.363177  -0.363761  125.893732  0.024368  10.051062  5.690000  0.210000
1  -0.367714  -0.367714  127.979770  0.017044  10.424266  6.040000  0.210000
1  -0.369856  -0.369856  129.711554  0.010253  10.805857  6.520000  0.210000
1  -0.367187  -0.367187  131.480521  0.019308  11.223570  6.930000  0.210000
1  -0.366152  -0.366152  133.221511  0.018908  11.643330  7.030000  0.210000
1  -0.367643  -0.366448  134.770504  0.023170  12.065181  7.350000  0.210000
1  -0.367596  -0.367596  136.284638  0.025034  12.515795  7.280000  0.210000
1  -0.367750  -0.367750  137.597408  0.013049  12.951295  7.210000  0.200000
1  -0.365585  -0.365585  138.889792  0.011718  13.409195  7.130000  0.200000
