1  -0.355975  -0.355975  57.122477  0.015846  3.935328  316.940002  0.550000
1  -0.354231  -0.354231  61.546993  0.001465  4.174950  317.309998  0.560000
1  -0.352092  -0.352092  65.684871  0.026898  4.429788  317.769989  0.560000
1  -0.354599  -0.354599  69.881904  0.027164  4.726814  318.239990  0.560000
1  -0.353951  -0.354932  74.283375  0.017444  5.016892  318.630005  0.560000
1  -0.355738  -0.355738  78.889846  0.015846  5.305161  319.000000  0.560000
1  -0.355185  -0.355185  82.408763  0.013449  5.584528  319.390015  0.560000
1  -0.356059  -0.356059  86.404968  0.012251  5.851701  319.839996  0.560000
1  -0.356285  -0.356285  90.569823  0.003063  6.157652  319.859985  0.560000
1  -0.357224  -0.357169  94.514071  0.009321  6.459372  319.839996  0.560000
1  -0.356170  -0.356170  98.121843  0.028496  6.738267  319.970001  0.560000
1  -0.356107  -0.356107  101.881449  0.020107  7.046879  320.100006  0.560000
1  -0.355076  -0.355076  105.239141  0.011718  7.356170  319.950012  0.560000
1  -0.352103  -0.352103  108.453290  0.015180  7.673467  319.750000  0.560000
1  -0.354568  -0.354678  111.743602  0.022504  7.983653  319.630005  0.560000
1  -0.354410  -0.354410  114.601895  0.017311  8.321167  319.320007  0.550000
1  -0.354421  -0.354421  117.386495  0.015047  8.668027  318.929993  0.550000
1  -0.355565  -0.355565  119.615704  0.023835  8.999194  318.489990  0.550000
1  -0.355391  -0.355391  121.780095  0.007057  9.339304  318.429993  0.550000
1  -0.355196  -0.355187  124.238971  0.019841  9.688263  318.350006  0.550000
1  -0.356900  -0.356900  126.364772  0.013449  10.038021  318.130005  0.550000
1  -0.355551  -0.355551  128.372249  0.006125  10.404823  317.950012  0.550000
1  -0.356950  -0.356950  130.142843  0.015313  10.794204  317.609985  0.550000
7  -0.355307  -0.356706  131.651085  0.017311  11.181549  316.160004  0.540000
7  -0.355307  -0.354623  133.164413  0.010919  11.581378  314.529999  0.540000
7  -0.355307  -0.353201  134.751472  0.001598  11.986472  313.510010  0.530000
7  -0.355307  -0.354071  136.213725  0.025034  12.402519  312.839996  0.520000
7  -0.355307  -0.353563  137.519017  0.008922  12.832855  312.790009  0.520000
7  -0.355307  -0.353569  138.766530  0.012517  13.291980  312.529999  0.520000
7  -0.355307  -0.355059  139.797270  0.023702  13.735753  312.049988  0.520000
7  -0.355307  -0.356166  140.901761  0.022903  14.198836  311.760010  0.520000
7  -0.355307  -0.357385  141.863683  0.021305  14.684676  311.359985  0.510000
7  -0.355307  -0.356182  142.807171  0.015846  15.175332  310.980011  0.510000
7  -0.355307  -0.357127  143.604220  0.022237  15.671491  310.630005  0.510000
7  -0.355307  -0.357162  144.419365  0.016378  16.172507  310.369995  0.510000
7  -0.355307  -0.356101  145.138109  0.020906  16.662282  310.089996  0.510000
7  -0.355307  -0.354928  145.729636  0.012650  17.145487  309.670013  0.510000
7  -0.355307  -0.355295  146.255044  0.015979  17.658572  309.380005  0.510000
7  -0.355307  -0.353006  146.786848  0.004128  18.172500  309.299988  0.520000
7  -0.355307  -0.355268  147.313649  0.004394  18.700815  309.230011  0.520000
7  -0.355307  -0.353761  147.841889  0.010120  19.243454  308.839996  0.520000
7  -0.355307  -0.353809  148.313777  0.022371  19.791374  308.420013  0.520000
7  -0.355307  -0.355393  148.717636  0.022237  20.357215  308.079987  0.520000
7  -0.355307  -0.357027  149.083692  0.016512  20.886428  307.869995  0.530000
7  -0.355307  -0.355568  149.447091  0.020373  21.436928  307.700012  0.530000
7  -0.355307  -0.357531  149.820537  0.020506  22.010348  307.450012  0.540000
7  -0.355307  -0.356670  150.132835  0.017577  22.584757  307.230011  0.540000
7  -0.355307  -0.357073  150.429631  0.006525  23.145821  307.179993  0.540000
7  -0.355307  -0.355390  150.677950  0.011984  23.718313  307.070007  0.550000
7  -0.355307  -0.355308  150.886750  0.012916  24.281545  306.899994  0.550000
7  -0.355307  -0.355563  151.108058  0.009721  24.864335  306.670013  0.560000
7  -0.355307  -0.352578  151.308654  0.013049  25.443431  306.440002  0.560000
7  -0.355307  -0.351978  151.489274  0.005859  26.050128  306.269989  0.560000
7  -0.355307  -0.354838  151.685377  0.024102  26.658536  306.070007  0.570000
7  -0.355307  -0.354076  151.872878  0.020906  27.266964  305.739990  0.570000
7  -0.355307  -0.355763  152.047903  0.006791  27.877327  305.359985  0.580000
7  -0.355307  -0.355882  152.169002  0.018376  28.469982  304.850006  0.580000
7  -0.355307  -0.355695  152.278004  0.017311  29.066543  304.329987  0.580000
7  -0.355307  -0.357860  152.332145  0.017044  29.673458  303.760010  0.590000
7  -0.355307  -0.356043  152.444575  0.018642  30.339728  303.260010  0.590000
7  -0.355307  -0.355573  152.504862  0.013049  30.957197  302.679993  0.600000
7  -0.355307  -0.355576  152.583693  0.009055  31.570343  302.190002  0.600000
7  -0.355307  -0.355089  152.667195  0.006125  32.189130  301.720001  0.610000
1  -0.353430  -0.353724  152.733845  0.017710  32.803050  301.440002  0.610000
1  -0.350672  -0.350672  152.776364  0.018109  33.420473  301.149994  0.610000
1  -0.353715  -0.353715  152.835877  0.011718  34.052661  301.059998  0.610000
1  -0.352107  -0.352107  152.885637  0.010919  34.685738  301.100006  0.610000
1  -0.354699  -0.354699  152.914864  0.019974  35.317136  301.329987  0.610000
1  -0.353784  -0.353784  152.976919  0.009454  35.965045  301.440002  0.610000
1  -0.356505  -0.356505  153.028825  0.009854  36.608887  301.809998  0.610000
1  -0.357160  -0.357160  153.049452  0.019441  37.267986  302.480011  0.620000
1  -0.356509  -0.356748  153.112501  0.009454  37.912273  302.929993  0.620000
1  -0.357651  -0.357651  153.129880  0.007191  38.558403  303.200012  0.620000
1  -0.357493  -0.357493  153.150316  0.009721  39.208607  303.239990  0.620000
1  -0.354908  -0.354908  153.161578  0.017444  39.876117  303.049988  0.610000
1  -0.356349  -0.356349  153.182716  0.011984  40.532177  302.760010  0.610000
1  -0.355615  -0.354133  153.242938  0.015180  41.198431  302.029999  0.610000
1  -0.354748  -0.354748  153.293375  0.016378  41.872429  301.059998  0.600000
1  -0.354290  -0.354290  153.324047  0.017044  42.543876  300.549988  0.600000
1  -0.352300  -0.352300  153.349644  0.007457  43.224582  300.279999  0.600000
1  -0.355196  -0.355196  153.373476  0.009454  43.894565  300.709991  0.600000
1  -0.353398  -0.353833  153.419009  0.019175  44.554354  300.760010  0.600000
1  -0.354667  -0.354667  153.451201  0.017311  45.231449  300.510010  0.590000
2  0.000000  -0.355521  153.508722  0.013183  45.930904  300.260010  0.590000
2  0.000000  -0.355014  153.538865  0.020107  46.555637  300.269989  0.590000
2  0.000000  -0.355711  153.567567  0.007057  47.297925  300.450012  0.590000
2  0.000000  -0.356115  153.545334  0.020506  47.987716  300.730011  0.590000
2  0.000000  -0.356055  153.507387  0.013582  48.651516  300.739990  0.590000
2  0.000000  -0.355318  153.484095  0.016512  49.349318  300.640015  0.590000
2  0.000000  -0.353406  153.519115  0.017843  50.048289  300.279999  0.590000
2  0.000000  -0.353544  153.548618  0.015047  50.750762  299.970001  0.590000
2  0.000000  -0.350029  153.580236  0.009454  51.449633  299.640015  0.590000
2  0.000000  -0.354390  153.566569  0.015313  52.170723  299.269989  0.590000
2  0.000000  -0.353758  153.600071  0.020506  52.883085  298.869995  0.590000
2  0.000000  -0.354504  153.580558  0.013848  53.575281  298.399994  0.590000
2  0.000000  -0.356465  153.574316  0.013183  54.290011  297.799988  0.590000
2  0.000000  -0.355437  153.560648  0.013316  54.972962  297.190002  0.590000
2  0.000000  -0.356981  153.551584  0.014781  55.680690  296.549988  0.590000
2  0.000000  -0.356398  153.564466  0.015313  56.390492  295.899994  0.590000
2  0.000000  -0.355450  153.552540  0.011052  57.087419  295.459991  0.590000
2  0.000000  -0.355664  153.567726  0.013183  57.815430  294.730011  0.590000
2  0.000000  -0.354472  153.579798  0.021172  58.541302  294.190002  0.590000
2  0.000000  -0.353702  153.574958  0.005593  59.249624  293.660004  0.590000
2  0.000000  -0.353110  153.578585  0.017044  59.975447  292.950012  0.590000
2  0.000000  -0.354967  153.568394  0.004261  60.619678  292.309998  0.580000
1  -0.355536  -0.355536  153.542028  0.009454  61.332798  291.660004  0.580000
1  -0.354849  -0.354849  153.540151  0.023036  62.080288  291.299988  0.590000
1  -0.356568  -0.356568  153.533120  0.007856  62.769257  291.299988  0.590000
1  -0.356317  -0.356317  153.570230  0.013715  63.512202  291.829987  0.590000
1  -0.356675  -0.356296  153.536887  0.014514  64.219030  292.140015  0.590000
1  -0.355516  -0.355516  153.520078  0.004661  64.943614  291.890015  0.590000
1  -0.357511  -0.357511  153.477118  0.011851  65.657679  292.109985  0.590000
1  -0.355543  -0.355543  153.479749  0.018109  66.377190  292.859985  0.590000
1  -0.354449  -0.354449  153.504093  0.012384  67.069854  293.450012  0.590000
