1  0.000000  1.216191  1.216191  55.814009  0.816320  1.345620  3.774711  0.953825  1.418665  14069408459501627376511810684626330795032450526563141030446036206615047449989845333349083497088856132319801017948480677118585472862426174912732042070486858989047710756425792127831357722315901749242922365810597841077824553054677208557883960491330490860171766655877120.000000  0.000000
1  3.774711  1.216812  1.216812  53.690393  -0.000000  -2.359330  3.759201  0.355964  -2.322419  14069408459501627376511810684626330795032450526563141030446036206615047449989845333349083497088856132319801017948480677118585472862426174912732042070486858989047710756425792127831357722315901749242922365810597841077824553054677208557883960491330490860171766655877120.000000  0.000000
1  3.759201  1.217338  1.217338  49.206862  -0.000000  -1.570592  3.610789  0.191360  -1.582131  14069408459501627376511810684626330795032450526563141030446036206615047449989845333349083497088856132319801017948480677118585472862426174912732042070486858989047710756425792127831357722315901749242922365810597841077824553054677208557883960491330490860171766655877120.000000  0.000000
1  3.610789  1.218260  1.218260  44.534128  -0.000000  -1.052805  3.462598  0.134363  -1.096617  14069408459501627376511810684626330795032450526563141030446036206615047449989845333349083497088856132319801017948480677118585472862426174912732042070486858989047710756425792127831357722315901749242922365810597841077824553054677208557883960491330490860171766655877120.000000  0.000000
1  3.462598  1.217544  1.217544  38.908965  -0.000000  -0.704660  3.308491  0.109676  -0.771240  14069408459501627376511810684626330795032450526563141030446036206615047449989845333349083497088856132319801017948480677118585472862426174912732042070486858989047710756425792127831357722315901749242922365810597841077824553054677208557883960491330490860171766655877120.000000  0.000000
1  3.308491  1.217661  1.217241  34.279467  -0.000000  -0.471101  3.161340  0.096952  -0.551128  14069408459501627376511810684626330795032450526563141030446036206615047449989845333349083497088856132319801017948480677118585472862426174912732042070486858989047710756425792127831357722315901749242922365810597841077824553054677208557883960491330490860171766655877120.000000  0.000000
1  3.161340  1.218283  1.218283  30.139011  -0.000000  -0.314257  3.005292  0.086046  -0.405112  14069408459501627376511810684626330795032450526563141030446036206615047449989845333349083497088856132319801017948480677118585472862426174912732042070486858989047710756425792127831357722315901749242922365810597841077824553054677208557883960491330490860171766655877120.000000  0.000000
1  3.005292  1.217440  1.217440  26.457062  -0.000000  -0.209932  2.854132  0.074420  -0.306815  14069408459501627376511810684626330795032450526563141030446036206615047449989845333349083497088856132319801017948480677118585472862426174912732042070486858989047710756425792127831357722315901749242922365810597841077824553054677208557883960491330490860171766655877120.000000  0.000000
1  2.854132  1.216841  1.216841  23.125208  -0.000000  -0.140291  2.704682  0.062974  -0.240532  14069408459501627376511810684626330795032450526563141030446036206615047449989845333349083497088856132319801017948480677118585472862426174912732042070486858989047710756425792127831357722315901749242922365810597841077824553054677208557883960491330490860171766655877120.000000  0.000000
1  2.704682  1.218309  1.218309  20.995248  -0.000000  -0.094105  2.570505  0.054527  -0.193489  14069408459501627376511810684626330795032450526563141030446036206615047449989845333349083497088856132319801017948480677118585472862426174912732042070486858989047710756425792127831357722315901749242922365810597841077824553054677208557883960491330490860171766655877120.000000  0.000000
1  2.570505  1.218483  1.217709  18.911000  -0.000000  -0.062977  2.420499  0.044188  -0.164856  14069408459501627376511810684626330795032450526563141030446036206615047449989845333349083497088856132319801017948480677118585472862426174912732042070486858989047710756425792127831357722315901749242922365810597841077824553054677208557883960491330490860171766655877120.000000  0.000000
1  2.420499  1.217290  1.217290  16.604547  -0.000000  -0.041843  2.274891  0.032948  -0.143575  14069408459501627376511810684626330795032450526563141030446036206615047449989845333349083497088856132319801017948480677118585472862426174912732042070486858989047710756425792127831357722315901749242922365810597841077824553054677208557883960491330490860171766655877120.000000  0.000000
1  2.274891  1.216913  1.216913  14.519603  -0.000000  -0.027991  2.121575  0.021722  -0.131900  14069408459501627376511810684626330795032450526563141030446036206615047449989845333349083497088856132319801017948480677118585472862426174912732042070486858989047710756425792127831357722315901749242922365810597841077824553054677208557883960491330490860171766655877120.000000  0.000000
1  2.121575  1.217309  1.217309  12.693022  -0.000000  -0.018745  1.973103  0.010958  -0.122772  178.130005  0.370000
1  1.973103  1.216880  1.216880  11.005722  -0.000000  -0.012561  1.820224  -0.000596  -0.117470  178.130005  0.370000
1  1.820224  1.217342  1.217610  9.577192  -0.000000  -0.008393  1.666160  -0.011358  -0.113782  178.130005  0.370000
1  1.666160  1.218389  1.218389  8.333743  -0.000000  -0.005618  1.513683  -0.022085  -0.110923  178.130005  0.370000
1  1.513683  1.216156  1.216156  7.250955  -0.000000  -0.003759  1.358913  -0.032792  -0.109426  178.130005  0.370000
1  1.358913  1.217633  1.217633  6.332075  -0.000000  -0.002515  1.206271  -0.043168  -0.107874  178.130005  0.370000
1  1.206271  1.217575  1.217575  5.528915  -0.000000  -0.001683  1.051325  -0.053845  -0.106902  178.130005  0.370000
1  1.051325  1.217755  1.217528  4.848669  -0.000000  -0.001126  0.887855  -0.064585  -0.108194  178.130005  0.370000
1  0.887855  1.217742  1.217742  4.250433  -0.000000  -0.000753  0.735046  -0.074914  -0.106427  163.800003  0.650000
1  0.735046  1.217260  1.217260  3.712518  -0.000000  -0.000504  0.577646  -0.085463  -0.106022  163.800003  0.650000
1  0.577646  1.216951  1.216951  3.227975  -0.000000  -0.000336  0.435856  -0.095812  -0.101861  163.800003  0.650000
1  0.435856  1.219447  1.219447  2.806581  -0.000000  -0.000225  0.289331  -0.106022  -0.099457  163.800003  0.650000
1  0.289331  1.217113  1.217138  2.461191  -0.000000  -0.000150  0.154996  -0.114557  -0.095835  163.800003  0.650000
1  0.154996  1.219149  1.219149  2.148911  -0.000000  -0.000102  0.085479  -0.121203  -0.078192  163.800003  0.650000
1  0.085479  1.216900  1.216900  1.898520  -0.000000  -0.000067  0.029181  -0.124883  -0.060829  163.800003  0.650000
1  0.029181  1.217620  1.217620  1.643665  -0.000000  -0.000045  0.002451  -0.127119  -0.043597  163.800003  0.650000
1  0.002451  1.217449  1.217449  1.430161  -0.000000  -0.000030  359.992420  -0.127533  -0.028158  163.800003  0.650000
1  359.992420  1.217067  1.217067  1.248541  -0.000000  -0.000020  359.989905  -0.127143  -0.016523  163.800003  0.650000
1  359.989905  1.217357  1.217357  1.085670  -0.000000  -0.000014  359.986310  -0.126410  -0.008824  145.940002  0.490000
1  359.986310  1.217753  1.217753  0.951627  -0.000000  -0.000009  359.986445  -0.125637  -0.002630  145.940002  0.490000
1  359.986445  1.219068  1.219068  0.827789  -0.000000  -0.000005  359.985769  -0.124716  0.001550  145.940002  0.490000
1  359.985769  1.217906  1.217906  0.724983  -0.000000  -0.000004  359.985361  -0.123875  0.003656  145.940002  0.490000
1  359.985361  1.217893  1.217893  0.640595  -0.000000  -0.000003  359.988227  -0.122926  0.005784  145.940002  0.490000
1  359.988227  1.216701  1.216701  0.554015  -0.000000  -0.000001  359.986946  -0.121934  0.006406  145.940002  0.490000
1  359.986946  1.216804  1.216768  0.489835  -0.000000  -0.000002  359.983009  -0.121316  0.006119  145.940002  0.490000
1  359.983009  1.218016  1.218016  0.432571  -0.000000  -0.000001  359.984215  -0.120589  0.007299  145.940002  0.490000
1  359.984215  1.216250  1.216250  0.377562  -0.000000  -0.000001  359.983132  -0.119709  0.007486  145.940002  0.490000
1  359.983132  1.217595  1.217595  0.326779  -0.000000  -0.000000  359.991116  -0.118507  0.009784  145.940002  0.490000
1  359.991116  1.217863  1.217863  0.292879  -0.000000  0.000000  359.988636  -0.117567  0.008828  128.380005  0.210000
1  359.988636  1.218384  1.217576  0.253249  -0.000000  -0.000000  359.989140  -0.116639  0.008867  128.380005  0.210000
1  359.989140  1.217133  1.217133  0.220967  -0.000000  0.000000  359.988520  -0.115805  0.008591  128.380005  0.210000
1  359.988520  1.216236  1.216236  0.193337  -0.000000  0.000000  359.986848  -0.115054  0.008209  128.380005  0.210000
1  359.986848  1.216857  1.216857  0.171217  -0.000000  -0.000000  359.985822  -0.114326  0.007955  128.380005  0.210000
1  359.985822  1.217869  1.217869  0.150802  -0.000000  0.000001  359.985561  -0.113506  0.007690  128.380005  0.210000
1  359.985561  1.217283  1.217478  0.131718  -0.000000  0.000000  359.985577  -0.112651  0.008045  128.380005  0.210000
1  359.985577  1.217212  1.217212  0.114571  -0.000000  0.000000  359.989481  -0.111653  0.009000  128.380005  0.210000
1  359.989481  1.217703  1.217703  0.099505  -0.000000  0.000000  359.987364  -0.110838  0.008317  128.380005  0.210000
1  359.987364  1.217397  1.217397  0.087564  -0.000000  0.000000  359.985561  -0.110142  0.007646  128.380005  0.210000
1  359.985561  1.216149  1.216149  0.076065  -0.000000  -0.000000  359.983153  -0.109503  0.007077  118.629997  0.870000
1  359.983153  1.216996  1.216971  0.065542  -0.000000  -0.000000  359.991027  -0.108487  0.009426  118.629997  0.870000
1  359.991027  1.217285  1.217285  0.056885  -0.000000  -0.000000  359.987946  -0.107558  0.008223  118.629997  0.870000
1  359.987946  1.217334  1.217334  0.049491  -0.000000  -0.000000  359.987781  -0.106795  0.008131  118.629997  0.870000
1  359.987781  1.219127  1.219127  0.043648  -0.000000  -0.000000  359.987271  -0.106081  0.007796  118.629997  0.870000
1  359.987271  1.217491  1.217303  0.038032  -0.000000  -0.000000  359.987684  -0.105254  0.007619  118.629997  0.870000
1  359.987684  1.216800  1.216800  0.033437  -0.000000  -0.000000  359.986763  -0.104558  0.007527  118.629997  0.870000
1  359.986763  1.217980  1.217980  0.028314  -0.000000  0.000000  359.986683  -0.103791  0.007682  118.629997  0.870000
1  359.986683  1.217456  1.217456  0.024492  -0.000000  -0.000000  359.988104  -0.102997  0.007600  118.629997  0.870000
1  359.988104  1.217260  1.217260  0.021281  -0.000000  -0.000000  359.990452  -0.102092  0.008441  118.629997  0.870000
1  359.990452  1.216857  1.216857  0.018224  -0.000000  0.000000  359.990159  -0.101246  0.008248  118.629997  0.870000
1  359.990159  1.218576  1.218576  0.015369  -0.000000  0.000000  359.986705  -0.100658  0.006773  118.629997  0.870000
1  359.986705  1.217440  1.217609  0.014804  -0.000000  0.000001  359.985176  -0.100158  0.006512  109.940002  1.520000
1  359.985176  1.216506  1.216506  0.012894  0.000000  0.000000  359.984260  -0.099507  0.006603  109.940002  1.520000
1  359.984260  1.218228  1.218228  0.010702  -0.000000  -0.000000  359.986204  -0.098716  0.007248  109.940002  1.520000
1  359.986204  1.217832  1.217832  0.009223  -0.000000  -0.000000  359.987009  -0.097914  0.007428  109.940002  1.520000
1  359.987009  1.218859  1.218859  0.007616  -0.000000  -0.000000  359.987411  -0.097148  0.007313  109.940002  1.520000
1  359.987411  1.217920  1.217725  0.006965  -0.000000  0.000000  359.986495  -0.096484  0.007093  109.940002  1.520000
1  359.986495  1.218372  1.218372  0.005771  -0.000000  0.000000  359.988400  -0.095730  0.007315  109.940002  1.520000
1  359.988400  1.217147  1.217147  0.005207  -0.000000  -0.000000  359.986677  -0.095062  0.006605  109.940002  1.520000
1  359.986677  1.218396  1.218396  0.004230  -0.000000  -0.000001  359.987847  -0.094416  0.007245  98.000000  0.270000
1  359.987847  1.217389  1.217389  0.003890  -0.000000  -0.000000  359.989046  -0.093508  0.007773  98.000000  0.270000
1  359.989046  1.216626  1.216599  0.003372  -0.000000  0.000000  359.989877  -0.092825  0.007287  98.000000  0.270000
1  359.989877  1.217281  1.217281  0.002811  -0.000000  0.000000  359.992496  -0.091976  0.007762  98.000000  0.270000
1  359.992496  1.217436  1.217436  0.002498  -0.000000  -0.000000  359.990205  -0.091327  0.006863  98.000000  0.270000
1  359.990205  1.217085  1.217085  0.001415  -0.000000  -0.000000  359.988799  -0.090753  0.006282  98.000000  0.270000
1  359.988799  1.217831  1.217831  0.001673  -0.000000  0.000000  359.992452  -0.089961  0.007125  98.000000  0.270000
1  359.992452  1.217317  1.217256  0.001726  -0.000000  0.000000  359.991134  -0.089345  0.006607  98.000000  0.270000
1  359.991134  1.216887  1.216887  0.001332  -0.000000  0.000000  359.989991  -0.088755  0.006274  98.000000  0.270000
1  359.989991  1.218252  1.218252  0.001694  -0.000000  0.000000  359.989869  -0.088168  0.006343  98.000000  0.270000
1  359.989869  1.216777  1.216777  0.000880  -0.000000  -0.000000  359.990643  -0.087489  0.006537  307.470001  0.400000
1  359.990643  1.217344  1.217344  0.000577  -0.000000  -0.000000  359.990257  -0.086845  0.006407  307.470001  0.400000
1  359.990257  1.217184  1.216900  0.000594  -0.000000  -0.000000  359.990055  -0.086226  0.006151  307.470001  0.400000
1  359.990055  1.217488  1.217488  0.000426  -0.000000  0.000000  359.990225  -0.085601  0.006222  307.470001  0.400000
1  359.990225  1.216321  1.216321  0.001109  -0.000000  -0.000000  359.989629  -0.085028  0.005909  307.470001  0.400000
1  359.989629  1.217128  1.217128  0.001311  -0.000000  -0.000001  0.001919  -0.084213  0.009332  307.470001  0.400000
1  0.001919  1.216281  1.216281  0.001153  -0.000000  0.000000  359.995389  -0.083282  0.007042  307.470001  0.400000
1  359.995389  1.218112  1.217727  0.000837  -0.000000  0.000000  359.997054  -0.082513  0.006838  307.470001  0.400000
1  359.997054  1.217465  1.217465  0.000847  -0.000000  0.000000  359.992008  -0.082159  0.005394  307.470001  0.400000
1  359.992008  1.216634  1.216634  0.000838  -0.000000  0.000000  359.994893  -0.081587  0.006328  307.470001  0.400000
1  359.994893  1.217684  1.217684  0.000467  -0.000000  -0.000000  359.992271  -0.081090  0.005228  291.029999  0.560000
1  359.992271  1.217676  1.217676  0.001083  -0.000000  0.000000  359.990669  -0.080700  0.005326  291.029999  0.560000
1  359.990669  1.216605  1.216733  0.000096  -0.000000  -0.000000  359.990624  -0.080075  0.005408  291.029999  0.560000
1  359.990624  1.217720  1.217720  0.000523  -0.000000  0.000000  359.990196  -0.079557  0.005308  291.029999  0.560000
1  359.990196  1.216762  1.216762  0.000679  -0.000000  -0.000000  359.996040  -0.078841  0.006818  291.029999  0.560000
1  359.996040  1.218443  1.218443  0.000576  -0.000000  0.000000  359.993727  -0.078161  0.006037  291.029999  0.560000
1  359.993727  1.216681  1.216681  0.000673  -0.000000  -0.000001  359.993756  -0.077553  0.006034  291.029999  0.560000
1  359.993756  1.217182  1.216716  0.000496  -0.000000  0.000000  359.994636  -0.077027  0.006034  291.029999  0.560000
1  359.994636  1.217338  1.217338  0.000260  -0.000000  0.000000  359.992862  -0.076501  0.005572  291.029999  0.560000
1  359.992862  1.216224  1.216224  0.000185  -0.000000  0.000000  359.990548  -0.076078  0.004925  291.029999  0.560000
1  359.990548  1.216849  1.216849  0.000154  -0.000000  -0.000001  359.992525  -0.075426  0.005646  287.299988  0.420000
1  359.992525  1.216678  1.216678  0.000276  -0.000000  0.000000  359.991956  -0.074912  0.005454  287.299988  0.420000
1  359.991956  1.218573  1.217964  0.001211  -0.000000  -0.000000  359.993064  -0.074360  0.005545  287.299988  0.420000
1  359.993064  1.216152  1.216152  0.000638  -0.000000  -0.000000  359.991398  -0.073817  0.005152  287.299988  0.420000
1  359.991398  1.217921  1.217921  0.000626  -0.000000  0.000000  359.992392  -0.073307  0.005382  287.299988  0.420000
1  359.992392  1.217213  1.217213  0.000519  -0.000000  -0.000000  359.992429  -0.072660  0.005402  287.299988  0.420000
1  359.992429  1.215722  1.215722  0.000064  -0.000000  0.000000  359.990744  -0.072273  0.004894  287.299988  0.420000
1  359.990744  1.217904  1.217355  0.000471  -0.000000  0.000000  359.990516  -0.071786  0.004741  287.299988  0.420000
1  359.990516  1.217705  1.217705  359.999795  -0.000000  0.000000  359.992033  -0.071278  0.005124  287.299988  0.420000
1  359.992033  1.217701  1.217701  359.999231  -0.000000  0.000000  359.990408  -0.070772  0.004734  287.299988  0.420000
1  359.990408  1.218758  1.218758  359.999525  -0.000000  0.000000  359.989520  -0.070344  0.004762  287.299988  0.420000
1  359.989520  1.217997  1.217997  359.999006  -0.000000  -0.000000  359.991098  -0.069760  0.005103  287.299988  0.420000
1  359.991098  1.217235  1.216984  359.999087  -0.000000  -0.000000  359.994074  -0.069094  0.006033  182.539993  0.100000
1  359.994074  1.216520  1.216520  359.999186  -0.000000  0.000000  359.992001  -0.068572  0.005049  182.539993  0.100000
1  359.992001  1.217338  1.217338  359.998907  -0.000000  -0.000001  359.992250  -0.068098  0.005172  182.539993  0.100000
1  359.992250  1.216181  1.216181  359.999282  -0.000000  -0.000000  359.991842  -0.067612  0.005092  182.539993  0.100000
1  359.991842  1.217287  1.217287  359.999802  -0.000000  -0.000000  359.990597  -0.067152  0.004602  182.539993  0.100000
1  359.990597  1.217258  1.217143  359.999287  -0.000000  0.000000  359.990780  -0.066781  0.004332  182.539993  0.100000
1  359.990780  1.217403  1.217403  359.998786  -0.000000  0.000000  359.994227  -0.066206  0.004836  182.539993  0.100000
1  359.994227  1.217238  1.217238  359.999946  -0.000000  -0.000001  359.993791  -0.065687  0.005141  182.539993  0.100000
1  359.993791  1.218209  1.218209  359.999134  -0.000000  0.000001  359.991605  -0.065244  0.004497  91.800003  0.180000
1  359.991605  1.216973  1.216973  0.000414  -0.000000  0.000000  359.992388  -0.064790  0.004816  91.800003  0.180000
1  359.992388  1.215176  1.215181  0.000032  -0.000000  -0.000001  359.991952  -0.064213  0.005168  91.800003  0.180000
1  359.991952  1.216731  1.216731  359.999735  -0.000000  -0.000000  359.990721  -0.063737  0.004525  91.800003  0.180000
1  359.990721  1.217697  1.217697  359.999707  -0.000000  0.000000  359.990468  -0.063320  0.004346  91.800003  0.180000
1  359.990468  1.216563  1.216563  359.999277  -0.000000  0.000000  359.991847  -0.062837  0.004862  91.800003  0.180000
1  359.991847  1.218057  1.218057  359.999775  -0.000000  0.000000  359.991751  -0.062382  0.004646  91.800003  0.180000
1  359.991751  1.217250  1.217991  359.999417  -0.000000  -0.000000  359.992228  -0.061881  0.004713  91.800003  0.180000
1  359.992228  1.217122  1.217122  359.999975  -0.000000  0.000000  359.992895  -0.061360  0.004703  91.800003  0.180000
1  359.992895  1.217618  1.217618  359.999813  -0.000000  0.000000  359.992287  -0.060934  0.004406  91.800003  0.180000
1  359.992287  1.216806  1.216806  359.999780  -0.000000  -0.000000  359.992591  -0.060481  0.004573  132.990005  0.530000
1  359.992591  1.218190  1.218190  0.000523  -0.000000  -0.000000  359.993789  -0.059980  0.004564  132.990005  0.530000
1  359.993789  1.217399  1.217655  0.000317  -0.000000  -0.000000  359.996742  -0.059453  0.005136  132.990005  0.530000
1  359.996742  1.216949  1.216949  0.001270  -0.000000  -0.000000  359.993960  -0.059082  0.003973  132.990005  0.530000
1  359.993960  1.216571  1.216571  359.999448  -0.000000  0.000000  359.993509  -0.058730  0.003875  132.990005  0.530000
1  359.993509  1.219077  1.219077  359.999612  -0.000000  0.000000  359.992996  -0.058420  0.003823  132.990005  0.530000
1  359.992996  1.217858  1.217858  359.999829  -0.000000  -0.000000  359.994178  -0.057903  0.004404  132.990005  0.530000
1  359.994178  1.218746  1.218647  0.000239  -0.000000  0.000001  359.993795  -0.057459  0.004236  132.990005  0.530000
1  359.993795  1.218633  1.218633  0.000224  -0.000000  0.000000  359.993244  -0.057055  0.004285  132.990005  0.530000
1  359.993244  1.216785  1.216785  0.000261  -0.000000  -0.000001  359.993542  -0.056568  0.004300  132.990005  0.530000
1  359.993542  1.216847  1.216847  0.000237  -0.000000  0.000000  359.993677  -0.056190  0.004154  119.940002  0.050000
1  359.993677  1.216803  1.216803  0.000160  -0.000000  -0.000000  359.993355  -0.055864  0.003643  119.940002  0.050000
1  359.993355  1.216734  1.216635  359.998984  -0.000000  -0.000000  359.992970  -0.055501  0.003776  119.940002  0.050000
1  359.992970  1.217493  1.217493  359.999990  -0.000000  0.000000  359.993022  -0.055085  0.004019  119.940002  0.050000
1  359.993022  1.217686  1.217686  0.000294  -0.000000  -0.000000  359.993673  -0.054636  0.004067  119.940002  0.050000
1  359.993673  1.218145  1.218145  359.999872  -0.000000  0.000000  359.993460  -0.054247  0.004030  119.940002  0.050000
1  359.993460  1.217211  1.217211  0.000684  -0.000000  -0.000000  359.995142  -0.053745  0.004253  119.940002  0.050000
1  359.995142  1.216679  1.216460  359.999496  -0.000000  -0.000001  359.996143  -0.053290  0.004403  119.940002  0.050000
1  359.996143  1.217682  1.217682  359.999969  -0.000000  0.000000  359.995926  -0.052864  0.004102  119.940002  0.050000
1  359.995926  1.218645  1.218645  359.999783  -0.000000  -0.000001  359.994281  -0.052515  0.003839  119.940002  0.050000
1  359.994281  1.218326  1.218326  0.000237  -0.000000  0.000000  0.000198  -0.051983  0.005304  8.180000  0.490000
1  0.000198  1.217233  1.217233  0.000615  -0.000000  0.000000  359.996540  -0.051585  0.003893  8.180000  0.490000
1  359.996540  1.217821  1.217501  0.000419  -0.000000  0.000001  359.995080  -0.051267  0.003704  8.180000  0.490000
1  359.995080  1.216826  1.216826  0.000635  -0.000000  0.000000  359.994959  -0.050989  0.003364  8.180000  0.490000
1  359.994959  1.219876  1.219876  359.999971  -0.000000  -0.000001  359.994836  -0.050610  0.003446  8.180000  0.490000
1  359.994836  1.217559  1.217559  359.999711  -0.000000  -0.000000  359.996302  -0.050191  0.003907  8.180000  0.490000
1  359.996302  1.218405  1.218405  359.999957  -0.000000  -0.000000  359.995034  -0.049829  0.003533  8.180000  0.490000
1  359.995034  1.217647  1.217158  359.999576  -0.000000  0.000000  359.996397  -0.049329  0.003701  8.180000  0.490000
1  359.996397  1.216433  1.216433  0.000094  -0.000000  -0.000000  359.996059  -0.049063  0.003292  8.180000  0.490000
1  359.996059  1.216602  1.216602  359.999562  -0.000000  0.000000  359.995126  -0.048836  0.002834  8.180000  0.490000
1  359.995126  1.216884  1.216884  359.998219  -0.000000  0.000000  359.996477  -0.048437  0.003139  8.180000  0.490000
1  359.996477  1.217790  1.217790  359.999172  -0.000000  -0.000000  359.996006  -0.048148  0.003323  8.180000  0.490000
1  359.996006  1.218995  1.219034  359.999214  -0.000000  -0.000000  359.995273  -0.047756  0.003266  345.769989  0.440000
1  359.995273  1.218660  1.218660  359.999657  -0.000000  0.000000  359.997089  -0.047382  0.003815  345.769989  0.440000
1  359.997089  1.216817  1.216817  359.999691  -0.000000  -0.000001  359.995440  -0.046966  0.003551  345.769989  0.440000
1  359.995440  1.215595  1.215595  359.999401  -0.000000  0.000000  359.994424  -0.046712  0.003115  345.769989  0.440000
1  359.994424  1.216234  1.216234  359.999677  -0.000000  0.000000  359.996668  -0.046312  0.003708  345.769989  0.440000
1  359.996668  1.216885  1.216785  359.999262  -0.000000  -0.000000  359.996488  -0.045905  0.003605  345.769989  0.440000
1  359.996488  1.218471  1.218471  359.999710  -0.000000  -0.000000  359.995330  -0.045580  0.003587  345.769989  0.440000
1  359.995330  1.217905  1.217905  359.999944  -0.000000  0.000000  359.995361  -0.045261  0.003375  345.769989  0.440000
1  359.995361  1.218273  1.218273  0.000180  -0.000000  0.000000  359.994324  -0.045003  0.002804  9.060000  0.630000
1  359.994324  1.217919  1.217919  0.000292  -0.000000  0.000000  359.993817  -0.044751  0.002835  9.060000  0.630000
1  359.993817  1.216192  1.214909  359.999716  -0.000000  0.000000  0.001528  -0.044298  0.004737  9.060000  0.630000
1  0.001528  1.217186  1.217186  0.000299  -0.000000  0.000000  359.997549  -0.043927  0.003055  9.060000  0.630000
1  359.997549  1.217933  1.217933  359.999497  -0.000000  0.000000  359.995874  -0.043772  0.002689  9.060000  0.630000
1  359.995874  1.217888  1.217888  359.999493  -0.000000  0.000000  359.996877  -0.043470  0.002904  9.060000  0.630000
1  359.996877  1.218581  1.218581  0.000097  -0.000000  -0.000000  359.996001  -0.043207  0.002853  9.060000  0.630000
1  359.996001  1.217891  1.217609  359.999797  -0.000000  -0.000000  359.995614  -0.042869  0.002891  9.060000  0.630000
1  359.995614  1.215807  1.215807  0.000233  -0.000000  0.000000  359.994725  -0.042572  0.002949  9.060000  0.630000
1  359.994725  1.216561  1.216561  0.000229  -0.000000  -0.000001  359.996625  -0.042188  0.003411  9.060000  0.630000
1  359.996625  1.217329  1.217329  0.000120  -0.000000  0.000000  359.995825  -0.041845  0.003237  79.680000  1.310000
1  359.995825  1.218237  1.218237  359.999954  -0.000000  0.000000  359.995640  -0.041528  0.003171  79.680000  1.310000
1  359.995640  1.217852  1.217837  0.000191  -0.000000  0.000000  359.996281  -0.041194  0.003325  79.680000  1.310000
1  359.996281  1.217039  1.217039  0.002305  -0.000000  0.000000  359.995709  -0.040938  0.002796  79.680000  1.310000
1  359.995709  1.217208  1.217208  0.001840  -0.000000  -0.000000  359.995581  -0.040661  0.002873  79.680000  1.310000
1  359.995581  1.216210  1.216210  359.999680  -0.000000  -0.000000  359.995794  -0.040403  0.002930  79.680000  1.310000
1  359.995794  1.217087  1.217087  0.000024  -0.000000  0.000000  359.995875  -0.040109  0.002914  79.680000  1.310000
1  359.995875  1.216592  1.216227  0.000122  -0.000000  0.000000  359.995787  -0.039804  0.002896  79.680000  1.310000
1  359.995787  1.217902  1.217902  0.000044  -0.000000  0.000000  359.997139  -0.039451  0.002978  79.680000  1.310000
1  359.997139  1.218148  1.218148  0.000449  -0.000000  0.000000  359.996246  -0.039185  0.002833  79.680000  1.310000
1  359.996246  1.216926  1.216926  359.999865  -0.000000  0.000000  359.995229  -0.038976  0.002499  85.029999  1.750000
1  359.995229  1.216646  1.216646  359.999679  -0.000000  -0.000000  359.994600  -0.038750  0.002601  85.029999  1.750000
1  359.994600  1.216641  1.216355  359.999819  -0.000000  0.000000  359.995183  -0.038419  0.002980  85.029999  1.750000
1  359.995183  1.216250  1.216250  359.999706  -0.000000  0.000000  359.995446  -0.038065  0.002955  85.029999  1.750000
1  359.995446  1.215896  1.215896  359.999451  -0.000000  -0.000000  359.996497  -0.037734  0.002861  85.029999  1.750000
1  359.996497  1.217397  1.217397  359.999248  -0.000000  -0.000000  359.996041  -0.037483  0.002828  85.029999  1.750000
1  359.996041  1.217757  1.217757  359.999333  -0.000000  -0.000001  359.995649  -0.037226  0.002825  85.029999  1.750000
1  359.995649  1.217932  1.217907  359.999225  -0.000000  -0.000000  359.997736  -0.036939  0.002987  85.029999  1.750000
1  359.997736  1.216719  1.216719  359.999442  -0.000000  -0.000000  359.996802  -0.036665  0.002761  85.029999  1.750000
1  359.996802  1.217096  1.217096  359.999189  -0.000000  -0.000000  359.996985  -0.036384  0.002817  85.029999  1.750000
1  359.996985  1.216950  1.216950  359.999974  -0.000000  -0.000000  359.997005  -0.036151  0.002465  330.549988  0.110000
1  359.997005  1.218176  1.218176  0.000400  -0.000000  -0.000000  359.996584  -0.035975  0.002247  330.549988  0.110000
1  359.996584  1.217599  1.217241  0.001118  -0.000000  -0.000000  359.996446  -0.035657  0.002808  330.549988  0.110000
1  359.996446  1.217379  1.217379  0.000726  -0.000000  0.000001  359.996438  -0.035367  0.002595  330.549988  0.110000
1  359.996438  1.217699  1.217699  0.000178  -0.000000  -0.000001  359.997414  -0.035058  0.002804  330.549988  0.110000
1  359.997414  1.216780  1.216780  0.000495  -0.000000  0.000001  359.997233  -0.034819  0.002691  330.549988  0.110000
1  359.997233  1.217158  1.217158  0.000122  -0.000000  -0.000000  359.996926  -0.034594  0.002544  330.549988  0.110000
1  359.996926  1.217418  1.216908  359.999806  -0.000000  0.000000  359.997273  -0.034340  0.002581  330.549988  0.110000
1  359.997273  1.217783  1.217783  359.999353  -0.000000  -0.000000  359.996422  -0.034072  0.002575  330.549988  0.110000
1  359.996422  1.217622  1.217622  359.999134  -0.000000  -0.000000  359.996328  -0.033784  0.002324  330.549988  0.110000
1  359.996328  1.217581  1.217581  0.000010  -0.000000  -0.000000  359.996175  -0.033623  0.002130  330.549988  0.110000
1  359.996175  1.217472  1.217472  359.999936  -0.000000  -0.000000  359.995966  -0.033414  0.002188  330.549988  0.110000
1  359.995966  1.216509  1.216973  359.999621  -0.000000  -0.000001  359.997080  -0.033150  0.002545  317.220001  0.690000
1  359.997080  1.217113  1.217113  359.999651  -0.000000  0.000000  359.996707  -0.032867  0.002364  317.220001  0.690000
1  359.996707  1.216619  1.216619  0.000991  -0.000000  0.000000  359.996331  -0.032621  0.002357  317.220001  0.690000
1  359.996331  1.217670  1.217670  0.000526  -0.000000  -0.000000  359.996154  -0.032409  0.002462  317.220001  0.690000
1  359.996154  1.217240  1.217240  359.999983  -0.000000  0.000000  359.995737  -0.032202  0.002373  317.220001  0.690000
1  359.995737  1.217734  1.217703  0.000246  -0.000000  0.000000  359.995870  -0.031972  0.002244  317.220001  0.690000
1  359.995870  1.217288  1.217288  0.000386  -0.000000  0.000000  359.996285  -0.031698  0.002378  317.220001  0.690000
1  359.996285  1.215752  1.215752  0.000315  -0.000000  0.000000  359.995736  -0.031533  0.002059  317.220001  0.690000
1  359.995736  1.216913  1.216913  0.000030  -0.000000  -0.000000  359.995707  -0.031292  0.002288  286.380005  0.590000
1  359.995707  1.217868  1.217868  359.999940  -0.000000  -0.000001  359.996536  -0.031024  0.002676  286.380005  0.590000
1  359.996536  1.217340  1.217016  0.000369  -0.000000  -0.000001  359.996538  -0.030718  0.002562  286.380005  0.590000
1  359.996538  1.218210  1.218210  359.999907  -0.000000  0.000000  359.996361  -0.030519  0.002321  286.380005  0.590000
1  359.996361  1.216547  1.216547  359.999823  -0.000000  -0.000000  359.997104  -0.030271  0.002566  286.380005  0.590000
1  359.997104  1.216320  1.216320  0.000199  -0.000000  0.000001  359.996653  -0.030013  0.002401  286.380005  0.590000
1  359.996653  1.218046  1.218046  0.000341  -0.000000  0.000000  359.997355  -0.029732  0.002508  286.380005  0.590000
1  359.997355  1.217799  1.217813  359.999786  -0.000000  0.000000  359.997541  -0.029480  0.002445  286.380005  0.590000
1  359.997541  1.217484  1.217484  359.999726  -0.000000  -0.000000  359.996994  -0.029349  0.001881  286.380005  0.590000
1  359.996994  1.216894  1.216894  0.000465  -0.000000  -0.000000  359.996641  -0.029241  0.001713  286.380005  0.590000
1  359.996641  1.217801  1.217801  0.000316  -0.000000  -0.000000  359.996751  -0.029057  0.001853  272.589996  0.510000
1  359.996751  1.217250  1.217250  0.000785  -0.000000  -0.000000  359.996952  -0.028821  0.002096  272.589996  0.510000
1  359.996952  1.216474  1.216729  359.999935  -0.000000  0.000000  359.996452  -0.028624  0.002063  272.589996  0.510000
1  359.996452  1.217134  1.217134  359.999352  -0.000000  -0.000000  359.996356  -0.028414  0.001823  272.589996  0.510000
1  359.996356  1.216341  1.216341  359.999914  -0.000000  0.000000  359.996439  -0.028250  0.002035  272.589996  0.510000
1  359.996439  1.218431  1.218431  359.999454  -0.000000  -0.000000  359.996720  -0.027987  0.002381  272.589996  0.510000
1  359.996720  1.217070  1.217070  359.999557  -0.000000  -0.000000  359.996840  -0.027772  0.002258  272.589996  0.510000
1  359.996840  1.218118  1.217647  359.999821  -0.000000  0.000000  359.997451  -0.027557  0.002242  272.589996  0.510000
1  359.997451  1.217304  1.217304  359.999293  -0.000000  -0.000001  359.996782  -0.027375  0.001894  272.589996  0.510000
1  359.996782  1.216833  1.216833  359.999786  -0.000000  -0.000000  359.996653  -0.027160  0.002039  272.589996  0.510000
1  359.996653  1.217273  1.217273  359.998822  -0.000000  0.000000  359.997173  -0.026960  0.001941  182.710007  0.460000
1  359.997173  1.216570  1.216570  359.999544  -0.000000  0.000000  359.997753  -0.026740  0.002134  182.710007  0.460000
1  359.997753  1.218457  1.217063  359.999554  -0.000000  -0.000000  359.998517  -0.026489  0.002345  182.710007  0.460000
1  359.998517  1.217994  1.217994  359.999422  -0.000000  -0.000001  359.998005  -0.026254  0.002090  182.710007  0.460000
1  359.998005  1.216921  1.216921  359.999235  -0.000000  -0.000000  359.997539  -0.026099  0.001934  182.710007  0.460000
1  359.997539  1.218222  1.218222  359.999500  -0.000000  0.000001  359.997872  -0.025943  0.001839  182.710007  0.460000
1  359.997872  1.217249  1.217249  359.999587  -0.000000  0.000000  359.998863  -0.025740  0.002255  182.710007  0.460000
1  359.998863  1.216467  1.216436  359.999935  -0.000000  0.000000  359.998122  -0.025515  0.001946  182.710007  0.460000
1  359.998122  1.216963  1.216963  359.999959  -0.000000  0.000000  359.997485  -0.025375  0.001694  182.710007  0.460000
1  359.997485  1.215748  1.215748  359.999135  -0.000000  -0.000000  359.997552  -0.025236  0.001630  182.710007  0.460000
1  359.997552  1.216514  1.216514  359.999545  -0.000000  0.000000  359.997364  -0.025011  0.002012  163.869995  0.520000
1  359.997364  1.215670  1.215670  359.999163  -0.000000  -0.000000  359.997113  -0.024808  0.001889  163.869995  0.520000
1  359.997113  1.217579  1.216977  359.998997  -0.000000  -0.000001  359.997134  -0.024647  0.001775  163.869995  0.520000
1  359.997134  1.215141  1.215141  359.998526  -0.000000  0.000000  359.996723  -0.024506  0.001521  163.869995  0.520000
1  359.996723  1.214152  1.214152  359.998938  -0.000000  -0.000000  359.997619  -0.024293  0.001876  163.869995  0.520000
1  359.997619  1.222559  1.222559  359.999383  -0.000000  -0.000001  359.997684  -0.024069  0.001966  163.869995  0.520000
1  359.997684  1.217527  1.217527  359.999501  -0.000000  0.000000  359.997381  -0.023908  0.001726  163.869995  0.520000
1  359.997381  1.219423  1.219352  359.999226  -0.000000  -0.000000  359.997963  -0.023713  0.001973  163.869995  0.520000
1  359.997963  1.216014  1.216014  359.999221  -0.000000  0.000000  359.997850  -0.023513  0.001778  163.869995  0.520000
1  359.997850  1.217228  1.217228  359.999518  -0.000000  0.000000  359.997914  -0.023330  0.001872  163.869995  0.520000
1  359.997914  1.217462  1.217462  359.999434  -0.000000  0.000000  359.997733  -0.023204  0.001360  163.869995  0.520000
1  359.997733  1.215008  1.215008  359.999760  -0.000000  -0.000000  359.998391  -0.023096  0.001283  163.869995  0.520000
1  359.998391  1.219164  1.218978  359.998496  -0.000000  0.000000  359.997511  -0.022947  0.001404  102.589996  0.550000
1  359.997511  1.217734  1.217734  359.999348  -0.000000  -0.000000  359.997836  -0.022786  0.001579  102.589996  0.550000
1  359.997836  1.217463  1.217463  0.000222  -0.000000  -0.000000  359.997742  -0.022642  0.001370  102.589996  0.550000
1  359.997742  1.217340  1.217340  359.999024  -0.000000  0.000000  359.996939  -0.022541  0.001340  102.589996  0.550000
1  359.996939  1.216315  1.216315  359.999038  -0.000000  0.000000  359.997396  -0.022349  0.001685  102.589996  0.550000
1  359.997396  1.218309  1.218404  359.999472  -0.000000  -0.000000  359.997356  -0.022170  0.001511  102.589996  0.550000
1  359.997356  1.218124  1.218124  359.998969  -0.000000  -0.000000  359.997322  -0.022042  0.001450  102.589996  0.550000
1  359.997322  1.217340  1.217340  359.999014  -0.000000  0.000000  359.997724  -0.021825  0.001634  102.589996  0.550000
1  359.997724  1.216692  1.216692  359.999326  -0.000000  0.000000  359.997515  -0.021665  0.001492  29.510000  0.400000
1  359.997515  1.216025  1.216025  359.999573  -0.000000  -0.000001  359.999445  -0.021480  0.002013  29.510000  0.400000
1  359.999445  1.216729  1.216425  0.000247  -0.000000  -0.000001  359.998339  -0.021311  0.001636  29.510000  0.400000
1  359.998339  1.217260  1.217260  0.000182  -0.000000  0.000000  359.998111  -0.021159  0.001695  29.510000  0.400000
1  359.998111  1.216623  1.216623  0.000294  -0.000000  0.000000  359.998176  -0.020981  0.001571  29.510000  0.400000
1  359.998176  1.218319  1.218319  0.000512  -0.000000  -0.000000  359.998371  -0.020810  0.001671  29.510000  0.400000
1  359.998371  1.218023  1.218023  0.000032  -0.000000  -0.000000  359.997826  -0.020674  0.001571  29.510000  0.400000
1  359.997826  1.216331  1.216772  359.999850  -0.000000  -0.000001  359.997937  -0.020497  0.001740  29.510000  0.400000
1  359.997937  1.214682  1.214682  0.000375  -0.000000  -0.000000  359.998009  -0.020358  0.001360  29.510000  0.400000
1  359.998009  1.216596  1.216596  0.000228  -0.000000  0.000000  359.998099  -0.020238  0.001543  29.510000  0.400000
1  359.998099  1.217163  1.217163  359.999698  -0.000000  0.000000  359.997508  -0.020098  0.001305  54.540001  0.710000
1  359.997508  1.217808  1.217808  0.000082  -0.000000  0.000001  359.997177  -0.019986  0.001207  54.540001  0.710000
1  359.997177  1.217642  1.217302  0.000293  -0.000000  -0.000000  359.998133  -0.019822  0.001566  54.540001  0.710000
1  359.998133  1.216742  1.216742  359.999755  -0.000000  -0.000001  359.998429  -0.019665  0.001615  54.540001  0.710000
1  359.998429  1.217016  1.217016  359.999874  -0.000000  0.000001  359.998288  -0.019451  0.001615  54.540001  0.710000
1  359.998288  1.216907  1.216907  0.000167  -0.000000  -0.000000  359.997980  -0.019316  0.001588  54.540001  0.710000
1  359.997980  1.217279  1.217279  0.000173  -0.000000  0.000000  359.998282  -0.019165  0.001509  54.540001  0.710000
1  359.998282  1.218039  1.217244  0.000498  -0.000000  -0.000000  359.998025  -0.019050  0.001286  54.540001  0.710000
1  359.998025  1.217093  1.217093  359.999748  -0.000000  0.000000  359.997573  -0.018980  0.001047  54.540001  0.710000
1  359.997573  1.217287  1.217287  0.000247  -0.000000  0.000000  359.997827  -0.018831  0.001373  54.540001  0.710000
1  359.997827  1.217318  1.217318  0.000121  -0.000000  -0.000000  359.998028  -0.018703  0.001161  42.770000  0.900000
1  359.998028  1.216753  1.216753  0.000337  -0.000000  -0.000000  359.998325  -0.018592  0.001140  42.770000  0.900000
1  359.998325  1.215581  1.215792  0.000109  -0.000000  -0.000000  359.997972  -0.018466  0.001126  42.770000  0.900000
1  359.997972  1.216484  1.216484  359.999794  -0.000000  -0.000000  359.998000  -0.018333  0.001340  42.770000  0.900000
1  359.998000  1.217052  1.217052  359.999678  -0.000000  0.000000  359.997495  -0.018176  0.001362  42.770000  0.900000
1  359.997495  1.216849  1.216849  359.999767  -0.000000  -0.000000  359.997948  -0.018005  0.001468  42.770000  0.900000
1  359.997948  1.219446  1.219446  359.999862  -0.000000  0.000001  359.997920  -0.017840  0.001533  42.770000  0.900000
1  359.997920  1.217330  1.217529  0.000053  -0.000000  0.000000  359.998197  -0.017702  0.001502  42.770000  0.900000
1  359.998197  1.217496  1.217496  0.000455  -0.000000  -0.000000  359.998742  -0.017542  0.001510  42.770000  0.900000
1  359.998742  1.216763  1.216763  359.999878  -0.000001  -0.000000  359.997937  -0.017454  0.001111  42.770000  0.900000
1  359.997937  1.216720  1.216720  0.000145  -0.000000  0.000000  359.997902  -0.017336  0.001201  37.320000  0.730000
1  359.997902  1.217865  1.217865  0.000152  -0.000000  0.000000  359.997953  -0.017223  0.001334  37.320000  0.730000
1  359.997953  1.216469  1.216859  359.999712  -0.000000  -0.000001  359.997878  -0.017086  0.001150  37.320000  0.730000
1  359.997878  1.218544  1.218544  0.000004  -0.000000  0.000000  359.998164  -0.016964  0.001300  37.320000  0.730000
1  359.998164  1.217566  1.217566  359.999584  -0.000000  -0.000000  359.998054  -0.016842  0.001167  37.320000  0.730000
1  359.998054  1.215860  1.215860  359.999305  -0.000000  0.000001  359.997903  -0.016726  0.001318  37.320000  0.730000
1  359.997903  1.216720  1.216720  359.999153  -0.000000  -0.000000  359.998146  -0.016619  0.001225  37.320000  0.730000
1  359.998146  1.217078  1.216784  359.999342  -0.000000  -0.000000  359.998227  -0.016482  0.001313  37.320000  0.730000
1  359.998227  1.217191  1.217191  359.998804  -0.000000  -0.000001  359.997613  -0.016368  0.001031  37.320000  0.730000
1  359.997613  1.217884  1.217884  359.999490  -0.000000  0.000000  359.998300  -0.016242  0.001167  37.320000  0.730000
1  359.998300  1.216749  1.216749  359.999969  -0.000000  -0.000000  359.998207  -0.016099  0.001384  37.320000  0.730000
1  359.998207  1.216951  1.216951  0.000314  -0.000000  0.000001  359.999554  -0.015938  0.001494  37.320000  0.730000
1  359.999554  1.217345  1.215551  0.000070  -0.000000  0.000001  359.998772  -0.015815  0.001233  75.809998  1.250000
1  359.998772  1.215837  1.215837  0.000220  -0.000000  0.000000  359.998499  -0.015707  0.001212  75.809998  1.250000
1  359.998499  1.217648  1.217648  0.000357  -0.000000  0.000000  359.998461  -0.015575  0.001302  75.809998  1.250000
1  359.998461  1.217842  1.217842  0.000267  -0.000000  0.000000  359.998793  -0.015441  0.001041  75.809998  1.250000
1  359.998793  1.218425  1.218425  0.000231  -0.000000  -0.000000  359.998539  -0.015381  0.001051  75.809998  1.250000
1  359.998539  1.217946  1.217599  0.000344  -0.000000  0.000000  359.998322  -0.015275  0.001112  75.809998  1.250000
1  359.998322  1.216387  1.216387  0.000098  -0.000000  0.000000  359.998657  -0.015173  0.001061  75.809998  1.250000
1  359.998657  1.216800  1.216800  359.999885  -0.000000  -0.000000  359.998239  -0.015049  0.001125  75.809998  1.250000
1  359.998239  1.217269  1.217269  359.999465  -0.000000  0.000001  359.997905  -0.014963  0.000922  106.419998  1.240000
1  359.997905  1.217171  1.217171  0.000991  -0.000000  0.000001  359.998421  -0.014851  0.001127  106.419998  1.240000
1  359.998421  1.216832  1.216726  0.000016  -0.000000  -0.000001  359.998217  -0.014718  0.000927  106.419998  1.240000
1  359.998217  1.218369  1.218369  0.000005  -0.000000  -0.000001  359.998448  -0.014651  0.001029  106.419998  1.240000
1  359.998448  1.216925  1.216925  0.000177  -0.000000  -0.000000  359.998707  -0.014471  0.001311  106.419998  1.240000
1  359.998707  1.215727  1.215727  0.000457  -0.000000  0.000000  359.999119  -0.014355  0.001219  106.419998  1.240000
1  359.999119  1.217181  1.217181  0.000476  -0.000000  -0.000000  359.998643  -0.014244  0.001171  106.419998  1.240000
1  359.998643  1.218087  1.217784  0.000193  -0.000000  0.000001  359.998755  -0.014098  0.001214  106.419998  1.240000
1  359.998755  1.217907  1.217907  0.000205  -0.000000  0.000000  359.998639  -0.013997  0.001191  106.419998  1.240000
1  359.998639  1.217353  1.217353  0.000322  -0.000000  -0.000001  359.998457  -0.013923  0.001066  106.419998  1.240000
1  359.998457  1.217769  1.217769  0.000609  -0.000000  -0.000001  359.998551  -0.013833  0.000932  261.290009  0.140000
1  359.998551  1.217054  1.217054  359.999514  -0.000000  0.000000  359.998116  -0.013790  0.000683  261.290009  0.140000
1  359.998116  1.216408  1.216363  359.999494  -0.000000  0.000000  359.998009  -0.013713  0.000777  261.290009  0.140000
1  359.998009  1.217376  1.217376  0.000105  -0.000000  -0.000000  359.998493  -0.013612  0.000850  261.290009  0.140000
1  359.998493  1.217448  1.217448  0.000059  -0.000000  -0.000000  359.998672  -0.013492  0.001071  261.290009  0.140000
1  359.998672  1.217340  1.217340  359.999433  -0.000000  -0.000000  359.998327  -0.013388  0.000909  261.290009  0.140000
1  359.998327  1.218746  1.218746  359.999271  -0.000000  -0.000000  359.998442  -0.013289  0.001022  261.290009  0.140000
1  359.998442  1.218149  1.217633  359.999734  -0.000000  0.000001  359.998622  -0.013229  0.000770  261.290009  0.140000
1  359.998622  1.216091  1.216091  359.999926  -0.000000  0.000001  359.998526  -0.013152  0.000938  261.290009  0.140000
1  359.998526  1.217218  1.217218  359.999785  -0.000000  0.000000  359.998660  -0.013028  0.001124  261.290009  0.140000
1  359.998660  1.217350  1.217350  359.999631  -0.000000  -0.000000  359.998524  -0.012945  0.000750  288.320007  0.550000
1  359.998524  1.217023  1.217023  0.000212  -0.000000  0.000001  359.998958  -0.012804  0.001137  288.320007  0.550000
1  359.998958  1.217494  1.217837  0.000303  -0.000000  -0.000000  359.999091  -0.012691  0.000902  288.320007  0.550000
1  359.999091  1.217473  1.217473  359.999828  -0.000000  -0.000000  359.998796  -0.012648  0.000788  288.320007  0.550000
1  359.998796  1.217501  1.217501  359.999619  -0.000000  -0.000000  359.998937  -0.012551  0.001036  288.320007  0.550000
1  359.998937  1.218535  1.218535  359.999761  -0.000000  -0.000000  359.998806  -0.012402  0.001098  288.320007  0.550000
1  359.998806  1.218339  1.218339  0.000354  -0.000000  -0.000001  359.999069  -0.012313  0.000962  288.320007  0.550000
1  359.999069  1.217008  1.216959  0.000427  -0.000000  -0.000000  359.998866  -0.012249  0.000892  288.320007  0.550000
1  359.998866  1.218827  1.218827  0.000068  -0.000000  -0.000001  359.998876  -0.012167  0.000803  288.320007  0.550000
1  359.998876  1.218530  1.218530  0.000077  -0.000000  -0.000000  359.999026  -0.012025  0.001167  288.320007  0.550000
1  359.999026  1.217261  1.217261  0.000039  -0.000000  -0.000001  359.998948  -0.011915  0.000985  323.859985  1.200000
1  359.998948  1.216755  1.216755  359.999880  -0.000000  0.000000  359.998573  -0.011885  0.000620  323.859985  1.200000
1  359.998573  1.217279  1.217296  359.999914  -0.000000  -0.000000  359.998732  -0.011816  0.000994  323.859985  1.200000
1  359.998732  1.216691  1.216691  359.999909  -0.000000  0.000000  359.999565  -0.011659  0.001163  323.859985  1.200000
1  359.999565  1.218164  1.218164  359.999866  -0.000000  0.000000  359.999157  -0.011545  0.001124  323.859985  1.200000
1  359.999157  1.217225  1.217225  359.999789  -0.000000  0.000001  359.999022  -0.011490  0.000837  323.859985  1.200000
1  359.999022  1.218348  1.218348  359.999931  -0.000000  0.000000  359.998938  -0.011411  0.000864  323.859985  1.200000
1  359.998938  1.217509  1.217507  359.999868  -0.000000  0.000001  359.998786  -0.011327  0.000822  323.859985  1.200000
1  359.998786  1.217452  1.217452  359.999786  -0.000000  -0.000000  359.998809  -0.011232  0.000688  323.859985  1.200000
1  359.998809  1.217511  1.217511  0.000042  -0.000000  0.000000  359.998873  -0.011169  0.000854  323.859985  1.200000
1  359.998873  1.216978  1.216978  0.000319  -0.000000  -0.000000  359.999027  -0.011073  0.000794  323.859985  1.200000
1  359.999027  1.217047  1.217047  0.000169  -0.000000  0.000000  359.998920  -0.011013  0.000638  323.859985  1.200000
1  359.998920  1.217413  1.217151  359.999994  -0.000000  0.000000  359.998889  -0.011014  0.000570  308.910004  0.790000
1  359.998889  1.217471  1.217471  359.999654  -0.000000  -0.000001  359.998465  -0.010933  0.000684  308.910004  0.790000
1  359.998465  1.216746  1.216746  359.999871  -0.000000  0.000000  359.998663  -0.010828  0.000765  308.910004  0.790000
1  359.998663  1.216987  1.216987  0.000198  -0.000000  -0.000001  359.999218  -0.010718  0.000983  308.910004  0.790000
1  359.999218  1.216300  1.216300  359.999940  -0.000000  -0.000001  359.999268  -0.010590  0.000948  308.910004  0.790000
1  359.999268  1.217148  1.216719  0.000320  -0.000000  -0.000000  359.999358  -0.010537  0.000665  308.910004  0.790000
1  359.999358  1.217426  1.217426  0.000138  -0.000000  -0.000000  359.999378  -0.010525  0.000493  308.910004  0.790000
1  359.999378  1.217484  1.217484  359.999402  -0.000000  0.000000  359.999195  -0.010480  0.000666  308.910004  0.790000
1  359.999195  1.218031  1.218031  359.999759  -0.000000  -0.000001  359.999059  -0.010378  0.000856  338.320007  0.860000
1  359.999059  1.216316  1.216316  359.999905  -0.000000  0.000000  359.999052  -0.010274  0.000858  338.320007  0.860000
1  359.999052  1.216597  1.216515  359.999802  -0.000000  0.000000  359.999012  -0.010161  0.001049  338.320007  0.860000
1  359.999012  1.218727  1.218727  359.999503  -0.000000  0.000001  359.999067  -0.010023  0.001075  338.320007  0.860000
1  359.999067  1.216823  1.216823  359.999211  -0.000000  0.000000  359.998931  -0.010014  0.000541  338.320007  0.860000
1  359.998931  1.218246  1.218246  359.999237  -0.000000  0.000000  359.998859  -0.010024  0.000370  338.320007  0.860000
1  359.998859  1.217590  1.217590  359.999499  -0.000000  -0.000000  359.999017  -0.009935  0.000583  338.320007  0.860000
1  359.999017  1.217745  1.217667  359.999478  -0.000000  -0.000000  359.998809  -0.009847  0.000720  338.320007  0.860000
1  359.998809  1.216590  1.216590  359.999812  -0.000000  -0.000001  359.998925  -0.009757  0.000755  338.320007  0.860000
1  359.998925  1.217361  1.217361  359.999662  -0.000000  -0.000000  359.998870  -0.009685  0.000827  338.320007  0.860000
1  359.998870  1.216951  1.216951  359.999587  -0.000000  -0.000001  359.998892  -0.009600  0.000781  330.209991  0.510000
1  359.998892  1.218099  1.218099  359.999511  -0.000000  -0.000000  359.999503  -0.009503  0.000883  330.209991  0.510000
1  359.999503  1.218092  1.217354  359.999746  -0.000000  -0.000000  359.999178  -0.009442  0.000716  330.209991  0.510000
1  359.999178  1.217854  1.217854  0.000348  -0.000000  -0.000000  359.999244  -0.009403  0.000596  330.209991  0.510000
1  359.999244  1.217083  1.217083  359.999966  -0.000000  -0.000000  359.999099  -0.009359  0.000594  330.209991  0.510000
1  359.999099  1.216923  1.216923  359.999394  -0.000000  -0.000000  359.998931  -0.009270  0.000598  330.209991  0.510000
1  359.998931  1.217122  1.217122  359.999358  -0.000000  0.000000  359.999173  -0.009217  0.000554  330.209991  0.510000
1  359.999173  1.218139  1.217971  0.000288  -0.000000  0.000001  359.999251  -0.009179  0.000633  330.209991  0.510000
1  359.999251  1.217243  1.217243  0.000485  -0.000000  0.000000  359.999405  -0.009054  0.000978  330.209991  0.510000
1  359.999405  1.217168  1.217168  0.000016  -0.000000  -0.000000  359.999314  -0.008964  0.000782  330.209991  0.510000
1  359.999314  1.218271  1.218271  0.000353  -0.000000  -0.000000  359.999230  -0.008911  0.000719  147.899994  0.180000
1  359.999230  1.217177  1.217177  0.000208  -0.000000  0.000000  359.999152  -0.008846  0.000595  147.899994  0.180000
1  359.999152  1.216603  1.216669  0.000593  -0.000000  0.000000  359.999386  -0.008757  0.000824  147.899994  0.180000
1  359.999386  1.217813  1.217813  0.000586  -0.000000  -0.000000  359.999353  -0.008704  0.000765  147.899994  0.180000
1  359.999353  1.218081  1.218081  0.000500  -0.000000  0.000000  359.999158  -0.008654  0.000658  147.899994  0.180000
1  359.999158  1.217561  1.217561  359.999936  -0.000000  0.000000  359.999248  -0.008598  0.000671  147.899994  0.180000
1  359.999248  1.217012  1.217012  0.000008  -0.000000  0.000001  359.999019  -0.008530  0.000443  147.899994  0.180000
1  359.999019  1.217572  1.217609  0.000331  -0.000000  0.000001  359.999462  -0.008533  0.000308  147.899994  0.180000
1  359.999462  1.218333  1.218333  359.999861  -0.000000  -0.000000  359.999199  -0.008469  0.000595  147.899994  0.180000
1  359.999199  1.216580  1.216580  359.999870  -0.000000  0.000001  359.999074  -0.008334  0.000804  147.899994  0.180000
1  359.999074  1.216388  1.216388  359.999703  -0.000000  0.000000  359.998905  -0.008280  0.000569  167.220001  0.300000
1  359.998905  1.217459  1.217459  0.000038  -0.000000  0.000000  359.999459  -0.008218  0.000635  167.220001  0.300000
1  359.999459  1.217964  1.217437  0.000592  -0.000000  0.000000  359.999301  -0.008168  0.000745  167.220001  0.300000
1  359.999301  1.216898  1.216898  0.000771  -0.000000  0.000000  359.999287  -0.008084  0.000593  167.220001  0.300000
1  359.999287  1.218391  1.218391  359.999991  -0.000000  -0.000000  359.998890  -0.008048  0.000622  167.220001  0.300000
1  359.998890  1.217749  1.217749  359.999926  -0.000000  0.000000  359.999165  -0.007983  0.000553  167.220001  0.300000
1  359.999165  1.217283  1.217283  0.000833  -0.000000  0.000000  359.999165  -0.007912  0.000718  167.220001  0.300000
1  359.999165  1.217074  1.217627  0.000145  -0.000000  0.000000  359.999125  -0.007819  0.000582  167.220001  0.300000
1  359.999125  1.216963  1.216963  0.000247  -0.000000  -0.000000  359.999057  -0.007795  0.000442  167.220001  0.300000
1  359.999057  1.217689  1.217689  0.000874  -0.000000  -0.000000  359.999215  -0.007720  0.000741  167.220001  0.300000
1  359.999215  1.216574  1.216574  0.000546  -0.000000  -0.000000  359.999247  -0.007651  0.000678  167.220001  0.300000
1  359.999247  1.217300  1.217300  0.000542  -0.000000  0.000000  359.999123  -0.007627  0.000527  167.220001  0.300000
1  359.999123  1.218246  1.217991  0.000815  -0.000000  0.000001  359.999584  -0.007572  0.000596  91.120003  0.200000
1  359.999584  1.217404  1.217404  0.001054  -0.000000  0.000000  359.999797  -0.007509  0.000638  91.120003  0.200000
1  359.999797  1.217337  1.217337  0.000410  -0.000000  0.000000  359.999285  -0.007428  0.000765  91.120003  0.200000
1  359.999285  1.216827  1.216827  0.000232  -0.000000  0.000000  359.999308  -0.007343  0.000695  91.120003  0.200000
1  359.999308  1.218059  1.218059  0.000020  -0.000000  -0.000000  359.999138  -0.007285  0.000498  91.120003  0.200000
1  359.999138  1.217699  1.217410  359.999308  -0.000000  0.000000  359.999136  -0.007257  0.000436  91.120003  0.200000
1  359.999136  1.219344  1.219344  359.999974  -0.000000  0.000000  359.999492  -0.007220  0.000466  91.120003  0.200000
1  359.999492  1.217384  1.217384  359.999622  -0.000000  -0.000000  359.999092  -0.007200  0.000338  91.120003  0.200000
1  359.999092  1.217483  1.217483  359.999707  -0.000000  0.000001  359.999113  -0.007118  0.000618  39.509998  0.270000
1  359.999113  1.216998  1.216998  359.999625  -0.000000  -0.000000  359.999426  -0.007103  0.000203  39.509998  0.270000
1  359.999426  1.216389  1.216579  359.998799  -0.000000  0.000000  359.999278  -0.007061  0.000490  39.509998  0.270000
1  359.999278  1.217511  1.217511  359.998590  -0.000000  -0.000000  359.999328  -0.006990  0.000453  39.509998  0.270000
1  359.999328  1.217373  1.217373  359.999399  -0.000000  0.000001  359.999179  -0.006955  0.000402  39.509998  0.270000
1  359.999179  1.217475  1.217475  359.999822  -0.000000  0.000000  359.999207  -0.006906  0.000546  39.509998  0.270000
1  359.999207  1.216828  1.216828  0.000066  -0.000000  0.000000  359.999496  -0.006857  0.000344  39.509998  0.270000
1  359.999496  1.217098  1.217362  359.999952  -0.000000  0.000001  359.999389  -0.006794  0.000503  39.509998  0.270000
1  359.999389  1.216334  1.216334  359.999614  -0.000000  0.000000  359.999134  -0.006747  0.000394  39.509998  0.270000
1  359.999134  1.217219  1.217219  359.999188  -0.000000  -0.000000  359.999143  -0.006733  0.000398  39.509998  0.270000
1  359.999143  1.217722  1.217722  359.999193  -0.000000  0.000000  359.999193  -0.006688  0.000510  159.610001  0.200000
1  359.999193  1.217425  1.217425  359.999472  -0.000000  0.000000  359.999326  -0.006591  0.000560  159.610001  0.200000
1  359.999326  1.217426  1.217611  359.999770  -0.000000  -0.000000  359.999283  -0.006509  0.000721  159.610001  0.200000
1  359.999283  1.217796  1.217796  0.000463  -0.000000  0.000000  359.999574  -0.006474  0.000543  159.610001  0.200000
1  359.999574  1.216029  1.216029  0.000014  -0.000000  -0.000000  359.999159  -0.006497  0.000261  159.610001  0.200000
1  359.999159  1.216520  1.216520  359.999773  -0.000000  0.000000  359.999105  -0.006454  0.000394  159.610001  0.200000
1  359.999105  1.216989  1.216989  359.999959  -0.000000  -0.000000  359.999335  -0.006417  0.000346  159.610001  0.200000
1  359.999335  1.216464  1.216598  359.999858  -0.000000  -0.000001  359.999333  -0.006354  0.000600  159.610001  0.200000
1  359.999333  1.217037  1.217037  359.998867  -0.000000  0.000001  359.999002  -0.006337  0.000315  159.610001  0.200000
1  359.999002  1.217257  1.217257  359.998723  -0.000000  0.000000  359.999182  -0.006292  0.000349  159.610001  0.200000
1  359.999182  1.218326  1.218326  359.999493  -0.000000  0.000000  359.999588  -0.006207  0.000573  113.660004  1.300000
1  359.999588  1.218069  1.218069  359.999713  -0.000000  0.000000  359.999558  -0.006165  0.000650  113.660004  1.300000
1  359.999558  1.217607  1.217198  359.999323  -0.000000  0.000000  359.999394  -0.006123  0.000440  113.660004  1.300000
1  359.999394  1.217063  1.217063  359.999474  -0.000000  -0.000000  359.999305  -0.006033  0.000738  113.660004  1.300000
1  359.999305  1.216442  1.216442  359.999718  -0.000000  0.000000  359.999463  -0.005954  0.000739  113.660004  1.300000
1  359.999463  1.216738  1.216738  359.999665  -0.000000  -0.000000  359.999433  -0.005905  0.000532  113.660004  1.300000
1  359.999433  1.217371  1.217371  359.999635  -0.000000  0.000000  359.999454  -0.005863  0.000514  113.660004  1.300000
1  359.999454  1.218437  1.218391  359.999783  -0.000000  0.000000  359.999657  -0.005789  0.000673  113.660004  1.300000
1  359.999657  1.217286  1.217286  359.999809  -0.000000  0.000000  359.999533  -0.005778  0.000297  113.660004  1.300000
1  359.999533  1.216459  1.216459  359.999745  -0.000000  0.000000  359.999590  -0.005735  0.000390  113.660004  1.300000
1  359.999590  1.216779  1.216779  359.999965  -0.000000  -0.000000  359.999477  -0.005684  0.000378  105.339996  0.760000
1  359.999477  1.216605  1.216605  359.999744  -0.000000  0.000000  359.999255  -0.005659  0.000345  105.339996  0.760000
1  359.999255  1.217826  1.218748  0.000365  -0.000000  -0.000000  359.999455  -0.005654  0.000197  105.339996  0.760000
1  359.999455  1.217874  1.217874  0.000243  -0.000000  0.000000  359.999450  -0.005605  0.000242  105.339996  0.760000
1  359.999450  1.217977  1.217977  359.999653  -0.000000  0.000000  359.999160  -0.005587  0.000287  105.339996  0.760000
1  359.999160  1.217711  1.217711  359.993537  -0.000001  -0.000005  359.999131  -0.005517  0.000582  105.339996  0.760000
1  359.999131  1.217190  1.217190  0.001327  -0.000002  -0.000002  359.998711  -0.005437  0.000253  105.339996  0.760000
1  359.998711  1.219122  1.218954  0.006192  -0.000005  -0.000010  359.998302  -0.005386  0.000394  105.339996  0.760000
1  359.998302  1.218856  1.218856  0.006490  -0.000004  -0.000004  359.998372  -0.005405  0.000190  105.339996  0.760000
1  359.998372  1.220533  1.220533  0.006395  -0.000006  -0.000010  359.998266  -0.005396  0.000579  105.339996  0.760000
1  359.998266  1.221946  1.221946  0.009083  -0.000000  0.000011  359.998083  -0.005405  -0.000064  105.339996  0.760000
1  359.998083  1.221080  1.221080  0.011846  -0.000000  0.000008  359.998973  -0.005378  0.000429  105.339996  0.760000
1  359.998973  1.219720  1.219552  0.011000  -0.000000  0.000006  359.999440  -0.005265  0.000619  327.329987  0.230000
1  359.999440  1.220681  1.220681  0.009424  -0.000000  0.000003  359.999552  -0.005214  0.000630  327.329987  0.230000
1  359.999552  1.220528  1.220528  0.008259  -0.000000  0.000003  359.999662  -0.005136  0.000488  327.329987  0.230000
1  359.999662  1.221361  1.221361  0.007093  -0.000000  0.000002  359.999429  -0.005149  0.000333  327.329987  0.230000
1  359.999429  1.220621  1.220621  0.006327  -0.000000  0.000001  359.999476  -0.005097  0.000516  327.329987  0.230000
1  359.999476  1.220977  1.221101  0.004119  -0.000000  0.000002  359.999518  -0.005130  0.000110  327.329987  0.230000
1  359.999518  1.221085  1.221085  0.006999  0.000003  0.000010  359.999312  -0.005261  -0.000813  327.329987  0.230000
1  359.999312  1.219568  1.219568  359.993824  0.000006  0.000015  359.998096  -0.005527  -0.001291  327.329987  0.230000
1  359.998096  1.220251  1.220251  359.998626  0.000005  0.000009  359.999171  -0.005408  0.000174  258.910004  0.440000
1  359.999171  1.217920  1.217920  359.997422  0.000003  -0.000002  359.999556  -0.005146  0.001181  258.910004  0.440000
1  359.999556  1.216517  1.217014  359.997293  0.000003  0.000001  359.999063  -0.005059  0.000676  258.910004  0.440000
1  359.999063  1.216920  1.216920  359.996702  0.000004  0.000001  359.998651  -0.005056  0.000300  258.910004  0.440000
1  359.998651  1.218647  1.218647  359.992926  0.000003  -0.000004  359.998925  -0.004962  0.001090  258.910004  0.440000
1  359.998925  1.216898  1.216898  359.997595  -0.000000  -0.000010  359.999247  -0.004709  0.001420  258.910004  0.440000
1  359.999247  1.217232  1.217232  0.001681  -0.000000  -0.000007  359.999663  -0.004597  0.001083  258.910004  0.440000
1  359.999663  1.216868  1.216213  0.002152  -0.000000  -0.000005  359.999508  -0.004541  0.000803  258.910004  0.440000
1  359.999508  1.215936  1.215936  359.990102  -0.000002  -0.000011  359.999474  -0.004508  0.000866  258.910004  0.440000
1  359.999474  1.215984  1.215984  0.009824  -0.000006  -0.000013  359.999289  -0.004363  0.000760  258.910004  0.440000
1  359.999289  1.216760  1.216760  359.997855  -0.000006  -0.000015  359.998800  -0.004361  0.000801  227.529999  0.690000
1  359.998800  1.216495  1.216495  0.013812  -0.000003  0.000002  359.998683  -0.004345  0.000074  227.529999  0.690000
1  359.998683  1.217092  1.217040  0.023555  -0.000005  -0.000004  359.998778  -0.004357  0.000412  227.529999  0.690000
1  359.998778  1.214650  1.214650  0.020029  -0.000002  0.000005  359.998889  -0.004383  -0.000051  227.529999  0.690000
1  359.998889  1.215137  1.215137  0.019414  -0.000000  0.000010  359.999213  -0.004449  -0.000101  227.529999  0.690000
1  359.999213  1.215793  1.215793  0.023176  -0.000000  0.000006  359.999803  -0.004413  0.000055  227.529999  0.690000
1  359.999803  1.215650  1.215650  0.020604  -0.000000  0.000005  359.999742  -0.004350  0.000189  227.529999  0.690000
1  359.999742  1.214859  1.215406  0.018046  -0.000000  0.000003  359.999441  -0.004346  0.000231  227.529999  0.690000
1  359.999441  1.216663  1.216663  0.016052  -0.000000  0.000002  359.999685  -0.004276  0.000297  227.529999  0.690000
1  359.999685  1.215575  1.215575  0.013784  -0.000000  0.000001  359.999562  -0.004290  0.000092  227.529999  0.690000
1  359.999562  1.213521  1.213521  0.011510  -0.000000  0.000001  359.999390  -0.004333  0.000189  188.110001  0.650000
1  359.999390  1.217185  1.217185  0.010348  -0.000000  0.000001  359.999493  -0.004275  0.000263  188.110001  0.650000
1  359.999493  1.216115  1.216177  0.009365  -0.000000  0.000000  359.999676  -0.004236  0.000096  188.110001  0.650000
1  359.999676  1.215173  1.215173  0.007526  -0.000000  0.000000  359.999308  -0.004235  0.000278  188.110001  0.650000
1  359.999308  1.214615  1.214615  0.006509  -0.000000  -0.000000  359.999300  -0.004184  0.000311  188.110001  0.650000
1  359.999300  1.214179  1.214179  0.007542  -0.000000  0.000001  0.000046  -0.004152  0.000335  188.110001  0.650000
1  0.000046  1.216125  1.216125  0.005422  -0.000000  -0.000000  359.999548  -0.004063  0.000647  188.110001  0.650000
1  359.999548  1.215042  1.215548  0.004832  -0.000000  0.000000  359.999571  -0.003997  0.000401  188.110001  0.650000
1  359.999571  1.216232  1.216232  0.004064  -0.000000  0.000001  359.999462  -0.003952  0.000607  188.110001  0.650000
1  359.999462  1.215448  1.215448  0.003182  -0.000000  0.000000  359.999543  -0.003923  0.000416  188.110001  0.650000
1  359.999543  1.215206  1.215206  0.002989  -0.000000  0.000000  359.999537  -0.003925  0.000023  185.050003  0.850000
1  359.999537  1.216140  1.216140  0.002562  -0.000000  0.000000  359.999162  -0.003985  -0.000004  185.050003  0.850000
1  359.999162  1.216085  1.216170  0.003025  -0.000000  0.000001  359.999803  -0.003957  0.000247  185.050003  0.850000
1  359.999803  1.214303  1.214303  0.002515  -0.000000  -0.000000  359.999607  -0.003891  0.000426  185.050003  0.850000
1  359.999607  1.216477  1.216477  0.001728  -0.000000  0.000000  359.999487  -0.003792  0.000728  185.050003  0.850000
1  359.999487  1.216440  1.216440  0.001514  -0.000000  -0.000000  359.999514  -0.003735  0.000260  185.050003  0.850000
1  359.999514  1.214405  1.214405  0.001473  -0.000000  -0.000000  359.999483  -0.003763  0.000120  185.050003  0.850000
1  359.999483  1.216014  1.215943  0.001458  -0.000000  -0.000000  359.999718  -0.003753  0.000236  185.050003  0.850000
1  359.999718  1.216647  1.216647  0.001318  -0.000000  0.000000  359.999668  -0.003734  0.000194  185.050003  0.850000
1  359.999668  1.216620  1.216620  0.001179  -0.000000  0.000000  359.999521  -0.003690  0.000468  185.050003  0.850000
1  359.999521  1.216080  1.216080  0.001017  -0.000000  0.000000  359.999747  -0.003650  0.000231  185.050003  0.850000
1  359.999747  1.215322  1.215322  0.001764  -0.000000  0.000000  359.999964  -0.003639  0.000158  185.050003  0.850000
1  359.999964  1.215610  1.215461  0.001700  -0.000000  -0.000000  359.999794  -0.003678  0.000131  165.619995  0.790000
1  359.999794  1.216082  1.216082  0.001555  -0.000000  0.000000  0.000137  -0.003578  0.000302  165.619995  0.790000
1  0.000137  1.216069  1.216069  0.001350  -0.000000  -0.000001  359.999959  -0.003623  -0.000185  165.619995  0.790000
1  359.999959  1.215887  1.215887  0.002164  -0.000000  -0.000000  359.999769  -0.003682  0.000023  165.619995  0.790000
1  359.999769  1.214807  1.214807  0.000482  -0.000000  -0.000000  359.999529  -0.003641  0.000364  165.619995  0.790000
1  359.999529  1.214874  1.215310  0.001353  -0.000000  -0.000000  359.999954  -0.003499  0.000483  165.619995  0.790000
1  359.999954  1.215957  1.215957  0.001157  -0.000000  -0.000000  359.999702  -0.003455  0.000464  165.619995  0.790000
1  359.999702  1.215812  1.215812  359.999930  -0.000000  -0.000000  359.999027  -0.003521  0.000004  165.619995  0.790000
1  359.999027  1.215491  1.215491  0.000359  -0.000000  -0.000000  359.999416  -0.003459  0.000445  341.679993  0.020000
1  359.999416  1.216508  1.216508  0.000799  -0.000000  -0.000000  359.999663  -0.003398  0.000325  341.679993  0.020000
1  359.999663  1.217214  1.216609  359.999852  -0.000000  0.000000  359.999374  -0.003367  0.000278  341.679993  0.020000
1  359.999374  1.215512  1.215512  359.999888  -0.000000  -0.000000  359.999479  -0.003316  0.000362  341.679993  0.020000
1  359.999479  1.214925  1.214925  359.999973  -0.000000  0.000000  359.999534  -0.003251  0.000594  341.679993  0.020000
1  359.999534  1.215827  1.215827  359.999859  -0.000000  0.000000  359.999574  -0.003209  0.000412  341.679993  0.020000
1  359.999574  1.215951  1.215951  0.000523  -0.000000  -0.000000  359.999742  -0.003192  0.000298  341.679993  0.020000
1  359.999742  1.216317  1.215393  0.000458  -0.000000  -0.000000  359.999901  -0.003214  0.000194  341.679993  0.020000
1  359.999901  1.214839  1.214839  359.999732  -0.000000  -0.000000  359.999644  -0.003235  0.000096  341.679993  0.020000
1  359.999644  1.214291  1.214291  359.999976  -0.000000  0.000000  359.999696  -0.003232  0.000116  341.679993  0.020000
1  359.999696  1.215472  1.215472  359.999499  -0.000000  -0.000000  359.999522  -0.003227  0.000097  321.980011  0.300000
1  359.999522  1.213183  1.213183  359.999784  -0.000000  0.000000  359.999778  -0.003158  0.000259  321.980011  0.300000
1  359.999778  1.216967  1.215931  0.000302  -0.000000  -0.000000  359.999789  -0.003096  0.000398  321.980011  0.300000
1  359.999789  1.215322  1.215322  359.999534  -0.000000  -0.000000  359.999339  -0.003114  0.000107  321.980011  0.300000
1  359.999339  1.215317  1.215317  359.999774  -0.000000  -0.000000  359.999869  -0.003037  0.000413  321.980011  0.300000
1  359.999869  1.216722  1.216722  359.999431  -0.000000  0.000000  359.999593  -0.003047  0.000007  321.980011  0.300000
1  359.999593  1.214910  1.214910  0.000504  -0.000000  -0.000001  359.999823  -0.003000  0.000386  321.980011  0.300000
1  359.999823  1.213733  1.213617  0.000373  -0.000000  -0.000000  359.999839  -0.002967  0.000340  321.980011  0.300000
1  359.999839  1.215522  1.215522  0.000001  -0.000000  -0.000000  359.999755  -0.002953  0.000239  321.980011  0.300000
1  359.999755  1.215789  1.215789  359.999794  -0.000000  0.000001  359.999687  -0.002883  0.000579  321.980011  0.300000
1  359.999687  1.217056  1.217056  0.000240  -0.000000  -0.000000  359.999758  -0.002846  0.000256  69.750000  0.340000
1  359.999758  1.215923  1.215923  359.999939  -0.000000  -0.000001  359.999724  -0.002889  -0.000044  69.750000  0.340000
1  359.999724  1.215067  1.215374  0.000218  -0.000000  -0.000000  359.999726  -0.002909  0.000197  69.750000  0.340000
1  359.999726  1.214002  1.214002  0.000608  -0.000000  -0.000000  359.999800  -0.002931  -0.000018  69.750000  0.340000
1  359.999800  1.214609  1.214609  0.001464  -0.000000  -0.000000  0.000084  -0.002844  0.000541  69.750000  0.340000
1  0.000084  1.215632  1.215632  0.000850  -0.000000  -0.000000  359.999772  -0.002741  0.000430  69.750000  0.340000
1  359.999772  1.215299  1.215299  0.000566  -0.000000  0.000000  359.999843  -0.002690  0.000541  69.750000  0.340000
1  359.999843  1.216364  1.217369  359.999961  -0.000000  -0.000000  359.999435  -0.002726  0.000207  69.750000  0.340000
1  359.999435  1.215745  1.215745  359.999404  -0.000000  0.000001  359.999401  -0.002737  0.000046  69.750000  0.340000
1  359.999401  1.215441  1.215441  359.999668  -0.000000  -0.000000  359.999550  -0.002726  0.000244  69.750000  0.340000
1  359.999550  1.214329  1.214329  359.998515  -0.000000  0.000000  359.999826  -0.002703  -0.000016  325.329987  0.420000
1  359.999826  1.214106  1.214106  359.999880  -0.000000  0.000000  359.999847  -0.002681  0.000111  325.329987  0.420000
1  359.999847  1.214981  1.215403  0.000143  -0.000000  0.000000  359.999704  -0.002651  0.000215  325.329987  0.420000
1  359.999704  1.214905  1.214905  0.000190  -0.000000  -0.000000  359.999699  -0.002611  0.000201  325.329987  0.420000
1  359.999699  1.215306  1.215306  0.000343  -0.000000  -0.000000  359.999971  -0.002572  0.000474  325.329987  0.420000
1  359.999971  1.215110  1.215110  359.999811  -0.000000  0.000000  359.999538  -0.002570  0.000224  325.329987  0.420000
1  359.999538  1.214579  1.214579  0.000186  -0.000000  0.000000  359.999745  -0.002537  0.000095  325.329987  0.420000
1  359.999745  1.215274  1.215530  0.000071  -0.000000  -0.000000  359.999822  -0.002577  -0.000180  325.329987  0.420000
1  359.999822  1.214567  1.214567  0.000074  -0.000000  0.000001  359.999829  -0.002543  0.000173  325.329987  0.420000
1  359.999829  1.215043  1.215043  359.999936  -0.000000  0.000000  359.999755  -0.002538  0.000015  325.329987  0.420000
1  359.999755  1.216026  1.216026  0.001188  -0.000000  -0.000000  0.000064  -0.002539  0.000098  325.329987  0.420000
1  0.000064  1.216059  1.216059  0.000459  -0.000000  0.000000  359.999853  -0.002519  0.000234  325.329987  0.420000
1  359.999853  1.215182  1.215581  0.000384  -0.000000  0.000000  359.999835  -0.002479  0.000313  330.720001  0.520000
