7  0.000000  -1.757506  61.865831  0.026765  3.772721  296.109985  0.120000
7  0.000000  -1.752744  66.322378  0.015047  4.017626  297.070007  0.130000
7  0.000000  -1.753383  71.066808  0.016645  4.276211  298.559998  0.130000
7  0.000000  -1.753963  75.839471  0.021838  4.546379  300.209991  0.140000
7  0.000000  -1.746130  79.874765  0.023303  4.812248  300.829987  0.140000
7  0.000000  -1.748570  84.142009  0.028230  5.103868  300.470001  0.140000
7  0.000000  -1.754548  87.546389  0.008922  5.381389  299.869995  0.130000
7  0.000000  -1.755101  90.609136  0.010120  5.670019  299.209991  0.120000
7  0.000000  -1.752595  93.924136  0.017311  5.952229  299.299988  0.120000
7  0.000000  -1.753799  96.753743  0.022371  6.261481  300.000000  0.120000
7  0.000000  -1.753208  99.810929  0.017444  6.555797  300.730011  0.110000
7  0.000000  -1.752913  103.034818  0.015047  6.858939  301.589996  0.120000
7  0.000000  -1.752138  105.952056  0.018509  7.180620  302.920013  0.110000
7  0.000000  -1.752249  108.639829  0.024102  7.503663  304.429993  0.110000
7  0.000000  -1.752179  111.342756  0.023702  7.798732  306.269989  0.110000
7  0.000000  -1.751904  113.648177  0.018109  8.145863  308.130005  0.110000
7  0.000000  -1.753135  116.088283  0.024767  8.487162  309.839996  0.110000
7  0.000000  -1.752957  118.392381  0.021838  8.834412  311.929993  0.110000
7  0.000000  -1.752828  120.937111  0.030760  9.197853  314.299988  0.110000
7  0.000000  -1.752803  123.280918  0.019042  9.575284  316.700012  0.110000
7  0.000000  -1.752375  125.666139  0.022104  9.934782  318.880005  0.110000
7  0.000000  -1.753467  127.315651  0.022504  10.324236  321.019989  0.100000
7  0.000000  -1.752199  129.025080  0.022237  10.742999  323.510010  0.100000
7  0.000000  -1.752703  130.490505  0.013848  11.171043  325.950012  0.100000
7  0.000000  -1.754976  132.033945  0.023036  11.607543  328.750000  0.100000
7  0.000000  -1.752417  133.706408  0.026898  12.052886  332.730011  0.090000
7  0.000000  -1.752359  135.170486  0.022104  12.515328  337.440002  0.090000
7  0.000000  -1.752568  136.544447  0.023303  12.976249  342.209991  0.090000
7  0.000000  -1.753228  137.529674  0.015846  13.476043  348.089996  0.090000
7  0.000000  -1.752800  138.608730  0.029295  13.992196  354.019989  0.090000
7  0.000000  -1.753115  139.602240  0.024901  14.509655  358.070007  0.090000
7  0.000000  -1.754118  140.827414  0.026232  15.041352  1.660000  0.100000
7  0.000000  -1.753354  141.605389  0.013049  15.566688  5.420000  0.100000
7  0.000000  -1.753036  142.392932  0.024368  16.118027  9.700000  0.110000
7  0.000000  -1.752976  143.193300  0.019974  16.674969  13.880000  0.120000
7  0.000000  -1.754090  144.019847  0.020773  17.251436  18.080000  0.120000
7  0.000000  -1.752762  144.677661  0.024102  17.839486  22.420000  0.130000
7  0.000000  -1.753362  145.253462  0.027297  18.432694  26.650000  0.150000
7  0.000000  -1.751996  145.860157  0.029295  19.050766  29.350000  0.160000
7  0.000000  -1.753283  146.469942  0.022903  19.675375  31.440001  0.170000
7  0.000000  -1.752849  147.040001  0.015979  20.271074  33.139999  0.190000
7  0.000000  -1.753274  147.442975  0.030094  20.858304  33.750000  0.190000
7  0.000000  -1.752489  147.933029  0.026765  21.490427  34.259998  0.200000
7  0.000000  -1.754395  148.324566  0.020639  22.074261  34.790001  0.210000
7  0.000000  -1.752089  148.793882  0.022371  22.713705  35.360001  0.220000
7  0.000000  -1.752454  149.211723  0.030227  23.379875  35.900002  0.230000
7  0.000000  -1.753143  149.541349  0.027564  24.026548  36.520000  0.240000
7  0.000000  -1.751686  149.955093  0.018243  24.663459  36.889999  0.250000
7  0.000000  -1.752155  150.337300  0.021039  25.327028  37.000000  0.250000
7  0.000000  -1.752217  150.659789  0.025034  25.970148  37.340000  0.260000
7  0.000000  -1.753255  150.976701  0.020506  26.642087  37.599998  0.270000
7  0.000000  -1.753032  151.258134  0.028096  27.349906  37.619999  0.280000
7  0.000000  -1.752568  151.456805  0.029827  28.033925  37.599998  0.280000
7  0.000000  -1.752772  151.696226  0.018509  28.703366  37.700001  0.290000
7  0.000000  -1.752579  151.903517  0.029561  29.386828  38.049999  0.290000
7  0.000000  -1.753272  152.165323  0.027431  30.087305  38.430000  0.300000
7  0.000000  -1.754989  152.411426  0.030094  30.799414  38.869999  0.310000
7  0.000000  -1.753584  152.604354  0.015846  31.520515  39.580002  0.310000
7  0.000000  -1.752415  152.742621  0.031692  32.221768  39.889999  0.310000
7  0.000000  -1.752537  152.941627  0.029428  32.948095  40.189999  0.320000
7  0.000000  -1.754984  153.072215  0.022237  33.661402  40.520000  0.320000
7  0.000000  -1.752883  153.191452  0.025300  34.355583  40.869999  0.320000
7  0.000000  -1.752816  153.345278  0.019974  35.068901  41.169998  0.320000
7  0.000000  -1.753305  153.409904  0.029561  35.807627  41.500000  0.320000
7  0.000000  -1.753114  153.530776  0.027431  36.518559  42.029999  0.320000
7  0.000000  -1.750928  153.584560  0.012517  37.220954  42.310001  0.320000
7  0.000000  -1.753023  153.663358  0.021971  37.949287  42.650002  0.320000
7  0.000000  -1.754100  153.751299  0.019175  38.680426  42.980000  0.320000
7  0.000000  -1.752847  153.840403  0.027164  39.409219  43.500000  0.320000
7  0.000000  -1.753076  153.927863  0.034355  40.156932  43.910000  0.310000
7  0.000000  -1.752573  154.020797  0.029561  40.913205  44.020000  0.310000
7  0.000000  -1.752621  154.079471  0.021305  41.650318  44.240002  0.310000
7  0.000000  -1.752278  154.122330  0.013848  42.410512  44.410000  0.310000
7  0.000000  -1.752732  154.194984  0.033290  43.198840  44.700001  0.310000
7  0.000000  -1.753073  154.255803  0.011052  43.955678  45.110001  0.310000
7  0.000000  -1.752335  154.295927  0.022504  44.712363  45.439999  0.310000
7  0.000000  -1.753226  154.333163  0.031425  45.494048  45.700001  0.310000
7  0.000000  -1.753185  154.365140  0.022637  46.253794  45.840000  0.320000
7  0.000000  -1.752760  154.396190  0.035154  47.018574  45.939999  0.320000
7  0.000000  -1.753160  154.466578  0.024102  47.809756  45.959999  0.320000
7  0.000000  -1.752165  154.511857  0.021705  48.588069  45.980000  0.320000
7  0.000000  -1.752245  154.597004  0.023569  49.351533  46.259998  0.320000
7  0.000000  -1.752615  154.655968  0.020107  50.095732  46.639999  0.320000
7  0.000000  -1.753699  154.716816  0.027830  50.919325  46.759998  0.320000
7  0.000000  -1.752637  154.728479  0.025566  51.679360  47.259998  0.320000
7  0.000000  -1.752396  154.727124  0.035686  52.449100  47.779999  0.310000
7  0.000000  -1.752794  154.807829  0.030360  53.254601  48.099998  0.310000
7  0.000000  -1.752210  154.846799  0.025700  54.053631  48.700001  0.310000
7  0.000000  -1.753258  154.835862  0.024235  54.797976  49.230000  0.310000
7  0.000000  -1.752447  154.858003  0.016378  55.608149  49.750000  0.310000
7  0.000000  -1.753520  154.864150  0.026099  56.361645  50.389999  0.310000
7  0.000000  -1.752422  154.839963  0.025833  57.139013  50.509998  0.300000
7  0.000000  -1.752467  154.804124  0.032624  57.931442  50.599998  0.310000
7  0.000000  -1.752385  154.842947  0.024501  58.719359  50.970001  0.300000
7  0.000000  -1.752840  154.828091  0.025833  59.520252  51.240002  0.300000
7  0.000000  -1.752906  154.847701  0.021305  60.303103  51.470001  0.300000
7  0.000000  -1.754231  154.866220  0.026898  61.115831  51.950001  0.300000
7  0.000000  -1.752185  154.849474  0.018908  61.903900  52.759998  0.300000
7  0.000000  -1.752388  154.827586  0.024767  62.705081  53.549999  0.300000
7  0.000000  -1.753526  154.861744  0.027164  63.498309  53.849998  0.300000
7  0.000000  -1.753424  154.849760  0.022504  64.310668  54.650002  0.290000
7  0.000000  -1.752957  154.883139  0.023569  65.104042  55.540001  0.290000
7  0.000000  -1.752836  154.879247  0.028629  65.914639  56.660000  0.290000
7  0.000000  -1.754579  154.859031  0.029694  66.716013  57.939999  0.290000
7  0.000000  -1.752618  154.861396  0.029162  67.514645  59.410000  0.290000
7  0.000000  -1.753103  154.856142  0.033423  68.316149  61.130001  0.280000
7  0.000000  -1.753378  154.874232  0.026099  69.129378  63.040001  0.280000
7  0.000000  -1.753445  154.894585  0.034488  69.934334  65.029999  0.270000
7  0.000000  -1.752769  154.910667  0.020240  70.732058  66.860001  0.270000
7  0.000000  -1.752741  154.922704  0.023702  71.517134  68.669998  0.270000
7  0.000000  -1.754185  154.925082  0.021572  72.308640  69.470001  0.270000
7  0.000000  -1.752342  154.994185  0.033689  73.115595  70.269997  0.270000
7  0.000000  -1.752742  155.010021  0.026232  73.922363  70.720001  0.270000
7  0.000000  -1.751812  155.006623  0.021971  74.688337  71.110001  0.270000
7  0.000000  -1.752744  155.025662  0.016778  75.501469  71.580002  0.280000
7  0.000000  -1.752875  154.989499  0.024102  76.292435  72.019997  0.280000
7  0.000000  -1.753297  154.967226  0.031958  77.076849  72.230003  0.280000
7  0.000000  -1.753572  154.984689  0.023702  77.871090  72.339996  0.280000
7  0.000000  -1.752637  155.010222  0.015446  78.623455  72.279999  0.290000
7  0.000000  -1.751605  155.039582  0.031292  79.475489  72.320000  0.300000
7  0.000000  -1.750556  155.048695  0.029162  80.258954  72.260002  0.300000
7  0.000000  -1.752752  155.076842  0.027297  81.031260  72.160004  0.310000
7  0.000000  -1.753951  155.048892  0.030360  81.866195  72.070000  0.320000
7  0.000000  -1.753548  155.015860  0.026632  82.622632  72.070000  0.320000
7  0.000000  -1.751714  155.049443  0.022637  83.458610  72.269997  0.330000
7  0.000000  -1.752108  155.020515  0.031825  84.245768  72.330002  0.330000
7  0.000000  -1.750879  155.034118  0.036618  85.056197  73.220001  0.340000
7  0.000000  -1.751959  155.024433  0.023170  85.811641  74.120003  0.340000
7  0.000000  -1.753522  155.065276  0.026498  86.621888  75.019997  0.350000
7  0.000000  -1.752590  155.032858  0.022237  87.425796  75.889999  0.350000
1  -1.752588  -1.752588  154.973669  0.028096  88.213101  76.720001  0.350000
1  -1.752567  -1.752567  154.992553  0.034222  89.025849  77.790001  0.350000
1  -1.751994  -1.752022  154.945327  0.028363  89.813606  78.839996  0.360000
1  -1.751821  -1.751821  154.952953  0.021705  90.596349  80.019997  0.360000
1  -1.753357  -1.753357  154.961958  0.027697  91.390444  81.349998  0.360000
1  -1.753581  -1.753581  154.953133  0.019841  92.187104  83.720001  0.360000
1  -1.752608  -1.752608  154.971272  0.024368  92.967052  85.970001  0.370000
1  -1.753213  -1.752969  154.971092  0.029295  93.740778  88.330002  0.370000
1  -1.753159  -1.753159  154.978888  0.023303  94.545608  90.320000  0.370000
1  -1.752067  -1.752067  154.976757  0.021572  95.306331  92.260002  0.370000
1  -1.751858  -1.751858  154.940257  0.022770  96.073942  94.279999  0.370000
1  -1.753670  -1.753670  154.917533  0.017444  96.843254  96.489998  0.370000
1  -1.752501  -1.751747  154.849368  0.022371  97.638059  98.709999  0.370000
1  -1.751383  -1.751383  154.838169  0.016112  98.385408  100.809998  0.380000
1  -1.752741  -1.752741  154.820966  0.020373  99.143800  102.980003  0.390000
1  -1.752919  -1.752919  154.810964  0.020240  99.898884  105.970001  0.390000
1  -1.751732  -1.751732  154.792305  0.025566  100.656413  108.739998  0.400000
1  -1.753093  -1.752688  154.743429  0.030893  101.434928  111.269997  0.410000
1  -1.753299  -1.753299  154.720969  0.032757  102.174315  112.730003  0.410000
1  -1.752327  -1.752327  154.732093  0.017843  102.916156  114.269997  0.410000
1  -1.753583  -1.753583  154.761408  0.034488  103.680888  115.830002  0.420000
1  -1.752275  -1.752275  154.715366  0.026498  104.417772  117.379997  0.420000
1  -1.752903  -1.752607  154.649854  0.015846  105.161916  118.820000  0.430000
1  -1.754197  -1.754197  154.674281  0.025566  105.910615  120.110001  0.440000
1  -1.752535  -1.752535  154.641431  0.020373  106.666964  121.250000  0.450000
1  -1.752412  -1.752412  154.643775  0.016778  107.394613  123.110001  0.460000
1  -1.752135  -1.752135  154.635405  0.027697  108.123770  123.570000  0.460000
1  -1.753752  -1.753666  154.694765  0.021438  108.883990  123.910004  0.460000
1  -1.752151  -1.752151  154.688921  0.021039  109.612653  123.910004  0.470000
1  -1.753144  -1.753144  154.680468  0.019042  110.350852  123.849998  0.480000
1  -1.752520  -1.752520  154.676848  0.021838  111.069186  123.949997  0.480000
1  -1.752774  -1.752774  154.690585  0.032357  111.764614  124.129997  0.490000
1  -1.751578  -1.751036  154.672562  0.019441  112.506631  124.510002  0.500000
1  -1.752296  -1.752296  154.679125  0.019574  113.233610  125.000000  0.500000
1  -1.752007  -1.752007  154.638540  0.017843  113.947295  125.589996  0.510000
1  -1.751890  -1.751890  154.604913  0.022104  114.654449  126.180000  0.520000
1  -1.753426  -1.753426  154.583703  0.021705  115.364676  126.849998  0.530000
1  -1.752830  -1.752739  154.576072  0.010919  116.066384  127.620003  0.530000
2  0.000000  -1.753738  154.589733  0.024102  116.778853  128.029999  0.550000
2  0.000000  -1.751378  154.575541  0.023170  117.484598  128.389999  0.560000
2  0.000000  -1.751867  154.603950  0.018376  118.173738  128.899994  0.570000
2  0.000000  -1.751504  154.612897  0.028096  118.899020  129.330002  0.570000
2  0.000000  -1.752425  154.603201  0.017444  119.600588  129.699997  0.580000
2  0.000000  -1.752413  154.583652  0.018509  120.285169  130.199997  0.590000
2  0.000000  -1.752825  154.602515  0.030493  120.985024  130.649994  0.600000
2  0.000000  -1.752523  154.624438  0.024368  121.672938  131.089996  0.610000
2  0.000000  -1.752269  154.582188  0.016911  122.377134  131.360001  0.620000
2  0.000000  -1.752613  154.606597  0.022504  123.066289  131.389999  0.630000
2  0.000000  -1.751926  154.573078  0.025966  123.741498  131.470001  0.630000
2  0.000000  -1.753287  154.576994  0.017577  124.434708  131.960007  0.640000
2  0.000000  -1.753281  154.555046  0.011851  125.125965  132.070007  0.640000
2  0.000000  -1.753945  154.504071  0.023835  125.799130  132.089996  0.640000
2  0.000000  -1.753151  154.506786  0.016245  126.469676  132.270004  0.650000
2  0.000000  -1.752361  154.516844  0.021971  127.089912  132.399994  0.650000
2  0.000000  -1.752868  154.549091  0.013316  127.820842  132.440002  0.650000
2  0.000000  -1.751596  154.530770  0.015313  128.444986  132.479996  0.650000
2  0.000000  -1.752543  154.565544  0.023968  129.152782  132.479996  0.650000
2  0.000000  -1.753427  154.591359  0.021172  129.806723  132.589996  0.650000
2  0.000000  -1.753438  154.663581  0.025700  130.420840  132.649994  0.650000
2  0.000000  -1.752231  154.688215  0.027031  131.136961  132.720001  0.650000
2  0.000000  -1.753533  154.721894  0.019707  131.843207  132.820007  0.650000
2  0.000000  -1.752370  154.740070  0.027297  132.496480  132.940002  0.650000
2  0.000000  -1.752060  154.780190  0.021572  133.092929  133.050003  0.650000
2  0.000000  -1.753246  154.837651  0.016911  133.831381  133.119995  0.650000
2  0.000000  -1.752535  154.814572  0.019707  134.483719  133.199997  0.650000
1  -1.752512  -1.752512  154.828427  0.015579  135.136796  133.270004  0.650000
1  -1.753326  -1.753278  154.886416  0.026632  135.793379  133.229996  0.650000
1  -1.753461  -1.753461  154.889534  0.023036  136.445485  133.039993  0.640000
1  -1.751791  -1.751791  154.862127  0.020906  137.083796  132.899994  0.640000
