mode yawCmd rudderSet rudderIs gpsCourse gpsSpeed cY cW cWd mY mW mWd accGyroCount magCount psid psiTilde rTilde integralPsiTilde rudderMoment tauFF 
1  0.000000  1.216433  1.216433  13220567254759771447134482628148996150099841085611114488940789671252174981556637910266230326941089950907116139205807932996046689990241658432250813350206596285725068752519455836044756147495896076202741486663114896083277042802224591224962926766436960878409742324596736.000000  0.000000 0.000000  0.000000  0.000000  0.000000  0.000000  0.000000 447 219 0.000000  0.000000  0.000000  0.000000  0.000000  0.000000 
1  0.000000  1.219002  1.219002  13220567254759771447134482628148996150099841085611114488940789671252174981556637910266230326941089950907116139205807932996046689990241658432250813350206596285725068752519455836044756147495896076202741486663114896083277042802224591224962926766436960878409742324596736.000000  0.000000 0.000000  0.000000  0.000000  0.000000  0.000000  0.000000 25 12 0.000000  0.000000  0.000000  0.000000  0.000000  0.000000 
1  0.000000  1.218300  1.218300  13220567254759771447134482628148996150099841085611114488940789671252174981556637910266230326941089950907116139205807932996046689990241658432250813350206596285725068752519455836044756147495896076202741486663114896083277042802224591224962926766436960878409742324596736.000000  0.000000 0.000000  0.000000  0.000000  0.000000  0.000000  0.000000 25 13 0.000000  0.000000  0.000000  0.000000  0.000000  0.000000 
1  0.000000  1.219895  1.219895  13220567254759771447134482628148996150099841085611114488940789671252174981556637910266230326941089950907116139205807932996046689990241658432250813350206596285725068752519455836044756147495896076202741486663114896083277042802224591224962926766436960878409742324596736.000000  0.000000 0.000000  0.000000  0.000000  0.000000  0.000000  0.000000 25 12 0.000000  0.000000  0.000000  0.000000  0.000000  0.000000 
1  0.000000  1.219712  1.219712  13220567254759771447134482628148996150099841085611114488940789671252174981556637910266230326941089950907116139205807932996046689990241658432250813350206596285725068752519455836044756147495896076202741486663114896083277042802224591224962926766436960878409742324596736.000000  0.000000 0.000000  0.000000  0.000000  0.000000  0.000000  0.000000 25 13 0.000000  0.000000  0.000000  0.000000  0.000000  0.000000 
1  0.000000  1.219938  1.219938  13220567254759771447134482628148996150099841085611114488940789671252174981556637910266230326941089950907116139205807932996046689990241658432250813350206596285725068752519455836044756147495896076202741486663114896083277042802224591224962926766436960878409742324596736.000000  0.000000 0.000000  0.000000  0.000000  0.000000  0.000000  0.000000 25 12 0.000000  0.000000  0.000000  0.000000  0.000000  0.000000 
1  0.000000  1.217939  1.217639  13220567254759771447134482628148996150099841085611114488940789671252174981556637910266230326941089950907116139205807932996046689990241658432250813350206596285725068752519455836044756147495896076202741486663114896083277042802224591224962926766436960878409742324596736.000000  0.000000 0.000000  0.000000  0.000000  0.000000  0.000000  0.000000 25 13 0.000000  0.000000  0.000000  0.000000  0.000000  0.000000 
1  0.000000  1.219533  1.219533  13220567254759771447134482628148996150099841085611114488940789671252174981556637910266230326941089950907116139205807932996046689990241658432250813350206596285725068752519455836044756147495896076202741486663114896083277042802224591224962926766436960878409742324596736.000000  0.000000 0.000000  0.000000  0.000000  0.000000  0.000000  0.000000 25 12 0.000000  0.000000  0.000000  0.000000  0.000000  0.000000 
1  0.000000  1.218174  1.218174  123.400002  1.140000 0.000000  0.000000  0.000000  0.000000  0.000000  0.000000 25 12 0.000000  0.000000  0.000000  0.000000  0.000000  0.000000 
1  0.000000  1.218748  1.218748  123.400002  1.140000 0.000000  0.000000  0.000000  0.000000  0.000000  0.000000 25 13 0.000000  0.000000  0.000000  0.000000  0.000000  0.000000 
1  0.000000  1.218219  1.218219  123.400002  1.140000 0.000000  0.000000  0.000000  0.000000  0.000000  0.000000 25 12 0.000000  0.000000  0.000000  0.000000  0.000000  0.000000 
1  0.000000  1.219037  1.219147  123.400002  1.140000 0.952104  0.373774  0.412753  0.143840  0.326939  1.124939 25 13 0.000000  0.000000  0.000000  0.000000  0.000000  0.000000 
1  0.952104  1.219962  1.219962  123.400002  1.140000 2.850791  0.360377  2.360713  0.439331  0.627422  1.632518 25 12 0.952104  0.000000  0.000000  0.000000  0.000000  0.000000 
1  2.850791  1.217688  1.217688  123.400002  1.140000 4.775584  0.898477  -1.356592  0.750195  0.761740  1.509407 25 12 2.850791  0.000000  0.000000  0.000000  0.000000  0.000000 
1  4.775584  1.219826  1.219826  123.400002  1.140000 6.927458  0.350987  -0.958614  1.032190  0.568767  0.371475 25 13 4.775584  0.000000  0.000000  0.000000  0.000000  0.000000 
1  6.927458  1.219318  1.219318  123.400002  1.140000 9.216766  0.944101  -0.088397  1.329047  0.740510  0.881416 25 12 6.927458  0.000000  0.000000  0.000000  0.000000  0.000000 
1  9.216766  1.219383  1.219208  123.400002  1.140000 11.751464  0.343358  0.971241  1.621394  0.563284  0.048732 25 13 9.216766  0.000000  0.000000  0.000000  0.000000  0.000000 
1  11.751464  1.217852  1.217852  123.400002  1.140000 14.243126  0.885176  -0.491240  1.910709  0.614052  0.247680 25 12 11.751464  0.000000  0.000000  0.000000  0.000000  0.000000 
1  14.243126  1.219794  1.219794  123.400002  1.140000 16.985960  0.937074  -2.768541  2.195037  0.589924  0.106321 25 12 14.243126  0.000000  0.000000  0.000000  0.000000  0.000000 
1  16.985960  1.218755  1.218755  123.400002  1.140000 20.021736  0.770380  1.722837  2.486014  0.590951  0.163569 25 13 16.985960  0.000000  0.000000  0.000000  0.000000  0.000000 
1  20.021736  1.219007  1.219007  170.539993  0.130000 22.980126  0.640873  0.709266  2.779702  0.603654  0.166162 25 12 20.021736  0.000000  0.000000  0.000000  0.000000  0.000000 
1  22.980126  1.219337  1.219337  170.539993  0.130000 26.149155  0.280647  2.391144  3.055164  0.501521  -0.256933 25 12 22.980126  0.000000  0.000000  0.000000  0.000000  0.000000 
1  26.149155  1.218140  1.218140  170.539993  0.130000 29.686899  1.106103  0.273209  3.359811  0.698794  0.421116 25 13 26.149155  0.000000  0.000000  0.000000  0.000000  0.000000 
1  29.686899  1.219402  1.219299  170.539993  0.130000 33.249142  1.145000  1.660341  3.635666  0.632012  0.213699 25 12 29.686899  0.000000  0.000000  0.000000  0.000000  0.000000 
1  33.249142  1.217842  1.217842  170.539993  0.130000 36.880031  0.463997  -0.025982  3.908330  0.445204  -0.466244 25 13 33.249142  0.000000  0.000000  0.000000  0.000000  0.000000 
1  36.880031  1.219445  1.219445  170.539993  0.130000 40.816348  -0.121800  -0.912459  4.186274  0.480380  -0.300851 25 12 36.880031  0.000000  0.000000  0.000000  0.000000  0.000000 
1  40.816348  1.218892  1.218892  170.539993  0.130000 44.795739  0.390901  -2.989401  4.448162  0.421563  -0.424397 25 12 40.816348  0.000000  0.000000  0.000000  0.000000  0.000000 
1  44.795739  1.217984  1.217984  170.539993  0.130000 48.951107  0.566751  0.161433  4.714440  0.625615  0.601468 25 13 44.795739  0.000000  0.000000  0.000000  0.000000  0.000000 
1  48.951107  1.219369  1.220334  300.579987  1.050000 52.976498  1.922217  2.888127  4.997756  0.683078  0.704716 25 12 48.951107  0.000000  0.000000  0.000000  0.000000  0.000000 
1  52.976498  1.219025  1.219025  300.579987  1.050000 57.343845  -0.313805  -3.036412  5.267490  0.479160  -0.253352 25 13 52.976498  0.000000  0.000000  0.000000  0.000000  0.000000 
1  57.343845  1.217769  1.217769  300.579987  1.050000 61.801968  -0.114174  2.083095  5.532398  0.487353  -0.118442 25 12 57.343845  0.000000  0.000000  0.000000  0.000000  0.000000 
1  61.801968  1.217753  1.218025  300.579987  1.050000 66.277035  0.790320  -3.296416  5.807250  0.484891  -0.136157 25 12 61.801968  0.000000  0.000000  0.000000  0.000000  0.000000 
1  66.277035  1.219793  1.219793  300.579987  1.050000 70.677748  0.263747  -0.355300  6.075703  0.501445  0.067097 25 13 66.277035  0.000000  0.000000  0.000000  0.000000  0.000000 
1  70.677748  1.219111  1.219111  300.579987  1.050000 75.114180  0.518948  -0.083131  6.347872  0.513651  0.128427 25 12 70.677748  0.000000  0.000000  0.000000  0.000000  0.000000 
1  75.114180  1.218674  1.218674  300.579987  1.050000 79.588707  0.553949  -1.209951  6.640310  0.586208  0.420562 25 12 75.114180  0.000000  0.000000  0.000000  0.000000  0.000000 
1  79.588707  1.218901  1.218901  300.579987  1.050000 83.783393  0.977102  2.075651  6.979818  0.815141  1.112828 25 13 79.588707  0.000000  0.000000  0.000000  0.000000  0.000000 
1  83.783393  1.218905  1.218953  300.579987  1.050000 88.127343  1.099012  1.389641  7.375740  0.995746  1.543997 25 12 83.783393  0.000000  0.000000  0.000000  0.000000  0.000000 
1  88.127343  1.220947  1.220947  300.579987  1.050000 92.319992  -0.481103  1.911103  7.861223  0.687679  0.060226 25 12 88.127343  0.000000  0.000000  0.000000  0.000000  0.000000 
1  92.319992  1.218483  1.218483  5.670000  0.710000 96.280280  1.388778  3.255860  8.412061  0.785907  0.323312 25 12 92.319992  0.000000  0.000000  0.000000  0.000000  0.000000 
1  96.280280  1.220257  1.220257  5.670000  0.710000 100.243784  0.862030  2.011400  9.100697  0.735981  -0.048398 25 12 96.280280  0.000000  0.000000  0.000000  0.000000  0.000000 
1  100.243784  1.218792  1.218792  5.670000  0.710000 104.117375  1.411323  3.298355  9.846590  0.810717  0.194013 25 13 100.243784  0.000000  0.000000  0.000000  0.000000  0.000000 
1  104.117375  1.219050  1.218761  5.670000  0.710000 107.681446  -0.145005  2.343686  10.594290  0.609168  -0.545507 25 12 104.117375  0.000000  0.000000  0.000000  0.000000  0.000000 
1  107.681446  1.218677  1.218677  5.670000  0.710000 110.929130  1.083417  3.069877  11.435537  1.139567  1.377198 25 12 107.681446  0.000000  0.000000  0.000000  0.000000  0.000000 
1  110.929130  1.218374  1.218374  5.670000  0.710000 114.291215  0.912051  1.191056  12.356922  0.882060  0.160883 25 13 110.929130  0.000000  0.000000  0.000000  0.000000  0.000000 
1  114.291215  1.217919  1.217919  5.670000  0.710000 117.377344  0.472855  -1.583695  13.304211  0.856481  -0.164126 25 12 114.291215  0.000000  0.000000  0.000000  0.000000  0.000000 
1  117.377344  1.216884  1.216884  5.670000  0.710000 120.226232  0.199258  1.344998  14.292826  1.160763  1.044851 25 12 117.377344  0.000000  0.000000  0.000000  0.000000  0.000000 
1  120.226232  1.221013  1.221013  5.670000  0.710000 122.851723  1.167966  1.709393  15.349525  1.213838  0.835598 25 13 120.226232  0.000000  0.000000  0.000000  0.000000  0.000000 
1  122.851723  1.218181  1.218181  5.670000  0.710000 125.408988  1.144128  1.068697  16.415547  1.141724  0.433092 25 12 122.851723  0.000000  0.000000  0.000000  0.000000  0.000000 
1  125.408988  1.219218  1.219218  136.229996  0.110000 127.863480  1.762059  4.061542  17.565303  1.191416  0.470424 25 13 125.408988  0.000000  0.000000  0.000000  0.000000  0.000000 
1  127.863480  1.220844  1.220844  136.229996  0.110000 130.117015  1.365718  -1.259124  18.678159  1.460584  1.234341 25 12 127.863480  0.000000  0.000000  0.000000  0.000000  0.000000 
1  130.117015  1.219351  1.219351  136.229996  0.110000 132.094128  0.694365  2.925477  19.804270  1.312967  0.480672 25 12 130.117015  0.000000  0.000000  0.000000  0.000000  0.000000 
1  132.094128  1.217533  1.217533  136.229996  0.110000 134.109052  0.692289  -0.558261  21.042993  1.282047  0.162370 25 13 132.094128  0.000000  0.000000  0.000000  0.000000  0.000000 
1  134.109052  1.217828  1.217828  136.229996  0.110000 135.917529  1.586715  -0.070416  22.210968  1.422130  0.641040 25 12 134.109052  0.000000  0.000000  0.000000  0.000000  0.000000 
1  135.917529  1.218053  1.217612  136.229996  0.110000 137.463349  1.586867  -0.211540  23.372335  1.484009  0.657686 25 12 135.917529  0.000000  0.000000  0.000000  0.000000  0.000000 
1  137.463349  1.218928  1.218928  136.229996  0.110000 139.029186  1.569130  2.639661  24.646546  1.536471  0.707696 25 13 137.463349  0.000000  0.000000  0.000000  0.000000  0.000000 
1  139.029186  1.217924  1.217924  136.229996  0.110000 140.466889  0.854530  -1.765120  25.893336  1.525241  0.380280 25 12 139.029186  0.000000  0.000000  0.000000  0.000000  0.000000 
1  140.466889  1.218070  1.218070  136.229996  0.110000 141.836928  1.225326  1.018425  27.198541  1.647467  0.694684 24 13 140.466889  0.000000  0.000000  0.000000  0.000000  0.000000 
1  141.836928  1.218568  1.218568  136.229996  0.110000 143.013874  1.116637  0.759769  28.459466  1.517458  0.091404 25 12 141.836928  0.000000  0.000000  0.000000  0.000000  0.000000 
1  143.013874  1.219103  1.219103  178.110001  0.260000 144.175430  0.946174  -1.625102  29.746063  1.696753  0.670365 25 12 143.013874  0.000000  0.000000  0.000000  0.000000  0.000000 
1  144.175430  1.217839  1.217839  178.110001  0.260000 145.248452  0.820261  -0.084566  31.073889  1.356310  -0.588730 25 13 144.175430  0.000000  0.000000  0.000000  0.000000  0.000000 
1  145.248452  1.219209  1.219107  178.110001  0.260000 146.179750  0.564683  -0.734927  32.350846  1.515919  0.045537 25 12 145.248452  0.000000  0.000000  0.000000  0.000000  0.000000 
1  146.179750  1.217782  1.217782  178.110001  0.260000 147.002093  0.808497  1.127884  33.622163  1.411758  -0.261154 26 12 146.179750  0.000000  0.000000  0.000000  0.000000  0.000000 
1  147.002093  1.218462  1.218462  178.110001  0.260000 147.905229  0.630116  -0.765813  35.020784  1.650626  0.607696 25 13 147.002093  0.000000  0.000000  0.000000  0.000000  0.000000 
1  147.905229  1.219041  1.219041  178.110001  0.260000 148.670337  1.167267  0.141484  36.374644  1.842736  1.124597 24 12 147.905229  0.000000  0.000000  0.000000  0.000000  0.000000 
1  148.670337  1.217673  1.217673  178.110001  0.260000 149.378754  1.006027  0.555300  37.726784  1.699309  0.296935 25 13 148.670337  0.000000  0.000000  0.000000  0.000000  0.000000 
1  149.378754  1.217996  1.218248  178.110001  0.260000 149.959572  -0.004332  -3.681388  39.032948  1.744379  0.302560 26 12 149.378754  0.000000  0.000000  0.000000  0.000000  0.000000 
1  149.959572  1.218078  1.218078  178.110001  0.260000 150.515498  0.907794  1.547505  40.372987  1.743130  0.286364 25 12 149.959572  0.000000  0.000000  0.000000  0.000000  0.000000 
1  150.515498  1.218080  1.218080  178.110001  0.260000 151.138323  1.158565  1.129411  41.800481  1.836070  0.533921 24 13 150.515498  0.000000  0.000000  0.000000  0.000000  0.000000 
1  151.138323  1.217984  1.217984  178.110001  0.260000 151.590224  0.960557  -0.383844  43.149566  1.768528  0.171210 26 12 151.138323  0.000000  0.000000  0.000000  0.000000  0.000000 
1  151.590224  1.217853  1.217853  178.110001  0.260000 152.030748  1.435370  0.349217  44.508218  1.919225  0.596000 25 12 151.590224  0.000000  0.000000  0.000000  0.000000  0.000000 
1  152.030748  1.217825  1.218162  3.480000  0.250000 152.500597  0.667157  -0.788752  45.900402  1.832677  0.122162 25 13 152.030748  0.000000  0.000000  0.000000  0.000000  0.000000 
1  152.500597  1.219548  1.219548  3.480000  0.250000 152.881101  1.014712  1.854564  47.285550  1.996047  0.674912 25 12 152.500597  0.000000  0.000000  0.000000  0.000000  0.000000 
1  152.881101  1.219381  1.219381  3.480000  0.250000 153.230932  0.699660  -1.170998  48.635027  1.959340  0.361324 25 12 152.881101  0.000000  0.000000  0.000000  0.000000  0.000000 
1  153.230932  1.218201  1.218201  3.480000  0.250000 153.577411  0.816398  -1.200573  50.028398  1.927068  0.082953 25 13 153.230932  0.000000  0.000000  0.000000  0.000000  0.000000 
1  153.577411  1.218573  1.218573  3.480000  0.250000 153.889662  1.248228  2.153528  51.444535  2.018528  0.289523 25 12 153.577411  0.000000  0.000000  0.000000  0.000000  0.000000 
1  153.889662  1.218187  1.218336  3.480000  0.250000 154.174054  0.994540  0.373992  52.844671  2.027569  0.191068 24 13 153.889662  0.000000  0.000000  0.000000  0.000000  0.000000 
1  154.174054  1.217949  1.217949  3.480000  0.250000 154.420234  0.938246  0.990917  54.278288  1.986465  -0.032399 26 12 154.174054  0.000000  0.000000  0.000000  0.000000  0.000000 
1  154.420234  1.218142  1.218142  3.480000  0.250000 154.614880  0.885609  -1.623214  55.683612  1.981007  -0.144020 25 12 154.420234  0.000000  0.000000  0.000000  0.000000  0.000000 
1  154.614880  1.218440  1.218440  29.280001  0.520000 154.862499  0.747739  1.031104  57.098360  2.169073  0.445465 25 13 154.614880  0.000000  0.000000  0.000000  0.000000  0.000000 
1  154.862499  1.217865  1.217865  29.280001  0.520000 155.094523  0.885159  -1.079876  58.479287  2.078410  -0.031788 25 12 154.862499  0.000000  0.000000  0.000000  0.000000  0.000000 
1  155.094523  1.219165  1.219165  29.280001  0.520000 155.285811  1.106116  1.273045  59.907223  2.232514  0.472412 25 12 155.094523  0.000000  0.000000  0.000000  0.000000  0.000000 
1  155.285811  1.217685  1.217685  29.280001  0.520000 155.470401  0.671372  0.644074  61.311107  2.174764  0.027658 25 13 155.285811  0.000000  0.000000  0.000000  0.000000  0.000000 
1  155.470401  1.218123  1.218123  29.280001  0.520000 155.623464  1.073350  2.662630  62.731490  2.266924  0.291849 25 12 155.470401  0.000000  0.000000  0.000000  0.000000  0.000000 
1  155.623464  1.217273  1.217273  29.280001  0.520000 155.802976  0.298019  -2.372658  64.161241  2.170480  -0.177730 24 13 155.623464  0.000000  0.000000  0.000000  0.000000  0.000000 
1  155.802976  1.217031  1.217031  29.280001  0.520000 155.930899  1.197767  1.433087  65.560527  2.362041  0.481661 25 12 155.802976  0.000000  0.000000  0.000000  0.000000  0.000000 
1  155.930899  1.218366  1.218366  29.280001  0.520000 156.031671  1.027427  -0.726312  66.944972  2.335860  0.263218 25 12 155.930899  0.000000  0.000000  0.000000  0.000000  0.000000 
1  156.031671  1.217070  1.217070  29.280001  0.520000 156.160022  0.983930  0.159411  68.371526  2.291533  -0.016847 25 13 156.031671  0.000000  0.000000  0.000000  0.000000  0.000000 
1  156.160022  1.217988  1.217651  29.280001  0.520000 156.316773  0.734214  -0.332050  69.808159  2.536405  0.787416 25 12 156.160022  0.000000  0.000000  0.000000  0.000000  0.000000 
1  156.316773  1.219632  1.219632  0.770000  0.450000 156.375461  0.759347  0.151818  71.200466  2.349293  -0.022505 25 12 156.316773  0.000000  0.000000  0.000000  0.000000  0.000000 
1  156.375461  1.217648  1.217648  0.770000  0.450000 156.467350  0.793511  -0.501674  72.625926  2.398206  0.097777 25 13 156.375461  0.000000  0.000000  0.000000  0.000000  0.000000 
1  156.467350  1.217671  1.217671  0.770000  0.450000 156.502826  1.579283  -1.628791  74.038117  2.479239  0.326063 25 12 156.467350  0.000000  0.000000  0.000000  0.000000  0.000000 
1  156.502826  1.218413  1.218413  0.770000  0.450000 156.625668  0.778082  1.392863  75.447362  2.404277  -0.017480 25 13 156.502826  0.000000  0.000000  0.000000  0.000000  0.000000 
1  156.625668  1.218845  1.218747  0.770000  0.450000 156.719179  0.602857  -1.027648  76.815254  2.413123  -0.035963 25 12 156.625668  0.000000  0.000000  0.000000  0.000000  0.000000 
1  156.719179  1.217812  1.217812  0.770000  0.450000 156.781701  1.204544  0.501872  78.244462  2.606244  0.582327 25 12 156.719179  0.000000  0.000000  0.000000  0.000000  0.000000 
1  156.781701  1.217718  1.217718  0.770000  0.450000 156.833214  0.785809  1.834509  79.644701  2.559754  0.248492 25 13 156.781701  0.000000  0.000000  0.000000  0.000000  0.000000 
1  156.833214  1.217622  1.217622  0.770000  0.450000 156.903193  1.451377  0.467584  81.034758  2.743412  0.828620 25 12 156.833214  0.000000  0.000000  0.000000  0.000000  0.000000 
1  156.903193  1.218017  1.218017  0.770000  0.450000 156.954569  1.247478  -0.500486  82.400276  2.657876  0.266224 25 12 156.903193  0.000000  0.000000  0.000000  0.000000  0.000000 
1  156.954569  1.218128  1.218128  0.770000  0.450000 157.020329  0.968903  0.186414  83.779470  2.717383  0.365813 25 13 156.954569  0.000000  0.000000  0.000000  0.000000  0.000000 
1  157.020329  1.217023  1.217023  174.440002  0.110000 157.114486  0.609004  0.399357  85.184902  2.719196  0.265008 25 12 157.020329  0.000000  0.000000  0.000000  0.000000  0.000000 
1  157.114486  1.219149  1.218912  174.440002  0.110000 157.106419  0.526410  0.426145  86.573860  2.777258  0.321986 25 13 157.114486  0.000000  0.000000  0.000000  0.000000  0.000000 
1  157.106419  1.217864  1.217864  174.440002  0.110000 157.134946  0.602788  0.183361  87.932757  2.643494  -0.180003 25 12 157.106419  0.000000  0.000000  0.000000  0.000000  0.000000 
1  157.134946  1.217618  1.217618  174.440002  0.110000 157.148157  1.285027  -0.395450  89.302996  2.759415  0.218122 25 12 157.134946  0.000000  0.000000  0.000000  0.000000  0.000000 
1  157.148157  1.218566  1.218566  174.440002  0.110000 157.171123  1.258749  1.327179  90.674432  2.832563  0.397631 25 13 157.148157  0.000000  0.000000  0.000000  0.000000  0.000000 
1  157.171123  1.217968  1.217968  174.440002  0.110000 157.182484  0.630394  2.655489  92.028024  2.784467  0.129000 25 12 157.171123  0.000000  0.000000  0.000000  0.000000  0.000000 
1  157.182484  1.218395  1.218031  174.440002  0.110000 157.214380  1.088883  1.075483  93.404171  2.837304  0.229214 25 13 157.182484  0.000000  0.000000  0.000000  0.000000  0.000000 
1  157.214380  1.218242  1.218242  174.440002  0.110000 157.218139  0.862277  0.403091  94.727783  2.885313  0.364928 25 12 157.214380  0.000000  0.000000  0.000000  0.000000  0.000000 
1  157.218139  1.217650  1.217650  174.440002  0.110000 157.264466  0.818735  -0.126968  96.086623  2.979344  0.621290 25 12 157.218139  0.000000  0.000000  0.000000  0.000000  0.000000 
1  157.264466  1.216740  1.216740  174.440002  0.110000 157.283539  0.317440  -2.095365  97.455757  2.927836  0.225337 25 13 157.264466  0.000000  0.000000  0.000000  0.000000  0.000000 
1  157.283539  1.219192  1.219192  132.589996  0.500000 157.326712  0.587442  -1.058404  98.770410  3.009412  0.439834 25 12 157.283539  0.000000  0.000000  0.000000  0.000000  0.000000 
1  157.326712  1.216630  1.216517  132.589996  0.500000 157.341019  0.839532  0.446490  100.103612  2.956320  0.131525 25 12 157.326712  0.000000  0.000000  0.000000  0.000000  0.000000 
1  157.341019  1.217894  1.217894  132.589996  0.500000 157.321334  0.587629  -0.988472  101.424691  2.906502  -0.055410 25 13 157.341019  0.000000  0.000000  0.000000  0.000000  0.000000 
1  157.321334  1.218517  1.218517  132.589996  0.500000 157.296017  0.556797  0.419222  102.710147  2.898118  -0.086316 25 12 157.321334  0.000000  0.000000  0.000000  0.000000  0.000000 
1  157.296017  1.218388  1.218388  132.589996  0.500000 157.288535  0.581295  -0.536505  104.042533  2.943538  0.089301 25 13 157.296017  0.000000  0.000000  0.000000  0.000000  0.000000 
1  157.288535  1.218078  1.218078  132.589996  0.500000 157.297161  0.945948  -0.039541  105.320586  3.090882  0.472141 25 12 157.288535  0.000000  0.000000  0.000000  0.000000  0.000000 
1  157.297161  1.218513  1.218801  132.589996  0.500000 157.336101  1.162509  -0.334805  106.631911  3.122969  0.445027 25 12 157.297161  0.000000  0.000000  0.000000  0.000000  0.000000 
1  157.336101  1.217575  1.217575  132.589996  0.500000 157.368624  1.096154  1.168934  107.975701  3.238714  0.667250 25 13 157.336101  0.000000  0.000000  0.000000  0.000000  0.000000 
1  157.368624  1.217885  1.217885  132.589996  0.500000 157.384553  0.450376  -1.114134  109.237028  3.195958  0.261325 25 12 157.368624  0.000000  0.000000  0.000000  0.000000  0.000000 
1  157.384553  1.217849  1.217849  132.589996  0.500000 157.391479  0.981501  0.487708  110.547466  3.310878  0.584569 25 12 157.384553  0.000000  0.000000  0.000000  0.000000  0.000000 
1  157.391479  1.217002  1.217002  132.589996  0.500000 157.421906  1.022154  -0.612287  111.873960  3.332175  0.495864 25 13 157.391479  0.000000  0.000000  0.000000  0.000000  0.000000 
1  157.421906  1.217654  1.217898  132.589996  0.500000 157.455685  0.198588  -0.928765  113.136948  3.238049  0.004449 25 12 157.421906  0.000000  0.000000  0.000000  0.000000  0.000000 
1  157.455685  1.215861  1.215861  233.259995  0.340000 157.451921  0.501191  -1.296106  114.439614  3.287176  0.121009 25 13 157.455685  0.000000  0.000000  0.000000  0.000000  0.000000 
1  157.451921  1.217914  1.217914  233.259995  0.340000 157.435464  1.380727  0.437805  115.693121  3.475299  0.773558 25 12 157.451921  0.000000  0.000000  0.000000  0.000000  0.000000 
1  157.435464  1.217547  1.217547  233.259995  0.340000 157.470231  1.088899  1.521514  116.984240  3.505858  0.698855 25 12 157.435464  0.000000  0.000000  0.000000  0.000000  0.000000 
1  157.470231  1.218204  1.218204  233.259995  0.340000 157.545005  0.840964  -0.107417  118.306795  3.477598  0.385235 25 13 157.470231  0.000000  0.000000  0.000000  0.000000  0.000000 
1  157.545005  1.218202  1.218202  233.259995  0.340000 157.539449  0.816407  0.021879  119.538777  3.409955  0.018258 25 12 157.545005  0.000000  0.000000  0.000000  0.000000  0.000000 
1  157.539449  1.219076  1.219076  233.259995  0.340000 157.524428  0.545428  1.347323  120.793669  3.524361  0.354061 25 12 157.539449  0.000000  0.000000  0.000000  0.000000  0.000000 
1  157.524428  1.217330  1.217330  233.259995  0.340000 157.490023  0.693454  -0.604504  122.060503  3.490773  0.144305 25 13 157.524428  0.000000  0.000000  0.000000  0.000000  0.000000 
1  157.490023  1.217985  1.217985  233.259995  0.340000 157.485843  1.090863  -2.134193  123.274146  3.448812  0.016412 25 12 157.490023  0.000000  0.000000  0.000000  0.000000  0.000000 
1  157.485843  1.216768  1.216768  100.139999  0.130000 157.454574  1.078789  1.006418  124.556513  3.614689  0.535147 25 13 157.485843  0.000000  0.000000  0.000000  0.000000  0.000000 
1  157.454574  1.217475  1.217475  100.139999  0.130000 157.463623  0.884706  0.254653  125.797153  3.480261  -0.085082 25 12 157.454574  0.000000  0.000000  0.000000  0.000000  0.000000 
1  157.463623  1.218746  1.218746  100.139999  0.130000 157.510786  0.648743  -1.339684  127.064560  3.671983  0.489806 25 12 157.463623  0.000000  0.000000  0.000000  0.000000  0.000000 
1  157.510786  1.218188  1.218577  100.139999  0.130000 157.443422  0.300550  -2.090138  128.311845  3.561725  -0.097331 25 13 157.510786  0.000000  0.000000  0.000000  0.000000  0.000000 
1  157.443422  1.218309  1.218309  100.139999  0.130000 157.438254  0.473047  0.997384  129.538825  3.642975  0.128186 25 12 157.443422  0.000000  0.000000  0.000000  0.000000  0.000000 
1  157.438254  1.217781  1.217781  100.139999  0.130000 157.419990  0.583725  -0.436503  130.773253  3.685264  0.191848 25 13 157.438254  0.000000  0.000000  0.000000  0.000000  0.000000 
1  157.419990  1.216096  1.216096  100.139999  0.130000 157.364853  0.487762  -1.241721  132.021407  3.603119  -0.169326 25 12 157.419990  0.000000  0.000000  0.000000  0.000000  0.000000 
1  157.364853  1.217289  1.217289  100.139999  0.130000 157.377677  0.892489  1.321220  133.263853  3.762410  0.377851 25 12 157.364853  0.000000  0.000000  0.000000  0.000000  0.000000 
1  157.377677  1.217246  1.217246  100.139999  0.130000 157.388483  0.877254  0.185376  134.563793  3.788705  0.297075 25 13 157.377677  0.000000  0.000000  0.000000  0.000000  0.000000 
1  157.388483  1.218599  1.218599  100.139999  0.130000 157.387797  0.854476  -1.331616  135.775723  3.807187  0.275550 25 12 157.388483  0.000000  0.000000  0.000000  0.000000  0.000000 
1  157.387797  1.219780  1.219780  114.989998  1.150000 157.330641  0.290207  -0.126213  136.967216  3.848917  0.332472 25 12 157.387797  0.000000  0.000000  0.000000  0.000000  0.000000 
1  157.330641  1.219515  1.219515  114.989998  1.150000 157.337297  0.598281  -0.946076  138.240999  3.834465  0.170978 25 13 157.330641  0.000000  0.000000  0.000000  0.000000  0.000000 
1  157.337297  1.216944  1.216944  114.989998  1.150000 157.304778  0.526512  -1.147091  139.436983  3.817232  0.034182 25 12 157.337297  0.000000  0.000000  0.000000  0.000000  0.000000 
1  157.304778  1.218889  1.218889  114.989998  1.150000 157.301782  0.826214  -1.014515  140.651568  3.805152  -0.009358 25 12 157.304778  0.000000  0.000000  0.000000  0.000000  0.000000 
1  157.301782  1.217177  1.217177  114.989998  1.150000 157.278797  0.239048  -2.216067  141.867088  3.928308  0.371627 25 13 157.301782  0.000000  0.000000  0.000000  0.000000  0.000000 
1  157.278797  1.218961  1.218455  114.989998  1.150000 157.330706  0.808650  0.452094  143.126333  3.914894  0.223140 25 12 157.278797  0.000000  0.000000  0.000000  0.000000  0.000000 
1  157.330706  1.218387  1.218387  114.989998  1.150000 157.339687  0.226292  -2.022896  144.411114  3.810540  -0.234686 25 13 157.330706  0.000000  0.000000  0.000000  0.000000  0.000000 
1  157.339687  1.216842  1.216842  114.989998  1.150000 157.378847  1.216646  1.831699  145.651314  4.028481  0.563085 25 12 157.339687  0.000000  0.000000  0.000000  0.000000  0.000000 
1  157.378847  1.217983  1.217983  114.989998  1.150000 157.389472  0.839341  -0.218961  146.838535  4.018432  0.377962 25 12 157.378847  0.000000  0.000000  0.000000  0.000000  0.000000 
1  157.389472  1.218179  1.218179  114.989998  1.150000 157.404889  0.897681  0.437758  148.098807  4.070241  0.426309 25 13 157.389472  0.000000  0.000000  0.000000  0.000000  0.000000 
1  157.404889  1.218560  1.218560  212.479996  0.880000 157.409799  0.572209  -0.474904  149.283059  4.054735  0.249907 25 12 157.404889  0.000000  0.000000  0.000000  0.000000  0.000000 
1  157.409799  1.219817  1.219817  212.479996  0.880000 157.384033  0.755262  -0.567127  150.382845  3.981203  -0.070036 25 12 157.409799  0.000000  0.000000  0.000000  0.000000  0.000000 
1  157.384033  1.219171  1.219171  212.479996  0.880000 157.333412  0.965384  1.004364  151.532911  4.017293  0.126052 25 13 157.384033  0.000000  0.000000  0.000000  0.000000  0.000000 
1  157.333412  1.217071  1.217071  212.479996  0.880000 157.346493  0.579926  0.984268  152.727030  4.146129  0.469200 25 12 157.333412  0.000000  0.000000  0.000000  0.000000  0.000000 
1  157.346493  1.217609  1.217609  212.479996  0.880000 157.363728  0.670618  -0.491059  153.770963  4.212278  0.471872 24 13 157.346493  0.000000  0.000000  0.000000  0.000000  0.000000 
1  157.363728  1.219148  1.219148  212.479996  0.880000 157.365824  0.641699  -0.364629  154.797047  4.051306  -0.184398 26 12 157.363728  0.000000  0.000000  0.000000  0.000000  0.000000 
1  157.365824  1.216433  1.216433  212.479996  0.880000 157.418957  1.083256  0.406282  155.881091  4.223852  0.451085 25 12 157.365824  0.000000  0.000000  0.000000  0.000000  0.000000 
1  157.418957  1.217962  1.217844  212.479996  0.880000 157.390108  0.973210  0.763730  156.269839  4.224043  0.268924 24 13 157.418957  0.000000  0.000000  0.000000  0.000000  0.000000 
1  157.390108  1.218054  1.218054  212.479996  0.880000 157.362894  0.680959  1.097120  156.594649  4.310911  0.452953 26 12 157.390108  0.000000  0.000000  0.000000  0.000000  0.000000 
1  157.362894  1.219452  1.219452  212.479996  0.880000 157.378613  0.649843  0.835316  156.960421  4.233329  0.062836 25 12 157.362894  0.000000  0.000000  0.000000  0.000000  0.000000 
1  157.378613  1.217604  1.217604  238.809998  0.660000 157.400250  0.244485  -0.244775  157.320186  4.186570  -0.178238 25 13 157.378613  0.000000  0.000000  0.000000  0.000000  0.000000 
1  157.400250  1.217859  1.217859  238.809998  0.660000 157.360138  0.526444  0.221880  157.242547  4.200658  -0.085459 25 12 157.400250  0.000000  0.000000  0.000000  0.000000  0.000000 
1  157.360138  1.218769  1.218769  238.809998  0.660000 157.336170  0.592189  -0.749775  157.416539  4.120379  -0.301519 24 13 157.360138  0.000000  0.000000  0.000000  0.000000  0.000000 
1  157.336170  1.217372  1.217372  238.809998  0.660000 157.380423  0.984070  1.120125  157.522567  4.260728  0.279135 26 12 157.336170  0.000000  0.000000  0.000000  0.000000  0.000000 
1  157.380423  1.218799  1.218799  238.809998  0.660000 157.422578  0.825320  -0.544188  157.591982  4.228258  0.055447 25 12 157.380423  0.000000  0.000000  0.000000  0.000000  0.000000 
1  157.422578  1.218190  1.218190  238.809998  0.660000 157.456169  0.946087  0.278056  157.633953  4.143162  -0.151934 25 13 157.422578  0.000000  0.000000  0.000000  0.000000  0.000000 
1  157.456169  1.217307  1.217307  238.809998  0.660000 157.424816  0.488134  0.053456  157.533757  4.074048  -0.290372 25 12 157.456169  0.000000  0.000000  0.000000  0.000000  0.000000 
1  157.424816  1.217033  1.217033  238.809998  0.660000 157.403407  1.085021  2.519341  157.578603  4.124659  0.044564 25 12 157.424816  0.000000  0.000000  0.000000  0.000000  0.000000 
1  157.403407  1.218466  1.218466  238.809998  0.660000 157.401928  1.457208  0.679238  157.592326  4.090727  0.045031 25 13 157.403407  0.000000  0.000000  0.000000  0.000000  0.000000 
1  157.401928  1.217729  1.217562  238.809998  0.660000 157.375390  1.006926  0.077523  157.449079  3.937500  -0.418622 25 12 157.401928  0.000000  0.000000  0.000000  0.000000  0.000000 
1  157.375390  1.218979  1.218979  238.809998  0.660000 157.380923  0.510377  -0.737491  157.385366  3.963936  -0.300738 24 13 157.375390  0.000000  0.000000  0.000000  0.000000  0.000000 
1  157.380923  1.217965  1.217965  238.809998  0.660000 157.363106  0.999276  0.726063  157.322777  4.037800  -0.007318 25 12 157.380923  0.000000  0.000000  0.000000  0.000000  0.000000 
1  157.363106  1.217346  1.217346  325.309998  0.770000 157.350094  0.350652  0.554304  157.185685  3.984058  -0.187942 25 12 157.363106  0.000000  0.000000  0.000000  0.000000  0.000000 
1  157.350094  1.217974  1.217974  325.309998  0.770000 157.306061  0.907791  2.029959  157.265610  4.023211  -0.019343 25 13 157.350094  0.000000  0.000000  0.000000  0.000000  0.000000 
1  157.306061  1.218432  1.218432  325.309998  0.770000 157.319044  0.434578  1.651014  157.370381  3.901957  -0.470015 25 12 157.306061  0.000000  0.000000  0.000000  0.000000  0.000000 
1  157.319044  1.217974  1.217974  325.309998  0.770000 157.372843  0.809913  0.156802  157.620147  3.942566  -0.215623 25 12 157.319044  0.000000  0.000000  0.000000  0.000000  0.000000 
1  157.372843  1.217621  1.217700  325.309998  0.770000 157.366095  0.587590  -1.510956  157.519004  3.965609  -0.153066 25 13 157.372843  0.000000  0.000000  0.000000  0.000000  0.000000 
1  157.366095  1.218363  1.218363  325.309998  0.770000 157.354079  0.156031  0.175997  157.479894  3.986370  -0.132719 25 12 157.366095  0.000000  0.000000  0.000000  0.000000  0.000000 
1  157.354079  1.217451  1.217451  325.309998  0.770000 157.335869  0.740195  -1.605564  157.566671  3.932381  -0.276008 25 13 157.354079  0.000000  0.000000  0.000000  0.000000  0.000000 
1  157.335869  1.217843  1.217843  325.309998  0.770000 157.357440  0.776996  0.114823  157.720817  3.900525  -0.286442 25 12 157.335869  0.000000  0.000000  0.000000  0.000000  0.000000 
1  157.357440  1.218033  1.218033  326.980011  0.570000 157.367567  0.871244  -1.045063  157.523089  3.962470  0.034150 25 12 157.357440  0.000000  0.000000  0.000000  0.000000  0.000000 
1  157.367567  1.215745  1.216207  326.980011  0.570000 157.365436  1.129001  -1.227527  157.542740  3.990073  0.200336 25 13 157.367567  0.000000  0.000000  0.000000  0.000000  0.000000 
1  157.365436  1.218816  1.218816  326.980011  0.570000 157.347834  0.720302  -0.141393  157.439369  3.864204  -0.231915 25 12 157.365436  0.000000  0.000000  0.000000  0.000000  0.000000 
1  157.347834  1.217691  1.217691  326.980011  0.570000 157.303864  1.220487  0.110104  157.404469  3.978866  0.224679 25 13 157.347834  0.000000  0.000000  0.000000  0.000000  0.000000 
1  157.303864  1.219875  1.219531  326.980011  0.570000 157.321073  0.793455  -0.319089  157.457997  3.922725  -0.024528 25 12 157.303864  0.000000  0.000000  0.000000  0.000000  0.000000 
1  157.321073  1.219003  1.219003  326.980011  0.570000 157.297947  0.662408  1.504040  157.385990  3.827968  -0.281497 25 12 157.321073  0.000000  0.000000  0.000000  0.000000  0.000000 
1  157.297947  1.218579  1.218579  326.980011  0.570000 157.241993  0.564646  1.721543  157.088326  3.856092  -0.072904 25 13 157.297947  0.000000  0.000000  0.000000  0.000000  0.000000 
1  157.241993  1.219006  1.219006  326.980011  0.570000 157.261201  0.445796  -0.119082  157.176270  3.760785  -0.505225 25 12 157.241993  0.000000  0.000000  0.000000  0.000000  0.000000 
1  157.261201  1.218566  1.218566  326.980011  0.570000 157.270220  0.672583  0.264097  157.229109  3.816919  -0.194181 25 12 157.261201  0.000000  0.000000  0.000000  0.000000  0.000000 
1  157.270220  1.217492  1.217641  326.980011  0.570000 157.301875  1.113553  1.911543  157.446592  3.902112  0.171047 25 12 157.270220  0.000000  0.000000  0.000000  0.000000  0.000000 
1  157.301875  1.218368  1.218368  250.699997  0.200000 157.332787  0.065225  0.524825  157.580006  3.783282  -0.324650 25 12 157.301875  0.000000  0.000000  0.000000  0.000000  0.000000 
1  157.332787  1.216765  1.216765  250.699997  0.200000 157.337368  0.300964  -1.844813  157.540343  3.782325  -0.228085 25 13 157.332787  0.000000  0.000000  0.000000  0.000000  0.000000 
1  157.337368  1.218967  1.218967  250.699997  0.200000 157.265972  0.602855  -0.562208  157.230205  3.781514  -0.200633 25 12 157.337368  0.000000  0.000000  0.000000  0.000000  0.000000 
1  157.265972  1.219052  1.219052  250.699997  0.200000 157.259268  0.829358  -1.136454  157.259275  3.851721  0.091108 25 12 157.265972  0.000000  0.000000  0.000000  0.000000  0.000000 
1  157.259268  1.217726  1.217721  250.699997  0.200000 157.217286  0.335685  -1.197511  157.240462  3.556989  -0.955574 25 13 157.259268  0.000000  0.000000  0.000000  0.000000  0.000000 
1  157.217286  1.218079  1.218079  250.699997  0.200000 157.236066  1.037455  -1.003783  157.262326  3.680855  -0.315941 25 12 157.217286  0.000000  0.000000  0.000000  0.000000  0.000000 
1  157.236066  1.218044  1.218044  250.699997  0.200000 157.236397  0.968336  0.975753  157.230319  3.706323  -0.115055 25 12 157.236066  0.000000  0.000000  0.000000  0.000000  0.000000 
1  157.236397  1.218516  1.218516  250.699997  0.200000 157.249207  0.831512  -0.109549  157.268098  3.725777  -0.081410 25 13 157.236397  0.000000  0.000000  0.000000  0.000000  0.000000 
1  157.249207  1.217989  1.217989  250.699997  0.200000 157.252606  0.892788  1.648975  157.330855  3.706029  -0.172363 25 12 157.249207  0.000000  0.000000  0.000000  0.000000  0.000000 
1  157.252606  1.218655  1.218655  250.699997  0.200000 157.255224  0.541127  -0.705338  157.295738  3.623791  -0.387980 25 13 157.252606  0.000000  0.000000  0.000000  0.000000  0.000000 
1  157.255224  1.218966  1.218966  12.230000  0.050000 157.274092  1.029929  -0.672498  157.334332  3.685019  -0.012162 25 12 157.255224  0.000000  0.000000  0.000000  0.000000  0.000000 
1  157.274092  1.218853  1.218905  12.230000  0.050000 157.295608  0.770269  -0.390935  157.375753  3.839033  0.547958 25 12 157.274092  0.000000  0.000000  0.000000  0.000000  0.000000 
1  157.295608  1.218711  1.218711  12.230000  0.050000 157.294100  0.879401  0.466613  157.354940  3.737954  0.085853 25 13 157.295608  0.000000  0.000000  0.000000  0.000000  0.000000 
1  157.294100  1.217542  1.217542  12.230000  0.050000 157.270879  1.403531  0.985120  157.236647  3.654525  -0.120943 25 12 157.294100  0.000000  0.000000  0.000000  0.000000  0.000000 
1  157.270879  1.217467  1.217467  12.230000  0.050000 157.223410  0.417675  0.591376  157.057901  3.570452  -0.324700 25 12 157.270879  0.000000  0.000000  0.000000  0.000000  0.000000 
1  157.223410  1.217842  1.217842  12.230000  0.050000 157.245958  1.121342  -0.383172  157.161377  3.697982  0.236696 25 13 157.223410  0.000000  0.000000  0.000000  0.000000  0.000000 
1  157.245958  1.216998  1.216998  12.230000  0.050000 157.238647  0.991574  2.190491  157.227986  3.686335  0.201580 25 12 157.245958  0.000000  0.000000  0.000000  0.000000  0.000000 
1  157.238647  1.218535  1.218535  12.230000  0.050000 157.227392  0.552901  -0.640267  157.218446  3.538881  -0.285615 25 13 157.238647  0.000000  0.000000  0.000000  0.000000  0.000000 
1  157.227392  1.218032  1.218032  12.230000  0.050000 157.198581  0.770584  1.642355  157.025767  3.666372  0.208960 25 12 157.227392  0.000000  0.000000  0.000000  0.000000  0.000000 
1  157.198581  1.218675  1.218675  12.230000  0.050000 157.153319  0.705647  -0.129472  157.038929  3.494203  -0.420438 25 12 157.198581  0.000000  0.000000  0.000000  0.000000  0.000000 
1  157.153319  1.219494  1.219494  239.089996  0.510000 157.165948  0.925392  0.747062  157.089041  3.567662  -0.110151 25 13 157.153319  0.000000  0.000000  0.000000  0.000000  0.000000 
1  157.165948  1.218963  1.218963  239.089996  0.510000 157.190886  1.067993  -1.481064  157.182619  3.493778  -0.339760 25 12 157.165948  0.000000  0.000000  0.000000  0.000000  0.000000 
1  157.190886  1.219739  1.219739  239.089996  0.510000 157.216149  0.648197  -1.747269  157.317086  3.491991  -0.231434 25 12 157.190886  0.000000  0.000000  0.000000  0.000000  0.000000 
1  157.216149  1.218039  1.218520  239.089996  0.510000 157.227735  0.244113  0.726846  157.426471  3.424677  -0.384903 25 13 157.216149  0.000000  0.000000  0.000000  0.000000  0.000000 
1  157.227735  1.219789  1.219789  239.089996  0.510000 157.246126  1.113771  -0.911834  157.333283  3.625162  0.366788 25 12 157.227735  0.000000  0.000000  0.000000  0.000000  0.000000 
1  157.246126  1.217817  1.217817  239.089996  0.510000 157.243057  0.625645  -0.501685  157.359906  3.568816  0.076727 25 13 157.246126  0.000000  0.000000  0.000000  0.000000  0.000000 
1  157.243057  1.217696  1.217696  239.089996  0.510000 157.248718  0.816290  -0.103635  157.248630  3.559945  0.021244 25 12 157.243057  0.000000  0.000000  0.000000  0.000000  0.000000 
1  157.248718  1.217077  1.217077  239.089996  0.510000 157.205058  0.575048  0.093274  156.897641  3.498500  -0.132777 25 12 157.248718  0.000000  0.000000  0.000000  0.000000  0.000000 
1  157.205058  1.218551  1.218551  239.089996  0.510000 157.227487  0.447093  -1.152233  157.075021  3.467336  -0.167115 25 13 157.205058  0.000000  0.000000  0.000000  0.000000  0.000000 
1  157.227487  1.218067  1.218067  239.089996  0.510000 157.197280  1.014696  0.070004  157.052116  3.461727  -0.115424 25 12 157.227487  0.000000  0.000000  0.000000  0.000000  0.000000 
1  157.197280  1.217839  1.217839  239.089996  0.510000 157.245728  0.250124  0.962285  157.341368  3.407635  -0.269825 25 12 157.197280  0.000000  0.000000  0.000000  0.000000  0.000000 
1  157.245728  1.217488  1.217488  239.089996  0.510000 157.198037  0.604482  0.992004  157.161734  3.491743  0.086793 25 12 157.245728  0.000000  0.000000  0.000000  0.000000  0.000000 
1  157.198037  1.218082  1.218082  332.140015  0.220000 157.192378  1.007135  1.352671  157.098136  3.569750  0.389206 25 12 157.198037  0.000000  0.000000  0.000000  0.000000  0.000000 
1  157.192378  1.216685  1.216685  332.140015  0.220000 157.197052  0.876204  0.404260  157.182584  3.533947  0.226984 25 13 157.192378  0.000000  0.000000  0.000000  0.000000  0.000000 
1  157.197052  1.218513  1.218513  332.140015  0.220000 157.246923  0.183192  -1.385413  157.415613  3.483233  -0.049538 25 12 157.197052  0.000000  0.000000  0.000000  0.000000  0.000000 
1  157.246923  1.218517  1.217874  332.140015  0.220000 157.251885  1.057494  -0.452748  157.424540  3.393545  -0.259683 25 12 157.246923  0.000000  0.000000  0.000000  0.000000  0.000000 
1  157.251885  1.217504  1.217504  332.140015  0.220000 157.259536  1.014809  1.235719  157.336653  3.334687  -0.391107 25 13 157.251885  0.000000  0.000000  0.000000  0.000000  0.000000 
1  157.259536  1.217804  1.217804  332.140015  0.220000 157.251778  0.244336  0.708151  157.184618  3.337261  -0.293966 25 12 157.259536  0.000000  0.000000  0.000000  0.000000  0.000000 
1  157.251778  1.218465  1.218465  332.140015  0.220000 157.250661  0.878806  0.701722  157.241954  3.318222  -0.310940 25 13 157.251778  0.000000  0.000000  0.000000  0.000000  0.000000 
1  157.250661  1.218991  1.218991  332.140015  0.220000 157.227804  0.556826  0.842714  157.140335  3.295481  -0.276105 25 12 157.250661  0.000000  0.000000  0.000000  0.000000  0.000000 
1  157.227804  1.217203  1.217203  42.650002  0.060000 157.235180  0.495975  -0.172986  157.161446  3.341753  -0.071201 25 12 157.227804  0.000000  0.000000  0.000000  0.000000  0.000000 
1  157.235180  1.217053  1.217053  42.650002  0.060000 157.185548  0.439789  -0.982255  157.090793  3.243065  -0.394486 25 13 157.235180  0.000000  0.000000  0.000000  0.000000  0.000000 
1  157.185548  1.217921  1.217594  42.650002  0.060000 157.212697  0.648442  -0.222349  157.178670  3.347000  0.044061 25 12 157.185548  0.000000  0.000000  0.000000  0.000000  0.000000 
1  157.212697  1.218914  1.218914  42.650002  0.060000 157.224602  1.052798  -0.190736  157.307003  3.401728  0.242929 25 12 157.212697  0.000000  0.000000  0.000000  0.000000  0.000000 
1  157.224602  1.218397  1.218397  42.650002  0.060000 157.248837  0.850145  0.421998  157.483650  3.372777  0.063712 25 13 157.224602  0.000000  0.000000  0.000000  0.000000  0.000000 
1  157.248837  1.219118  1.219118  42.650002  0.060000 157.263551  0.419842  -0.515022  157.461351  3.291038  -0.213669 25 12 157.248837  0.000000  0.000000  0.000000  0.000000  0.000000 
1  157.263551  1.219672  1.219672  42.650002  0.060000 157.296767  0.944704  0.754853  157.655985  3.357966  0.026462 25 13 157.263551  0.000000  0.000000  0.000000  0.000000  0.000000 
1  157.296767  1.217210  1.217292  42.650002  0.060000 157.328185  0.937254  0.664782  157.747329  3.378403  0.106401 25 12 157.296767  0.000000  0.000000  0.000000  0.000000  0.000000 
1  157.328185  1.216661  1.216661  42.650002  0.060000 157.280886  0.724912  0.531055  157.424119  3.233375  -0.373058 25 12 157.328185  0.000000  0.000000  0.000000  0.000000  0.000000 
1  157.280886  1.218710  1.218710  42.650002  0.060000 157.254889  0.237377  -1.839225  157.240852  3.164339  -0.489409 25 13 157.280886  0.000000  0.000000  0.000000  0.000000  0.000000 
1  157.254889  1.213707  1.213707  31.290001  0.140000 157.286667  1.457140  1.423984  157.411061  3.397120  0.498560 25 12 157.254889  0.000000  0.000000  0.000000  0.000000  0.000000 
1  157.286667  1.220553  1.220553  31.290001  0.140000 157.332463  0.930748  0.539050  157.561048  3.299813  0.060514 26 12 157.286667  0.000000  0.000000  0.000000  0.000000  0.000000 
1  157.332463  1.216701  1.216701  31.290001  0.140000 157.310781  0.592306  -0.577509  157.495162  3.246637  -0.141022 24 13 157.332463  0.000000  0.000000  0.000000  0.000000  0.000000 
1  157.310781  1.216572  1.216572  31.290001  0.140000 157.309092  0.557077  -0.871876  157.462487  3.200006  -0.241759 25 12 157.310781  0.000000  0.000000  0.000000  0.000000  0.000000 
1  157.309092  1.217234  1.217234  31.290001  0.140000 157.311707  0.753776  0.046107  157.412004  3.282126  0.109908 25 13 157.309092  0.000000  0.000000  0.000000  0.000000  0.000000 
1  157.311707  1.218092  1.218092  31.290001  0.140000 157.283313  0.385779  -1.484234  157.366620  3.220317  -0.219048 25 12 157.311707  0.000000  0.000000  0.000000  0.000000  0.000000 
1  157.283313  1.218889  1.218889  31.290001  0.140000 157.290075  0.923123  1.180925  157.411262  3.182095  -0.230284 26 12 157.283313  0.000000  0.000000  0.000000  0.000000  0.000000 
1  157.290075  1.218096  1.218096  31.290001  0.140000 157.216829  -0.064696  -3.072581  157.095617  3.099874  -0.448292 24 13 157.290075  0.000000  0.000000  0.000000  0.000000  0.000000 
1  157.216829  1.217619  1.217619  31.290001  0.140000 157.192438  0.412079  0.412233  157.073615  3.086379  -0.332876 25 12 157.216829  0.000000  0.000000  0.000000  0.000000  0.000000 
1  157.192438  1.217899  1.217822  31.290001  0.140000 157.225800  0.607663  0.729378  157.233899  3.188718  0.098300 26 12 157.192438  0.000000  0.000000  0.000000  0.000000  0.000000 
1  157.225800  1.218099  1.218099  73.440002  0.210000 157.232768  0.511437  -0.771994  157.336974  3.148168  -0.154462 25 13 157.225800  0.000000  0.000000  0.000000  0.000000  0.000000 
1  157.232768  1.216660  1.216660  73.440002  0.210000 157.241483  0.864209  -0.537349  157.335997  3.249633  0.287696 25 12 157.232768  0.000000  0.000000  0.000000  0.000000  0.000000 
1  157.241483  1.217218  1.217218  73.440002  0.210000 157.285877  0.283628  -1.744760  157.467358  3.085316  -0.304562 24 13 157.241483  0.000000  0.000000  0.000000  0.000000  0.000000 
1  157.285877  1.218379  1.218379  73.440002  0.210000 157.345629  0.785843  -1.878920  157.792600  3.146086  0.015764 26 12 157.285877  0.000000  0.000000  0.000000  0.000000  0.000000 
1  157.345629  1.218447  1.218447  73.440002  0.210000 157.414618  1.032513  0.390084  157.862126  3.254948  0.401774 25 12 157.345629  0.000000  0.000000  0.000000  0.000000  0.000000 
1  157.414618  1.218184  1.218184  73.440002  0.210000 157.412064  0.976592  0.733273  157.687975  3.317971  0.550951 25 13 157.414618  0.000000  0.000000  0.000000  0.000000  0.000000 
1  157.412064  1.218238  1.218238  73.440002  0.210000 157.452580  0.391941  -0.588085  157.777158  3.185169  -0.052504 25 12 157.412064  0.000000  0.000000  0.000000  0.000000  0.000000 
1  157.452580  1.218651  1.218651  73.440002  0.210000 157.409541  0.499499  -0.173783  157.558550  3.138487  -0.207813 25 12 157.452580  0.000000  0.000000  0.000000  0.000000  0.000000 
1  157.409541  1.218861  1.218861  73.440002  0.210000 157.426562  0.854584  -0.281419  157.481750  3.121390  -0.212330 25 13 157.409541  0.000000  0.000000  0.000000  0.000000  0.000000 
1  157.426562  1.218014  1.218110  73.440002  0.210000 157.407173  0.958916  0.826328  157.382188  3.071789  -0.309568 25 12 157.426562  0.000000  0.000000  0.000000  0.000000  0.000000 
1  157.407173  1.218056  1.218056  76.519997  0.090000 157.402747  0.841924  0.950545  157.302657  3.131568  -0.078037 25 12 157.407173  0.000000  0.000000  0.000000  0.000000  0.000000 
1  157.402747  1.218388  1.218388  76.519997  0.090000 157.368839  0.953879  0.616200  157.252381  3.173929  0.104850 25 13 157.402747  0.000000  0.000000  0.000000  0.000000  0.000000 
1  157.368839  1.217676  1.217676  76.519997  0.090000 157.341092  0.649247  0.672494  157.132500  2.978601  -0.535024 25 12 157.368839  0.000000  0.000000  0.000000  0.000000  0.000000 
1  157.341092  1.216613  1.216613  76.519997  0.090000 157.325974  0.721276  0.020801  157.153393  2.971350  -0.384425 24 13 157.341092  0.000000  0.000000  0.000000  0.000000  0.000000 
1  157.325974  1.218041  1.218041  76.519997  0.090000 157.390517  0.976519  1.620069  157.495918  3.054982  0.063132 25 12 157.325974  0.000000  0.000000  0.000000  0.000000  0.000000 
1  157.390517  1.218067  1.218067  76.519997  0.090000 157.356913  0.725687  -0.904866  157.489561  2.969001  -0.273704 25 12 157.390517  0.000000  0.000000  0.000000  0.000000  0.000000 
1  157.356913  1.218278  1.218191  76.519997  0.090000 157.344480  0.465367  1.159468  157.306402  2.926282  -0.331539 25 13 157.356913  0.000000  0.000000  0.000000  0.000000  0.000000 
1  157.344480  1.218400  1.218400  76.519997  0.090000 157.352779  0.678867  0.222926  157.367334  2.961804  -0.140327 25 12 157.344480  0.000000  0.000000  0.000000  0.000000  0.000000 
1  157.352779  1.219142  1.219142  76.519997  0.090000 157.394796  0.848805  -0.341906  157.462392  3.086602  0.388119 25 12 157.352779  0.000000  0.000000  0.000000  0.000000  0.000000 
1  157.394796  1.218064  1.218064  76.519997  0.090000 157.371049  0.495923  0.656182  157.206427  3.000465  -0.053956 25 13 157.394796  0.000000  0.000000  0.000000  0.000000  0.000000 
1  157.371049  1.218144  1.218144  76.519997  0.090000 157.384804  0.939018  -0.829139  157.252909  3.240679  0.746501 25 12 157.371049  0.000000  0.000000  0.000000  0.000000  0.000000 
1  157.384804  1.218410  1.218436  76.519997  0.090000 157.352781  0.898303  0.385503  157.017336  3.062128  0.025339 25 13 157.384804  0.000000  0.000000  0.000000  0.000000  0.000000 
1  157.352781  1.219156  1.219156  121.830002  1.250000 157.311020  0.770508  -1.755622  156.887954  2.931022  -0.406526 25 12 157.352781  0.000000  0.000000  0.000000  0.000000  0.000000 
1  157.311020  1.217112  1.217112  121.830002  1.250000 157.337922  0.612746  3.059607  157.136066  3.008660  0.018668 25 12 157.311020  0.000000  0.000000  0.000000  0.000000  0.000000 
1  157.337922  1.216438  1.216438  121.830002  1.250000 157.346463  0.389145  -1.799486  157.311481  2.982765  -0.141685 25 13 157.337922  0.000000  0.000000  0.000000  0.000000  0.000000 
1  157.346463  1.218242  1.218242  121.830002  1.250000 157.339921  0.930617  2.362451  157.205205  3.030255  0.066573 25 12 157.346463  0.000000  0.000000  0.000000  0.000000  0.000000 
1  157.339921  1.218160  1.218160  121.830002  1.250000 157.317366  0.848512  0.843343  157.076626  2.931720  -0.262507 25 12 157.339921  0.000000  0.000000  0.000000  0.000000  0.000000 
1  157.317366  1.218293  1.218293  121.830002  1.250000 157.291171  0.732382  -0.205973  157.057739  2.867209  -0.401513 25 13 157.317366  0.000000  0.000000  0.000000  0.000000  0.000000 
1  157.291171  1.219029  1.219029  121.830002  1.250000 157.302334  0.283182  0.435576  157.149759  2.915605  -0.095998 25 12 157.291171  0.000000  0.000000  0.000000  0.000000  0.000000 
1  157.302334  1.221488  1.221488  121.830002  1.250000 157.333436  1.263783  -1.018120  157.208711  2.965085  0.108341 25 12 157.302334  0.000000  0.000000  0.000000  0.000000  0.000000 
1  157.333436  1.218179  1.218179  128.570007  0.440000 157.329134  0.122089  1.026215  157.237689  2.798906  -0.510600 25 13 157.333436  0.000000  0.000000  0.000000  0.000000  0.000000 
1  157.329134  1.217047  1.217047  128.570007  0.440000 157.327997  0.626813  -0.794505  157.148133  2.819907  -0.323992 25 12 157.329134  0.000000  0.000000  0.000000  0.000000  0.000000 
1  157.327997  1.217653  1.217653  128.570007  0.440000 157.327848  1.030936  -0.065152  157.182132  2.881400  -0.057394 25 13 157.327997  0.000000  0.000000  0.000000  0.000000  0.000000 
1  157.327848  1.216808  1.216808  128.570007  0.440000 157.371171  0.328116  -1.125293  157.351871  2.725911  -0.539387 25 12 157.327848  0.000000  0.000000  0.000000  0.000000  0.000000 
1  157.371171  1.218371  1.218371  128.570007  0.440000 157.366035  0.777002  0.292024  157.274643  2.867178  0.122950 25 12 157.371171  0.000000  0.000000  0.000000  0.000000  0.000000 
1  157.366035  1.218943  1.218943  128.570007  0.440000 157.419056  1.128955  -1.458874  157.331269  2.988985  0.455748 25 13 157.366035  0.000000  0.000000  0.000000  0.000000  0.000000 
1  157.419056  1.218507  1.218507  128.570007  0.440000 157.447521  1.212920  -0.160166  157.447927  2.892282  0.029785 25 12 157.419056  0.000000  0.000000  0.000000  0.000000  0.000000 
1  157.447521  1.215801  1.215801  128.570007  0.440000 157.470618  0.502047  -0.241226  157.469257  2.728815  -0.558608 25 12 157.447521  0.000000  0.000000  0.000000  0.000000  0.000000 
1  157.470618  1.218521  1.218521  128.570007  0.440000 157.394210  0.335744  -1.140831  157.267165  2.716983  -0.528838 25 13 157.470618  0.000000  0.000000  0.000000  0.000000  0.000000 
1  157.394210  1.218554  1.218554  128.570007  0.440000 157.365751  0.657325  -0.855401  157.145978  2.735896  -0.276832 25 12 157.394210  0.000000  0.000000  0.000000  0.000000  0.000000 
1  157.365751  1.217947  1.218355  3.820000  0.150000 157.364176  0.724677  1.782528  157.154500  2.820144  0.087753 25 13 157.365751  0.000000  0.000000  0.000000  0.000000  0.000000 
1  157.364176  1.218166  1.218166  3.820000  0.150000 157.431246  0.671442  -0.027937  157.447953  2.781819  -0.100810 25 12 157.364176  0.000000  0.000000  0.000000  0.000000  0.000000 
1  157.431246  1.218434  1.218434  3.820000  0.150000 157.405657  0.526577  2.561428  157.270173  2.812480  0.078866 25 12 157.431246  0.000000  0.000000  0.000000  0.000000  0.000000 
1  157.405657  1.217889  1.217889  3.820000  0.150000 157.446560  0.564675  -1.610401  157.373389  2.808508  -0.077093 25 13 157.405657  0.000000  0.000000  0.000000  0.000000  0.000000 
1  157.446560  1.218637  1.218637  3.820000  0.150000 157.477936  0.882192  -1.770749  157.395399  2.835933  0.062339 25 12 157.446560  0.000000  0.000000  0.000000  0.000000  0.000000 
1  157.477936  1.218757  1.218757  3.820000  0.150000 157.463962  0.649924  -0.300801  157.419510  2.693838  -0.455896 25 13 157.477936  0.000000  0.000000  0.000000  0.000000  0.000000 
1  157.463962  1.217950  1.217950  3.820000  0.150000 157.444051  0.747677  -1.486437  157.130955  2.851533  0.131654 25 12 157.463962  0.000000  0.000000  0.000000  0.000000  0.000000 
1  157.444051  1.217924  1.217924  3.820000  0.150000 157.471333  0.408696  -1.073631  157.451419  2.658164  -0.532446 25 12 157.444051  0.000000  0.000000  0.000000  0.000000  0.000000 
1  157.471333  1.217628  1.217628  3.820000  0.150000 157.433168  0.503731  -0.834169  157.132093  2.659209  -0.425271 25 13 157.471333  0.000000  0.000000  0.000000  0.000000  0.000000 
1  157.433168  1.218958  1.218958  3.820000  0.150000 157.467495  0.381423  -0.370572  157.258580  2.627675  -0.459113 25 12 157.433168  0.000000  0.000000  0.000000  0.000000  0.000000 
1  157.467495  1.218346  1.218161  354.859985  0.150000 157.457625  0.867656  -0.002091  157.238129  2.798445  0.276417 25 12 157.467495  0.000000  0.000000  0.000000  0.000000  0.000000 
1  157.457625  1.218066  1.218066  354.859985  0.150000 157.441086  1.266306  -0.037421  157.168625  2.848157  0.423921 25 13 157.457625  0.000000  0.000000  0.000000  0.000000  0.000000 
1  157.441086  1.218188  1.218188  354.859985  0.150000 157.465516  0.938039  0.868061  157.376580  2.645896  -0.303241 25 12 157.441086  0.000000  0.000000  0.000000  0.000000  0.000000 
1  157.465516  1.218615  1.218615  354.859985  0.150000 157.437174  0.746446  0.319431  157.147234  2.560862  -0.475077 25 13 157.465516  0.000000  0.000000  0.000000  0.000000  0.000000 
1  157.437174  1.218417  1.218417  354.859985  0.150000 157.430263  0.915537  0.293644  157.133473  2.679059  0.049443 25 12 157.437174  0.000000  0.000000  0.000000  0.000000  0.000000 
1  157.430263  1.219149  1.219062  354.859985  0.150000 157.414726  0.615738  -0.555852  157.148787  2.575873  -0.310571 25 12 157.430263  0.000000  0.000000  0.000000  0.000000  0.000000 
1  157.414726  1.218436  1.218436  354.859985  0.150000 157.387614  0.536348  -0.639265  157.118458  2.683006  0.168121 25 13 157.414726  0.000000  0.000000  0.000000  0.000000  0.000000 
1  157.387614  1.218883  1.218883  354.859985  0.150000 157.386521  1.350340  1.403932  157.153831  2.721350  0.287542 25 12 157.387614  0.000000  0.000000  0.000000  0.000000  0.000000 
1  157.386521  1.218232  1.218232  354.859985  0.150000 157.375984  0.703399  -1.355176  157.158684  2.663650  -0.000732 25 12 157.386521  0.000000  0.000000  0.000000  0.000000  0.000000 
1  157.375984  1.217927  1.217851  354.859985  0.150000 157.354174  0.854389  0.163755  157.169568  2.659492  0.059477 25 13 157.375984  0.000000  0.000000  0.000000  0.000000  0.000000 
1  157.354174  1.218525  1.218525  236.380005  0.470000 157.338203  0.823809  0.810109  157.131315  2.533452  -0.286753 25 12 157.354174  0.000000  0.000000  0.000000  0.000000  0.000000 
1  157.338203  1.218261  1.218261  236.380005  0.470000 157.313083  0.772059  0.485163  157.026921  2.521680  -0.283257 25 13 157.338203  0.000000  0.000000  0.000000  0.000000  0.000000 
1  157.313083  1.216638  1.216661  236.380005  0.470000 157.342654  1.029729  1.567162  157.154596  2.551947  -0.115030 25 12 157.313083  0.000000  0.000000  0.000000  0.000000  0.000000 
1  157.342654  1.218271  1.218271  236.380005  0.470000 157.327581  0.667600  -0.322354  157.138198  2.749215  0.530313 25 13 157.342654  0.000000  0.000000  0.000000  0.000000  0.000000 
1  157.327581  1.218524  1.218524  236.380005  0.470000 157.369181  0.824611  0.035709  157.194943  2.803687  0.523158 25 12 157.327581  0.000000  0.000000  0.000000  0.000000  0.000000 
1  157.369181  1.218292  1.218292  236.380005  0.470000 157.355838  1.091072  0.096551  157.044329  2.724527  0.124341 26 12 157.369181  0.000000  0.000000  0.000000  0.000000  0.000000 
1  157.355838  1.218765  1.218765  236.380005  0.470000 157.312393  0.458057  -1.138112  156.903929  2.450480  -0.832036 24 13 157.355838  0.000000  0.000000  0.000000  0.000000  0.000000 
1  157.312393  1.218246  1.218469  236.380005  0.470000 157.296540  0.271942  0.130150  156.851220  2.480394  -0.476319 26 12 157.312393  0.000000  0.000000  0.000000  0.000000  0.000000 
1  157.296540  1.217904  1.217904  236.380005  0.470000 157.294746  0.640731  0.101283  156.881930  2.611821  0.095080 25 12 157.296540  0.000000  0.000000  0.000000  0.000000  0.000000 
1  157.294746  1.217869  1.217869  236.380005  0.470000 157.290508  0.281173  -1.767804  156.914713  2.524585  -0.227972 25 13 157.294746  0.000000  0.000000  0.000000  0.000000  0.000000 
1  157.290508  1.219773  1.219773  236.380005  0.470000 157.310179  0.793377  -0.808956  157.068753  2.593150  0.055022 25 12 157.290508  0.000000  0.000000  0.000000  0.000000  0.000000 
1  157.310179  1.218521  1.218521  236.380005  0.470000 157.286732  1.190046  1.248720  156.966156  2.478875  -0.240390 25 12 157.310179  0.000000  0.000000  0.000000  0.000000  0.000000 
1  157.286732  1.217151  1.217151  183.229996  0.550000 157.287426  0.664840  -0.064104  156.985574  2.493484  -0.127756 25 13 157.286732  0.000000  0.000000  0.000000  0.000000  0.000000 
1  157.287426  1.218681  1.218681  183.229996  0.550000 157.306654  0.673780  0.778128  157.174802  2.544507  0.072317 25 12 157.287426  0.000000  0.000000  0.000000  0.000000  0.000000 
1  157.306654  1.219304  1.219382  183.229996  0.550000 157.317666  0.694397  -1.404372  157.159046  2.431578  -0.323236 25 13 157.306654  0.000000  0.000000  0.000000  0.000000  0.000000 
1  157.317666  1.219851  1.219851  183.229996  0.550000 157.339779  0.366305  0.174655  157.250585  2.559931  0.151897 25 12 157.317666  0.000000  0.000000  0.000000  0.000000  0.000000 
1  157.339779  1.217591  1.217670  183.229996  0.550000 157.363341  0.429566  -1.146751  157.311784  2.468286  -0.218157 25 13 157.339779  0.000000  0.000000  0.000000  0.000000  0.000000 
1  157.363341  1.218539  1.218539  183.229996  0.550000 157.342539  0.663752  -2.075396  157.106027  2.546691  0.024097 25 12 157.363341  0.000000  0.000000  0.000000  0.000000  0.000000 
1  157.342539  1.218070  1.218070  183.229996  0.550000 157.348317  1.111796  0.070811  157.154070  2.500902  -0.115256 25 13 157.342539  0.000000  0.000000  0.000000  0.000000  0.000000 
1  157.348317  1.218163  1.218163  183.229996  0.550000 157.413101  0.358150  -1.671821  157.251996  2.556862  0.084031 25 12 157.348317  0.000000  0.000000  0.000000  0.000000  0.000000 
1  157.413101  1.222317  1.222317  159.789993  0.550000 157.404912  0.472983  -0.348815  157.255523  2.486059  -0.271189 25 12 157.413101  0.000000  0.000000  0.000000  0.000000  0.000000 
1  157.404912  1.217223  1.217223  159.789993  0.550000 157.410078  0.864163  0.353346  157.215465  2.529473  -0.040962 25 13 157.404912  0.000000  0.000000  0.000000  0.000000  0.000000 
1  157.410078  1.219190  1.219190  159.789993  0.550000 157.434698  0.694305  -0.600073  157.420356  2.556544  0.088488 25 12 157.410078  0.000000  0.000000  0.000000  0.000000  0.000000 
1  157.434698  1.218377  1.218377  159.789993  0.550000 157.467914  0.335715  -1.446738  157.485203  2.454520  -0.318558 25 12 157.434698  0.000000  0.000000  0.000000  0.000000  0.000000 
1  157.467914  1.218133  1.218133  159.789993  0.550000 157.423305  1.061633  1.186236  157.133949  2.505999  -0.052493 25 13 157.467914  0.000000  0.000000  0.000000  0.000000  0.000000 
1  157.423305  1.219019  1.219019  159.789993  0.550000 157.451442  1.106039  0.200675  157.355867  2.470406  -0.133826 25 12 157.423305  0.000000  0.000000  0.000000  0.000000  0.000000 
1  157.451442  1.217147  1.217147  159.789993  0.550000 157.472724  0.166093  -2.361420  157.256662  2.425096  -0.288854 25 13 157.451442  0.000000  0.000000  0.000000  0.000000  0.000000 
1  157.472724  1.220112  1.220112  159.789993  0.550000 157.415207  0.692934  -0.124256  157.070225  2.389652  -0.305697 25 12 157.472724  0.000000  0.000000  0.000000  0.000000  0.000000 
1  157.415207  1.218813  1.218748  159.789993  0.550000 157.398834  1.060335  0.822748  157.065661  2.398051  -0.182091 25 12 157.415207  0.000000  0.000000  0.000000  0.000000  0.000000 
1  157.398834  1.217872  1.218506  159.789993  0.550000 157.400000  1.311934  0.981467  157.032234  2.484881  0.212441 26 13 157.398834  0.000000  0.000000  0.000000  0.000000  0.000000 
1  157.400000  1.218702  1.218702  108.540001  0.710000 157.342621  0.481607  -0.079675  156.776657  2.289979  -0.536383 25 12 157.400000  0.000000  0.000000  0.000000  0.000000  0.000000 
