1  -0.004560  -0.004560  22.501750  0.023702  0.017175  43.208785  0.030068  0.022376  4112197277713370207046626611959094973207067555482669728200956651978229569031649295572194600755962473046220308328997954924864360675008397440304675360745081845350201362890840902339888531591484418922216583114628431094656566623062689664718031234979648850638240997179392.000000  11707747869617412172009139689108436438250398638293411764303366697144552303968338281131284418172885264918405004182294162567173840147993612603598606380994605431119565747150988649551357999731893587282271834273313041841103626176441443433748956959902646351481207175249920.000000
1  -0.002920  -0.002920  24.853767  0.009321  -0.037696  46.738638  0.016214  -0.032495  4112197277713370207046626611959094973207067555482669728200956651978229569031649295572194600755962473046220308328997954924864360675008397440304675360745081845350201362890840902339888531591484418922216583114628431094656566623062689664718031234979648850638240997179392.000000  11707747869617412172009139689108436438250398638293411764303366697144552303968338281131284418172885264918405004182294162567173840147993612603598606380994605431119565747150988649551357999731893587282271834273313041841103626176441443433748956959902646351481207175249920.000000
1  -0.001745  -0.001745  27.235476  0.015313  -0.013976  50.204598  0.022726  -0.008792  4112197277713370207046626611959094973207067555482669728200956651978229569031649295572194600755962473046220308328997954924864360675008397440304675360745081845350201362890840902339888531591484418922216583114628431094656566623062689664718031234979648850638240997179392.000000  11707747869617412172009139689108436438250398638293411764303366697144552303968338281131284418172885264918405004182294162567173840147993612603598606380994605431119565747150988649551357999731893587282271834273313041841103626176441443433748956959902646351481207175249920.000000
1  -0.002845  -0.002845  29.785134  0.018908  0.003457  53.657498  0.026839  0.008620  4112197277713370207046626611959094973207067555482669728200956651978229569031649295572194600755962473046220308328997954924864360675008397440304675360745081845350201362890840902339888531591484418922216583114628431094656566623062689664718031234979648850638240997179392.000000  11707747869617412172009139689108436438250398638293411764303366697144552303968338281131284418172885264918405004182294162567173840147993612603598606380994605431119565747150988649551357999731893587282271834273313041841103626176441443433748956959902646351481207175249920.000000
1  -0.001224  -0.001392  32.317540  0.029028  0.044214  57.072949  0.037472  0.049340  251.029999  0.490000
1  -0.002778  -0.002778  35.300914  0.013449  -0.018274  60.453216  0.022402  -0.013181  251.029999  0.490000
1  -0.003134  -0.003134  38.708270  0.022770  0.016326  63.791634  0.032226  0.021380  251.029999  0.490000
1  -0.001470  -0.001470  42.041434  0.017843  -0.003754  67.094508  0.027801  0.001268  251.029999  0.490000
1  -0.003274  -0.003274  45.550712  0.021305  0.010228  70.294754  0.031746  0.015164  251.029999  0.490000
1  -0.001713  -0.002272  49.226439  0.012117  -0.025969  73.502677  0.023046  -0.021069  251.029999  0.490000
1  -0.003087  -0.003087  53.131285  0.015047  -0.011570  76.626795  0.026455  -0.006726  251.029999  0.490000
1  -0.004067  -0.004067  57.104624  0.015846  -0.006605  79.680699  0.027724  -0.001828  251.029999  0.490000
1  -0.002625  -0.002625  61.055228  0.020906  0.017439  82.715503  0.033251  0.022155  251.029999  0.490000
1  -0.005180  -0.005180  65.572741  0.009721  -0.028832  85.674079  0.022519  -0.024188  251.029999  0.490000
1  -0.003042  -0.003473  69.984659  0.007989  -0.034306  88.638581  0.021246  -0.029703  251.029999  0.490000
1  -0.002819  -0.002819  74.485551  0.019841  0.013269  91.501763  0.033541  0.017798  251.029999  0.490000
1  -0.001845  -0.001845  79.092337  0.007590  -0.036273  94.310995  0.021727  -0.031814  176.869995  0.320000
1  -0.002097  -0.002097  83.706133  0.019308  0.007872  97.076090  0.033870  0.012243  176.869995  0.320000
1  -0.001965  -0.001965  88.301059  0.023303  0.021691  99.853940  0.038295  0.025983  176.869995  0.320000
1  -0.003572  -0.003875  92.760293  0.020240  0.008402  102.492297  0.035640  0.012616  176.869995  0.320000
1  -0.001314  -0.001314  97.230923  0.015047  -0.013399  105.107176  0.030852  -0.009254  176.869995  0.320000
1  -0.004014  -0.004014  101.758296  0.021705  0.014797  107.633158  0.037905  0.018856  176.869995  0.320000
1  -0.002038  -0.002038  105.817903  0.021838  0.018137  110.090955  0.038422  0.022114  176.869995  0.320000
1  -0.002265  -0.002265  109.844264  0.012384  -0.021272  112.492184  0.029342  -0.017388  67.290001  0.280000
1  -0.002717  -0.002509  114.140677  0.019707  0.006264  114.827497  0.037026  0.010044  67.290001  0.280000
1  -0.001514  -0.001514  117.869574  0.013316  -0.016747  117.116187  0.030991  -0.013054  67.290001  0.280000
1  -0.002652  -0.002652  121.870283  0.011851  -0.020643  119.356676  0.029875  -0.017032  67.290001  0.280000
1  -0.002086  -0.002086  125.588978  0.021971  0.019602  121.514707  0.040328  0.023105  67.290001  0.280000
1  -0.002015  -0.002015  128.997354  0.005992  -0.043698  123.639579  0.024677  -0.040282  67.290001  0.280000
1  -0.004323  -0.004145  132.233801  0.011718  -0.021435  125.701737  0.030721  -0.018107  67.290001  0.280000
1  -0.001886  -0.001886  135.080844  0.006392  -0.043621  127.702792  0.025702  -0.040395  67.290001  0.280000
1  -0.003830  -0.003830  137.859742  0.013848  -0.011012  129.609189  0.033450  -0.007901  67.290001  0.280000
1  -0.002512  -0.002512  140.489776  0.010253  -0.023725  131.507785  0.030146  -0.020684  67.290001  0.280000
1  -0.001227  -0.001227  142.887754  0.014914  -0.002358  133.323294  0.035083  0.000580  268.769989  0.340000
1  -0.002991  -0.002568  145.144988  0.019707  0.015866  135.066865  0.040139  0.018689  268.769989  0.340000
1  -0.002010  -0.002010  147.375870  0.020506  0.015976  136.857416  0.041206  0.018703  268.769989  0.340000
1  -0.002802  -0.002802  149.357685  0.007989  -0.032868  138.465154  0.028932  -0.030215  268.769989  0.340000
1  -0.002495  -0.002495  151.246188  0.026898  0.039514  140.112843  0.048084  0.042086  268.769989  0.340000
1  -0.002545  -0.002545  153.061810  0.008389  -0.030661  141.679599  0.029808  -0.028182  268.769989  0.340000
1  -0.003486  -0.003305  154.598598  0.008655  -0.028048  143.173256  0.030294  -0.025696  268.769989  0.340000
1  -0.002899  -0.002899  156.115949  0.012251  -0.013718  144.568366  0.034094  -0.011452  268.769989  0.340000
1  -0.002402  -0.002402  157.488202  0.011452  -0.016564  145.979091  0.033499  -0.014413  268.769989  0.340000
1  -0.003212  -0.003212  158.699372  0.014115  -0.009975  147.298841  0.036348  -0.007929  268.769989  0.340000
1  -0.001849  -0.001849  159.813439  0.014248  -0.008253  148.577608  0.036662  -0.006293  297.170013  0.550000
1  -0.003162  -0.003320  160.606900  0.023170  0.027222  149.770027  0.045751  0.029103  297.170013  0.550000
1  -0.000575  -0.000575  161.566014  0.020373  0.016035  150.971793  0.043121  0.017809  297.170013  0.550000
1  -0.001692  -0.001692  162.513645  0.017311  0.002409  152.132261  0.040218  0.004115  297.170013  0.550000
1  -0.003462  -0.003462  163.362212  0.021572  0.018902  153.200803  0.044623  0.020522  297.170013  0.550000
1  -0.002945  -0.002945  164.197026  0.009321  -0.029741  154.266896  0.032517  -0.028169  297.170013  0.550000
1  -0.001776  -0.001999  164.919718  0.013449  -0.010069  155.284505  0.036781  -0.008589  297.170013  0.550000
1  -0.003769  -0.003769  165.579931  0.019441  0.011950  156.224400  0.042895  0.013352  297.170013  0.550000
1  -0.001928  -0.001928  166.242956  0.018509  0.008398  157.181480  0.042085  0.009720  297.170013  0.550000
1  -0.003212  -0.003212  166.826988  0.017843  0.007633  158.062120  0.041532  0.008886  297.170013  0.550000
1  -0.003426  -0.003426  167.334293  0.003595  -0.049892  158.907386  0.027388  -0.048719  297.170013  0.550000
1  -0.002034  -0.002087  167.787092  0.008655  -0.028867  159.710144  0.032547  -0.027760  317.619995  0.830000
1  -0.003998  -0.003998  168.225491  0.018109  0.008505  160.487048  0.042094  0.009552  317.619995  0.830000
1  -0.000287  -0.000287  168.646038  0.016245  -0.002756  161.230139  0.040315  -0.001778  317.619995  0.830000
1  -0.003314  -0.003314  169.016576  0.015579  -0.007004  161.940760  0.039729  -0.006088  317.619995  0.830000
1  -0.002992  -0.002992  169.347007  0.014781  -0.009240  162.594933  0.039002  -0.008392  317.619995  0.830000
1  -0.003359  -0.003690  169.642445  0.020773  0.016727  163.214292  0.045060  0.017511  317.619995  0.830000
1  -0.002799  -0.002799  169.936052  0.017976  0.006250  163.831511  0.042329  0.006988  317.619995  0.830000
1  -0.002431  -0.002431  170.217910  0.010653  -0.022082  164.438502  0.035069  -0.021379  317.619995  0.830000
1  -0.004015  -0.004015  170.505149  0.015446  -0.002794  165.022441  0.039923  -0.002130  317.619995  0.830000
1  -0.003369  -0.003369  170.730777  0.008788  -0.029501  165.545107  0.033314  -0.028895  317.619995  0.830000
1  -0.002407  -0.002236  170.954958  0.021172  0.018628  166.062276  0.045745  0.019185  317.619995  0.830000
1  -0.003930  -0.003930  171.160640  0.025833  0.036018  166.550228  0.050448  0.036529  313.160004  1.460000
1  -0.002632  -0.002632  171.364617  0.016778  -0.001854  167.027819  0.041433  -0.001383  313.160004  1.460000
1  -0.004256  -0.004256  171.510514  0.016512  -0.001595  167.455174  0.041199  -0.001174  313.160004  1.460000
1  -0.002171  -0.002171  171.682053  0.014381  -0.009443  167.897572  0.039103  -0.009047  313.160004  1.460000
1  -0.002019  -0.002253  171.814615  0.008655  -0.028311  168.285743  0.033406  -0.027953  313.160004  1.460000
1  -0.002670  -0.002670  171.968744  0.013982  -0.006511  168.678576  0.038760  -0.006181  313.160004  1.460000
1  -0.003612  -0.003612  172.058230  0.023303  0.030450  169.020651  0.048100  0.030734  313.160004  1.460000
1  -0.000498  -0.000498  172.119285  0.017044  0.005495  169.322880  0.041854  0.005724  313.160004  1.460000
1  -0.003097  -0.003097  172.236088  0.018908  0.008966  169.665883  0.043734  0.009171  313.160004  1.460000
1  -0.000659  -0.000741  172.366251  0.019841  0.012122  170.006402  0.044683  0.012313  302.239990  1.010000
1  -0.002526  -0.002526  172.437286  0.013848  -0.010204  170.295691  0.038701  -0.010044  302.239990  1.010000
1  -0.003223  -0.003223  172.544165  0.014248  -0.011421  170.609173  0.039111  -0.011279  302.239990  1.010000
1  -0.003202  -0.003202  172.571001  0.013582  -0.011113  170.851457  0.038448  -0.011011  302.239990  1.010000
1  -0.003556  -0.003556  172.619744  0.025966  0.041458  171.092373  0.050835  0.041537  302.239990  1.010000
1  -0.001057  -0.000718  172.721758  0.017710  0.007476  171.363925  0.042585  0.007547  302.239990  1.010000
1  -0.002677  -0.002677  172.782272  0.014248  -0.008965  171.606298  0.039123  -0.008919  302.239990  1.010000
1  -0.002928  -0.002928  172.771904  0.017843  0.006625  171.790399  0.042710  0.006627  302.239990  1.010000
1  -0.002011  -0.002011  172.795867  0.012384  -0.015654  171.986295  0.037243  -0.015677  302.239990  1.010000
1  -0.004686  -0.004686  172.865501  0.020107  0.016060  172.205387  0.044964  0.016038  284.040009  0.510000
1  -0.003110  -0.002830  172.868048  0.020506  0.020019  172.367808  0.045353  0.019971  284.040009  0.510000
1  -0.002026  -0.002026  172.882354  0.020506  0.017938  172.539913  0.045342  0.017869  284.040009  0.510000
1  -0.002824  -0.002824  172.931796  0.020240  0.016349  172.728994  0.045068  0.016276  284.040009  0.510000
1  -0.001822  -0.001822  172.951593  0.009854  -0.026852  172.901368  0.034669  -0.026943  284.040009  0.510000
1  -0.003420  -0.003420  172.958911  0.005326  -0.043505  173.047484  0.030128  -0.043612  284.040009  0.510000
1  -0.003758  -0.003577  172.955171  0.022104  0.024291  173.178004  0.046889  0.024163  284.040009  0.510000
1  -0.002909  -0.002909  172.945320  0.014381  -0.005411  173.298177  0.039147  -0.005557  284.040009  0.510000
1  -0.003731  -0.003731  172.989526  0.015047  -0.003009  173.451690  0.039800  -0.003150  284.040009  0.510000
1  -0.001772  -0.001772  172.996696  0.011452  -0.017603  173.568051  0.036184  -0.017762  284.040009  0.510000
1  -0.002645  -0.002645  173.031751  0.014914  -0.005022  173.702831  0.039630  -0.005184  284.040009  0.510000
1  -0.004061  -0.003926  173.007632  0.013582  -0.010190  173.781515  0.038272  -0.010386  202.410004  0.320000
1  -0.001771  -0.001771  173.060606  0.022770  0.029598  173.919937  0.047446  0.029422  202.410004  0.320000
1  -0.002298  -0.002298  173.117514  0.029162  0.052053  174.062359  0.053821  0.051878  202.410004  0.320000
1  -0.000650  -0.000650  173.136948  0.013715  -0.010721  174.167494  0.038352  -0.010911  202.410004  0.320000
1  -0.003119  -0.003119  173.179063  0.028496  0.048183  174.286116  0.053113  0.047992  202.410004  0.320000
1  -0.002229  -0.002280  173.186115  0.020373  0.015233  174.379783  0.044966  0.015026  202.410004  0.320000
1  -0.000924  -0.000924  173.189962  0.017843  0.006088  174.468583  0.042412  0.005871  202.410004  0.320000
1  -0.003203  -0.003203  173.228658  0.023968  0.031414  174.563323  0.048514  0.031196  202.410004  0.320000
1  -0.003626  -0.003626  173.317767  0.016378  0.002511  174.696410  0.040908  0.002312  202.410004  0.320000
1  -0.002515  -0.002515  173.302054  0.016911  0.004914  174.744890  0.041410  0.004678  217.419998  0.340000
1  -0.003673  -0.003662  173.247040  0.022371  0.022297  174.775125  0.046833  0.022018  217.419998  0.340000
1  -0.002057  -0.002057  173.173571  0.015313  -0.004871  174.786163  0.039739  -0.005179  217.419998  0.340000
1  -0.005127  -0.005127  173.199085  0.006525  -0.039953  174.863041  0.030924  -0.040246  217.419998  0.340000
1  -0.002279  -0.002279  173.180633  0.019707  0.014755  174.911965  0.044076  0.014458  217.419998  0.340000
1  -0.002913  -0.002913  173.180529  0.011052  -0.019137  174.963880  0.035391  -0.019433  217.419998  0.340000
1  -0.002904  -0.002997  173.153624  0.006525  -0.035594  174.988139  0.030830  -0.035902  217.419998  0.340000
1  -0.004288  -0.004288  173.131670  0.023436  0.033017  175.019092  0.047709  0.032702  217.419998  0.340000
1  0.000857  0.000857  173.195474  0.018376  0.009921  175.113120  0.042624  0.009631  217.419998  0.340000
1  -0.002801  -0.002801  173.223620  0.019974  0.016215  175.181857  0.044194  0.015930  217.419998  0.340000
1  -0.002961  -0.002961  173.238160  0.012783  -0.010620  175.226607  0.036974  -0.010907  217.419998  0.340000
1  -0.003476  -0.003444  173.272588  0.019707  0.018170  175.282720  0.043869  0.017886  217.419998  0.340000
1  -0.001534  -0.001534  173.221017  0.002929  -0.050534  175.284815  0.027052  -0.050851  217.419998  0.340000
1  -0.000252  -0.000252  173.172366  0.011185  -0.015757  175.287416  0.035272  -0.016088  302.410004  1.000000
1  -0.001019  -0.001019  172.750138  -0.160455  -0.579958  174.858423  -0.136398  -0.580272  302.410004  1.000000
1  -0.002732  -0.002732  171.919647  -0.165249  -0.448249  174.051110  -0.141229  -0.448584  302.410004  1.000000
1  -0.003184  -0.003679  170.668683  -0.222108  -0.492431  172.855473  -0.198132  -0.492806  302.410004  1.000000
1  -0.001471  -0.001471  168.587435  -0.258593  -0.357048  170.851621  -0.234678  -0.357501  302.410004  1.000000
1  -0.002018  -0.002018  166.813421  -0.242215  -0.220097  169.214102  -0.218381  -0.220663  302.410004  1.000000
1  -0.000018  -0.000018  164.839303  -0.321177  -0.452810  167.365001  -0.297437  -0.453491  302.410004  1.000000
1  -0.000441  -0.000441  162.660133  -0.217447  0.030037  165.370373  -0.193812  0.029236  302.410004  1.000000
1  -0.003114  -0.003661  161.284341  -0.005459  0.730516  164.171861  0.018064  0.729616  330.299988  0.630000
1  -0.000278  -0.000278  160.707662  0.019175  0.557307  163.731726  0.042585  0.556334  330.299988  0.630000
1  -0.002610  -0.002610  160.231086  0.060454  0.537658  163.355694  0.083760  0.536666  330.299988  0.630000
1  -0.001264  -0.001264  160.308407  0.018642  0.122390  163.566923  0.041850  0.121406  330.299988  0.630000
1  -0.001361  -0.001361  160.070272  0.093077  0.342113  163.396710  0.116192  0.341149  330.299988  0.630000
1  -0.002273  -0.001978  159.823498  0.023835  0.036584  163.186074  0.046863  0.035655  330.299988  0.630000
1  -0.001018  -0.001018  159.488509  0.060321  0.172009  162.941955  0.083264  0.171110  330.299988  0.630000
1  -0.001433  -0.001433  159.393045  0.017843  -0.047306  162.892011  0.040700  -0.048189  330.299988  0.630000
1  -0.001768  -0.001768  159.104588  0.015313  -0.040546  162.651673  0.038091  -0.041396  330.299988  0.630000
1  -0.001605  -0.001605  158.856710  0.013049  -0.037019  162.435914  0.035753  -0.037829  330.299988  0.630000
1  -0.002664  -0.002542  158.625407  0.018376  -0.009138  162.217787  0.041004  -0.009927  76.320000  0.430000
1  -0.002115  -0.002115  158.384761  0.011452  -0.029218  161.997905  0.034006  -0.029986  76.320000  0.430000
1  -0.001988  -0.001988  158.189933  0.014248  -0.013269  161.804657  0.036733  -0.014009  76.320000  0.430000
1  -0.003852  -0.003852  157.990236  0.013449  -0.012876  161.601980  0.035865  -0.013598  76.320000  0.430000
1  -0.000795  -0.000795  157.807855  0.022104  0.020466  161.429209  0.044452  0.019761  76.320000  0.430000
1  -0.003293  -0.003014  157.624272  0.021039  0.019852  161.231000  0.043318  0.019156  76.320000  0.430000
1  -0.001541  -0.001541  157.509770  0.012916  -0.011646  161.097495  0.035136  -0.012303  76.320000  0.430000
1  -0.002132  -0.002132  157.383410  0.019974  0.014133  160.955609  0.042132  0.013489  76.320000  0.430000
1  -0.000958  -0.000958  157.227593  0.011185  -0.019192  160.773944  0.033276  -0.019841  76.320000  0.430000
1  -0.001100  -0.001100  157.061659  0.014781  -0.006537  160.592649  0.036803  -0.007193  76.320000  0.430000
1  -0.002164  -0.002572  156.966621  0.017577  0.006356  160.470763  0.039543  0.005734  118.230003  1.120000
1  -0.002013  -0.002013  156.901931  0.017177  0.005190  160.371392  0.039090  0.004601  118.230003  1.120000
1  -0.001249  -0.001249  156.846966  0.012650  -0.014460  160.279555  0.034510  -0.015029  118.230003  1.120000
1  -0.002891  -0.002891  156.776029  0.012783  -0.015523  160.177331  0.034588  -0.016085  118.230003  1.120000
1  -0.000514  -0.000514  156.719949  0.015713  -0.004689  160.093530  0.037465  -0.005234  118.230003  1.120000
1  -0.001885  -0.002146  156.634258  0.019175  0.012553  159.981925  0.040874  0.012015  118.230003  1.120000
1  -0.002097  -0.002097  156.584082  0.020506  0.022476  159.883296  0.042156  0.021955  118.230003  1.120000
1  -0.003100  -0.003100  156.544173  0.025300  0.039836  159.797077  0.046899  0.039323  118.230003  1.120000
1  -0.002373  -0.002373  156.430514  0.016512  0.003589  159.670815  0.038053  0.003057  118.230003  1.120000
1  -0.001057  -0.001057  156.363674  0.012650  -0.012404  159.572575  0.034138  -0.012934  118.230003  1.120000
1  -0.001049  -0.001392  156.390762  0.007457  -0.035876  159.549173  0.028903  -0.036368  128.860001  0.470000
1  -0.001832  -0.001832  156.330145  0.017177  0.002464  159.469534  0.038573  0.001970  128.860001  0.470000
1  -0.002102  -0.002102  156.284949  0.023436  0.025095  159.407955  0.044783  0.024604  128.860001  0.470000
1  -0.002950  -0.002950  156.229999  0.012517  -0.015895  159.325600  0.033815  -0.016384  128.860001  0.470000
1  -0.000921  -0.000921  156.163502  0.018243  0.011567  159.227360  0.039491  0.011079  128.860001  0.470000
1  -0.001880  -0.002280  156.130508  0.009587  -0.021510  159.153810  0.030789  -0.021989  128.860001  0.470000
1  0.000242  0.000242  156.079103  0.014514  -0.004804  159.077551  0.035665  -0.005292  128.860001  0.470000
1  -0.002192  -0.002192  156.065278  0.024767  0.035685  159.029206  0.045873  0.035217  128.860001  0.470000
1  -0.002546  -0.002546  156.023525  0.018109  0.007269  158.959900  0.039167  0.006795  128.860001  0.470000
1  -0.001950  -0.001950  156.024787  0.019974  0.015190  158.924210  0.040990  0.014736  128.860001  0.470000
1  -0.003412  -0.003168  156.031826  0.020906  0.017925  158.895441  0.041881  0.017485  128.860001  0.470000
1  -0.001659  -0.001659  155.985859  0.007324  -0.033546  158.822587  0.028252  -0.033989  315.190002  2.010000
1  -0.001418  -0.001418  156.006305  0.024102  0.030883  158.814266  0.044992  0.030462  315.190002  2.010000
1  -0.002227  -0.002227  155.981054  0.018908  0.009411  158.772649  0.039755  0.008987  315.190002  2.010000
1  -0.002340  -0.002340  155.974605  0.020240  0.015755  158.739823  0.041046  0.015339  315.190002  2.010000
1  -0.003265  -0.003228  155.946707  0.011718  -0.016492  158.686573  0.032481  -0.016914  315.190002  2.010000
1  -0.002362  -0.002362  155.877428  0.022770  0.029609  158.600348  0.043484  0.029166  315.190002  2.010000
1  -0.002446  -0.002446  155.878541  0.006125  -0.037147  158.571778  0.026799  -0.037574  315.190002  2.010000
1  -0.003175  -0.003175  155.840752  0.013449  -0.008244  158.518235  0.034079  -0.008674  315.190002  2.010000
1  -0.001424  -0.001424  155.868633  0.011052  -0.016998  158.519516  0.031648  -0.017397  314.450012  2.530000
1  -0.002048  -0.002007  155.851828  0.013183  -0.008044  158.484047  0.033738  -0.008442  314.450012  2.530000
1  -0.000972  -0.000972  155.880545  0.016512  0.003006  158.484029  0.037031  0.002618  314.450012  2.530000
1  -0.003465  -0.003465  155.854530  0.014914  -0.001359  158.437709  0.035391  -0.001753  314.450012  2.530000
1  -0.002922  -0.002922  155.827553  0.014647  0.000762  158.390859  0.035084  0.000368  314.450012  2.530000
1  -0.001694  -0.001694  155.828449  0.011052  -0.018790  158.370077  0.031448  -0.019187  314.450012  2.530000
1  -0.002817  -0.002821  155.847781  0.019441  0.012323  158.369832  0.039800  0.011936  314.450012  2.530000
1  -0.003385  -0.003385  155.821537  0.014781  -0.006550  158.334558  0.035098  -0.006944  314.450012  2.530000
1  -0.002195  -0.002195  155.796732  0.017710  0.005652  158.296873  0.037985  0.005252  314.450012  2.530000
1  -0.004101  -0.004101  155.760343  0.013715  -0.008983  158.256152  0.033950  -0.009387  314.450012  2.530000
1  -0.001558  -0.001558  155.780452  0.016378  0.003850  158.258242  0.036580  0.003473  314.950012  3.690000
1  -0.003111  -0.003111  155.764370  0.016512  0.007741  158.229882  0.036675  0.007367  314.950012  3.690000
1  -0.001148  -0.001148  155.803740  0.009721  -0.024549  158.235976  0.029848  -0.024920  314.950012  3.690000
1  -0.001737  -0.001737  155.832236  0.013183  -0.010412  158.244656  0.033277  -0.010770  314.950012  3.690000
2  0.000000  -0.002445  155.812714  0.013715  -0.009600  158.220543  0.033770  -0.009968  314.950012  3.690000
2  0.099971  -0.001942  155.796938  0.016378  0.002784  158.192339  0.036395  0.002412  314.950012  3.690000
2  0.174494  -0.001522  155.794108  0.009721  -0.022024  158.164028  0.029700  -0.022396  314.950012  3.690000
2  0.259553  -0.003265  155.797691  0.012117  -0.011608  158.155503  0.032061  -0.011970  314.950012  3.690000
2  0.284509  -0.000869  155.787945  0.023835  0.035357  158.138397  0.043742  0.034994  314.950012  3.690000
2  0.333260  -0.003474  155.767451  0.018376  0.014994  158.100377  0.038244  0.014625  314.950012  3.690000
2  0.455425  -0.001591  155.789096  0.017710  0.011394  158.101355  0.037544  0.011038  314.950012  3.690000
2  0.459275  -0.003376  155.787719  0.008522  -0.026253  158.090522  0.028320  -0.026611  320.970001  3.490000
2  0.503578  -0.002300  155.732002  0.018243  0.013785  158.040307  0.037999  0.013410  320.970001  3.490000
2  0.657411  -0.001602  155.716063  0.014248  -0.003061  158.016285  0.033968  -0.003441  320.970001  3.490000
2  0.739871  -0.002865  155.707035  0.020906  0.021413  157.996477  0.040587  0.021033  320.970001  3.490000
2  0.804511  -0.002198  155.734474  0.012251  -0.011662  158.000071  0.031899  -0.012019  320.970001  3.490000
2  0.806409  -0.002029  155.707921  0.011718  -0.014189  157.975652  0.031327  -0.014554  320.970001  3.490000
2  0.888298  -0.002776  155.719947  0.008123  -0.030250  157.976901  0.027697  -0.030609  320.970001  3.490000
2  0.894428  -0.002511  155.734105  0.018908  0.015902  157.969871  0.038450  0.015554  320.970001  3.490000
2  0.917965  -0.003157  155.721233  0.018243  0.014659  157.943210  0.037747  0.014304  320.970001  3.490000
2  1.006075  -0.000927  155.726194  0.014781  0.000644  157.937809  0.034251  0.000294  320.149994  3.040000
2  1.031528  -0.002201  155.713442  0.013316  -0.006416  157.918369  0.032750  -0.006772  320.149994  3.040000
2  1.097977  -0.002659  155.731753  0.006392  -0.034067  157.918749  0.025792  -0.034412  320.149994  3.040000
2  1.107374  -0.002194  155.730029  0.008922  -0.023498  157.907895  0.028288  -0.023842  320.149994  3.040000
2  1.145553  -0.003313  155.751891  0.015579  0.002760  157.917303  0.034914  0.002425  320.149994  3.040000
2  1.120488  -0.001950  155.732605  0.025833  0.043315  157.895521  0.045130  0.042969  320.149994  3.040000
2  1.187139  -0.001559  155.737391  0.021305  0.023296  157.894404  0.040567  0.022951  320.149994  3.040000
2  1.198927  -0.001965  155.757401  0.019841  0.015138  157.905522  0.039069  0.014800  320.149994  3.040000
2  1.172114  -0.002514  155.741368  0.019574  0.017827  157.890875  0.038770  0.017491  320.149994  3.040000
2  1.221904  -0.004443  155.748981  0.011718  -0.013078  157.882146  0.030879  -0.013414  320.149994  3.040000
2  1.257599  -0.001606  155.770372  0.018908  0.017437  157.886513  0.038039  0.017111  320.149994  3.040000
2  1.246224  -0.003764  155.811355  0.018509  0.014800  157.905460  0.037609  0.014483  320.149994  3.040000
2  1.194515  -0.003444  155.780027  0.009188  -0.022545  157.873778  0.028250  -0.022885  320.149994  3.040000
2  1.299288  -0.001049  155.750327  0.018642  0.016300  157.845255  0.037667  0.015953  320.760010  2.220000
2  1.385307  -0.002350  155.733623  0.019441  0.018565  157.823821  0.038430  0.018211  320.760010  2.220000
2  1.454436  -0.001401  155.690865  0.017976  0.010381  157.792653  0.036925  0.010012  320.760010  2.220000
2  1.554060  -0.002970  155.726528  0.011585  -0.012857  157.813972  0.030506  -0.013196  320.760010  2.220000
2  1.498323  -0.002884  155.688867  0.010253  -0.015552  157.775690  0.029137  -0.015899  320.760010  2.220000
2  1.619112  -0.000995  155.677213  0.012916  -0.006798  157.760873  0.031764  -0.007148  320.760010  2.220000
2  1.667531  -0.002237  155.663743  0.019974  0.021146  157.742905  0.038786  0.020794  320.760010  2.220000
2  1.723273  -0.002579  155.654415  0.011851  -0.011522  157.730205  0.030628  -0.011870  320.760010  2.220000
2  1.770815  -0.002563  155.679693  0.012384  -0.008625  157.736196  0.031130  -0.008960  328.869995  1.270000
2  1.757798  -0.004139  155.668779  0.014647  0.001851  157.717929  0.033360  0.001516  328.869995  1.270000
2  1.816777  -0.001463  155.670999  0.020107  0.021877  157.721445  0.038787  0.021546  328.869995  1.270000
2  1.808687  -0.003045  155.643528  0.022770  0.035376  157.693194  0.041415  0.035042  328.869995  1.270000
2  1.897502  -0.000683  155.687560  0.014514  -0.005873  157.732279  0.033129  -0.006198  328.869995  1.270000
2  1.789298  -0.002404  155.686150  0.027830  0.044715  157.741374  0.046411  0.044389  328.869995  1.270000
2  1.760121  -0.003935  155.683202  0.023303  0.025582  157.738712  0.041848  0.025247  328.869995  1.270000
2  1.775099  -0.002490  155.706104  0.018775  0.006499  157.758772  0.037289  0.006170  328.869995  1.270000
2  1.721652  -0.000501  156.418566  0.256862  0.777379  158.502905  0.275344  0.777056  328.869995  1.270000
2  -0.632816  -0.002069  157.754783  0.214518  0.370894  159.821593  0.232972  0.370588  328.869995  1.270000
2  -4.583975  -0.000198  159.213778  0.286423  0.492038  161.252883  0.304866  0.491798  325.290009  1.750000
2  -8.944432  -0.002041  160.406552  0.119443  -0.198059  162.390414  0.137884  -0.198228  325.290009  1.750000
2  -12.315587  -0.001122  161.077638  0.180695  0.146945  163.011600  0.199136  0.146830  325.290009  1.750000
2  -14.258079  0.000209  162.039458  0.012916  -0.488487  163.864486  0.031365  -0.488538  325.290009  1.750000
2  -16.789719  -0.001865  162.736772  0.139017  0.063259  164.524915  0.157466  0.063228  325.290009  1.750000
2  -18.897564  0.000528  163.555231  0.104263  -0.048085  165.251250  0.122716  -0.048089  325.290009  1.750000
2  -21.129992  -0.000627  164.889649  0.246476  0.420486  166.512672  0.264944  0.420534  325.290009  1.750000
2  -25.068808  -0.001478  166.069291  0.027297  -0.428777  167.538033  0.045798  -0.428637  325.290009  1.750000
2  -28.129035  -0.000942  166.746156  0.072837  -0.151121  168.117920  0.091360  -0.150955  325.290009  1.750000
2  -29.991011  -0.001313  167.332431  0.042611  -0.175691  168.576343  0.061155  -0.175506  340.190002  1.570000
2  -31.455316  0.000362  167.760543  0.016512  -0.189839  168.897871  0.035075  -0.189653  340.190002  1.570000
2  -32.514231  -0.000551  168.219090  0.013449  -0.139732  169.245409  0.032037  -0.139525  340.190002  1.570000
2  -33.666183  -0.001748  168.961616  0.127699  0.270863  169.925156  0.146307  0.271070  340.190002  1.570000
2  -35.880229  -0.001676  170.436043  0.273107  0.650671  171.342735  0.291739  0.650886  340.190002  1.570000
2  -40.337538  -0.002683  171.550091  0.022903  -0.340524  172.299061  0.041569  -0.340267  340.190002  1.570000
2  -43.222861  -0.003069  172.055992  0.015846  -0.252098  172.696828  0.034541  -0.251830  340.190002  1.570000
2  -44.558063  -0.003039  172.461159  0.015180  -0.168501  173.036436  0.033901  -0.168237  340.190002  1.570000
2  -45.725384  -0.002763  172.486325  0.018243  -0.010843  172.993134  0.036988  -0.010585  340.190002  1.570000
2  -45.745412  -0.002908  172.849016  0.018908  0.000269  173.294149  0.037672  0.000498  340.190002  1.570000
2  -46.800203  -0.003621  173.154606  0.016645  -0.004129  173.574996  0.035423  -0.003929  4.630000  1.110000
2  -47.795834  -0.003307  173.449144  0.020639  0.014792  173.849380  0.039431  0.014969  4.630000  1.110000
2  -48.777948  -0.002552  173.732597  0.026498  0.039869  174.111958  0.045302  0.040026  4.630000  1.110000
2  -49.728204  -0.003658  174.009184  0.019974  0.013948  174.372365  0.038787  0.014085  4.630000  1.110000
2  -50.668359  -0.000240  174.251391  0.011718  -0.018454  174.606453  0.030537  -0.018344  4.630000  1.110000
2  -51.531026  -0.002635  174.484701  0.018109  0.007850  174.837565  0.036934  0.007943  4.630000  1.110000
2  -52.394401  -0.004101  174.671161  0.016112  0.002068  175.037815  0.034938  0.002133  4.630000  1.110000
2  -53.162993  -0.002415  174.856235  0.012384  -0.015821  175.244371  0.031209  -0.015782  4.630000  1.110000
2  -53.951695  -0.003825  175.002702  0.011851  -0.016327  175.420585  0.030673  -0.016309  4.630000  1.110000
2  -54.652730  -0.002651  175.143450  0.017311  0.007164  175.597713  0.036130  0.007167  4.630000  1.110000
2  -55.361268  -0.002563  175.314725  0.009721  -0.022991  175.796507  0.028541  -0.022988  4.630000  1.110000
2  -56.130265  -0.005353  175.401995  0.014647  -0.003425  175.935444  0.033458  -0.003454  4.630000  1.110000
2  -56.727326  -0.002438  175.559632  0.010919  -0.016288  176.113352  0.029728  -0.016316  4.630000  1.110000
2  -57.438752  -0.003498  175.656685  0.017044  0.006608  176.253058  0.035843  0.006557  32.330002  0.850000
2  -58.041886  -0.002710  175.696018  0.010919  -0.017742  176.346796  0.029700  -0.017834  32.330002  0.850000
2  -58.501913  -0.002516  175.747816  0.025833  0.042371  176.461271  0.044601  0.042269  32.330002  0.850000
2  -59.035815  -0.003358  175.828751  0.022237  0.030418  176.584599  0.040996  0.030316  32.330002  0.850000
2  -59.588246  -0.001962  175.896540  0.006125  -0.034624  176.696352  0.024870  -0.034737  32.330002  0.850000
2  -60.100805  -0.002832  175.979999  0.015846  0.004730  176.823446  0.034580  0.004618  32.330002  0.850000
2  -60.673564  -0.002723  176.017052  0.005992  -0.031556  176.904772  0.024710  -0.031684  32.330002  0.850000
2  -61.100036  -0.002823  175.533502  -0.122772  -0.408338  176.441811  -0.104071  -0.408479  32.330002  0.850000
2  -59.829552  -0.003465  174.530592  -0.347942  -1.087188  175.449194  -0.329258  -1.087336  14.660000  0.960000
2  -56.911963  -0.002456  172.910046  -0.166714  -0.157911  173.954758  -0.148073  -0.158153  14.660000  0.960000
2  -52.677153  -0.002603  172.023825  -0.171241  -0.215943  173.199956  -0.152650  -0.216270  14.660000  0.960000
2  -50.560802  -0.002567  170.510354  -0.090947  0.202228  171.825901  -0.072418  0.201804  14.660000  0.960000
2  -46.615352  -0.002910  169.628882  -0.106526  0.054907  171.091573  -0.088065  0.054402  14.660000  0.960000
2  -44.533787  -0.004043  168.232831  -0.109190  0.087093  169.869802  -0.090805  0.086506  14.660000  0.960000
2  -40.984122  -0.002053  167.279948  -0.040480  0.272593  169.097534  -0.022180  0.271922  14.660000  0.960000
2  -38.810917  -0.003320  166.325797  -0.071905  0.112569  168.262012  -0.053685  0.111855  14.660000  0.960000
2  -36.389519  -0.002078  165.353666  -0.059655  0.135769  167.395455  -0.041521  0.135005  14.660000  0.960000
2  -33.888176  -0.003012  164.514093  -0.047005  0.132248  166.679909  -0.028958  0.131451  14.660000  0.960000
2  -31.832900  -0.004243  163.829924  0.003728  0.252914  166.144070  0.021685  0.252087  0.020000  1.100000
2  -30.330418  -0.003459  163.276622  0.009854  0.208170  165.692795  0.027724  0.207331  0.020000  1.100000
2  -29.054803  -0.002920  162.882877  0.029827  0.202936  165.405023  0.047611  0.202091  0.020000  1.100000
2  -28.273738  -0.003892  162.544275  0.033156  0.155678  165.172171  0.050859  0.154854  0.020000  1.100000
2  -27.646771  -0.001308  162.470639  0.016512  -0.004720  165.187117  0.034138  -0.005522  0.020000  1.100000
2  -27.753354  -0.002910  162.179415  0.022903  0.022859  164.957237  0.040458  0.022090  0.020000  1.100000
2  -27.134673  -0.002754  161.897951  0.022637  0.017326  164.752320  0.040121  0.016580  0.020000  1.100000
2  -26.585494  -0.003539  161.660862  0.021305  0.009600  164.561512  0.038720  0.008874  0.020000  1.100000
2  -26.076193  -0.003331  161.380353  0.017044  -0.000499  164.326071  0.034389  -0.001212  0.020000  1.100000
2  -25.429163  -0.002636  161.158456  0.013183  -0.010341  164.124150  0.030464  -0.011027  346.079987  0.760000
2  -24.880867  -0.002595  160.960399  0.015047  0.002527  163.940402  0.032269  0.001875  346.079987  0.760000
2  -24.388110  -0.004177  160.803472  0.015446  0.003181  163.789948  0.032612  0.002561  346.079987  0.760000
2  -23.992989  -0.003199  160.641189  0.022237  0.030812  163.632796  0.039346  0.030211  346.079987  0.760000
2  -23.579391  -0.005518  160.455316  0.018376  0.016221  163.452630  0.035424  0.015625  346.079987  0.760000
2  -23.089609  -0.003757  160.280719  0.015446  0.003248  163.289351  0.032436  0.002655  346.079987  0.760000
2  -22.649317  -0.002595  160.170717  0.017976  0.014159  163.137622  0.034911  0.013580  346.079987  0.760000
2  -22.244878  -0.004939  160.077272  0.015047  0.003893  163.022822  0.031933  0.003349  346.079987  0.760000
2  -21.947346  -0.003351  159.960775  0.016245  0.006543  162.903063  0.033079  0.006009  346.079987  0.760000
2  -21.635788  -0.002819  159.868640  0.017976  0.013782  162.792554  0.034762  0.013265  346.079987  0.760000
2  -21.351139  -0.003166  159.789203  0.013183  -0.006869  162.689476  0.029919  -0.007374  310.440002  0.600000
2  -21.084479  -0.003056  159.726022  0.018509  0.014402  162.603622  0.035201  0.013919  310.440002  0.600000
2  -20.873686  -0.004499  159.607963  0.010519  -0.016320  162.464450  0.027157  -0.016817  310.440002  0.600000
2  -20.494878  -0.002469  159.545197  0.012650  -0.006414  162.368628  0.029242  -0.006895  310.440002  0.600000
2  -20.250216  -0.004380  159.525674  0.015446  0.003120  162.307659  0.031998  0.002663  310.440002  0.600000
2  -20.109830  -0.004033  159.456639  0.019042  0.016946  162.216556  0.035547  0.016489  310.440002  0.600000
2  -19.878524  -0.001987  159.411837  0.012916  -0.006669  162.129506  0.029377  -0.007121  310.440002  0.600000
2  -19.653636  -0.004012  159.377326  0.014914  0.001852  162.063978  0.031334  0.001418  310.440002  0.600000
2  -19.496713  -0.001737  159.354851  0.022104  0.026513  162.029163  0.038487  0.026099  310.440002  0.600000
2  -19.434172  -0.003314  159.286127  0.005193  -0.038604  161.931004  0.021530  -0.039029  310.440002  0.600000
2  -19.168556  -0.001473  159.252113  0.013582  -0.006217  161.870427  0.029877  -0.006635  310.440002  0.600000
2  -19.027726  -0.003704  159.237873  0.009188  -0.021921  161.812959  0.025444  -0.022329  310.440002  0.600000
2  -18.889249  -0.003061  159.153290  0.016911  0.007875  161.719167  0.033121  0.007449  286.890015  0.450000
2  -18.646907  -0.003151  159.145782  0.014514  -0.001073  161.661286  0.030685  -0.001485  286.890015  0.450000
2  -18.506660  -0.002398  159.129451  0.016112  0.003567  161.631298  0.032246  0.003170  286.890015  0.450000
2  -18.451782  -0.003683  159.052198  0.011185  -0.012646  161.524840  0.027273  -0.013061  286.890015  0.450000
2  -18.163155  -0.001676  159.034766  0.018775  0.019050  161.472192  0.034826  0.018650  286.890015  0.450000
2  -18.041688  -0.004512  158.959022  0.014781  0.005087  161.390023  0.030790  0.004682  286.890015  0.450000
2  -17.825035  -0.003088  158.881433  0.011585  -0.005552  161.299101  0.027552  -0.005960  286.890015  0.450000
2  -17.581605  -0.004164  158.890692  0.011984  -0.008368  161.275346  0.027917  -0.008755  286.890015  0.450000
2  -17.541232  -0.003188  158.863016  0.005060  -0.036503  161.222592  0.020954  -0.036886  293.920013  1.230000
2  -17.409666  -0.001797  158.903190  0.019441  0.020827  161.216255  0.035305  0.020473  293.920013  1.230000
2  -17.427940  -0.003815  158.898633  0.017577  0.013020  161.171885  0.033403  0.012665  293.920013  1.230000
2  -17.323537  -0.003445  158.903482  0.014647  0.001333  161.142307  0.030439  0.000983  293.920013  1.230000
2  -17.262676  -0.003580  158.916069  0.017843  0.013051  161.110425  0.033600  0.012701  293.920013  1.230000
2  -17.197639  -0.003851  158.892552  0.017976  0.013738  161.072427  0.033698  0.013386  293.920013  1.230000
2  -17.112340  -0.001399  158.883069  0.009987  -0.019815  161.052524  0.025674  -0.020163  293.920013  1.230000
2  -17.077057  -0.003254  158.841956  0.014381  -0.000422  161.000548  0.030032  -0.000776  293.920013  1.230000
2  -16.951221  -0.003733  158.836840  0.019707  0.020683  160.977867  0.035325  0.020338  293.920013  1.230000
2  -16.913506  -0.002975  158.851030  0.012517  -0.007266  160.968207  0.028103  -0.007595  293.920013  1.230000
2  -16.908493  -0.003026  158.832015  0.014781  0.001023  160.943608  0.030334  0.000690  293.920013  1.230000
2  -16.863139  -0.001584  158.816207  0.014381  -0.002371  160.923871  0.029901  -0.002704  290.670013  0.820000
2  -16.830834  -0.004559  158.760311  0.019175  0.017366  160.866967  0.034655  0.017019  290.670013  0.820000
2  -16.689050  -0.003424  158.756630  0.011185  -0.016940  160.852889  0.026633  -0.017281  290.670013  0.820000
2  -16.669207  -0.003224  158.757099  0.015047  0.000884  160.824261  0.030461  0.000549  290.670013  0.820000
2  -16.611348  -0.003790  158.766978  0.012783  -0.009026  160.808644  0.028165  -0.009359  290.670013  0.820000
2  -16.589300  -0.001809  158.761983  0.013183  -0.008358  160.784387  0.028530  -0.008694  290.670013  0.820000
2  -16.542415  -0.003727  158.804772  0.011318  -0.012849  160.792366  0.026639  -0.013160  290.670013  0.820000
2  -16.591184  -0.002922  158.820346  0.020373  0.023019  160.783766  0.035664  0.022709  290.670013  0.820000
2  -16.595582  -0.003579  158.822122  0.016378  0.006300  160.769964  0.031638  0.005987  290.670013  0.820000
2  -16.577704  -0.005620  158.800826  0.007856  -0.026578  160.743994  0.023083  -0.026894  290.670013  0.820000
1  -0.002478  -0.002226  158.805615  0.018908  0.016152  160.739442  0.034104  0.015840  247.869995  0.370000
1  -0.003074  -0.003074  158.757068  0.017976  0.010053  160.700518  0.033135  0.009722  247.869995  0.370000
1  -0.002979  -0.002979  158.751620  0.008788  -0.023038  160.685960  0.023918  -0.023353  247.869995  0.370000
1  -0.003887  -0.003887  158.719876  0.012251  -0.006757  160.647742  0.027347  -0.007076  247.869995  0.370000
1  -0.003404  -0.003404  158.676680  0.012916  -0.004478  160.602874  0.027977  -0.004808  247.869995  0.370000
1  -0.002102  -0.002445  158.673253  0.020906  0.024107  160.595356  0.035935  0.023782  247.869995  0.370000
