1   0.000000   0.000000 -15.569953 -15.569953       1
1   0.000000   0.000000 -15.567686 -15.567686       1
1   0.000000   0.000000 -15.569072 -15.569072       1
1   0.000000   0.000000 -15.568280 -15.568280       1
1   0.000000   0.000000 -15.568294 -15.568590       1
1   0.000000   0.000000 -15.569567 -15.569567       1
1   0.000000   0.000000 -15.569769 -15.569769       1
1   0.000000   0.000000 -15.568083 -15.568083       1
1   0.000000   0.000000 -15.567858 -15.567858       1
1   0.000000   0.000000 -15.569323 -15.569402       2
1   0.000000   0.000000 -15.568675 -15.568675       2
1   0.000000   0.000000 -15.567430 -15.567430       2
1   0.000000   0.000000 -15.569036 -15.569036       2
1   0.000000   0.000000 -15.569153 -15.569153       2
1   0.000000   0.000000 -15.568430 -15.568227       2
1   0.000000   0.000000 -15.568448 -15.568448       2
1   0.000000   0.000000 -15.568741 -15.568741       2
1   0.000000   0.000000 -15.568037 -15.568037       2
1   0.000000   0.000000 -15.568232 -15.568232       2
1   0.000000   0.000000 -15.569414 -15.569324       3
1   0.000000   0.000000 -15.569009 -15.569009       3
1   0.000000   0.000000 -15.568231 -15.568231       3
1   0.000000   0.000000 -15.569065 -15.569065       3
1   0.000000   0.000000 -15.569115 -15.569115       3
1   0.000000   0.000000 -15.568259 -15.568369       3
1   0.000000   0.000000 -15.568439 -15.568439       3
1   0.000000   0.000000 -15.569831 -15.569831       3
1   0.000000   0.000000 -15.569225 -15.569225       3
1   0.000000   0.000000 -15.568240 -15.568240       3
1   0.000000   0.000000 -15.568916 -15.568708       4
1   0.000000   0.000000 -15.570166 -15.570166       4
1   0.000000   0.000000 -15.568866 -15.568866       4
1   0.000000   0.000000 -15.568137 -15.568137       4
1   0.000000   0.000000 -15.569956 -15.569956       4
1   0.000000   0.000000 -15.570362 -15.570361       4
1   0.000000   0.000000 -15.569177 -15.569177       4
1   0.000000   0.000000 -15.568731 -15.568731       4
1   0.000000   0.000000 -15.570352 -15.570352       4
1   0.000000   0.000000 -15.568515 -15.568515       4
1   0.000000   0.000000 -15.569248 -15.568836       5
1   0.000000   0.000000 -15.568860 -15.568860       5
1   0.000000   0.000000 -15.569588 -15.569588       5
1   0.000000   0.000000 -15.567914 -15.567914       5
1   0.000000   0.000000 -15.569178 -15.569178       5
1   0.000000   0.000000 -15.570790 -15.570518       5
1   0.000000   0.000000 -15.569276 -15.569276       5
1   0.000000   0.000000 -15.568419 -15.568419       5
1   0.000000   0.000000 -15.569126 -15.569126       5
1   0.000000   0.000000 -15.570185 -15.570185       5
1   0.000000   0.000000 -15.568657 -15.568892       6
1   0.000000   0.000000 -15.568995 -15.568995       6
1   0.000000   0.000000 -15.570768 -15.570768       6
1   0.000000   0.000000 -15.569149 -15.569149       6
1   0.000000   0.000000 -15.567874 -15.567874       6
1   0.000000   0.000000 -15.569038 -15.568688       6
1   0.000000   0.000000 -15.570749 -15.570749       6
1   0.000000   0.000000 -15.568472 -15.568472       6
1   0.000000   0.000000 -15.568889 -15.568889       6
1   0.000000   0.000000 -15.569374 -15.569374       6
1   0.000000   0.000000 -15.569433 -15.569212       7
1   0.000000   0.000000 -15.567512 -15.567512       7
1   0.000000   0.000000 -15.569071 -15.569071       7
1   0.000000   0.000000 -15.569954 -15.569954       7
2   0.000000   0.000000 0.000000 -15.568153       7
2   0.000000   0.000000 0.000000 -15.569186       7
2   0.000000   0.000000 0.000000 -15.568626       7
2   0.000000   0.000000 0.000000 -15.568839       7
2   0.000000   0.000000 0.000000 -15.568399       7
2   0.000000   0.000000 0.000000 -15.569393       7
2   0.000000   0.000000 0.000000 -15.570535       8
2   0.000000   0.000000 0.000000 -15.568350       8
2   0.000000   0.000000 0.000000 -15.568608       8
2   0.000000   0.000000 0.000000 -15.568939       8
2   0.000000   0.000000 0.000000 -15.569364       8
2   0.000000   0.000000 0.000000 -15.568513       8
2   0.000000   0.000000 0.000000 -15.569024       8
2   0.000000   0.000000 0.000000 -15.569438       8
2   0.000000   0.000000 0.000000 -15.567976       8
2   0.000000   0.000000 0.000000 -15.567332       8
2   0.000000   0.000000 0.000000 -15.569861       9
2   0.000000   0.000000 0.000000 -15.566937       9
2   0.000000   0.000000 0.000000 -15.568296       9
2   0.000000   0.000000 0.000000 -15.564956       9
2   0.000000   0.000000 0.000000 -15.567860       9
2   0.000000   0.000000 0.000000 -15.567806       9
2   0.000000   0.000000 0.000000 -15.568222       9
2   0.000000   0.000000 0.000000 -15.570231       9
2   0.000000   0.000000 0.000000 -15.568974       9
2   0.000000   0.000000 0.000000 -15.568237       9
2   0.000000   0.000000 0.000000 -15.569123       10
2   0.000000   0.000000 0.000000 -15.568760       10
2   0.000000   0.000000 0.000000 -15.568307       10
2   0.000000   0.000000 0.000000 -15.568719       10
2   0.000000   0.000000 0.000000 -15.568613       10
2   0.000000   0.000000 0.000000 -15.569497       10
2   0.000000   0.000000 0.000000 -15.568620       10
2   0.000000   0.000000 0.000000 -15.567143       10
2   0.000000   0.000000 0.000000 -15.568491       10
2   0.000000   0.000000 0.000000 -15.569659       10
2   0.000000   0.000000 0.000000 -15.569150       11
2   0.000000   0.000000 0.000000 -15.567608       11
2   0.000000   0.000000 0.000000 -15.569305       11
2   0.000000   0.000000 0.000000 -15.569147       11
2   0.000000   0.000000 0.000000 -15.567756       11
2   0.000000   0.000000 0.000000 -15.568284       11
2   0.000000   0.000000 0.000000 -15.570155       11
2   0.000000   0.000000 0.000000 -15.569244       11
2   0.000000   0.000000 0.000000 -15.566569       11
1   0.000000   0.000000 -15.568705 -15.568705       11
1   0.000000   0.000000 -15.569108 -15.568700       12
1   0.000000   0.000000 -15.567840 -15.567840       12
1   0.000000   0.000000 -15.568036 -15.568036       12
1   0.000000   0.000000 -15.569988 -15.569988       12
1   0.000000   0.000000 -15.569285 -15.569285       12
1   0.000000   0.000000 -15.567377 -15.567605       12
1   0.000000   0.000000 -15.568426 -15.568426       12
1   0.000000   0.000000 -15.569164 -15.569164       12
1   0.000000   0.000000 -15.568408 -15.568408       12
1   0.000000   0.000000 -15.567259 -15.567259       12
1   0.000000   0.000000 -15.568295 -15.568866       13
1   0.000000   0.000000 -15.568862 -15.568862       13
1   0.000000   0.000000 -15.567894 -15.567894       13
1   0.000000   0.000000 -15.568570 -15.568570       13
1   0.000000   0.000000 -15.568844 -15.568844       13
1   0.000000   0.000000 -15.568448 -15.568565       13
1   0.000000   0.000000 -15.567617 -15.567617       13
1   0.000000   0.000000 -15.568317 -15.568317       13
1   0.000000   0.000000 -15.568925 -15.568925       13
1   0.000000   0.000000 -15.568098 -15.568098       13
1   0.000000   0.000000 -15.568104 -15.568356       14
