mode yawCmd rudderSet rudderIs gpsCourse gpsSpeed cY cW cWd mY mW mWd accGyroCount magCount psid psiTilde rTilde integralPsiTilde rudderMoment tauFF 
1  0.000000  1.206848  1.206848  14228209106678313168622435801756563086978180834855524796460083980814103933153813155544342258151927423037347127397564825637504365655249010767469691012986670123773574326061280119775188401340175861239988174254022444838379095337594674106406922558156527052760618463395840.000000  0.000000 -nan  -nan  0.673906  70.829713  1.215140  0.317189 398 196 0.000000  0.000000  0.000000  0.000000  0.000000  0.000000 
1  70.829713  1.216756  1.216756  14228209106678313168622435801756563086978180834855524796460083980814103933153813155544342258151927423037347127397564825637504365655249010767469691012986670123773574326061280119775188401340175861239988174254022444838379095337594674106406922558156527052760618463395840.000000  0.000000 nan  -nan  -2.104337  76.623029  1.065726  -0.328999 25 12 70.829713  0.000000  0.000000  0.000000  0.000000  0.000000 
1  76.623029  1.215703  1.215703  14228209106678313168622435801756563086978180834855524796460083980814103933153813155544342258151927423037347127397564825637504365655249010767469691012986670123773574326061280119775188401340175861239988174254022444838379095337594674106406922558156527052760618463395840.000000  0.000000 nan  -nan  0.946491  82.298797  1.141037  0.081224 26 12 76.623029  0.000000  0.000000  0.000000  0.000000  0.000000 
1  82.298797  1.215971  1.215971  14228209106678313168622435801756563086978180834855524796460083980814103933153813155544342258151927423037347127397564825637504365655249010767469691012986670123773574326061280119775188401340175861239988174254022444838379095337594674106406922558156527052760618463395840.000000  0.000000 -nan  -nan  -0.748011  87.984813  1.184137  0.144486 25 12 82.298797  0.000000  0.000000  0.000000  0.000000  0.000000 
1  87.984813  1.217364  1.217700  14228209106678313168622435801756563086978180834855524796460083980814103933153813155544342258151927423037347127397564825637504365655249010767469691012986670123773574326061280119775188401340175861239988174254022444838379095337594674106406922558156527052760618463395840.000000  0.000000 -nan  -nan  -1.364436  93.727933  1.288242  0.447400 25 13 87.984813  0.000000  0.000000  0.000000  0.000000  0.000000 
1  93.727933  1.216320  1.216320  169.970001  0.220000 -nan  -nan  0.376144  99.182349  1.341307  0.431936 24 12 93.727933  0.000000  0.000000  0.000000  0.000000  0.000000 
1  99.182349  1.216356  1.216356  169.970001  0.220000 -nan  -nan  2.137266  104.474328  1.491621  0.828741 25 12 99.182349  0.000000  0.000000  0.000000  0.000000  0.000000 
1  104.474328  1.215263  1.215263  169.970001  0.220000 nan  -nan  -2.174143  109.902533  1.481033  0.488208 25 13 104.474328  0.000000  0.000000  0.000000  0.000000  0.000000 
1  109.902533  1.215647  1.215647  169.970001  0.220000 nan  -nan  -1.186620  114.961651  1.481827  0.316744 25 12 109.902533  0.000000  0.000000  0.000000  0.000000  0.000000 
1  114.961651  1.216752  1.216474  169.970001  0.220000 -nan  -nan  -0.507902  119.992723  1.304867  -0.327206 25 12 114.961651  0.000000  0.000000  0.000000  0.000000  0.000000 
1  119.992723  1.216267  1.216267  169.970001  0.220000 nan  -nan  1.766386  125.066161  1.486526  0.337346 24 12 119.992723  0.000000  0.000000  0.000000  0.000000  0.000000 
1  125.066161  1.215863  1.215863  169.970001  0.220000 nan  -nan  -2.064681  130.159178  1.455463  0.098295 25 13 125.066161  0.000000  0.000000  0.000000  0.000000  0.000000 
1  130.159178  1.216230  1.216230  169.970001  0.220000 nan  -nan  0.320121  134.952855  1.506918  0.192203 25 12 130.159178  0.000000  0.000000  0.000000  0.000000  0.000000 
1  134.952855  1.215922  1.215922  169.970001  0.220000 nan  -nan  -0.464767  139.664247  1.565842  0.289555 25 12 134.952855  0.000000  0.000000  0.000000  0.000000  0.000000 
1  139.664247  1.216141  1.217361  169.970001  0.220000 -nan  -nan  -0.740645  144.745609  1.625437  0.361016 25 13 139.664247  0.000000  0.000000  0.000000  0.000000  0.000000 
1  144.745609  1.216172  1.216172  169.970001  0.220000 -nan  -nan  -1.676071  149.652472  1.645669  0.337430 25 12 144.745609  0.000000  0.000000  0.000000  0.000000  0.000000 
1  149.652472  1.218838  1.218838  158.169998  0.290000 -nan  -nan  0.631720  154.298584  1.599331  0.063054 25 12 149.652472  0.000000  0.000000  0.000000  0.000000  0.000000 
1  154.298584  1.217031  1.217352  158.169998  0.290000 -nan  -nan  -1.424035  157.081336  1.495199  -0.348867 25 13 154.298584  0.000000  0.000000  0.000000  0.000000  0.000000 
1  157.081336  1.217362  1.217362  158.169998  0.290000 -nan  -nan  -0.289038  159.035779  1.650079  0.229721 25 12 157.081336  0.000000  0.000000  0.000000  0.000000  0.000000 
1  159.035779  1.216962  1.216962  158.169998  0.290000 nan  -nan  1.067642  159.779853  1.742952  0.478940 24 13 159.035779  0.000000  0.000000  0.000000  0.000000  0.000000 
1  159.779853  1.215264  1.215264  158.169998  0.290000 -nan  -nan  1.364745  160.337810  1.684645  0.197397 26 12 159.779853  0.000000  0.000000  0.000000  0.000000  0.000000 
1  160.337810  1.216185  1.216185  158.169998  0.290000 -nan  -nan  1.487904  158.960327  1.607150  -0.087210 25 12 160.337810  0.000000  0.000000  0.000000  0.000000  0.000000 
1  158.960327  1.215393  1.215393  158.169998  0.290000 nan  -nan  1.345515  159.650934  1.594953  -0.093636 25 13 158.960327  0.000000  0.000000  0.000000  0.000000  0.000000 
1  159.650934  1.217023  1.217023  158.169998  0.290000 nan  -nan  0.530619  159.443900  1.571558  -0.148140 25 12 159.650934  0.000000  0.000000  0.000000  0.000000  0.000000 
1  159.443900  1.216423  1.216423  158.169998  0.290000 nan  -nan  -0.190915  159.363324  1.725179  0.337992 25 12 159.443900  0.000000  0.000000  0.000000  0.000000  0.000000 
1  159.363324  1.217744  1.217744  174.449997  0.430000 -nan  -nan  1.186135  159.152807  1.718104  0.256015 24 13 159.363324  0.000000  0.000000  0.000000  0.000000  0.000000 
1  159.152807  1.216427  1.216427  174.449997  0.430000 nan  -nan  0.888834  159.828946  1.641760  -0.047057 26 12 159.152807  0.000000  0.000000  0.000000  0.000000  0.000000 
1  159.828946  1.216692  1.216692  174.449997  0.430000 nan  -nan  0.028218  160.369574  1.587018  -0.229265 25 12 159.828946  0.000000  0.000000  0.000000  0.000000  0.000000 
1  160.369574  1.215807  1.215807  174.449997  0.430000 -nan  -nan  -0.123627  160.028410  1.504674  -0.363771 25 13 160.369574  0.000000  0.000000  0.000000  0.000000  0.000000 
1  160.028410  1.217281  1.217281  174.449997  0.430000 -nan  -nan  0.329543  159.013281  1.608366  0.058216 25 12 160.028410  0.000000  0.000000  0.000000  0.000000  0.000000 
1  159.013281  1.216211  1.216211  174.449997  0.430000 -nan  -nan  0.952163  160.200445  1.613600  0.050030 25 12 159.013281  0.000000  0.000000  0.000000  0.000000  0.000000 
1  160.200445  1.215643  1.215643  174.449997  0.430000 nan  -nan  -1.644277  159.805304  1.577981  -0.127559 25 13 160.200445  0.000000  0.000000  0.000000  0.000000  0.000000 
1  159.805304  1.216304  1.216304  174.449997  0.430000 -nan  -nan  -1.600496  159.779288  1.416595  -0.587228 25 12 159.805304  0.000000  0.000000  0.000000  0.000000  0.000000 
1  159.779288  1.216221  1.216221  174.449997  0.430000 -nan  -nan  -0.223128  159.509150  1.596486  0.151900 25 12 159.779288  0.000000  0.000000  0.000000  0.000000  0.000000 
1  159.509150  1.214277  1.213773  174.449997  0.430000 -nan  -nan  -1.370154  160.127596  1.622415  0.161905 25 12 159.509150  0.000000  0.000000  0.000000  0.000000  0.000000 
1  160.127596  1.216731  1.216731  174.449997  0.430000 nan  -nan  -0.846568  159.533603  1.528333  -0.212112 25 13 160.127596  0.000000  0.000000  0.000000  0.000000  0.000000 
1  159.533603  1.216887  1.216887  185.130005  0.530000 nan  -nan  -0.416462  159.828230  1.594298  0.068867 25 12 159.533603  0.000000  0.000000  0.000000  0.000000  0.000000 
1  159.828230  1.215750  1.215750  185.130005  0.530000 nan  -nan  -0.487708  159.490392  1.506051  -0.260559 25 12 159.828230  0.000000  0.000000  0.000000  0.000000  0.000000 
1  159.490392  1.216859  1.216859  185.130005  0.530000 -nan  -nan  0.379300  159.064943  1.531908  -0.069649 25 13 159.490392  0.000000  0.000000  0.000000  0.000000  0.000000 
1  159.064943  1.216323  1.216323  185.130005  0.530000 -nan  -nan  -0.545502  159.956476  1.560036  0.071743 25 12 159.064943  0.000000  0.000000  0.000000  0.000000  0.000000 
1  159.956476  1.217158  1.217158  185.130005  0.530000 -nan  -nan  -0.491412  160.327634  1.456175  -0.299909 25 12 159.956476  0.000000  0.000000  0.000000  0.000000  0.000000 
1  160.327634  1.215943  1.216364  185.130005  0.530000 -nan  -nan  -2.287539  159.709798  1.447159  -0.270418 25 13 160.327634  0.000000  0.000000  0.000000  0.000000  0.000000 
1  159.709798  1.216343  1.216343  185.130005  0.530000 -nan  -nan  3.186885  158.918939  1.579828  0.311235 25 12 159.709798  0.000000  0.000000  0.000000  0.000000  0.000000 
1  158.918939  1.215185  1.215185  185.130005  0.530000 -nan  -nan  2.689921  159.247110  1.586775  0.262879 25 12 158.918939  0.000000  0.000000  0.000000  0.000000  0.000000 
1  159.247110  1.216479  1.216479  185.130005  0.530000 nan  -nan  -0.125659  159.122028  1.473415  -0.180942 25 12 159.247110  0.000000  0.000000  0.000000  0.000000  0.000000 
1  159.122028  1.216427  1.216427  185.130005  0.530000 -nan  -nan  2.140105  160.068683  1.435478  -0.225975 25 13 159.122028  0.000000  0.000000  0.000000  0.000000  0.000000 
1  160.068683  1.216405  1.216731  185.130005  0.530000 nan  -nan  1.847562  159.557629  1.418269  -0.192080 25 12 160.068683  0.000000  0.000000  0.000000  0.000000  0.000000 
1  159.557629  1.216192  1.216192  185.130005  0.530000 nan  -nan  0.370113  159.738054  1.604552  0.489994 25 12 159.557629  0.000000  0.000000  0.000000  0.000000  0.000000 
1  159.738054  1.216335  1.216335  185.130005  0.530000 nan  -nan  -0.095412  159.302802  1.543028  0.127708 25 13 159.738054  0.000000  0.000000  0.000000  0.000000  0.000000 
1  159.302802  1.215837  1.215837  182.039993  0.480000 nan  -nan  1.358301  158.743794  1.528673  0.059057 25 12 159.302802  0.000000  0.000000  0.000000  0.000000  0.000000 
1  158.743794  1.216997  1.216997  182.039993  0.480000 -nan  -nan  -1.669167  158.737087  1.371266  -0.477047 25 12 158.743794  0.000000  0.000000  0.000000  0.000000  0.000000 
1  158.737087  1.216613  1.215939  182.039993  0.480000 nan  -nan  2.049068  158.736605  1.505228  0.130145 25 12 158.737087  0.000000  0.000000  0.000000  0.000000  0.000000 
1  158.736605  1.218389  1.218389  182.039993  0.480000 -nan  -nan  -0.685128  159.566682  1.484021  0.023914 25 13 158.736605  0.000000  0.000000  0.000000  0.000000  0.000000 
1  159.566682  1.216625  1.216625  182.039993  0.480000 nan  -nan  1.592437  159.327115  1.506152  0.065145 25 12 159.566682  0.000000  0.000000  0.000000  0.000000  0.000000 
1  159.327115  1.216411  1.216411  182.039993  0.480000 nan  -nan  -0.051981  159.456010  1.629290  0.401205 25 12 159.327115  0.000000  0.000000  0.000000  0.000000  0.000000 
1  159.456010  1.215772  1.215772  182.039993  0.480000 -nan  -nan  -0.904055  159.602234  1.572063  0.076341 25 13 159.456010  0.000000  0.000000  0.000000  0.000000  0.000000 
1  159.602234  1.215841  1.216111  173.610001  0.460000 -nan  -nan  0.589974  160.577382  1.432201  -0.378092 25 12 159.602234  0.000000  0.000000  0.000000  0.000000  0.000000 
1  160.577382  1.216415  1.216415  173.610001  0.460000 nan  -nan  -2.261446  159.522635  1.564906  0.102174 25 12 160.577382  0.000000  0.000000  0.000000  0.000000  0.000000 
1  159.522635  1.216451  1.215812  173.610001  0.460000 nan  -nan  -1.693949  159.592455  1.394204  -0.509069 25 13 159.522635  0.000000  0.000000  0.000000  0.000000  0.000000 
1  159.592455  1.216720  1.216720  173.610001  0.460000 nan  -nan  3.032945  159.245281  1.587632  0.288822 25 12 159.592455  0.000000  0.000000  0.000000  0.000000  0.000000 
1  159.245281  1.216317  1.216317  173.610001  0.460000 nan  -nan  -1.180391  159.366044  1.449706  -0.237783 25 12 159.245281  0.000000  0.000000  0.000000  0.000000  0.000000 
1  159.366044  1.215983  1.215983  173.610001  0.460000 nan  -nan  -0.300551  159.328548  1.437129  -0.233018 25 13 159.366044  0.000000  0.000000  0.000000  0.000000  0.000000 
1  159.328548  1.216980  1.216980  173.610001  0.460000 -nan  -nan  0.484005  159.502150  1.487800  -0.031120 25 12 159.328548  0.000000  0.000000  0.000000  0.000000  0.000000 
