1  -0.572224  -0.572224  57.485482  0.000932  -0.024548  47.277043  0.008272  -0.019537  5623660055844135908138486467208474287618760190318584950718095404787414600923074636316642023559635904519462820742613111752227689200076536215769842454621873294935078872701757290260763303251175618620099694542174070100016535324448970601615534629841654599282489418579968.000000  14730673424669207633772558563371341214931425055278665224965983669266786090875867307970067239185327975192191901803012901192980730022467292359289404063544689985267591359022737101749757644639424034591904514641037584864106412580583222792641761480130287322605123310452736.000000
1  -0.562050  -0.562050  62.134708  0.003462  -0.011028  50.566512  0.011307  -0.006073  5623660055844135908138486467208474287618760190318584950718095404787414600923074636316642023559635904519462820742613111752227689200076536215769842454621873294935078872701757290260763303251175618620099694542174070100016535324448970601615534629841654599282489418579968.000000  14730673424669207633772558563371341214931425055278665224965983669266786090875867307970067239185327975192191901803012901192980730022467292359289404063544689985267591359022737101749757644639424034591904514641037584864106412580583222792641761480130287322605123310452736.000000
1  -0.564948  -0.564948  66.679463  0.003995  -0.009031  53.789959  0.012334  -0.004123  5623660055844135908138486467208474287618760190318584950718095404787414600923074636316642023559635904519462820742613111752227689200076536215769842454621873294935078872701757290260763303251175618620099694542174070100016535324448970601615534629841654599282489418579968.000000  14730673424669207633772558563371341214931425055278665224965983669266786090875867307970067239185327975192191901803012901192980730022467292359289404063544689985267591359022737101749757644639424034591904514641037584864106412580583222792641761480130287322605123310452736.000000
1  -0.562358  -0.562358  71.131367  0.003862  -0.004901  56.894716  0.012681  -0.000047  5623660055844135908138486467208474287618760190318584950718095404787414600923074636316642023559635904519462820742613111752227689200076536215769842454621873294935078872701757290260763303251175618620099694542174070100016535324448970601615534629841654599282489418579968.000000  14730673424669207633772558563371341214931425055278665224965983669266786090875867307970067239185327975192191901803012901192980730022467292359289404063544689985267591359022737101749757644639424034591904514641037584864106412580583222792641761480130287322605123310452736.000000
1  -0.565322  -0.565322  75.579580  -0.000799  -0.018620  59.965670  0.008498  -0.013815  0.000000  0.000000
1  -0.563628  -0.563628  80.092949  0.002663  -0.006403  62.968716  0.012425  -0.001667  0.000000  0.000000
1  -0.562482  -0.562482  84.663799  0.006125  0.007085  65.917624  0.016345  0.011750  0.000000  0.000000
1  -0.563704  -0.563704  89.069441  0.008123  0.013983  68.809364  0.018792  0.018569  0.000000  0.000000
1  -0.563106  -0.563106  93.111895  0.005992  0.003533  71.634450  0.017100  0.008033  0.000000  0.000000
1  -0.563790  -0.563790  97.250435  0.003595  -0.004903  74.399718  0.015137  -0.000476  0.000000  0.000000
1  -0.565906  -0.565906  101.174082  -0.001198  -0.025575  77.147933  0.010773  -0.021206  0.000000  0.000000
1  -0.564225  -0.563958  105.005903  0.009587  0.017336  79.830518  0.021979  0.021631  0.000000  0.000000
1  -0.566121  -0.566121  108.190612  0.008655  0.012122  82.406293  0.021452  0.016333  0.000000  0.000000
1  -0.564131  -0.564131  111.595477  0.008788  0.009576  85.017173  0.021995  0.013714  0.000000  0.000000
1  -0.562854  -0.562854  114.779983  0.011851  0.017259  87.569598  0.025456  0.021319  0.000000  0.000000
1  -0.564547  -0.564547  117.793427  0.011052  0.012721  90.060856  0.025048  0.016717  0.000000  0.000000
1  -0.564011  -0.563831  120.308838  0.002264  -0.025004  92.472498  0.016638  -0.021086  0.000000  0.000000
1  -0.564043  -0.564043  123.032288  0.011718  0.008514  94.839549  0.026460  0.012340  0.000000  0.000000
1  -0.564294  -0.564294  125.565795  0.022770  0.051506  97.142064  0.037873  0.055241  0.000000  0.000000
1  -0.564242  -0.564242  127.804943  0.008922  -0.008037  99.402454  0.024377  -0.004388  0.000000  0.000000
1  -0.564086  -0.564086  129.948322  0.018775  0.027787  101.615867  0.034575  0.031354  0.000000  0.000000
1  -0.561364  -0.561632  131.906632  0.011718  -0.004330  103.773291  0.027852  -0.000854  0.000000  0.000000
1  -0.564924  -0.564924  133.616366  0.009587  -0.013613  105.897183  0.026052  -0.010224  0.000000  0.000000
1  -0.564553  -0.564553  135.331665  0.011984  -0.006217  107.952315  0.028766  -0.002909  0.000000  0.000000
1  -0.563590  -0.563590  136.953160  0.013582  -0.001817  109.935295  0.030668  0.001393  0.000000  0.000000
1  -0.564419  -0.564419  138.477822  0.023569  0.034471  111.885260  0.040953  0.037589  0.000000  0.000000
1  -0.561041  -0.561164  139.876592  0.013982  -0.000042  113.773760  0.031658  0.002999  0.000000  0.000000
1  -0.563887  -0.563887  141.204302  0.015979  0.006502  115.612482  0.033937  0.009461  0.000000  0.000000
1  -0.564507  -0.564507  142.301722  0.012650  -0.010211  117.381257  0.030877  -0.007348  0.000000  0.000000
1  -0.564340  -0.564340  143.420275  0.017311  0.005339  119.120788  0.035799  0.008106  0.000000  0.000000
1  -0.564307  -0.564307  144.407026  0.017843  0.010342  120.774935  0.036583  0.013011  0.000000  0.000000
1  -0.563150  -0.563869  145.369679  0.009454  -0.024813  122.377965  0.028434  -0.022240  0.000000  0.000000
1  -0.563136  -0.563136  146.222703  0.017311  0.006678  123.929583  0.036521  0.009153  0.000000  0.000000
1  -0.562091  -0.562091  147.043693  0.016512  0.002769  125.438298  0.035946  0.005153  0.000000  0.000000
1  -0.563743  -0.563743  147.800694  0.023968  0.032159  126.899278  0.043619  0.034460  0.000000  0.000000
1  -0.565776  -0.565776  148.484111  0.017843  0.007742  128.291908  0.037696  0.009945  0.000000  0.000000
1  -0.563066  -0.563522  149.076589  0.017710  0.006083  129.632492  0.037757  0.008185  0.000000  0.000000
1  -0.566157  -0.566157  149.609503  0.011185  -0.021081  130.909067  0.031415  -0.019078  0.000000  0.000000
1  -0.564260  -0.564260  150.174179  0.020240  0.016083  132.187553  0.040653  0.018022  0.000000  0.000000
1  -0.561137  -0.561137  150.631192  0.019574  0.012412  133.384756  0.040156  0.014260  0.000000  0.000000
1  -0.564620  -0.564620  151.113314  0.016911  0.001602  134.567513  0.037658  0.003376  0.000000  0.000000
1  -0.563231  -0.563888  151.532200  0.013715  -0.012193  135.689696  0.034616  -0.010501  0.000000  0.000000
1  -0.565247  -0.565247  151.897571  0.013316  -0.013247  136.753981  0.034363  -0.011638  0.000000  0.000000
1  -0.566227  -0.566227  152.271567  0.015047  -0.005914  137.800703  0.036236  -0.004376  0.000000  0.000000
1  -0.561197  -0.561197  152.624124  0.022903  0.024583  138.810365  0.044227  0.026052  0.000000  0.000000
1  -0.564634  -0.564634  152.922903  0.011052  -0.024569  139.783208  0.032502  -0.023186  0.000000  0.000000
1  -0.561426  -0.562451  153.145412  0.018775  0.007591  140.667312  0.040339  0.008887  0.000000  0.000000
1  -0.564839  -0.564839  153.386854  0.018775  0.006764  141.536352  0.040449  0.007989  0.000000  0.000000
1  -0.565203  -0.565203  153.614982  0.014781  -0.009515  142.345604  0.036556  -0.008351  0.000000  0.000000
1  -0.564157  -0.564157  153.785871  0.018642  0.006604  143.141168  0.040515  0.007691  0.000000  0.000000
1  -0.566456  -0.566456  153.994816  0.014914  -0.010167  143.904926  0.036877  -0.009144  0.000000  0.000000
1  -0.561641  -0.561687  154.220991  0.011718  -0.020781  144.650906  0.033772  -0.019800  0.000000  0.000000
1  -0.564636  -0.564636  154.431309  0.017976  0.000217  145.382962  0.040114  0.001144  0.000000  0.000000
1  -0.565230  -0.565230  154.553274  0.010786  -0.027142  146.023043  0.032994  -0.026291  0.000000  0.000000
1  -0.563785  -0.563785  154.648715  0.016112  -0.002048  146.623879  0.038387  -0.001261  0.000000  0.000000
1  -0.566690  -0.566690  154.760261  0.012251  -0.018839  147.217566  0.034588  -0.018109  0.000000  0.000000
1  -0.564456  -0.564886  154.916887  0.006525  -0.040225  147.823640  0.028928  -0.039524  0.000000  0.000000
1  -0.564037  -0.564037  155.036695  0.009454  -0.029317  148.375473  0.031912  -0.028669  0.000000  0.000000
1  -0.563732  -0.563732  155.140216  0.013449  -0.014969  148.906973  0.035958  -0.014371  0.000000  0.000000
1  -0.563789  -0.563789  155.271355  0.023835  0.020749  149.447978  0.046393  0.021309  0.000000  0.000000
1  -0.565820  -0.565820  155.293536  0.016778  -0.006853  149.896267  0.039372  -0.006362  0.000000  0.000000
1  -0.564687  -0.564571  155.358650  0.016112  -0.008433  150.348320  0.038743  -0.007982  0.000000  0.000000
1  -0.567807  -0.567807  155.398328  0.015313  -0.013178  150.764553  0.037974  -0.012779  0.000000  0.000000
1  -0.565918  -0.565918  155.444689  0.018775  -0.001238  151.153084  0.041462  -0.000884  0.000000  0.000000
1  -0.561628  -0.561628  155.521482  0.022237  0.012269  151.566569  0.044953  0.012595  0.000000  0.000000
1  -0.565026  -0.565026  155.557919  0.020373  0.000927  151.935319  0.043108  0.001207  0.000000  0.000000
1  -0.564117  -0.563837  155.633106  0.027830  0.029085  152.317769  0.050587  0.029344  0.000000  0.000000
1  -0.564658  -0.564658  155.655517  0.009321  -0.039450  152.631765  0.032093  -0.039226  0.000000  0.000000
1  -0.565024  -0.565024  155.689447  0.018775  -0.002608  152.945913  0.041560  -0.002412  0.000000  0.000000
1  -0.564193  -0.564193  155.709730  0.013316  -0.023605  153.242820  0.036111  -0.023441  0.000000  0.000000
1  -0.563520  -0.563520  155.734415  0.025700  0.023964  153.537392  0.048502  0.024100  0.000000  0.000000
1  -0.562212  -0.561983  155.806727  0.025034  0.019510  153.851236  0.047846  0.019631  0.000000  0.000000
1  -0.563391  -0.563391  155.859786  0.019175  -0.004003  154.117045  0.041992  -0.003908  0.000000  0.000000
1  -0.564711  -0.564711  155.921917  0.016112  -0.017090  154.408000  0.038934  -0.017012  0.000000  0.000000
1  -0.562998  -0.562998  155.936913  0.022903  0.012718  154.636075  0.045724  0.012767  0.000000  0.000000
1  -0.564064  -0.564064  156.006146  0.021172  0.001846  154.913128  0.043996  0.001889  0.000000  0.000000
1  -0.563048  -0.562784  156.019987  0.020506  -0.004481  155.138351  0.043323  -0.004475  0.000000  0.000000
1  -0.563062  -0.563062  156.041676  0.023835  0.005832  155.360136  0.046645  0.005809  0.000000  0.000000
1  -0.565747  -0.565747  156.093893  0.024235  0.008695  155.575660  0.047038  0.008659  0.000000  0.000000
1  -0.562544  -0.562544  156.125628  0.008389  -0.052043  155.755685  0.031181  -0.052104  0.000000  0.000000
1  -0.565646  -0.565646  156.141554  0.015047  -0.023365  155.903335  0.037823  -0.023459  0.000000  0.000000
1  -0.563189  -0.563210  156.200505  0.019308  -0.005613  156.066902  0.042070  -0.005719  0.000000  0.000000
1  -0.564110  -0.564110  156.248030  0.016512  -0.011105  156.235949  0.039264  -0.011207  0.000000  0.000000
1  -0.563607  -0.563607  156.277841  0.021305  0.007110  156.392476  0.044043  0.006994  0.000000  0.000000
1  -0.562234  -0.562234  156.335714  0.022770  0.013408  156.553259  0.045494  0.013287  0.000000  0.000000
1  -0.560752  -0.560752  156.413108  0.053263  0.123163  156.722565  0.075967  0.123014  0.000000  0.000000
1  -0.562192  -0.562208  156.482351  0.019308  -0.015415  156.908629  0.041996  -0.015567  0.000000  0.000000
1  -0.561230  -0.561230  156.536660  0.013848  -0.037488  157.083100  0.036522  -0.037639  0.000000  0.000000
1  -0.562686  -0.562686  156.765831  0.258726  0.880417  157.470789  0.281381  0.880257  0.000000  0.000000
1  -0.556696  -0.556696  158.276288  0.257395  0.554224  159.076800  0.280027  0.554045  0.000000  0.000000
1  -0.566052  -0.566052  160.127296  0.346744  0.648163  160.982920  0.369372  0.648032  0.000000  0.000000
1  -0.558710  -0.558527  162.219147  0.279099  0.191944  163.050434  0.301741  0.191900  0.000000  0.000000
1  -0.558630  -0.558630  163.468703  0.018642  -0.748238  164.280946  0.041313  -0.748171  0.000000  0.000000
1  -0.563381  -0.563381  163.480083  -0.212121  -1.319725  164.277693  -0.189422  -1.319592  0.000000  0.000000
1  -0.561260  -0.561260  161.792407  -0.358328  -1.317947  162.581992  -0.335629  -1.317857  0.000000  0.000000
1  -0.551896  -0.551896  159.913634  -0.274306  -0.619255  160.797995  -0.251635  -0.619293  0.000000  0.000000
1  -0.564176  -0.564528  158.515640  -0.120774  0.085365  159.536947  -0.098152  0.085182  0.000000  0.000000
1  -0.569263  -0.569263  157.772379  0.024501  0.555779  158.941248  0.047065  0.555466  0.000000  0.000000
1  -0.569855  -0.569855  157.619886  0.099869  0.653357  158.951343  0.122375  0.652963  0.000000  0.000000
1  -0.567012  -0.567012  158.525327  0.245543  0.880275  159.946074  0.268004  0.879862  0.000000  0.000000
1  -0.567344  -0.567344  159.728918  0.131161  0.175177  161.171146  0.153600  0.174837  0.000000  0.000000
1  -0.567836  -0.567844  160.514707  0.102265  -0.006779  162.008776  0.124693  -0.007043  0.000000  0.000000
1  -0.564104  -0.564104  160.674728  0.019841  -0.231191  162.215136  0.042258  -0.231403  0.000000  0.000000
1  -0.565866  -0.565866  160.705855  0.006658  -0.196709  162.291397  0.029054  -0.196919  0.000000  0.000000
1  -0.562819  -0.562819  160.758227  0.024102  -0.078133  162.383926  0.046475  -0.078347  0.000000  0.000000
1  -0.565673  -0.565673  160.822072  0.019042  -0.062669  162.493718  0.041394  -0.062879  0.000000  0.000000
1  -0.565188  -0.565243  160.859635  0.012783  -0.063601  162.578325  0.035112  -0.063818  0.000000  0.000000
1  -0.560322  -0.560322  160.880908  0.017710  -0.031391  162.648642  0.040011  -0.031628  0.000000  0.000000
1  -0.562258  -0.562258  160.949158  0.021039  -0.007183  162.747680  0.043318  -0.007413  0.000000  0.000000
1  -0.563679  -0.563679  161.012380  0.003063  -0.073516  162.842024  0.025318  -0.073749  0.000000  0.000000
1  -0.563982  -0.563982  161.096545  0.019974  -0.004168  162.963821  0.042208  -0.004392  0.000000  0.000000
1  -0.565101  -0.564840  161.120463  0.024235  0.011951  163.035174  0.046439  0.011702  0.000000  0.000000
1  -0.562584  -0.562584  161.112511  0.014647  -0.026511  163.093394  0.036819  -0.026787  0.000000  0.000000
1  -0.563690  -0.563690  161.177221  0.016245  -0.021206  163.186766  0.038390  -0.021480  0.000000  0.000000
1  -0.563785  -0.563785  161.287406  0.015579  -0.024968  163.310451  0.037702  -0.025223  0.000000  0.000000
1  -0.561982  -0.561982  161.269857  0.020906  -0.000871  163.344845  0.042993  -0.001156  0.000000  0.000000
1  -0.564812  -0.564441  161.291818  0.018775  -0.009550  163.418896  0.040834  -0.009837  0.000000  0.000000
1  -0.563117  -0.563117  161.326349  0.016645  -0.020423  163.497653  0.038674  -0.020713  0.000000  0.000000
1  -0.563076  -0.563076  161.375235  0.026632  0.016536  163.581553  0.048630  0.016244  0.000000  0.000000
1  -0.563883  -0.563883  161.409111  0.014914  -0.027835  163.641334  0.036881  -0.028129  0.000000  0.000000
1  -0.562379  -0.562379  161.446107  0.025700  0.010673  163.714172  0.047634  0.010366  0.000000  0.000000
1  -0.563824  -0.564485  161.461633  0.017976  -0.021233  163.771314  0.039877  -0.021551  0.000000  0.000000
1  -0.563386  -0.563386  161.480316  0.026632  0.015193  163.835637  0.048500  0.014876  0.000000  0.000000
1  -0.563269  -0.563269  161.554431  0.018109  -0.021026  163.924728  0.039948  -0.021337  0.000000  0.000000
1  -0.565298  -0.565298  161.585585  0.025833  0.009015  163.983824  0.047637  0.008696  0.000000  0.000000
1  -0.563372  -0.563372  161.607489  0.017444  -0.023789  164.026685  0.039211  -0.024122  0.000000  0.000000
1  -0.564818  -0.564743  161.590273  0.024235  0.004597  164.045268  0.045962  0.004244  0.000000  0.000000
1  -0.563567  -0.563567  161.644527  0.021305  -0.007476  164.115738  0.043002  -0.007815  0.000000  0.000000
1  -0.564004  -0.564004  161.674733  0.031026  0.030750  164.169632  0.052688  0.030410  0.000000  0.000000
1  -0.565501  -0.565501  161.669378  0.018642  -0.018637  164.196855  0.040266  -0.018993  0.000000  0.000000
1  -0.561069  -0.561069  161.688949  0.021838  -0.003693  164.226776  0.043425  -0.004050  0.000000  0.000000
1  -0.565401  -0.565074  161.761298  0.027564  0.016822  164.320602  0.049121  0.016487  0.000000  0.000000
1  -0.564910  -0.564910  161.793402  0.026365  0.005155  164.383939  0.047885  0.004805  0.000000  0.000000
1  -0.563112  -0.563112  161.783923  0.023170  -0.005734  164.396456  0.044647  -0.006106  0.000000  0.000000
1  -0.562871  -0.562871  161.706409  0.021971  -0.005738  164.372667  0.043404  -0.006135  0.000000  0.000000
1  -0.563998  -0.563998  161.670008  0.015979  -0.029967  164.377159  0.037369  -0.030373  0.000000  0.000000
1  -0.564519  -0.565954  161.651981  0.027297  0.014241  164.397456  0.048646  0.013837  0.000000  0.000000
1  -0.564275  -0.564275  161.659277  0.018376  -0.021975  164.413741  0.039684  -0.022380  0.000000  0.000000
1  -0.563502  -0.563502  161.656349  0.031425  0.026255  164.446971  0.052693  0.025848  0.000000  0.000000
1  -0.563782  -0.563782  161.693690  0.022237  -0.011585  164.502144  0.043469  -0.011976  0.000000  0.000000
1  -0.562450  -0.562450  161.706268  0.030893  0.024320  164.526007  0.052085  0.023927  0.000000  0.000000
1  -0.563477  -0.564055  161.735818  0.036752  0.049935  164.571264  0.057908  0.049558  0.000000  0.000000
1  -0.565073  -0.565073  161.710911  0.017710  -0.025471  164.565009  0.038821  -0.025871  0.000000  0.000000
1  -0.564661  -0.564661  161.683513  0.017976  -0.023637  164.564398  0.039044  -0.024046  0.000000  0.000000
1  -0.565873  -0.565873  161.689000  0.027564  0.011987  164.590071  0.048591  0.011580  0.000000  0.000000
1  -0.562786  -0.562786  161.687746  0.026765  0.007771  164.606939  0.047750  0.007361  0.000000  0.000000
1  -0.564455  -0.565159  161.690489  0.021305  -0.011897  164.616794  0.042248  -0.012305  0.000000  0.000000
1  -0.564822  -0.564822  161.714327  0.024102  -0.002176  164.644297  0.045004  -0.002581  0.000000  0.000000
1  -0.560897  -0.560897  161.742269  0.027697  0.012730  164.646593  0.048557  0.012319  0.000000  0.000000
1  -0.566212  -0.566212  161.787071  0.026898  0.009497  164.676631  0.047720  0.009096  0.000000  0.000000
1  -0.559616  -0.559616  161.788658  0.028762  0.016505  164.693198  0.049542  0.016101  0.000000  0.000000
1  -0.559331  -0.558031  161.827787  0.030094  0.021880  164.719694  0.050835  0.021482  0.000000  0.000000
1  -0.566110  -0.566110  161.866313  0.027164  0.008578  164.764107  0.047867  0.008190  0.000000  0.000000
1  -0.562965  -0.562965  161.887443  0.028895  0.019360  164.794302  0.049562  0.018981  0.000000  0.000000
1  -0.566144  -0.566144  161.832653  0.021305  -0.006298  164.752837  0.041925  -0.006703  0.000000  0.000000
1  -0.565369  -0.565369  161.798643  0.020240  -0.010336  164.722030  0.040813  -0.010761  0.000000  0.000000
1  -0.563715  -0.558462  161.840382  0.027164  0.016454  164.759197  0.047701  0.016051  0.000000  0.000000
1  -0.566885  -0.566885  161.847750  0.022770  -0.002928  164.782868  0.043267  -0.003327  0.000000  0.000000
1  -0.564506  -0.564506  161.873374  0.024901  0.003243  164.815802  0.045359  0.002850  0.000000  0.000000
1  -0.567304  -0.567304  161.874410  0.015979  -0.034258  164.826563  0.036394  -0.034664  0.000000  0.000000
1  -0.565324  -0.565324  161.851430  0.030227  0.021574  164.821341  0.050597  0.021155  0.000000  0.000000
1  -0.563420  -0.563916  161.868707  0.020506  -0.017335  164.839100  0.040836  -0.017750  0.000000  0.000000
1  -0.566198  -0.566198  161.892129  0.029961  0.019673  164.860013  0.050249  0.019261  0.000000  0.000000
1  -0.563456  -0.563456  161.940431  0.033423  0.033481  164.899914  0.053674  0.033083  0.000000  0.000000
1  -0.564529  -0.564529  161.937301  0.023170  -0.007114  164.899382  0.043377  -0.007523  0.000000  0.000000
1  -0.565096  -0.565096  161.915012  0.023835  -0.002758  164.892262  0.043999  -0.003174  0.000000  0.000000
1  -0.559405  -0.559199  161.901100  0.027431  0.015288  164.880709  0.047552  0.014870  0.000000  0.000000
1  -0.567483  -0.567483  161.874662  0.024235  0.001382  164.862211  0.044310  0.000956  0.000000  0.000000
1  -0.563911  -0.563911  161.877911  0.030760  0.023745  164.882288  0.050793  0.023322  0.000000  0.000000
1  -0.565682  -0.565682  161.931567  0.022104  -0.011468  164.911287  0.042099  -0.011877  0.000000  0.000000
1  -0.564412  -0.564412  161.967238  0.017577  -0.026548  164.931826  0.037534  -0.026946  0.000000  0.000000
1  -0.564817  -0.564724  161.950516  0.028363  0.017184  164.935915  0.048278  0.016782  0.000000  0.000000
1  -0.564406  -0.564406  161.928030  0.025966  0.008104  164.928959  0.045838  0.007691  0.000000  0.000000
1  -0.563350  -0.563350  161.927122  0.027830  0.016988  164.933755  0.047661  0.016579  0.000000  0.000000
1  -0.564248  -0.564248  161.908589  0.025833  0.010545  164.919642  0.045621  0.010128  0.000000  0.000000
1  -0.567876  -0.567876  161.927146  0.031292  0.029066  164.944680  0.051041  0.028657  0.000000  0.000000
1  -0.563516  -0.563612  161.918384  0.021572  -0.009407  164.938749  0.041277  -0.009820  0.000000  0.000000
1  -0.564828  -0.564828  161.958279  0.018109  -0.023019  164.961039  0.037777  -0.023417  0.000000  0.000000
1  -0.564559  -0.564559  161.942977  0.022770  -0.006367  164.958445  0.042393  -0.006775  0.000000  0.000000
1  -0.561728  -0.561728  161.923691  0.028230  0.015655  164.941629  0.047808  0.015236  0.000000  0.000000
1  -0.566575  -0.566575  161.920769  0.033423  0.034845  164.935337  0.052957  0.034419  0.000000  0.000000
1  -0.564769  -0.565311  161.900398  0.018908  -0.023956  164.909960  0.038394  -0.024397  0.000000  0.000000
1  -0.568273  -0.568273  161.895728  0.029428  0.017266  164.906724  0.048870  0.016825  0.000000  0.000000
1  -0.565399  -0.565399  161.961595  0.022237  -0.010470  164.952988  0.041644  -0.010881  0.000000  0.000000
1  -0.563732  -0.563732  161.967739  0.028629  0.014031  164.968946  0.047995  0.013623  0.000000  0.000000
1  -0.564508  -0.564508  161.940071  0.021172  -0.014807  164.952151  0.040494  -0.015227  0.000000  0.000000
1  -0.566508  -0.566608  161.937813  0.021572  -0.010595  164.948478  0.040851  -0.011014  0.000000  0.000000
1  -0.564645  -0.564645  161.922534  0.025034  0.006057  164.932130  0.044271  0.005638  0.000000  0.000000
1  -0.565272  -0.565272  161.942920  0.024901  0.005455  164.944546  0.044099  0.005051  0.000000  0.000000
1  -0.565252  -0.565252  161.954983  0.022371  -0.004369  164.956941  0.041530  -0.004766  0.000000  0.000000
1  -0.569209  -0.569209  161.950931  0.030227  0.022049  164.959492  0.049341  0.021634  0.000000  0.000000
1  -0.565318  -0.566026  161.939595  0.021838  -0.009961  164.937971  0.040908  -0.010385  0.000000  0.000000
1  -0.564328  -0.564328  161.955418  0.014914  -0.037407  164.944741  0.033943  -0.037823  0.000000  0.000000
1  -0.563721  -0.563721  161.934932  0.019175  -0.016795  164.933924  0.038163  -0.017207  0.000000  0.000000
1  -0.564689  -0.564689  161.920718  0.029428  0.023318  164.934877  0.048375  0.022906  0.000000  0.000000
1  -0.562494  -0.562494  161.875503  0.024102  0.002069  164.906409  0.043003  0.001646  0.000000  0.000000
1  -0.565175  -0.564970  161.848783  0.021172  -0.008160  164.896339  0.040032  -0.008580  0.000000  0.000000
1  -0.564461  -0.564461  161.839481  0.025566  0.009216  164.892430  0.044385  0.008798  0.000000  0.000000
1  -0.563346  -0.563346  161.844072  0.020373  -0.014301  164.886587  0.039147  -0.014724  0.000000  0.000000
1  -0.564370  -0.564370  161.836129  0.022104  -0.006642  164.869184  0.040834  -0.007068  0.000000  0.000000
1  -0.562953  -0.562953  161.864844  0.022104  -0.006637  164.881478  0.040795  -0.007051  0.000000  0.000000
1  -0.564551  -0.564679  161.865656  0.031425  0.032054  164.878312  0.050076  0.031645  0.000000  0.000000
1  -0.566419  -0.566419  161.859413  0.027963  0.019295  164.864503  0.046571  0.018882  0.000000  0.000000
1  -0.563108  -0.563108  161.912315  0.021438  -0.008590  164.889212  0.040009  -0.008990  0.000000  0.000000
1  -0.563862  -0.563862  161.980483  0.027697  0.014763  164.930351  0.046232  0.014380  0.000000  0.000000
1  -0.565058  -0.565058  161.953508  0.029827  0.022378  164.907549  0.048317  0.021971  0.000000  0.000000
1  -0.564452  -0.564793  161.963444  0.032890  0.033915  164.909902  0.051338  0.033510  0.000000  0.000000
1  -0.565335  -0.565335  161.914940  0.030626  0.024141  164.880346  0.049028  0.023716  0.000000  0.000000
1  -0.564164  -0.564164  161.914398  0.020773  -0.016704  164.873203  0.039131  -0.017131  0.000000  0.000000
1  -0.564425  -0.564425  161.888825  0.017710  -0.024160  164.840247  0.036024  -0.024590  0.000000  0.000000
1  -0.564637  -0.564637  161.904801  0.027697  0.015450  164.849795  0.045972  0.015033  0.000000  0.000000
1  -0.561065  -0.561583  161.874767  0.017044  -0.029396  164.825720  0.035273  -0.029827  0.000000  0.000000
1  -0.566476  -0.566476  161.911059  0.019441  -0.017232  164.848232  0.037634  -0.017636  0.000000  0.000000
1  -0.566526  -0.566526  161.918203  0.024368  0.003604  164.845370  0.042521  0.003201  0.000000  0.000000
1  -0.563771  -0.563771  161.930833  0.021705  -0.007330  164.839055  0.039816  -0.007734  0.000000  0.000000
1  -0.565692  -0.565692  161.931496  0.019042  -0.020198  164.833973  0.037110  -0.020609  0.000000  0.000000
1  -0.564785  -0.565595  161.928950  0.025167  0.002149  164.834687  0.043193  0.001737  0.000000  0.000000
1  -0.566021  -0.566021  161.959866  0.020773  -0.013487  164.849612  0.038762  -0.013881  0.000000  0.000000
1  -0.563515  -0.563515  161.969138  0.019175  -0.020269  164.859415  0.037125  -0.020663  0.000000  0.000000
1  -0.564448  -0.564448  161.986883  0.028629  0.018534  164.873698  0.046542  0.018148  0.000000  0.000000
1  -0.561383  -0.561383  161.994496  0.020107  -0.016380  164.879077  0.037979  -0.016769  0.000000  0.000000
1  -0.568734  -0.567779  161.949858  0.019175  -0.020894  164.856978  0.037001  -0.021302  0.000000  0.000000
1  -0.562803  -0.562803  161.926044  0.020373  -0.015588  164.832633  0.038157  -0.016004  0.000000  0.000000
1  -0.564690  -0.564690  161.905280  0.026232  0.007345  164.815076  0.043970  0.006919  0.000000  0.000000
1  -0.564757  -0.564757  161.890230  0.027031  0.011051  164.800317  0.044728  0.010626  0.000000  0.000000
1  -0.564173  -0.564173  161.887527  0.018109  -0.024652  164.796813  0.035765  -0.025071  0.000000  0.000000
1  -0.565084  -0.565455  161.917099  0.027031  0.010298  164.816716  0.044649  0.009893  0.000000  0.000000
1  -0.562979  -0.562979  161.885541  0.015446  -0.031927  164.770207  0.033019  -0.032348  0.000000  0.000000
1  -0.564962  -0.564962  161.893542  0.024102  0.001819  164.770276  0.041632  0.001407  0.000000  0.000000
1  -0.566132  -0.566132  161.906926  0.023303  -0.000441  164.757643  0.040792  -0.000852  0.000000  0.000000
1  -0.562456  -0.562456  161.875293  0.019974  -0.013597  164.733359  0.037420  -0.014013  0.000000  0.000000
1  -0.565254  -0.565373  161.884524  0.025300  0.005430  164.744137  0.042707  0.005021  0.000000  0.000000
1  -0.564357  -0.564357  161.887317  0.022903  -0.004808  164.740960  0.040269  -0.005220  0.000000  0.000000
1  -0.563297  -0.563297  161.922828  0.021039  -0.013869  164.761837  0.038367  -0.014267  0.000000  0.000000
1  -0.564296  -0.564296  161.863746  0.027297  0.013426  164.717625  0.044579  0.013007  0.000000  0.000000
1  -0.562331  -0.562331  161.822203  0.025966  0.008609  164.692552  0.043204  0.008188  0.000000  0.000000
1  -0.565936  -0.566346  161.824200  0.025966  0.011985  164.680905  0.043164  0.011575  0.000000  0.000000
1  -0.564759  -0.564759  161.805564  0.006525  -0.062178  164.660046  0.023684  -0.062584  0.000000  0.000000
1  -0.562506  -0.562506  161.774917  0.029162  0.023120  164.632044  0.046276  0.022697  0.000000  0.000000
1  -0.565235  -0.565235  161.694255  0.019175  -0.015201  164.563906  0.036238  -0.015642  0.000000  0.000000
1  -0.564432  -0.564432  161.704378  0.033556  0.041756  164.572837  0.050582  0.041337  0.000000  0.000000
1  -0.564334  -0.564676  161.688440  0.031292  0.031921  164.549780  0.048275  0.031501  0.000000  0.000000
1  -0.564321  -0.564321  161.728507  0.032890  0.035030  164.568977  0.049835  0.034626  0.000000  0.000000
1  -0.563957  -0.563957  161.721294  0.026232  0.010054  164.559834  0.043137  0.009654  0.000000  0.000000
1  -0.565741  -0.565741  161.769481  0.024901  0.007610  164.584493  0.041772  0.007235  0.000000  0.000000
1  -0.565604  -0.565604  161.787015  0.034621  0.047890  164.594598  0.051457  0.047523  0.000000  0.000000
1  -0.563774  -0.563799  161.807885  0.021838  -0.001984  164.605778  0.038639  -0.002346  0.000000  0.000000
1  -0.566043  -0.566043  161.830104  0.034355  0.043871  164.622323  0.051117  0.043505  0.000000  0.000000
1  -0.563665  -0.563665  161.823949  0.025566  0.010584  164.599252  0.042287  0.010204  0.000000  0.000000
1  -0.561659  -0.561659  161.783991  0.021705  -0.000206  164.554687  0.038383  -0.000600  0.000000  0.000000
1  -0.564276  -0.564276  161.749649  0.021039  -0.003699  164.528399  0.037675  -0.004102  0.000000  0.000000
1  -0.563120  -0.563640  161.775740  0.015979  -0.022252  164.534100  0.032580  -0.022636  0.000000  0.000000
1  -0.565040  -0.565040  161.767509  0.022371  0.002760  164.513958  0.038931  0.002372  0.000000  0.000000
1  -0.565587  -0.565587  161.762287  0.015446  -0.025108  164.490058  0.031966  -0.025502  0.000000  0.000000
1  -0.562072  -0.562072  161.797235  0.024235  0.010091  164.500432  0.040719  0.009711  0.000000  0.000000
1  -0.565171  -0.565171  161.804089  0.024235  0.009547  164.499331  0.040681  0.009169  0.000000  0.000000
