1  0.000000  -0.018121  -0.018121  -nan  0.009587  -0.029801  3.043206  0.619888  -1.671471  4316874532220183522647830581438831959854925504447208750690250915237336448650018252612817363263702545855926190975460369376489538438728762224379916804065120977025246291713863559366051208825640761194978764388553787094370357470306128634124136619689677251965388628951040.000000  12117102371864009474122935994998204793425954298926831503768096078786104795945399503515702925184986881934646979901766491756085189818495256737181735233839929381160444215425287919119891284979788335355451259739775740375468586835335642721932357572016806066320904151891968.000000
1  3.043206  -0.015647  -0.015647  -nan  0.018243  0.004478  3.213289  1.118950  0.291395  4316874532220183522647830581438831959854925504447208750690250915237336448650018252612817363263702545855926190975460369376489538438728762224379916804065120977025246291713863559366051208825640761194978764388553787094370357470306128634124136619689677251965388628951040.000000  12117102371864009474122935994998204793425954298926831503768096078786104795945399503515702925184986881934646979901766491756085189818495256737181735233839929381160444215425287919119891284979788335355451259739775740375468586835335642721932357572016806066320904151891968.000000
1  3.213289  -0.014825  -0.014825  nan  0.012251  -0.014942  3.377056  0.778992  -0.822321  4316874532220183522647830581438831959854925504447208750690250915237336448650018252612817363263702545855926190975460369376489538438728762224379916804065120977025246291713863559366051208825640761194978764388553787094370357470306128634124136619689677251965388628951040.000000  12117102371864009474122935994998204793425954298926831503768096078786104795945399503515702925184986881934646979901766491756085189818495256737181735233839929381160444215425287919119891284979788335355451259739775740375468586835335642721932357572016806066320904151891968.000000
1  3.377056  -0.016031  -0.016031  nan  0.015713  0.000013  3.543461  0.980464  0.033463  4316874532220183522647830581438831959854925504447208750690250915237336448650018252612817363263702545855926190975460369376489538438728762224379916804065120977025246291713863559366051208825640761194978764388553787094370357470306128634124136619689677251965388628951040.000000  12117102371864009474122935994998204793425954298926831503768096078786104795945399503515702925184986881934646979901766491756085189818495256737181735233839929381160444215425287919119891284979788335355451259739775740375468586835335642721932357572016806066320904151891968.000000
1  3.543461  -0.015181  -0.014504  -nan  0.013183  -0.008535  3.706349  0.838592  -0.457027  4316874532220183522647830581438831959854925504447208750690250915237336448650018252612817363263702545855926190975460369376489538438728762224379916804065120977025246291713863559366051208825640761194978764388553787094370357470306128634124136619689677251965388628951040.000000  12117102371864009474122935994998204793425954298926831503768096078786104795945399503515702925184986881934646979901766491756085189818495256737181735233839929381160444215425287919119891284979788335355451259739775740375468586835335642721932357572016806066320904151891968.000000
1  3.706349  -0.015470  -0.015470  nan  0.016245  0.003054  3.878767  1.017085  0.206211  214.539993  0.250000
1  3.878767  -0.016127  -0.016127  -nan  0.020373  0.016285  4.065868  1.256589  0.963691  214.539993  0.250000
1  4.065868  -0.017405  -0.017405  nan  0.017710  0.009002  4.230209  1.106960  0.545956  214.539993  0.250000
1  4.230209  -0.016036  -0.016036  -nan  0.013715  -0.008832  4.410180  0.880761  -0.477107  214.539993  0.250000
1  4.410180  -0.016121  -0.016332  -nan  0.009587  -0.022921  4.571899  0.646690  -1.285929  214.539993  0.250000
1  4.571899  -0.016092  -0.016092  -nan  0.011452  -0.013662  4.735724  0.755954  -0.756449  214.539993  0.250000
1  4.735724  -0.015465  -0.015465  nan  0.019441  0.020078  4.897587  1.216078  1.175741  214.539993  0.250000
1  4.897587  -0.016109  -0.016109  nan  0.006258  -0.030224  5.052296  0.462858  -1.708006  214.539993  0.250000
1  5.052296  -0.015868  -0.015868  nan  0.017444  0.014105  5.219337  1.105878  0.831048  214.539993  0.250000
1  5.219337  -0.015399  -0.015527  -nan  0.015846  0.007609  5.382648  1.016158  0.457246  42.860001  0.770000
1  5.382648  -0.015935  -0.015935  nan  0.006658  -0.026633  5.528767  0.491173  -1.507025  42.860001  0.770000
1  5.528767  -0.016051  -0.016051  nan  0.013049  -0.001738  5.688138  0.858892  -0.082005  42.860001  0.770000
1  5.688138  -0.018159  -0.018159  -nan  0.015979  0.012278  5.835415  1.028076  0.719605  42.860001  0.770000
1  5.835415  -0.015695  -0.015695  -nan  0.010653  -0.009222  5.989833  0.724094  -0.513765  42.860001  0.770000
1  5.989833  -0.013490  -0.013787  -nan  0.016911  0.014292  6.148230  1.083661  0.831842  42.860001  0.770000
1  6.148230  -0.015619  -0.015619  nan  0.010919  -0.009052  6.300726  0.741192  -0.507157  42.860001  0.770000
1  6.300726  -0.015913  -0.015913  -nan  0.005060  -0.031403  6.447120  0.406233  -1.789246  63.529999  2.160000
1  6.447120  -0.016773  -0.016773  nan  0.015579  0.013072  6.580882  1.009187  0.756314  63.529999  2.160000
1  6.580882  -0.016609  -0.016609  -nan  0.017710  0.019705  6.730503  1.131366  1.134324  63.529999  2.160000
1  6.730503  -0.012881  -0.013239  -nan  0.022504  0.034465  6.889788  1.405861  1.977742  63.529999  2.160000
1  6.889788  -0.015412  -0.015412  -nan  0.014381  0.002994  7.027495  0.940141  0.172487  63.529999  2.160000
1  7.027495  -0.016081  -0.016081  nan  0.014381  0.004439  7.156363  0.939415  0.252659  63.529999  2.160000
1  7.156363  -0.016789  -0.016789  -nan  0.010386  -0.014618  7.302555  0.709615  -0.841700  63.529999  2.160000
1  7.302555  -0.018502  -0.018502  nan  0.010386  -0.013997  7.431971  0.708677  -0.807979  63.529999  2.160000
1  7.431971  -0.015948  -0.015777  nan  0.025966  0.043729  7.576427  1.599762  2.496353  63.529999  2.160000
1  7.576427  -0.015070  -0.015070  -nan  0.011984  -0.010399  7.685450  0.796563  -0.608844  63.529999  2.160000
1  7.685450  -0.015175  -0.015175  nan  0.008123  -0.024489  7.792734  0.573094  -1.419150  62.180000  3.080000
1  7.792734  -0.016285  -0.016285  nan  0.010786  -0.017518  7.915759  0.723217  -1.022268  62.180000  3.080000
1  7.915759  -0.018341  -0.018341  nan  0.010653  -0.017825  8.019011  0.712716  -1.043212  62.180000  3.080000
1  8.019011  -0.015963  -0.015687  -nan  0.016645  0.007771  8.107185  1.053060  0.420690  62.180000  3.080000
1  8.107185  -0.015737  -0.015737  -nan  0.003862  -0.041385  8.179357  0.317066  -2.399421  62.180000  3.080000
1  8.179357  -0.015639  -0.015639  -nan  0.013582  -0.001997  8.246453  0.870181  -0.145607  62.180000  3.080000
1  8.246453  -0.016334  -0.016334  nan  0.007590  -0.025565  8.305093  0.522783  -1.498912  62.180000  3.080000
1  8.305093  -0.016050  -0.016050  -nan  0.010519  -0.016870  8.371429  0.686442  -1.003197  62.180000  3.080000
1  8.371429  -0.014888  -0.015016  -nan  0.015846  0.001930  8.443154  0.987760  0.073391  62.180000  3.080000
1  8.443154  -0.013531  -0.013531  nan  0.013049  -0.009655  8.498668  0.823258  -0.592015  62.180000  3.080000
1  8.498668  -0.016114  -0.016114  -nan  0.020373  0.014940  8.584579  1.239219  0.818353  78.959999  3.640000
1  8.584579  -0.016324  -0.016324  nan  0.013183  -0.011288  8.637560  0.823625  -0.683720  78.959999  3.640000
1  8.637560  -0.016512  -0.016512  nan  0.022237  0.024016  8.734783  1.340779  1.346257  78.959999  3.640000
1  8.734783  -0.015553  -0.015408  -nan  0.018642  0.008373  8.830658  1.132818  0.453327  78.959999  3.640000
1  8.830658  -0.014572  -0.014572  nan  0.017976  0.002853  8.948964  1.093382  0.141708  78.959999  3.640000
1  8.948964  -0.014948  -0.014948  nan  0.018376  0.002961  9.060651  1.114594  0.149449  78.959999  3.640000
1  9.060651  -0.016273  -0.016273  -nan  0.015313  -0.007629  9.181156  0.939140  -0.450244  78.959999  3.640000
1  9.181156  -0.015989  -0.015989  nan  0.021305  0.013634  9.318727  1.282138  0.771099  78.959999  3.640000
1  9.318727  -0.015681  -0.015891  nan  0.023036  0.017559  9.458383  1.380619  0.997173  78.959999  3.640000
1  9.458383  -0.014498  -0.014498  nan  0.019974  0.002210  9.612814  1.205120  0.120273  78.959999  3.640000
1  9.612814  -0.014792  -0.014792  -nan  0.023702  0.018250  9.756125  1.418864  1.041720  99.699997  2.390000
1  9.756125  -0.015988  -0.015988  -nan  0.012384  -0.026048  9.921077  0.772092  -1.489537  99.699997  2.390000
1  9.921077  -0.016212  -0.016212  -nan  0.022237  0.011809  10.083669  1.337480  0.681299  99.699997  2.390000
1  10.083669  -0.016008  -0.015634  nan  0.020906  0.009395  10.245697  1.263175  0.548074  99.699997  2.390000
1  10.245697  -0.013369  -0.013369  nan  0.015979  -0.010476  10.420059  0.982863  -0.587156  99.699997  2.390000
1  10.420059  -0.015546  -0.015546  nan  0.017177  -0.006419  10.598408  1.053460  -0.352597  99.699997  2.390000
1  10.598408  -0.014899  -0.014899  nan  0.008256  -0.039336  10.775652  0.544946  -2.235297  99.699997  2.390000
1  10.775652  -0.014923  -0.014923  nan  0.015446  -0.010337  10.968139  0.960432  -0.568418  99.699997  2.390000
1  10.968139  -0.015915  -0.016309  nan  0.017976  -0.000739  11.158949  1.108254  -0.016977  99.699997  2.390000
1  11.158949  -0.013489  -0.013489  -nan  0.008922  -0.038454  11.374334  0.593295  -2.173980  99.699997  2.390000
1  11.374334  -0.015782  -0.015782  nan  0.014115  -0.017165  11.576538  0.894049  -0.953773  99.699997  2.390000
1  11.576538  -0.016548  -0.016548  -nan  0.022504  0.011437  11.780644  1.376898  0.682581  99.699997  2.390000
1  11.780644  -0.016365  -0.016365  nan  0.016112  -0.011324  11.994187  1.015138  -0.616138  119.900002  1.660000
1  11.994187  -0.016038  -0.015748  nan  0.013449  -0.021322  12.204558  0.866211  -1.187935  119.900002  1.660000
1  12.204558  -0.015669  -0.015669  nan  0.008256  -0.041993  12.424041  0.572856  -2.369633  119.900002  1.660000
1  12.424041  -0.014235  -0.014235  -nan  0.016112  -0.008181  12.632755  1.027224  -0.430591  119.900002  1.660000
1  12.632755  -0.016045  -0.016045  nan  0.021039  0.010739  12.850059  1.313436  0.653554  119.900002  1.660000
1  12.850059  -0.015753  -0.015753  -nan  0.021039  0.010685  13.102077  1.319290  0.657142  119.900002  1.660000
1  13.102077  -0.017550  -0.017612  -nan  0.009854  -0.031786  13.331431  0.683835  -1.773691  119.900002  1.660000
1  13.331431  -0.015171  -0.015171  nan  0.017444  0.000896  13.563772  1.124930  0.103963  119.900002  1.660000
1  13.563772  -0.014712  -0.014712  -nan  0.015047  -0.009372  13.808481  0.993224  -0.483751  144.360001  1.150000
1  13.808481  -0.015799  -0.015799  nan  0.013582  -0.011638  14.038140  0.915819  -0.609252  144.360001  1.150000
1  14.038140  -0.015496  -0.015496  nan  0.016645  -0.000048  14.273343  1.096722  0.053962  144.360001  1.150000
1  14.273343  -0.016593  -0.016186  nan  0.016645  -0.000265  14.508956  1.101928  0.039080  144.360001  1.150000
1  14.508956  -0.015030  -0.015030  -nan  0.016378  -0.005643  14.785438  1.093350  -0.264793  144.360001  1.150000
1  14.785438  -0.013019  -0.013019  -nan  0.008256  -0.033469  15.015580  0.634042  -1.859025  144.360001  1.150000
1  15.015580  -0.015360  -0.015360  nan  0.020107  0.011532  15.309645  1.321113  0.726107  144.360001  1.150000
1  15.309645  -0.016758  -0.016758  nan  0.026632  0.038339  15.590540  1.703109  2.266767  144.360001  1.150000
1  15.590540  -0.014949  -0.015271  nan  0.011452  -0.022966  15.870660  0.840950  -1.244276  144.360001  1.150000
1  15.870660  -0.015198  -0.015198  nan  0.018243  0.004283  16.142578  1.237256  0.317288  144.360001  1.150000
1  16.142578  -0.015430  -0.015430  -nan  0.019974  0.012075  16.442831  1.345502  0.769788  142.479996  1.050000
1  16.442831  -0.016189  -0.016189  nan  0.015979  -0.004172  16.712510  1.123546  -0.164208  142.479996  1.050000
1  16.712510  -0.014699  -0.014699  nan  0.024235  0.029448  16.992207  1.604344  1.762638  142.479996  1.050000
1  16.992207  -0.015466  -0.015462  nan  0.017177  0.002337  17.267520  1.207585  0.208996  142.479996  1.050000
1  17.267520  -0.012884  -0.012884  nan  0.025966  0.034020  17.610389  1.721602  2.033762  142.479996  1.050000
1  17.610389  -0.015199  -0.015199  nan  0.018509  0.001746  17.944216  1.303949  0.187278  142.479996  1.050000
1  17.944216  -0.015629  -0.015629  -nan  0.032357  0.058288  18.267724  2.107252  3.430056  142.479996  1.050000
1  18.267724  -0.016339  -0.016339  -nan  0.023835  0.023394  18.584660  1.627790  1.429849  142.479996  1.050000
1  18.584660  -0.014401  -0.014484  nan  0.016645  -0.002801  18.922099  1.226744  -0.064433  142.479996  1.050000
1  18.922099  -0.016115  -0.016115  -nan  0.015846  -0.004115  19.236566  1.190516  -0.140668  142.479996  1.050000
1  19.236566  -0.015120  -0.015120  -nan  0.017444  0.003739  19.571384  1.292979  0.313669  154.399994  0.970000
1  19.571384  -0.015322  -0.015322  -nan  0.021039  0.013686  19.896972  1.507532  0.878555  154.399994  0.970000
1  19.896972  -0.015242  -0.015242  nan  0.020240  0.010847  20.226890  1.471487  0.715822  154.399994  0.970000
1  20.226890  -0.014748  -0.014750  nan  0.026099  0.032378  20.586890  1.818131  1.953760  154.399994  0.970000
1  20.586890  -0.014627  -0.014627  -nan  0.028496  0.043988  20.934722  1.966547  2.622907  154.399994  0.970000
1  20.934722  -0.013891  -0.013891  -nan  0.012783  -0.016630  21.276113  1.076965  -0.849040  154.399994  0.970000
1  21.276113  -0.016420  -0.016420  nan  0.017710  0.005082  21.615051  1.370137  0.396028  154.399994  0.970000
1  21.615051  -0.018621  -0.018621  nan  0.015313  -0.005019  22.014443  1.246469  -0.173622  154.399994  0.970000
1  22.014443  -0.015410  -0.015477  nan  0.027830  0.042193  22.435089  1.977824  2.540808  154.399994  0.970000
1  22.435089  -0.014911  -0.014911  nan  0.020240  0.010101  22.829803  1.555454  0.701339  154.399994  0.970000
1  22.829803  -0.015631  -0.015631  -nan  0.018109  0.002993  23.228217  1.446882  0.298010  173.649994  1.040000
1  23.228217  -0.015041  -0.015041  nan  0.018775  0.005740  23.637123  1.498844  0.458608  173.649994  1.040000
1  23.637123  -0.017240  -0.017240  nan  0.013582  -0.015746  24.047159  1.214816  -0.771204  173.649994  1.040000
1  24.047159  -0.015023  -0.015211  -nan  0.017976  0.008564  24.413672  1.479841  0.621762  173.649994  1.040000
1  24.413672  -0.014429  -0.014429  nan  0.008522  -0.032237  24.839976  0.952362  -1.712761  173.649994  1.040000
1  24.839976  -0.015319  -0.015319  nan  0.015713  0.000248  25.246107  1.379112  0.152261  173.649994  1.040000
1  25.246107  -0.014870  -0.014870  nan  0.004661  -0.046124  25.708991  0.762444  -2.496032  173.649994  1.040000
1  25.708991  -0.015640  -0.015640  nan  0.017577  0.006816  26.170278  1.519661  0.544482  173.649994  1.040000
1  26.170278  -0.015870  -0.015987  -nan  0.020373  0.014814  26.617726  1.694881  1.000959  173.649994  1.040000
1  26.617726  -0.013995  -0.013995  -nan  0.020240  0.017740  27.129411  1.707691  1.184985  173.649994  1.040000
1  27.129411  -0.014376  -0.014376  -nan  0.017843  0.003272  27.607278  1.586577  0.353922  173.649994  1.040000
1  27.607278  -0.013316  -0.013316  -nan  0.013183  -0.014982  28.075091  1.335961  -0.693269  173.649994  1.040000
1  28.075091  -0.015867  -0.015867  -nan  0.013183  -0.017744  28.637491  1.357029  -0.837455  145.270004  0.960000
1  28.637491  -0.017383  -0.017318  -nan  0.010120  -0.030577  29.147387  1.199772  -1.572170  145.270004  0.960000
1  29.147387  -0.015096  -0.015096  nan  0.019175  0.008014  29.650765  1.737181  0.640396  145.270004  0.960000
1  29.650765  -0.014957  -0.014957  nan  0.015047  -0.009273  30.165556  1.518896  -0.350634  145.270004  0.960000
1  30.165556  -0.015908  -0.015908  nan  0.018908  0.005536  30.697000  1.759399  0.501165  145.270004  0.960000
1  30.697000  -0.016000  -0.016000  nan  0.007590  -0.040561  31.276814  1.132714  -2.128028  145.270004  0.960000
1  31.276814  -0.015229  -0.017211  nan  0.007191  -0.040205  31.806154  1.129163  -2.109927  145.270004  0.960000
1  31.806154  -0.015681  -0.015681  -nan  0.007723  -0.034287  32.332572  1.179474  -1.769703  145.270004  0.960000
1  32.332572  -0.014790  -0.014790  -nan  0.021305  0.019602  32.872933  1.977072  1.314593  168.529999  0.920000
1  32.872933  -0.015782  -0.015782  nan  0.015047  -0.004185  33.400850  1.637805  -0.047221  168.529999  0.920000
1  33.400850  -0.014766  -0.014766  nan  0.022903  0.026247  33.943737  2.107514  1.696613  168.529999  0.920000
1  33.943737  -0.016235  -0.016245  nan  0.010120  -0.024507  34.511663  1.396188  -1.206099  168.529999  0.920000
1  34.511663  -0.016417  -0.016417  nan  0.013582  -0.009692  35.069880  1.615348  -0.354881  168.529999  0.920000
1  35.069880  -0.016099  -0.016099  nan  0.025966  0.040963  35.635440  2.346035  2.551131  168.529999  0.920000
1  35.635440  -0.014330  -0.014330  -nan  0.012916  -0.008420  36.210810  1.620598  -0.273080  168.529999  0.920000
1  36.210810  -0.014304  -0.014304  nan  0.016778  0.004281  36.812978  1.864017  0.457811  168.529999  0.920000
1  36.812978  -0.015786  -0.016176  -nan  0.012117  -0.014326  37.413448  1.619174  -0.608512  168.529999  0.920000
1  37.413448  -0.017450  -0.017450  nan  0.014115  -0.006619  37.974779  1.753929  -0.168776  168.529999  0.920000
1  37.974779  -0.015955  -0.015955  nan  0.013049  -0.009602  38.561499  1.714375  -0.340736  177.979996  1.170000
1  38.561499  -0.016192  -0.016192  -nan  0.017976  0.010715  39.156742  2.018925  0.826078  177.979996  1.170000
1  39.156742  -0.015925  -0.015925  -nan  0.005459  -0.039247  39.787667  1.325813  -2.027589  177.979996  1.170000
1  39.787667  -0.014917  -0.015017  nan  0.015047  -0.002182  40.405656  1.897699  0.096076  177.979996  1.170000
1  40.405656  -0.016081  -0.016081  -nan  0.016512  0.002674  41.024262  2.005011  0.382845  177.979996  1.170000
1  41.024262  -0.017228  -0.017228  nan  0.021172  0.022940  41.708066  2.298306  1.549299  177.979996  1.170000
1  41.708066  -0.015020  -0.015020  nan  0.013316  -0.007395  42.354038  1.872674  -0.185600  177.979996  1.170000
1  42.354038  -0.014838  -0.014838  -nan  0.014248  -0.005644  42.997555  1.949990  -0.083332  177.979996  1.170000
1  42.997555  -0.014220  -0.014494  nan  0.010253  -0.021547  43.662774  1.746160  -0.991638  177.979996  1.170000
1  43.662774  -0.016587  -0.016587  nan  0.012517  -0.012623  44.328747  1.900386  -0.482806  177.979996  1.170000
1  44.328747  -0.015592  -0.015592  -nan  0.016245  -0.000042  44.963190  2.136314  0.231805  158.589996  1.460000
1  44.963190  -0.016158  -0.016158  -nan  0.010386  -0.021251  45.636821  1.826034  -0.978144  158.589996  1.460000
1  45.636821  -0.015207  -0.015207  -nan  0.011052  -0.016065  46.299009  1.889072  -0.678088  158.589996  1.460000
1  46.299009  -0.016042  -0.015789  nan  0.015579  0.006168  46.939760  2.172874  0.595177  158.589996  1.460000
1  46.939760  -0.015913  -0.015913  nan  0.015047  0.002155  47.603939  2.166670  0.364813  158.589996  1.460000
1  47.603939  -0.017834  -0.017834  -nan  0.011718  -0.009197  48.264777  2.000872  -0.283181  158.589996  1.460000
1  48.264777  -0.015888  -0.015888  -nan  0.016645  0.009280  48.953521  2.308681  0.777977  158.589996  1.460000
1  48.953521  -0.014735  -0.014735  nan  0.007057  -0.031263  49.678712  1.786432  -1.537884  158.589996  1.460000
1  49.678712  -0.015518  -0.015189  -nan  0.004794  -0.037356  50.380741  1.683587  -1.882996  158.589996  1.460000
1  50.380741  -0.015143  -0.015143  nan  0.009321  -0.017131  51.044512  1.967665  -0.728441  158.589996  1.460000
1  51.044512  -0.016186  -0.016186  -nan  0.014381  0.002051  51.786039  2.285849  0.378969  151.279999  1.130000
1  51.786039  -0.015211  -0.015211  -nan  0.012384  -0.006489  52.479367  2.196886  -0.113371  151.279999  1.130000
1  52.479367  -0.015845  -0.015845  -nan  0.018642  0.016800  53.199535  2.581921  1.221654  151.279999  1.130000
1  53.199535  -0.014431  -0.014093  nan  0.021572  0.027586  53.927771  2.776718  1.842176  151.279999  1.130000
1  53.927771  -0.015031  -0.015031  nan  0.019308  0.011830  54.704928  2.674701  0.943648  151.279999  1.130000
1  54.704928  -0.016482  -0.016482  -nan  0.013582  -0.011485  55.408734  2.371862  -0.394875  151.279999  1.130000
1  55.408734  -0.015008  -0.015008  nan  0.017577  0.007299  56.143453  2.627982  0.682822  151.279999  1.130000
1  56.143453  -0.016079  -0.016079  -nan  0.011185  -0.016400  56.895650  2.289361  -0.674958  151.279999  1.130000
1  56.895650  -0.014793  -0.014848  -nan  0.011452  -0.015029  57.671788  2.333504  -0.590760  151.279999  1.130000
1  57.671788  -0.015594  -0.015594  nan  0.020506  0.020900  58.427723  2.880093  1.469684  151.279999  1.130000
1  58.427723  -0.015594  -0.015594  nan  0.023968  0.033360  59.205934  3.106828  2.185930  151.279999  1.130000
1  59.205934  -0.015901  -0.015901  nan  0.007856  -0.027774  59.957463  2.211709  -1.315790  151.279999  1.130000
1  59.957463  -0.016344  -0.016344  nan  0.010786  -0.019806  60.730872  2.406995  -0.860182  164.309998  0.850000
1  60.730872  -0.015544  -0.014392  -nan  0.005459  -0.039520  61.489624  2.129646  -1.989272  164.309998  0.850000
1  61.489624  -0.015471  -0.015471  -nan  0.015047  0.002133  62.259204  2.707788  0.400036  164.309998  0.850000
1  62.259204  -0.017200  -0.017200  nan  0.019042  0.016132  63.036544  2.964678  1.202017  164.309998  0.850000
1  63.036544  -0.015738  -0.015738  nan  0.020240  0.023758  63.815363  3.062310  1.641682  164.309998  0.850000
1  63.815363  -0.015075  -0.015075  nan  0.018509  0.016821  64.598503  2.991773  1.244648  164.309998  0.850000
1  64.598503  -0.015826  -0.015462  nan  0.007590  -0.029428  65.416353  2.395718  -1.401683  164.309998  0.850000
1  65.416353  -0.015224  -0.015224  nan  0.025167  0.041240  66.200028  3.431253  2.646025  164.309998  0.850000
1  66.200028  -0.015607  -0.015607  nan  0.022104  0.030814  66.985448  3.284757  2.049786  199.960007  0.990000
1  66.985448  -0.014868  -0.014868  nan  0.011052  -0.014150  67.797894  2.681124  -0.523942  199.960007  0.990000
1  67.797894  -0.014883  -0.014883  -nan  0.013848  -0.002429  68.604721  2.871039  0.150045  199.960007  0.990000
1  68.604721  -0.015480  -0.015535  nan  0.018642  0.016889  69.410849  3.175088  1.257504  199.960007  0.990000
1  69.410849  -0.016218  -0.016218  -nan  0.015713  0.005112  70.227714  3.036898  0.583008  199.960007  0.990000
1  70.227714  -0.016748  -0.016748  -nan  0.010519  -0.013826  71.030697  2.768618  -0.501947  199.960007  0.990000
1  71.030697  -0.015617  -0.015617  nan  0.004394  -0.040312  71.865700  2.447968  -2.017082  199.960007  0.990000
1  71.865700  -0.014660  -0.014660  nan  0.013715  -0.002365  72.674216  3.011282  0.156661  199.960007  0.990000
1  72.674216  -0.015831  -0.015786  nan  0.010919  -0.014871  73.512244  2.881110  -0.558678  199.960007  0.990000
1  73.512244  -0.016604  -0.016604  nan  0.009055  -0.022429  74.343483  2.804242  -0.990596  199.960007  0.990000
1  74.343483  -0.016250  -0.016250  -nan  0.006258  -0.031958  75.171184  2.674175  -1.535407  195.710007  1.010000
1  75.171184  -0.015249  -0.015249  nan  0.008788  -0.023680  76.005459  2.848842  -1.061264  195.710007  1.010000
1  76.005459  -0.015097  -0.015097  nan  0.020773  0.022889  76.855546  3.566017  1.609131  195.710007  1.010000
1  76.855546  -0.015417  -0.015467  nan  0.006658  -0.028183  77.666508  2.787038  -1.318448  195.710007  1.010000
1  77.666508  -0.015585  -0.015585  nan  0.004394  -0.035639  78.494661  2.687517  -1.745269  195.710007  1.010000
1  78.494661  -0.017856  -0.017856  -nan  0.013715  0.001056  79.324283  3.251340  0.356659  195.710007  1.010000
1  79.324283  -0.015414  -0.015414  -nan  0.019308  0.019702  80.180592  3.602054  1.425589  195.710007  1.010000
1  80.180592  -0.015261  -0.015261  -nan  0.013982  -0.004375  81.043526  3.327335  0.048010  195.710007  1.010000
1  81.043526  -0.015338  -0.015067  -nan  0.019441  0.017756  81.896918  3.670698  1.317197  195.710007  1.010000
1  81.896918  -0.015517  -0.015517  -nan  0.014647  0.000651  82.734033  3.426026  0.335655  195.710007  1.010000
1  82.734033  -0.015924  -0.015924  -nan  0.017577  0.013147  83.578163  3.623824  1.051350  177.720001  0.960000
1  83.578163  -0.016072  -0.016072  nan  0.013316  -0.003009  84.428228  3.409961  0.126040  177.720001  0.960000
1  84.428228  -0.013936  -0.013936  -nan  0.009454  -0.022470  85.297491  3.218972  -0.988817  177.720001  0.960000
1  85.297491  -0.015726  -0.016002  -nan  0.013449  -0.002547  86.130837  3.477791  0.151901  177.720001  0.960000
1  86.130837  -0.016386  -0.016386  -nan  0.025167  0.040766  86.994099  4.179087  2.632878  177.720001  0.960000
1  86.994099  -0.016031  -0.016031  -nan  0.017444  0.012551  87.827733  3.766269  1.014549  177.720001  0.960000
1  87.827733  -0.017336  -0.017336  nan  0.013183  -0.007010  88.690668  3.552035  -0.105749  177.720001  0.960000
1  88.690668  -0.004744  -0.004744  -nan  0.011052  -0.013586  89.547691  3.460489  -0.480949  177.720001  0.960000
1  89.547691  -0.016423  -0.016529  nan  0.019042  0.018100  90.439185  3.949686  1.336068  177.720001  0.960000
1  90.439185  -0.009041  -0.009041  -nan  0.017177  0.011898  91.276139  3.872411  0.981107  177.720001  0.960000
1  91.276139  -0.016913  -0.016913  -nan  0.015446  0.003324  92.175891  3.804566  0.490635  157.259995  0.810000
1  92.175891  -0.016200  -0.016200  nan  0.012783  -0.007742  93.009475  3.681243  -0.144178  157.259995  0.810000
1  93.009475  -0.015916  -0.015916  -nan  0.013049  -0.006070  93.871886  3.726732  -0.048290  157.259995  0.810000
1  93.871886  -0.015930  -0.016257  -nan  0.007856  -0.027708  94.727614  3.458804  -1.290329  157.259995  0.810000
1  94.727614  -0.019594  -0.019594  nan  0.015180  0.002452  95.626166  3.909997  0.439823  157.259995  0.810000
1  95.626166  -0.016307  -0.016307  -nan  0.020107  0.027523  96.458673  4.222223  1.876487  157.259995  0.810000
1  96.458673  -0.014964  -0.014964  -nan  0.017976  0.017962  97.319363  4.130142  1.328593  157.259995  0.810000
1  97.319363  -0.015191  -0.015191  nan  0.016378  0.009470  98.186035  4.068523  0.841381  157.259995  0.810000
1  98.186035  -0.014188  -0.014221  -nan  0.013982  -0.000158  99.057616  3.961701  0.290546  157.259995  0.810000
1  99.057616  -0.015128  -0.015128  -nan  0.010253  -0.016356  99.933410  3.778339  -0.637843  157.259995  0.810000
1  99.933410  -0.015785  -0.015785  nan  0.011185  -0.011796  100.802817  3.862087  -0.376415  157.259995  0.810000
1  100.802817  -0.016167  -0.016167  -nan  0.011318  -0.008684  101.682578  3.900802  -0.198451  157.259995  0.810000
1  101.682578  -0.016345  -0.016345  -nan  0.016778  0.017424  102.533744  4.244189  1.298357  166.800003  0.760000
1  102.533744  -0.015414  -0.015028  -nan  0.022371  0.040024  103.381265  4.594495  2.592243  166.800003  0.760000
1  103.381265  -0.016276  -0.016276  nan  0.011718  -0.002600  104.233995  4.014126  0.149795  166.800003  0.760000
1  104.233995  -0.017416  -0.017416  -nan  0.007856  -0.023539  105.121742  3.823413  -1.048006  166.800003  0.760000
1  105.121742  -0.015907  -0.015907  -nan  0.017976  0.013940  106.006261  4.433470  1.098943  166.800003  0.760000
1  106.006261  -0.012970  -0.012970  -nan  0.020639  0.018815  106.902556  4.616085  1.377545  166.800003  0.760000
1  106.902556  -0.015282  -0.015144  nan  0.009987  -0.020341  107.799034  4.036912  -0.866485  166.800003  0.760000
1  107.799034  -0.016904  -0.016904  nan  0.018642  0.013858  108.673156  4.562565  1.091312  166.800003  0.760000
1  108.673156  -0.017008  -0.017008  nan  0.023036  0.032048  109.537547  4.843955  2.133418  191.179993  0.510000
1  109.537547  -0.015646  -0.015646  nan  0.018109  0.011396  110.424917  4.591901  0.950490  191.179993  0.510000
1  110.424917  -0.016316  -0.016316  nan  0.013848  -0.001389  111.288667  4.378060  0.218535  191.179993  0.510000
1  111.288667  -0.015145  -0.014826  -nan  0.009854  -0.016400  112.161252  4.179206  -0.642135  191.179993  0.510000
1  112.161252  -0.016314  -0.016314  -nan  0.012783  -0.006020  113.040916  4.377224  -0.046410  191.179993  0.510000
1  113.040916  -0.016163  -0.016163  -nan  0.014781  0.003970  113.916764  4.522021  0.525957  191.179993  0.510000
1  113.916764  -0.013973  -0.013973  -nan  0.011585  -0.008935  114.789235  4.368706  -0.216170  191.179993  0.510000
1  114.789235  -0.015243  -0.015243  -nan  0.011052  -0.010022  115.653854  4.367930  -0.278055  191.179993  0.510000
1  115.653854  -0.014537  -0.014267  -nan  0.014514  0.004768  116.519188  4.596030  0.569210  191.179993  0.510000
1  116.519188  -0.015543  -0.015543  -nan  0.003329  -0.038312  117.400179  3.985562  -1.898985  191.179993  0.510000
1  117.400179  -0.017076  -0.017076  -nan  0.012916  0.000301  118.257178  4.564108  0.310892  229.190002  0.410000
1  118.257178  -0.015812  -0.015812  nan  0.014514  0.005682  119.130199  4.685395  0.619221  229.190002  0.410000
1  119.130199  -0.015470  -0.015470  nan  0.024235  0.044175  119.997781  5.271591  2.822762  229.190002  0.410000
1  119.997781  -0.016376  -0.016448  nan  0.013848  -0.000308  120.881871  4.706170  0.274551  229.190002  0.410000
1  120.881871  -0.016647  -0.016647  nan  0.010653  -0.013087  121.722793  4.551441  -0.457753  229.190002  0.410000
1  121.722793  -0.018503  -0.018503  nan  0.006525  -0.029639  122.632771  4.345408  -1.407310  229.190002  0.410000
1  122.632771  -0.014997  -0.014997  -nan  0.019042  0.022258  123.493493  5.091674  1.565093  229.190002  0.410000
1  123.493493  -0.014377  -0.014377  nan  0.014781  0.006440  124.364281  4.877143  0.660093  229.190002  0.410000
1  124.364281  -0.015303  -0.015131  nan  0.027297  0.053223  125.254524  5.623821  3.340649  229.190002  0.410000
1  125.254524  -0.016607  -0.016607  -nan  0.010386  -0.016059  126.146988  4.684607  -0.628516  229.190002  0.410000
1  126.146988  -0.016778  -0.016778  -nan  0.020373  0.022274  127.041591  5.286569  1.568591  309.049988  0.210000
1  127.041591  -0.014253  -0.014253  nan  0.011851  -0.011447  127.920542  4.827384  -0.364947  309.049988  0.210000
1  127.920542  -0.015896  -0.015896  -nan  0.011984  -0.012966  128.811579  4.864233  -0.452745  309.049988  0.210000
1  128.811579  -0.015374  -0.015323  -nan  0.025966  0.040475  129.726577  5.695051  2.609124  309.049988  0.210000
1  129.726577  -0.016119  -0.016119  -nan  0.005726  -0.035736  130.585427  4.563867  -1.759856  309.049988  0.210000
1  130.585427  -0.015709  -0.015709  -nan  0.013449  -0.007546  131.472457  5.034622  -0.147148  309.049988  0.210000
1  131.472457  -0.014143  -0.014143  nan  0.017577  0.006096  132.371868  5.299860  0.633903  309.049988  0.210000
1  132.371868  -0.014608  -0.014608  -nan  0.010253  -0.019858  133.241127  4.908535  -0.854815  309.049988  0.210000
1  133.241127  -0.014810  -0.015058  nan  0.004794  -0.041712  134.128303  4.624294  -2.106885  309.049988  0.210000
1  134.128303  -0.014081  -0.014081  nan  0.027963  0.049163  135.025698  5.980510  3.099865  309.049988  0.210000
1  135.025698  -0.015606  -0.015606  nan  0.016911  0.008299  135.899025  5.375569  0.757232  253.070007  0.080000
1  135.899025  -0.012658  -0.012658  nan  0.010786  -0.019869  136.809371  5.053374  -0.855880  253.070007  0.080000
1  136.809371  -0.015442  -0.015442  nan  0.017976  0.006690  137.705977  5.493334  0.663961  253.070007  0.080000
1  137.705977  -0.017409  -0.017323  nan  0.014647  -0.005686  138.603835  5.331094  -0.045017  253.070007  0.080000
1  138.603835  -0.015480  -0.015480  -nan  0.012251  -0.016561  139.503047  5.221718  -0.669502  253.070007  0.080000
1  139.503047  -0.015669  -0.015669  -nan  0.018509  0.004382  140.401142  5.607330  0.526313  253.070007  0.080000
1  140.401142  -0.014881  -0.014881  nan  0.018908  0.009353  141.289245  5.657930  0.810261  253.070007  0.080000
1  141.289245  -0.014758  -0.014758  nan  0.014514  -0.003691  142.168516  5.433744  0.062380  253.070007  0.080000
1  142.168516  -0.015391  -0.016916  nan  0.027564  0.046647  143.065590  6.208785  2.945228  253.070007  0.080000
1  143.065590  -0.015668  -0.015668  -nan  0.020906  0.018771  143.969133  5.854883  1.347773  253.070007  0.080000
1  143.969133  -0.015044  -0.015044  -nan  0.016645  0.002920  144.865799  5.638265  0.439444  253.070007  0.080000
1  144.865799  -0.015089  -0.015089  -nan  0.015313  -0.000539  145.771158  5.590048  0.242623  253.070007  0.080000
1  145.771158  -0.015630  -0.015630  nan  0.007457  -0.034562  146.670437  5.166479  -1.710569  239.899994  0.190000
1  146.670437  -0.016260  -0.016011  -nan  0.020773  0.019630  147.561876  5.955843  1.391400  239.899994  0.190000
1  147.561876  -0.015487  -0.015487  nan  0.014647  -0.003376  148.454718  5.631550  0.071603  239.899994  0.190000
1  148.454718  -0.015318  -0.015318  nan  0.029428  0.056479  149.351817  6.505022  3.499988  239.899994  0.190000
1  149.351817  -0.014705  -0.014705  nan  0.018509  0.007809  150.262429  5.905418  0.709534  239.899994  0.190000
1  150.262429  -0.015846  -0.015846  -nan  0.007191  -0.036776  151.152370  5.282189  -1.849174  239.899994  0.190000
1  151.152370  -0.016333  -0.016805  -nan  0.016512  0.003828  152.071057  5.843061  0.477060  239.899994  0.190000
1  152.071057  -0.014684  -0.014684  nan  0.017843  0.007233  152.938045  5.943146  0.667142  239.899994  0.190000
1  152.938045  -0.014321  -0.014321  nan  0.026498  0.043160  153.846976  6.464665  2.723774  159.279999  0.320000
1  153.846976  -0.014872  -0.014872  -nan  0.022637  0.028372  154.742178  6.268625  1.876222  159.279999  0.320000
1  154.742178  -0.015319  -0.015319  -nan  0.017044  0.007203  155.646451  5.973897  0.665050  159.279999  0.320000
1  155.646451  -0.017908  -0.017775  nan  0.015979  0.004831  156.526543  5.936879  0.524325  159.279999  0.320000
1  156.526543  -0.015358  -0.015358  nan  0.005593  -0.039176  157.425869  5.365639  -2.000281  159.279999  0.320000
1  157.425869  -0.014908  -0.014908  -nan  0.024102  0.036105  158.335457  6.451456  2.314949  159.279999  0.320000
1  158.335457  -0.015238  -0.015238  -nan  0.018509  0.014232  159.210335  6.153378  1.052653  159.279999  0.320000
1  159.210335  -0.014561  -0.014561  nan  0.016112  0.003258  160.099205  6.038625  0.419150  159.279999  0.320000
1  160.099205  -0.015777  -0.015545  nan  0.015713  0.002159  160.971136  6.037664  0.351007  159.279999  0.320000
