mode yawCmd rudderSet rudderIs gpsCourse gpsSpeed cY cW cWd mY mW mWd accGyroCount magCount psid psiTilde rTilde integralPsiTilde rudderMoment tauFF 
1  0.000000  1.208589  1.208589  15141384534979491603720893365338420623524176232608271637649444448854602045538753221577631195811748882155368960446344509593825384226661923821261798894881112039505032502083558376905892631386554416429992984883282410897690330447773811717715543744402383898266099964182528.000000  0.000000 32.810894  0.342302  -1.504183  14.405262  0.795719  -0.439688 430 215 0.000000  0.000000  0.000000  0.000000  0.000000  0.000000 
1  14.405262  1.218075  1.218075  15141384534979491603720893365338420623524176232608271637649444448854602045538753221577631195811748882155368960446344509593825384226661923821261798894881112039505032502083558376905892631386554416429992984883282410897690330447773811717715543744402383898266099964182528.000000  0.000000 30.631315  -0.000001  -2.028935  14.401704  0.300170  -1.897425 25 12 14.405262  0.000000  0.000000  0.000000  0.000000  0.000000 
1  14.401704  1.219267  1.219267  15141384534979491603720893365338420623524176232608271637649444448854602045538753221577631195811748882155368960446344509593825384226661923821261798894881112039505032502083558376905892631386554416429992984883282410897690330447773811717715543744402383898266099964182528.000000  0.000000 26.584898  -0.000001  -1.357626  13.701333  0.191716  -1.606581 25 12 14.401704  0.000000  0.000000  0.000000  0.000000  0.000000 
1  13.701333  1.217732  1.217732  15141384534979491603720893365338420623524176232608271637649444448854602045538753221577631195811748882155368960446344509593825384226661923821261798894881112039505032502083558376905892631386554416429992984883282410897690330447773811717715543744402383898266099964182528.000000  0.000000 22.949469  -0.000001  -0.903926  12.972135  0.165682  -1.151898 25 13 13.701333  0.000000  0.000000  0.000000  0.000000  0.000000 
1  12.972135  1.218661  1.218661  15141384534979491603720893365338420623524176232608271637649444448854602045538753221577631195811748882155368960446344509593825384226661923821261798894881112039505032502083558376905892631386554416429992984883282410897690330447773811717715543744402383898266099964182528.000000  0.000000 20.021782  -0.000001  -0.607213  12.237464  0.152357  -0.817613 25 12 12.972135  0.000000  0.000000  0.000000  0.000000  0.000000 
1  12.237464  1.217946  1.217946  15141384534979491603720893365338420623524176232608271637649444448854602045538753221577631195811748882155368960446344509593825384226661923821261798894881112039505032502083558376905892631386554416429992984883282410897690330447773811717715543744402383898266099964182528.000000  0.000000 17.317588  -0.000000  -0.405797  11.473061  0.140135  -0.586351 25 13 12.237464  0.000000  0.000000  0.000000  0.000000  0.000000 
1  11.473061  1.218031  1.218031  15141384534979491603720893365338420623524176232608271637649444448854602045538753221577631195811748882155368960446344509593825384226661923821261798894881112039505032502083558376905892631386554416429992984883282410897690330447773811717715543744402383898266099964182528.000000  0.000000 14.909881  -0.000000  -0.270875  10.677256  0.127575  -0.432536 25 12 11.473061  0.000000  0.000000  0.000000  0.000000  0.000000 
1  10.677256  1.217488  1.217488  15141384534979491603720893365338420623524176232608271637649444448854602045538753221577631195811748882155368960446344509593825384226661923821261798894881112039505032502083558376905892631386554416429992984883282410897690330447773811717715543744402383898266099964182528.000000  0.000000 12.983520  -0.000000  -0.181800  9.870957  0.115621  -0.329269 25 12 10.677256  0.000000  0.000000  0.000000  0.000000  0.000000 
1  9.870957  1.217997  1.217997  15141384534979491603720893365338420623524176232608271637649444448854602045538753221577631195811748882155368960446344509593825384226661923821261798894881112039505032502083558376905892631386554416429992984883282410897690330447773811717715543744402383898266099964182528.000000  0.000000 11.168472  -0.000001  -0.120645  9.020969  0.101850  -0.263428 25 13 9.870957  0.000000  0.000000  0.000000  0.000000  0.000000 
1  9.020969  -0.599154  -0.417606  15141384534979491603720893365338420623524176232608271637649444448854602045538753221577631195811748882155368960446344509593825384226661923821261798894881112039505032502083558376905892631386554416429992984883282410897690330447773811717715543744402383898266099964182528.000000  0.000000 352.921359  36240.764187  222448.851482  41.273641  21484.373903  80622.954098 25 12 9.020969  0.000000  0.000000  0.000000  0.000000  0.000000 
1  41.273641  1.219120  1.219120  15141384534979491603720893365338420623524176232608271637649444448854602045538753221577631195811748882155368960446344509593825384226661923821261798894881112039505032502083558376905892631386554416429992984883282410897690330447773811717715543744402383898266099964182528.000000  0.000000 14.106722  79811.560822  127017.572944  303.610940  63828.427256  185288.952886 25 12 41.273641  0.000000  0.000000  0.000000  0.000000  0.000000 
1  303.610940  1.218015  1.218015  15141384534979491603720893365338420623524176232608271637649444448854602045538753221577631195811748882155368960446344509593825384226661923821261798894881112039505032502083558376905892631386554416429992984883282410897690330447773811717715543744402383898266099964182528.000000  0.000000 122.127169  86595.771276  189416.660813  48.427468  65737.515633  124516.552216 25 13 303.610940  0.000000  0.000000  0.000000  0.000000  0.000000 
1  48.427468  1.218772  1.218772  15141384534979491603720893365338420623524176232608271637649444448854602045538753221577631195811748882155368960446344509593825384226661923821261798894881112039505032502083558376905892631386554416429992984883282410897690330447773811717715543744402383898266099964182528.000000  0.000000 59.008765  83314.964044  95124.357265  81.483457  71270.757663  102945.375840 25 12 48.427468  0.000000  0.000000  0.000000  0.000000  0.000000 
1  81.483457  1.218759  1.218759  129.789993  0.060000 313.997635  89388.950403  -204942.560449  43.817854  67251.409715  61345.859017 25 12 81.483457  0.000000  0.000000  0.000000  0.000000  0.000000 
1  43.817854  1.218576  1.218295  129.789993  0.060000 98.176928  47111.800714  -145196.582242  33.213653  75909.544723  70972.223369 25 12 43.817854  0.000000  0.000000  0.000000  0.000000  0.000000 
1  33.213653  1.218417  1.218417  129.789993  0.060000 132.881240  22473.435243  -26227.119277  203.310193  61958.925410  -506.827916 25 12 33.213653  0.000000  0.000000  0.000000  0.000000  0.000000 
1  203.310193  1.218653  1.218653  129.789993  0.060000 175.211421  45685.280952  -60617.801322  67.288362  60178.118811  -4641.811743 25 13 203.310193  0.000000  0.000000  0.000000  0.000000  0.000000 
1  67.288362  1.219255  1.219255  129.789993  0.060000 39.159619  60866.269983  -109718.373590  338.231860  68819.868330  21777.607437 25 12 67.288362  0.000000  0.000000  0.000000  0.000000  0.000000 
1  338.231860  1.218884  1.218884  129.789993  0.060000 330.534358  42755.254991  -43237.643199  72.688622  65255.396945  0.131575 25 12 338.231860  0.000000  0.000000  0.000000  0.000000  0.000000 
1  72.688622  1.218535  1.218535  129.789993  0.060000 58.832614  26819.060530  -171981.727572  32.058623  71667.488422  17609.543177 25 13 72.688622  0.000000  0.000000  0.000000  0.000000  0.000000 
1  32.058623  1.219562  1.219562  129.789993  0.060000 21.005904  78976.559444  186109.226608  138.230338  68824.249585  5287.901099 25 12 32.058623  0.000000  0.000000  0.000000  0.000000  0.000000 
1  138.230338  1.220308  1.219576  17.320000  0.080000 110.735288  80358.574832  69663.512542  179.750025  57785.801288  -31239.890296 25 13 138.230338  0.000000  0.000000  0.000000  0.000000  0.000000 
1  179.750025  1.218954  1.218954  17.320000  0.080000 160.779237  76812.792885  63588.679859  264.160575  64979.789150  4615.458720 25 12 179.750025  0.000000  0.000000  0.000000  0.000000  0.000000 
1  264.160575  1.217625  1.217625  17.320000  0.080000 176.460931  50750.872273  33749.159419  331.281967  67484.869437  3567.857783 25 12 264.160575  0.000000  0.000000  0.000000  0.000000  0.000000 
1  331.281967  1.218794  1.218794  17.320000  0.080000 215.312055  78259.266151  58987.260887  7.769275  62424.821188  -8908.229159 25 13 331.281967  0.000000  0.000000  0.000000  0.000000  0.000000 
1  7.769275  1.218169  1.218169  17.320000  0.080000 357.705545  81184.384231  -339625.548623  267.337401  76516.708431  39461.642354 25 12 7.769275  0.000000  0.000000  0.000000  0.000000  0.000000 
1  267.337401  1.219408  1.218276  17.320000  0.080000 30.319340  35707.260634  -331295.361136  56.834290  50281.561723  -59432.385742 25 12 267.337401  0.000000  0.000000  0.000000  0.000000  0.000000 
1  56.834290  1.217341  1.217341  17.320000  0.080000 11.626350  85736.269284  92818.548959  159.511896  61419.990404  -11264.563996 25 13 56.834290  0.000000  0.000000  0.000000  0.000000  0.000000 
1  159.511896  1.218769  1.218769  17.320000  0.080000 151.042950  56516.972804  908.553892  215.185273  58364.445815  -22739.264872 25 12 159.511896  0.000000  0.000000  0.000000  0.000000  0.000000 
1  215.185273  1.218491  1.218491  17.320000  0.080000 9.198601  57850.683151  -12842.013041  220.634041  61102.822029  1697.555496 25 13 215.185273  0.000000  0.000000  0.000000  0.000000  0.000000 
1  220.634041  1.217602  1.217602  17.320000  0.080000 39.464188  121745.520017  196959.235387  261.345890  78882.679884  64423.848876 25 12 220.634041  0.000000  0.000000  0.000000  0.000000  0.000000 
1  261.345890  1.218226  1.218216  348.720001  0.140000 32.148925  102912.625682  36100.177114  287.386379  82431.259617  57387.856924 25 12 261.345890  0.000000  0.000000  0.000000  0.000000  0.000000 
1  287.386379  1.218494  1.218494  348.720001  0.140000 123.171502  23736.276011  -163936.044257  119.834343  58003.792136  -34474.758459 25 13 287.386379  0.000000  0.000000  0.000000  0.000000  0.000000 
1  119.834343  1.218680  1.218680  348.720001  0.140000 58.435799  48570.602464  98976.879762  62.701975  66868.197909  1797.319658 25 12 119.834343  0.000000  0.000000  0.000000  0.000000  0.000000 
1  62.701975  1.219910  1.219910  348.720001  0.140000 357.162189  82256.702208  81253.988722  339.855296  67382.556718  2145.589591 25 12 62.701975  0.000000  0.000000  0.000000  0.000000  0.000000 
1  339.855296  1.218732  1.218732  348.720001  0.140000 206.086843  50018.463215  -60093.133345  24.752539  63692.123673  -7486.531195 25 13 339.855296  0.000000  0.000000  0.000000  0.000000  0.000000 
1  24.752539  1.219580  1.219580  348.720001  0.140000 182.548698  100718.813147  98372.879782  337.497861  69535.593179  16893.392522 25 12 24.752539  0.000000  0.000000  0.000000  0.000000  0.000000 
1  337.497861  1.218467  1.218467  348.720001  0.140000 148.143288  60953.533791  -26867.792099  2.349281  69005.218542  10590.353914 25 13 337.497861  0.000000  0.000000  0.000000  0.000000  0.000000 
1  2.349281  1.218253  1.218253  348.720001  0.140000 114.890822  54000.325713  -32426.527720  348.464169  50404.413246  -54796.722584 25 12 2.349281  0.000000  0.000000  0.000000  0.000000  0.000000 
1  348.464169  1.219087  1.219087  348.720001  0.140000 132.226532  84766.898490  -18558.879026  20.638035  69707.525367  20266.619040 25 12 348.464169  0.000000  0.000000  0.000000  0.000000  0.000000 
1  20.638035  1.218559  1.218559  348.720001  0.140000 203.568891  102761.990332  164804.776502  29.571431  59659.339726  -11390.370780 25 13 20.638035  0.000000  0.000000  0.000000  0.000000  0.000000 
1  29.571431  1.219880  1.219880  13.140000  0.210000 161.709394  87679.606749  119670.942684  62.430545  64924.146379  10830.951523 25 12 29.571431  0.000000  0.000000  0.000000  0.000000  0.000000 
1  62.430545  1.218731  1.218731  13.140000  0.210000 188.603514  94924.480632  -11570.470389  5.376941  72411.677421  34902.563457 25 12 62.430545  0.000000  0.000000  0.000000  0.000000  0.000000 
1  5.376941  1.217552  1.217552  13.140000  0.210000 188.581312  28837.854842  -153316.073287  31.581546  68902.909335  8391.129323 25 13 5.376941  0.000000  0.000000  0.000000  0.000000  0.000000 
1  31.581546  1.218123  1.218123  13.140000  0.210000 121.423603  55076.215141  88857.199037  34.191855  58602.258798  -32759.647887 26 12 31.581546  0.000000  0.000000  0.000000  0.000000  0.000000 
1  34.191855  1.218041  1.218041  13.140000  0.210000 348.515736  80041.240182  71039.630254  327.568564  60559.627029  -13398.399636 24 13 34.191855  0.000000  0.000000  0.000000  0.000000  0.000000 
1  327.568564  1.218384  1.218384  13.140000  0.210000 197.429377  113576.976973  200473.682099  356.644181  69814.097417  25769.783942 25 12 327.568564  0.000000  0.000000  0.000000  0.000000  0.000000 
1  356.644181  1.218459  1.218459  13.140000  0.210000 22.111727  112307.827828  149586.046517  88.300650  77644.679943  44689.882579 24 12 356.644181  0.000000  0.000000  0.000000  0.000000  0.000000 
1  88.300650  1.217974  1.217974  13.140000  0.210000 154.490926  35303.235859  -129847.007320  161.657272  64844.148357  -17063.873223 25 13 88.300650  0.000000  0.000000  0.000000  0.000000  0.000000 
1  161.657272  1.218539  1.218539  13.140000  0.210000 202.285375  56536.103495  37770.027775  188.570747  78036.944862  30581.734065 26 12 161.657272  0.000000  0.000000  0.000000  0.000000  0.000000 
1  188.570747  1.218963  1.218713  13.140000  0.210000 170.607646  69467.740946  3885.657255  86.299952  53360.742326  -64151.227782 25 12 188.570747  0.000000  0.000000  0.000000  0.000000  0.000000 
1  86.299952  1.218021  1.218021  332.529999  0.070000 194.075216  98565.983207  -20507.760595  299.524519  73187.627473  25702.790262 25 13 86.299952  0.000000  0.000000  0.000000  0.000000  0.000000 
1  299.524519  1.219193  1.219193  332.529999  0.070000 192.718727  67422.031062  -42580.742891  235.615486  62252.630557  -18432.284981 25 12 299.524519  0.000000  0.000000  0.000000  0.000000  0.000000 
1  235.615486  1.219031  1.219031  332.529999  0.070000 57.607287  65586.510407  -6265.464207  141.821077  68503.360160  6778.006351 24 13 235.615486  0.000000  0.000000  0.000000  0.000000  0.000000 
1  141.821077  1.219085  1.219085  332.529999  0.070000 92.921383  70289.436641  -71376.688286  47.986986  63614.686317  -11000.252827 26 12 141.821077  0.000000  0.000000  0.000000  0.000000  0.000000 
1  47.986986  1.218551  1.219778  332.529999  0.070000 51.691290  79755.128654  -59894.280315  303.605990  60774.569489  -16761.348322 25 12 47.986986  0.000000  0.000000  0.000000  0.000000  0.000000 
1  303.605990  1.219609  1.219609  332.529999  0.070000 56.426773  84881.769616  77543.429966  144.289889  69108.813253  21383.693507 24 13 303.605990  0.000000  0.000000  0.000000  0.000000  0.000000 
1  144.289889  1.219837  1.219837  332.529999  0.070000 96.096500  59576.135739  -89471.522398  309.435456  72276.788767  22827.424301 25 12 144.289889  0.000000  0.000000  0.000000  0.000000  0.000000 
1  309.435456  1.218947  1.218947  332.529999  0.070000 171.241352  96578.673990  -21037.256366  157.472613  66797.603714  153.542671 25 12 309.435456  0.000000  0.000000  0.000000  0.000000  0.000000 
1  157.472613  1.218099  1.218099  332.529999  0.070000 196.531393  -26053.671336  -107142.781245  210.866867  67599.960187  -9298.568292 25 13 157.472613  0.000000  0.000000  0.000000  0.000000  0.000000 
1  210.866867  1.218631  1.218542  332.529999  0.070000 162.327353  98567.995191  68723.476485  157.155329  63919.550145  -8124.032664 25 12 210.866867  0.000000  0.000000  0.000000  0.000000  0.000000 
1  157.155329  1.218828  1.218828  332.529999  0.070000 172.441948  70263.688024  -138667.596482  118.007405  71141.300826  14215.432607 25 12 157.155329  0.000000  0.000000  0.000000  0.000000  0.000000 
1  118.007405  1.218723  1.218723  332.529999  0.070000 295.203957  64503.292947  41188.095589  175.962079  80107.612699  40781.318687 25 13 118.007405  0.000000  0.000000  0.000000  0.000000  0.000000 
1  175.962079  1.218334  1.218334  332.529999  0.070000 230.128032  64835.601998  52536.244502  118.371879  69816.872872  -7811.405419 25 12 175.962079  0.000000  0.000000  0.000000  0.000000  0.000000 
1  118.371879  1.219250  1.219250  312.989990  0.050000 39.350940  31961.334634  -138121.983105  109.765741  58421.445325  -41836.017159 24 13 118.371879  0.000000  0.000000  0.000000  0.000000  0.000000 
1  109.765741  1.218289  1.218289  312.989990  0.050000 0.169206  23935.492606  59986.328992  328.238990  67933.903675  3048.005504 26 12 109.765741  0.000000  0.000000  0.000000  0.000000  0.000000 
1  328.238990  1.218057  1.218057  312.989990  0.050000 69.976441  14692.087340  11456.845865  92.908755  58016.029794  -32810.280888 25 12 328.238990  0.000000  0.000000  0.000000  0.000000  0.000000 
1  92.908755  1.218710  1.218983  312.989990  0.050000 112.067456  71732.920293  -109367.896577  198.028700  59294.298829  -18507.212966 25 13 92.908755  0.000000  0.000000  0.000000  0.000000  0.000000 
1  198.028700  1.218164  1.218164  312.989990  0.050000 136.319785  75352.182373  67628.620365  183.530223  62768.720160  -3780.807394 25 12 198.028700  0.000000  0.000000  0.000000  0.000000  0.000000 
1  183.530223  1.219210  1.219210  312.989990  0.050000 316.890671  85154.377430  -135351.104543  356.189865  71454.418074  27808.919559 25 12 183.530223  0.000000  0.000000  0.000000  0.000000  0.000000 
1  356.189865  1.218302  1.217895  312.989990  0.050000 304.102838  49984.580813  -88379.901476  176.411688  56037.035808  -29999.926644 25 13 356.189865  0.000000  0.000000  0.000000  0.000000  0.000000 
1  176.411688  1.217900  1.217900  262.190002  0.140000 294.736203  76003.946450  63251.695770  80.842272  62288.543466  1606.463137 25 12 176.411688  0.000000  0.000000  0.000000  0.000000  0.000000 
1  80.842272  1.218704  1.218704  262.190002  0.140000 339.645174  65190.979284  -30871.840024  93.224429  76457.313664  45994.297530 25 12 80.842272  0.000000  0.000000  0.000000  0.000000  0.000000 
1  93.224429  1.218773  1.218773  262.190002  0.140000 350.298688  81866.678667  228579.380454  49.546855  70035.970968  10868.801346 25 13 93.224429  0.000000  0.000000  0.000000  0.000000  0.000000 
1  49.546855  1.218685  1.218685  262.190002  0.140000 59.209556  80763.776679  -164403.075037  255.392035  62968.833092  -16342.545977 25 12 49.546855  0.000000  0.000000  0.000000  0.000000  0.000000 
1  255.392035  1.218853  1.218941  262.190002  0.140000 128.849925  39150.090789  58713.682362  226.095943  72279.340646  19090.120781 25 13 255.392035  0.000000  0.000000  0.000000  0.000000  0.000000 
1  226.095943  1.218927  1.218927  262.190002  0.140000 116.158432  39881.720390  -113036.289647  164.846112  59940.831940  -28371.054707 25 12 226.095943  0.000000  0.000000  0.000000  0.000000  0.000000 
1  164.846112  1.220249  1.220249  262.190002  0.140000 187.361482  36346.875844  -32265.801946  259.703364  53967.033725  -50202.091275 25 12 164.846112  0.000000  0.000000  0.000000  0.000000  0.000000 
1  259.703364  1.218660  1.218660  262.190002  0.140000 301.943502  58705.884997  -3955.022087  162.621146  61882.609232  -12000.672681 25 13 259.703364  0.000000  0.000000  0.000000  0.000000  0.000000 
1  162.621146  1.218732  1.218732  262.190002  0.140000 331.820693  51451.166836  -141853.327960  322.116862  63321.906105  -11879.454153 25 12 162.621146  0.000000  0.000000  0.000000  0.000000  0.000000 
1  322.116862  1.219431  1.219431  262.190002  0.140000 35.079597  89658.667088  120872.687819  133.808913  72481.971357  34106.539713 25 12 322.116862  0.000000  0.000000  0.000000  0.000000  0.000000 
1  133.808913  1.218256  1.218256  283.790009  0.130000 275.456137  73180.456947  383602.215508  217.559747  69607.318789  16716.949804 25 13 133.808913  0.000000  0.000000  0.000000  0.000000  0.000000 
1  217.559747  1.217607  1.217646  283.790009  0.130000 302.850212  100783.776022  105966.306247  115.305205  75918.166120  41252.399807 25 12 217.559747  0.000000  0.000000  0.000000  0.000000  0.000000 
1  115.305205  1.218131  1.218131  283.790009  0.130000 342.393619  52118.690803  -90132.767109  84.519733  69125.950978  7654.091481 25 12 115.305205  0.000000  0.000000  0.000000  0.000000  0.000000 
1  84.519733  1.217846  1.217846  283.790009  0.130000 351.004572  65934.441542  111627.318843  23.242560  67312.398445  -3047.246624 25 13 84.519733  0.000000  0.000000  0.000000  0.000000  0.000000 
1  23.242560  1.219979  1.219979  283.790009  0.130000 89.881683  73318.425017  218293.741097  185.930931  67901.613455  7237.473490 25 12 23.242560  0.000000  0.000000  0.000000  0.000000  0.000000 
1  185.930931  1.219352  1.219352  283.790009  0.130000 140.177154  73819.376566  31539.815276  84.711338  64556.534118  -6615.683647 25 13 185.930931  0.000000  0.000000  0.000000  0.000000  0.000000 
1  84.711338  1.218394  1.218394  283.790009  0.130000 13.667045  63759.071504  42510.951765  209.377780  57477.516882  -31961.992540 25 12 84.711338  0.000000  0.000000  0.000000  0.000000  0.000000 
1  209.377780  1.218701  1.218701  283.790009  0.130000 255.395855  76287.963180  -133967.670546  48.494591  64611.901869  -1072.476005 25 12 209.377780  0.000000  0.000000  0.000000  0.000000  0.000000 
1  48.494591  1.218753  1.218753  283.790009  0.130000 273.939695  71020.181444  237826.993019  279.292790  74313.919605  31519.675808 25 13 48.494591  0.000000  0.000000  0.000000  0.000000  0.000000 
1  279.292790  1.217670  1.217670  283.790009  0.130000 25.245206  81150.186595  -27092.173687  30.258075  62700.480364  -15003.638634 25 12 279.292790  0.000000  0.000000  0.000000  0.000000  0.000000 
1  30.258075  1.219598  1.219598  17.219999  0.140000 337.196776  52431.705782  48745.471585  284.653583  58369.786786  -22306.570671 25 12 30.258075  0.000000  0.000000  0.000000  0.000000  0.000000 
1  284.653583  1.219603  1.219603  17.219999  0.140000 239.042274  67393.734456  -79096.948951  178.922633  57577.730822  -16325.750318 25 13 284.653583  0.000000  0.000000  0.000000  0.000000  0.000000 
1  178.922633  1.219493  1.219493  17.219999  0.140000 346.994384  88391.001612  -232264.342212  112.777722  66278.785755  12577.212470 25 12 178.922633  0.000000  0.000000  0.000000  0.000000  0.000000 
1  112.777722  1.218758  1.217837  17.219999  0.140000 232.472736  37858.341478  -102966.921752  70.949031  62364.118233  -2891.399880 25 13 112.777722  0.000000  0.000000  0.000000  0.000000  0.000000 
1  70.949031  1.221257  1.221257  17.219999  0.140000 264.414123  47839.409789  23949.550211  240.735369  60822.330835  -14087.018975 25 12 70.949031  0.000000  0.000000  0.000000  0.000000  0.000000 
1  240.735369  1.218425  1.218425  17.219999  0.140000 162.591927  71186.979768  169652.095300  150.877083  69901.916654  22309.163624 25 12 240.735369  0.000000  0.000000  0.000000  0.000000  0.000000 
1  150.877083  1.218632  1.218632  17.219999  0.140000 214.867841  36174.718204  -135542.098401  199.526958  73937.102872  20839.438324 25 13 150.877083  0.000000  0.000000  0.000000  0.000000  0.000000 
1  199.526958  1.219413  1.219413  17.219999  0.140000 163.324619  55800.529820  4117.291754  283.179935  79621.758653  41387.006878 25 12 199.526958  0.000000  0.000000  0.000000  0.000000  0.000000 
1  283.179935  1.218142  1.217986  17.219999  0.140000 149.582459  52545.057602  214351.214110  71.314953  74647.532397  12022.015221 25 12 283.179935  0.000000  0.000000  0.000000  0.000000  0.000000 
1  71.314953  1.218347  1.218347  17.219999  0.140000 228.532482  99279.328505  -146675.781506  97.479051  68370.553966  -17381.850101 25 13 71.314953  0.000000  0.000000  0.000000  0.000000  0.000000 
1  97.479051  1.218199  1.218199  89.739998  0.060000 270.504548  64490.482441  22768.726229  65.314323  51879.841631  -61438.771604 25 12 97.479051  0.000000  0.000000  0.000000  0.000000  0.000000 
1  65.314323  1.219089  1.219089  89.739998  0.060000 246.949272  15553.559797  -185387.925118  127.867160  54844.737902  -31628.668831 25 13 65.314323  0.000000  0.000000  0.000000  0.000000  0.000000 
1  127.867160  1.218602  1.218602  89.739998  0.060000 234.725325  110860.612998  73107.509383  119.181591  73293.217351  38544.525179 25 12 127.867160  0.000000  0.000000  0.000000  0.000000  0.000000 
1  119.181591  1.218669  1.218669  89.739998  0.060000 68.972452  51677.686657  118772.460977  51.820688  68057.969121  9656.929325 25 12 119.181591  0.000000  0.000000  0.000000  0.000000  0.000000 
1  51.820688  1.217832  1.217832  89.739998  0.060000 300.106743  30247.889446  -152593.811212  108.525327  63185.601018  -20771.752772 25 13 51.820688  0.000000  0.000000  0.000000  0.000000  0.000000 
1  108.525327  1.218164  1.217870  89.739998  0.060000 106.758111  38419.138641  20889.693384  81.426161  56456.594771  -31728.405720 25 12 108.525327  0.000000  0.000000  0.000000  0.000000  0.000000 
1  81.426161  1.217996  1.217996  89.739998  0.060000 113.247056  87683.460413  78529.827847  112.443762  61240.814190  -8669.049218 25 12 81.426161  0.000000  0.000000  0.000000  0.000000  0.000000 
1  112.443762  1.218582  1.218582  89.739998  0.060000 192.887438  123157.870564  154251.954656  198.201539  63938.607448  6627.853229 25 13 112.443762  0.000000  0.000000  0.000000  0.000000  0.000000 
1  198.201539  1.216878  1.216878  89.739998  0.060000 15.855522  44222.916346  -78925.630231  308.405100  66624.064052  10414.465664 25 12 198.201539  0.000000  0.000000  0.000000  0.000000  0.000000 
1  308.405100  1.218320  1.218320  89.739998  0.060000 40.670845  44685.623617  -67509.508027  167.237523  56511.222412  -26266.210746 25 13 308.405100  0.000000  0.000000  0.000000  0.000000  0.000000 
1  167.237523  1.218303  1.218282  89.739998  0.060000 282.666304  32611.657047  20055.139752  334.256342  59280.555658  -18137.742174 25 12 167.237523  0.000000  0.000000  0.000000  0.000000  0.000000 
1  334.256342  1.218934  1.218934  89.739998  0.060000 34.448888  32617.311160  -24191.558096  283.634658  72185.269377  24501.177158 25 12 334.256342  0.000000  0.000000  0.000000  0.000000  0.000000 
1  283.634658  1.217901  1.217901  89.739998  0.060000 91.330521  32430.507428  -150184.471587  288.522060  68350.454043  -2138.121463 25 13 283.634658  0.000000  0.000000  0.000000  0.000000  0.000000 
1  288.522060  1.218915  1.218915  12.910000  0.110000 122.333392  64493.405183  -2247.164890  221.075083  75832.259773  21480.289811 25 12 288.522060  0.000000  0.000000  0.000000  0.000000  0.000000 
1  221.075083  1.219446  1.219446  12.910000  0.110000 39.523383  27409.453876  2430.627187  193.541244  61458.088968  -26109.017814 25 12 221.075083  0.000000  0.000000  0.000000  0.000000  0.000000 
1  193.541244  1.218503  1.218503  12.910000  0.110000 65.294244  56905.931531  -33630.910702  298.778139  62239.866944  -16815.670615 25 13 193.541244  0.000000  0.000000  0.000000  0.000000  0.000000 
1  298.778139  1.219598  1.219598  12.910000  0.110000 101.435216  36250.269756  47199.758416  166.027430  69984.813874  6086.530453 25 12 298.778139  0.000000  0.000000  0.000000  0.000000  0.000000 
1  166.027430  1.220494  1.221068  12.910000  0.110000 186.834959  60485.756284  -32268.891219  95.872765  68857.190750  2943.308450 25 13 166.027430  0.000000  0.000000  0.000000  0.000000  0.000000 
1  95.872765  1.219182  1.219182  12.910000  0.110000 119.797435  85499.221982  -35328.232944  108.860623  76331.564555  22977.793317 25 12 95.872765  0.000000  0.000000  0.000000  0.000000  0.000000 
1  108.860623  1.218922  1.218922  12.910000  0.110000 91.462433  15953.700984  -124941.970450  1.671463  57053.730804  -43238.022366 25 12 108.860623  0.000000  0.000000  0.000000  0.000000  0.000000 
1  1.671463  1.219115  1.219115  275.940002  0.050000 79.245614  83055.495940  65664.157687  207.480366  66554.190031  -2274.926084 25 13 1.671463  0.000000  0.000000  0.000000  0.000000  0.000000 
1  207.480366  1.219574  1.219574  275.940002  0.050000 340.527728  88423.429423  -79310.468032  210.684345  70855.564268  18685.453397 25 12 207.480366  0.000000  0.000000  0.000000  0.000000  0.000000 
1  210.684345  1.218933  1.218506  275.940002  0.050000 308.933317  73917.997057  16299.316125  68.493269  75128.834289  28310.503616 25 13 210.684345  0.000000  0.000000  0.000000  0.000000  0.000000 
1  68.493269  1.219269  1.219269  275.940002  0.050000 186.649284  94562.277364  105034.168507  26.157167  70162.901817  2924.251502 25 12 68.493269  0.000000  0.000000  0.000000  0.000000  0.000000 
1  26.157167  1.219028  1.219028  275.940002  0.050000 316.741184  85493.955663  20910.670193  37.279834  74479.598256  17714.351989 25 12 26.157167  0.000000  0.000000  0.000000  0.000000  0.000000 
1  37.279834  1.218240  1.218240  275.940002  0.050000 271.546918  42582.139854  -99379.435067  202.634932  58830.405333  -43353.744562 25 13 37.279834  0.000000  0.000000  0.000000  0.000000  0.000000 
1  202.634932  1.219513  1.219513  275.940002  0.050000 8.047315  64489.198793  146166.075742  284.041636  63055.283267  -19173.473837 25 12 202.634932  0.000000  0.000000  0.000000  0.000000  0.000000 
1  284.041636  1.218464  1.218564  275.940002  0.050000 73.691956  37695.075150  -96340.193940  233.005397  60898.963258  -26367.074906 25 12 284.041636  0.000000  0.000000  0.000000  0.000000  0.000000 
1  233.005397  1.217791  1.217791  275.940002  0.050000 233.630059  47110.353736  -68762.588861  221.908274  58273.465003  -30694.960265 25 13 233.005397  0.000000  0.000000  0.000000  0.000000  0.000000 
1  221.908274  1.219008  1.219008  275.940002  0.050000 224.807184  97819.303413  20150.266214  151.400443  77833.488742  42472.675314 25 12 221.908274  0.000000  0.000000  0.000000  0.000000  0.000000 
1  151.400443  1.218155  1.218155  282.850006  0.070000 337.205284  91294.674455  -48010.295093  43.929039  67270.270889  -3897.145441 25 12 151.400443  0.000000  0.000000  0.000000  0.000000  0.000000 
1  43.929039  1.218809  1.218809  282.850006  0.070000 325.944066  61254.984880  -39037.206001  104.387687  77076.803915  36200.995334 25 13 43.929039  0.000000  0.000000  0.000000  0.000000  0.000000 
1  104.387687  1.218258  1.218258  282.850006  0.070000 291.309289  89848.590560  92649.993499  86.223043  76733.310136  30688.517697 25 12 104.387687  0.000000  0.000000  0.000000  0.000000  0.000000 
1  86.223043  1.218258  1.218258  282.850006  0.070000 151.490920  102752.247440  128502.054533  120.875672  75622.425252  20609.415902 25 13 86.223043  0.000000  0.000000  0.000000  0.000000  0.000000 
1  120.875672  1.217729  1.217905  282.850006  0.070000 10.207692  58624.099910  -34757.718472  176.543088  62671.259307  -23083.786263 25 12 120.875672  0.000000  0.000000  0.000000  0.000000  0.000000 
1  176.543088  1.218126  1.218126  282.850006  0.070000 338.425358  100713.721570  -47052.174873  203.894309  84182.030951  57528.519224 25 12 176.543088  0.000000  0.000000  0.000000  0.000000  0.000000 
1  203.894309  1.220654  1.220654  282.850006  0.070000 325.440194  24462.332367  -190070.913126  84.881519  67957.401909  -15905.882502 25 13 203.894309  0.000000  0.000000  0.000000  0.000000  0.000000 
1  84.881519  1.219873  1.219873  282.850006  0.070000 346.373019  29658.928905  -266800.519257  9.346325  63775.289130  -29792.124312 26 12 84.881519  0.000000  0.000000  0.000000  0.000000  0.000000 
1  9.346325  1.218343  1.218343  282.850006  0.070000 349.327003  16692.765536  -59495.097833  248.787878  65501.808338  -13972.934678 25 12 9.346325  0.000000  0.000000  0.000000  0.000000  0.000000 
1  248.787878  1.219289  1.219289  282.850006  0.070000 3.496074  28423.022291  -159790.552180  276.936676  65867.019007  -11389.984236 24 13 248.787878  0.000000  0.000000  0.000000  0.000000  0.000000 
1  276.936676  1.219439  1.219439  281.890015  0.130000 41.663101  30663.395357  -1026.717497  341.124771  72442.663720  7681.643731 26 12 276.936676  0.000000  0.000000  0.000000  0.000000  0.000000 
1  341.124771  1.219037  1.219037  281.890015  0.130000 57.955146  52061.696711  9951.597275  179.224269  80277.030848  25803.876370 25 12 341.124771  0.000000  0.000000  0.000000  0.000000  0.000000 
1  179.224269  1.219126  1.219126  281.890015  0.130000 300.234724  57251.055153  -95105.490795  241.139110  74946.704219  -1418.275236 25 13 179.224269  0.000000  0.000000  0.000000  0.000000  0.000000 
1  241.139110  1.218726  1.218726  281.890015  0.130000 222.338568  83122.784537  -137355.227420  24.432353  69282.617623  -19199.997786 25 12 241.139110  0.000000  0.000000  0.000000  0.000000  0.000000 
1  24.432353  1.219318  1.219075  281.890015  0.130000 195.283311  52408.078544  -54312.659699  117.682014  54295.271404  -59660.297032 24 13 24.432353  0.000000  0.000000  0.000000  0.000000  0.000000 
1  117.682014  1.217525  1.217525  281.890015  0.130000 190.627581  89132.131137  -1719.056148  289.746466  77448.834892  32636.915076 26 12 117.682014  0.000000  0.000000  0.000000  0.000000  0.000000 
1  289.746466  1.218309  1.218309  281.890015  0.130000 357.130351  75989.883024  -29174.187581  107.116520  66982.959979  -12490.938622 25 12 289.746466  0.000000  0.000000  0.000000  0.000000  0.000000 
1  107.116520  1.219352  1.219352  281.890015  0.130000 71.118315  100095.161079  133152.587897  165.186986  66514.792738  -11099.921604 24 13 107.116520  0.000000  0.000000  0.000000  0.000000  0.000000 
1  165.186986  1.219166  1.219166  281.890015  0.130000 211.019850  70579.933160  -92370.241826  176.349967  80534.645850  32684.829251 26 12 165.186986  0.000000  0.000000  0.000000  0.000000  0.000000 
1  176.349967  1.219225  1.219225  281.890015  0.130000 158.571809  109835.776494  121056.793917  39.861194  74228.541672  6592.758895 25 12 176.349967  0.000000  0.000000  0.000000  0.000000  0.000000 
1  39.861194  1.218418  1.218418  281.790009  0.110000 128.312562  57955.938450  -146951.067452  201.875017  57357.245840  -52981.420441 25 13 39.861194  0.000000  0.000000  0.000000  0.000000  0.000000 
1  201.875017  1.217774  1.217774  281.790009  0.110000 13.002613  16255.024285  -100815.418915  249.853298  59668.792129  -30360.832131 25 12 201.875017  0.000000  0.000000  0.000000  0.000000  0.000000 
1  249.853298  1.217812  1.217812  281.790009  0.110000 35.223603  91917.970012  -51576.881204  34.539567  77733.545742  38539.212592 25 12 249.853298  0.000000  0.000000  0.000000  0.000000  0.000000 
1  34.539567  1.218554  1.218554  281.790009  0.110000 44.343716  62321.924814  -117158.493255  178.702373  72161.971527  4604.073926 25 13 34.539567  0.000000  0.000000  0.000000  0.000000  0.000000 
1  178.702373  1.218300  1.218300  281.790009  0.110000 143.788331  38534.827070  86046.190608  168.608691  52107.890532  -58940.291009 25 12 178.702373  0.000000  0.000000  0.000000  0.000000  0.000000 
1  168.608691  1.218250  1.218250  281.790009  0.110000 244.220033  30867.519018  -125243.650379  139.715863  59196.774463  -14469.251625 25 13 168.608691  0.000000  0.000000  0.000000  0.000000  0.000000 
1  139.715863  1.218335  1.218425  281.790009  0.110000 89.101214  97116.187942  44407.376345  51.284453  78474.632189  55015.368354 25 12 139.715863  0.000000  0.000000  0.000000  0.000000  0.000000 
1  51.284453  1.218277  1.218277  281.790009  0.110000 66.961500  81374.348449  149213.128993  335.729169  61388.865450  -20435.350352 25 12 51.284453  0.000000  0.000000  0.000000  0.000000  0.000000 
1  335.729169  1.219129  1.219129  281.790009  0.110000 6.807306  30454.511407  -49304.030574  313.039424  71141.280259  16224.705868 25 13 335.729169  0.000000  0.000000  0.000000  0.000000  0.000000 
1  313.039424  1.217730  1.217730  281.790009  0.110000 112.617017  121742.040697  26866.540196  260.569679  84948.078582  62326.806661 25 12 313.039424  0.000000  0.000000  0.000000  0.000000  0.000000 
1  260.569679  1.218860  1.218860  281.790009  0.110000 66.266237  80735.497723  -3892.187723  130.438832  74280.427466  6113.950812 25 12 260.569679  0.000000  0.000000  0.000000  0.000000  0.000000 
1  130.438832  1.218145  1.218145  281.790009  0.110000 34.916419  88398.310978  -10824.895296  202.303444  71694.833049  87.336902 25 13 130.438832  0.000000  0.000000  0.000000  0.000000  0.000000 
1  202.303444  1.219810  1.219810  281.790009  0.110000 302.111178  75464.108721  27503.623306  274.527592  81134.093994  35627.496405 25 12 202.303444  0.000000  0.000000  0.000000  0.000000  0.000000 
1  274.527592  1.218762  1.218762  309.779999  0.130000 264.886378  67992.008126  -1168.834838  340.191884  59652.019834  -41531.107817 25 13 274.527592  0.000000  0.000000  0.000000  0.000000  0.000000 
1  340.191884  1.220165  1.220165  309.779999  0.130000 291.852522  55797.514325  34085.850146  197.426452  56789.591018  -40711.042738 25 12 340.191884  0.000000  0.000000  0.000000  0.000000  0.000000 
1  197.426452  1.218466  1.218466  309.779999  0.130000 276.321738  109935.240558  -60849.314818  259.575067  77201.684617  43752.919994 25 12 197.426452  0.000000  0.000000  0.000000  0.000000  0.000000 
1  259.575067  1.218740  1.218740  309.779999  0.130000 292.451273  40587.324878  -134927.956104  237.534310  61582.728575  -23166.643954 25 13 259.575067  0.000000  0.000000  0.000000  0.000000  0.000000 
1  237.534310  1.218844  1.218844  309.779999  0.130000 23.030254  61951.409493  27813.162543  353.198666  53567.495296  -41003.020422 25 12 237.534310  0.000000  0.000000  0.000000  0.000000  0.000000 
1  353.198666  1.218639  1.218639  309.779999  0.130000 328.422798  71386.112265  48445.101245  75.808346  63346.798912  5277.125769 25 12 353.198666  0.000000  0.000000  0.000000  0.000000  0.000000 
1  75.808346  1.219602  1.219602  309.779999  0.130000 275.008039  76086.178205  -32456.890001  168.421038  64247.744681  2503.585544 25 13 75.808346  0.000000  0.000000  0.000000  0.000000  0.000000 
1  168.421038  1.218249  1.218249  266.339996  0.170000 49.547215  64494.486410  -121850.845848  165.303426  79509.029883  47691.447346 25 12 168.421038  0.000000  0.000000  0.000000  0.000000  0.000000 
1  165.303426  1.218464  1.218464  266.339996  0.170000 262.530013  63685.113133  -60760.310692  156.717086  75398.474743  19643.328677 25 12 165.303426  0.000000  0.000000  0.000000  0.000000  0.000000 
1  156.717086  1.219114  1.219114  266.339996  0.170000 124.566053  98546.103847  81133.611003  149.004277  75235.431877  15652.137505 25 13 156.717086  0.000000  0.000000  0.000000  0.000000  0.000000 
1  149.004277  1.217636  1.217636  266.339996  0.170000 336.698686  43195.709213  91166.737828  96.340908  63146.048092  -29643.074197 25 12 149.004277  0.000000  0.000000  0.000000  0.000000  0.000000 
1  96.340908  1.217981  1.217981  266.339996  0.170000 259.127434  55090.790117  -111688.415788  115.123507  73817.319794  9272.446393 25 13 96.340908  0.000000  0.000000  0.000000  0.000000  0.000000 
1  115.123507  1.219275  1.219021  266.339996  0.170000 156.256854  145634.135816  66907.686307  73.513525  81879.958757  40105.280987 25 12 115.123507  0.000000  0.000000  0.000000  0.000000  0.000000 
1  73.513525  1.218639  1.218639  266.339996  0.170000 135.067240  25149.924121  -41555.242841  239.940003  70039.299428  -11290.900111 25 12 73.513525  0.000000  0.000000  0.000000  0.000000  0.000000 
1  239.940003  1.218887  1.218887  266.339996  0.170000 105.313745  2210.769263  24657.463999  152.802861  68817.343123  -12925.004498 25 13 239.940003  0.000000  0.000000  0.000000  0.000000  0.000000 
1  152.802861  1.218149  1.218149  266.339996  0.170000 104.185700  73986.095532  -80839.580916  334.186367  66107.640845  -16406.730694 25 12 152.802861  0.000000  0.000000  0.000000  0.000000  0.000000 
1  334.186367  1.218100  1.218100  266.339996  0.170000 38.277662  110616.746347  -64487.029536  286.433911  66088.256180  -6975.645714 25 13 334.186367  0.000000  0.000000  0.000000  0.000000  0.000000 
1  286.433911  1.218881  1.218881  208.649994  0.150000 96.991086  77540.909701  -118428.692887  301.839473  76915.750481  28613.993766 25 12 286.433911  0.000000  0.000000  0.000000  0.000000  0.000000 
1  301.839473  1.217914  1.217914  208.649994  0.150000 285.003589  109323.883743  -108534.446698  66.313666  79954.645913  29807.479301 25 12 301.839473  0.000000  0.000000  0.000000  0.000000  0.000000 
1  66.313666  1.219524  1.219524  208.649994  0.150000 176.969114  88399.906292  -45338.752157  229.116918  70080.282182  -11373.719915 25 13 66.313666  0.000000  0.000000  0.000000  0.000000  0.000000 
1  229.116918  1.219291  1.219291  208.649994  0.150000 329.552728  58706.884780  -141121.916756  143.064960  63887.539925  -30866.847599 25 12 229.116918  0.000000  0.000000  0.000000  0.000000  0.000000 
1  143.064960  1.219147  1.219147  208.649994  0.150000 343.691099  9818.461940  -164854.057157  142.203093  65072.589135  -27080.593426 25 12 143.064960  0.000000  0.000000  0.000000  0.000000  0.000000 
1  142.203093  1.218681  1.218681  208.649994  0.150000 254.878843  38413.080269  -148185.446636  128.545825  72659.227408  6072.672475 25 13 142.203093  0.000000  0.000000  0.000000  0.000000  0.000000 
1  128.545825  1.220045  1.220045  208.649994  0.150000 40.383900  39727.799822  46635.643416  90.451975  73590.942064  6332.659693 25 12 128.545825  0.000000  0.000000  0.000000  0.000000  0.000000 
1  90.451975  1.220509  1.220509  208.649994  0.150000 286.245983  68256.689275  -21889.384003  154.146831  76322.124510  14723.478273 25 13 90.451975  0.000000  0.000000  0.000000  0.000000  0.000000 
1  154.146831  1.218976  1.218976  208.649994  0.150000 48.149797  77527.700500  81122.546295  85.976966  65003.754217  -27212.359127 25 12 154.146831  0.000000  0.000000  0.000000  0.000000  0.000000 
1  85.976966  1.218597  1.218602  208.649994  0.150000 6.464018  34584.469626  -169690.300989  105.467326  68868.007330  -3969.703612 25 12 85.976966  0.000000  0.000000  0.000000  0.000000  0.000000 
1  105.467326  1.218606  1.218606  123.800003  0.130000 156.298823  89133.169416  40914.912159  40.989810  70242.341225  7786.003551 25 13 105.467326  0.000000  0.000000  0.000000  0.000000  0.000000 
1  40.989810  1.219116  1.219116  123.800003  0.130000 155.126937  121014.223588  86183.774215  78.544906  83070.762415  50757.061868 25 12 40.989810  0.000000  0.000000  0.000000  0.000000  0.000000 
1  78.544906  1.218172  1.218172  123.800003  0.130000 24.220939  128775.918713  -15601.505808  223.597509  75074.424047  5554.442168 25 12 78.544906  0.000000  0.000000  0.000000  0.000000  0.000000 
1  223.597509  1.219307  1.219307  123.800003  0.130000 48.342582  24644.178211  119318.196354  137.060390  64062.617007  -31688.219834 25 13 223.597509  0.000000  0.000000  0.000000  0.000000  0.000000 
1  137.060390  1.218865  1.218865  123.800003  0.130000 92.786813  44631.814283  -57325.503834  283.785851  72996.982361  4648.202392 25 12 137.060390  0.000000  0.000000  0.000000  0.000000  0.000000 
1  283.785851  1.218597  1.218597  123.800003  0.130000 61.618990  90133.805401  87030.234204  225.081901  65618.195208  -18273.326583 25 13 283.785851  0.000000  0.000000  0.000000  0.000000  0.000000 
1  225.081901  1.218394  1.218394  123.800003  0.130000 301.766808  34792.440743  -23275.314631  176.294710  62575.410024  -25451.903922 25 12 225.081901  0.000000  0.000000  0.000000  0.000000  0.000000 
1  176.294710  1.218021  1.218021  123.800003  0.130000 309.833845  68118.012031  80564.026781  207.793818  72924.728700  12555.828195 25 12 176.294710  0.000000  0.000000  0.000000  0.000000  0.000000 
1  207.793818  1.220036  1.220036  123.800003  0.130000 24.914554  49828.314879  -96677.025965  156.360961  76091.324230  16053.928826 25 13 207.793818  0.000000  0.000000  0.000000  0.000000  0.000000 
1  156.360961  1.217802  1.217802  123.800003  0.130000 350.126743  50016.953846  46066.672369  295.754538  58241.697913  -42104.416264 25 12 156.360961  0.000000  0.000000  0.000000  0.000000  0.000000 
1  295.754538  1.217414  1.217414  83.400002  0.120000 167.723616  64764.576927  -62863.865408  260.193973  64912.396790  -6578.651725 25 12 295.754538  0.000000  0.000000  0.000000  0.000000  0.000000 
1  260.193973  1.219145  1.219177  83.400002  0.120000 7.887472  48545.746156  125099.945428  243.753004  62905.907326  -4963.393293 25 13 260.193973  0.000000  0.000000  0.000000  0.000000  0.000000 
1  243.753004  1.218942  1.218942  83.400002  0.120000 300.550399  103617.345257  -108681.892142  296.831396  63398.966797  -1349.192996 25 12 243.753004  0.000000  0.000000  0.000000  0.000000  0.000000 
1  296.831396  1.218767  1.218767  83.400002  0.120000 37.167500  73392.825410  31363.551551  197.645404  66536.941584  4251.422096 25 13 296.831396  0.000000  0.000000  0.000000  0.000000  0.000000 
1  197.645404  1.219017  1.219017  83.400002  0.120000 320.039174  59408.878094  -104968.536563  309.913040  57971.189187  -25415.886999 25 12 197.645404  0.000000  0.000000  0.000000  0.000000  0.000000 
1  309.913040  1.218755  1.218755  83.400002  0.120000 229.836753  145087.637710  92816.020588  76.202247  64487.296038  6414.581090 25 12 309.913040  0.000000  0.000000  0.000000  0.000000  0.000000 
1  76.202247  1.218628  1.218628  83.400002  0.120000 303.993029  135692.866950  297069.594236  70.666221  67124.264951  19872.558636 25 13 76.202247  0.000000  0.000000  0.000000  0.000000  0.000000 
1  70.666221  1.219426  1.219426  83.400002  0.120000 104.090600  74639.269527  -78853.024888  118.075924  60160.070715  -6894.710076 25 12 70.666221  0.000000  0.000000  0.000000  0.000000  0.000000 
1  118.075924  1.218577  1.218577  83.400002  0.120000 7.772752  82198.857381  -37692.548098  332.130885  70755.600971  29717.999971 25 12 118.075924  0.000000  0.000000  0.000000  0.000000  0.000000 
1  332.130885  1.220274  1.220274  83.400002  0.120000 54.430690  79693.122474  63617.425055  333.975879  75238.789807  35583.318559 25 13 332.130885  0.000000  0.000000  0.000000  0.000000  0.000000 
1  333.975879  1.219887  1.219887  83.400002  0.120000 339.803401  92755.289388  168662.443230  327.811024  76566.111654  35532.346891 25 12 333.975879  0.000000  0.000000  0.000000  0.000000  0.000000 
1  327.811024  1.218864  1.218864  83.400002  0.120000 31.202800  91649.164290  96506.992744  351.348593  63098.585051  -22026.548867 25 13 327.811024  0.000000  0.000000  0.000000  0.000000  0.000000 
1  351.348593  1.218021  1.218021  43.709999  0.170000 239.834324  39851.444966  175565.428714  303.278517  56845.034293  -40898.176436 25 12 351.348593  0.000000  0.000000  0.000000  0.000000  0.000000 
1  303.278517  1.220293  1.219943  43.709999  0.170000 208.757143  70036.437769  6059.463260  6.909706  55458.381385  -39989.184359 25 12 303.278517  0.000000  0.000000  0.000000  0.000000  0.000000 
1  6.909706  1.218852  1.218852  43.709999  0.170000 309.322212  79055.796060  59139.900597  270.649932  64595.102824  -2709.648588 25 13 6.909706  0.000000  0.000000  0.000000  0.000000  0.000000 
1  270.649932  1.219636  1.219636  43.709999  0.170000 187.468982  24650.236360  -35649.473687  296.316712  54875.309768  -33853.065207 25 12 270.649932  0.000000  0.000000  0.000000  0.000000  0.000000 
1  296.316712  1.217350  1.217350  43.709999  0.170000 74.016828  154323.343463  -40471.248001  9.886492  71071.188017  30110.186088 25 12 296.316712  0.000000  0.000000  0.000000  0.000000  0.000000 
1  9.886492  1.218882  1.218882  43.709999  0.170000 237.930811  35467.492633  -106621.753369  88.993589  56399.136689  -27180.172652 25 13 9.886492  0.000000  0.000000  0.000000  0.000000  0.000000 
1  88.993589  1.221387  1.221387  43.709999  0.170000 346.992833  78987.223057  69944.438125  343.768113  58674.570419  -4801.610573 25 12 88.993589  0.000000  0.000000  0.000000  0.000000  0.000000 
1  343.768113  1.217565  1.217565  43.709999  0.170000 103.383097  106178.549920  173643.798421  234.899558  71271.210717  36866.398410 25 13 343.768113  0.000000  0.000000  0.000000  0.000000  0.000000 
1  234.899558  1.219013  1.219013  17.780001  0.070000 289.208348  89130.497995  200685.703096  236.633812  74216.209150  41538.945170 25 12 234.899558  0.000000  0.000000  0.000000  0.000000  0.000000 
1  236.633812  1.218219  1.218219  17.780001  0.070000 190.465106  89869.425830  107293.015784  181.798670  71225.709034  20747.523905 25 12 236.633812  0.000000  0.000000  0.000000  0.000000  0.000000 
1  181.798670  1.218129  1.218129  17.780001  0.070000 164.082466  84519.857407  71102.340894  181.123249  68812.631819  11423.646078 25 13 181.798670  0.000000  0.000000  0.000000  0.000000  0.000000 
1  181.123249  1.218792  1.218792  17.780001  0.070000 207.007825  90559.903462  100610.570565  49.045078  78931.678249  39803.199218 25 12 181.123249  0.000000  0.000000  0.000000  0.000000  0.000000 
1  49.045078  1.218161  1.218161  17.780001  0.070000 160.728206  74143.397643  16646.823529  41.450131  72495.600813  14903.964856 25 13 49.045078  0.000000  0.000000  0.000000  0.000000  0.000000 
1  41.450131  1.219407  1.219611  17.780001  0.070000 177.005080  80373.624144  56248.573925  207.391843  62488.755514  -17048.019242 25 12 41.450131  0.000000  0.000000  0.000000  0.000000  0.000000 
1  207.391843  1.218819  1.218819  17.780001  0.070000 93.884886  29002.680580  95799.245963  53.788148  65199.929407  -4653.336966 25 12 207.391843  0.000000  0.000000  0.000000  0.000000  0.000000 
1  53.788148  1.218713  1.218713  17.780001  0.070000 175.382479  40591.210928  -112109.281179  115.923296  73257.194223  25263.469363 25 13 53.788148  0.000000  0.000000  0.000000  0.000000  0.000000 
1  115.923296  1.218726  1.218726  17.780001  0.070000 186.631103  54363.863947  -106166.841344  68.173747  72032.768409  15740.295966 25 12 115.923296  0.000000  0.000000  0.000000  0.000000  0.000000 
1  68.173747  1.219453  1.219453  17.780001  0.070000 129.885777  54335.080182  74993.557373  253.643694  74518.804951  7384.512300 25 12 68.173747  0.000000  0.000000  0.000000  0.000000  0.000000 
1  253.643694  1.218749  1.219046  200.619995  0.150000 49.214752  33113.377896  -157885.624862  184.295198  66806.643489  -30164.852622 25 13 253.643694  0.000000  0.000000  0.000000  0.000000  0.000000 
1  184.295198  1.218274  1.218274  200.619995  0.150000 328.726326  84782.129098  -187293.215484  270.069762  70095.965730  -9434.436711 25 12 184.295198  0.000000  0.000000  0.000000  0.000000  0.000000 
1  270.069762  1.220389  1.220389  200.619995  0.150000 263.217728  100921.233517  133651.242640  5.655101  60297.929202  -43889.279249 25 13 270.069762  0.000000  0.000000  0.000000  0.000000  0.000000 
1  5.655101  1.219164  1.219164  200.619995  0.150000 47.954695  75903.079684  23102.985525  295.533398  68049.150152  -4276.937942 25 12 5.655101  0.000000  0.000000  0.000000  0.000000  0.000000 
1  295.533398  1.219171  1.219171  200.619995  0.150000 155.072873  60130.390266  -80596.821926  211.194101  56682.499421  -37851.422632 25 12 295.533398  0.000000  0.000000  0.000000  0.000000  0.000000 
1  211.194101  1.217775  1.217775  200.619995  0.150000 15.047048  56875.562103  -34664.583644  358.302536  62954.361406  -11336.678233 25 13 211.194101  0.000000  0.000000  0.000000  0.000000  0.000000 
1  358.302536  1.219494  1.219494  200.619995  0.150000 22.707741  42769.665485  29600.326915  51.898671  64639.230695  -10404.535424 25 12 358.302536  0.000000  0.000000  0.000000  0.000000  0.000000 
1  51.898671  1.218449  1.218449  200.619995  0.150000 124.655744  78257.811339  72915.771009  129.075816  78784.506343  40230.327981 25 12 51.898671  0.000000  0.000000  0.000000  0.000000  0.000000 
1  129.075816  1.218400  1.218400  200.619995  0.150000 113.280279  146299.748091  311171.228154  116.788277  71821.583968  13530.653420 25 13 129.075816  0.000000  0.000000  0.000000  0.000000  0.000000 
1  116.788277  1.219776  1.219776  200.619995  0.150000 347.043990  80428.204472  64704.153583  35.467709  71235.281840  8109.591126 25 12 116.788277  0.000000  0.000000  0.000000  0.000000  0.000000 
1  35.467709  1.217914  1.217914  165.740005  0.040000 120.041296  70695.617022  6108.099787  293.062348  67751.425449  -3715.162718 25 13 35.467709  0.000000  0.000000  0.000000  0.000000  0.000000 
1  293.062348  1.218612  1.218612  165.740005  0.040000 0.561244  51489.786072  -51962.977355  323.373306  61378.637043  -19146.611513 25 12 293.062348  0.000000  0.000000  0.000000  0.000000  0.000000 
1  323.373306  1.218042  1.218088  165.740005  0.040000 320.263318  48651.711502  -119239.351058  349.227052  67837.111231  11240.474538 25 12 323.373306  0.000000  0.000000  0.000000  0.000000  0.000000 
1  349.227052  1.216999  1.216999  165.740005  0.040000 281.892926  115565.685929  194922.626644  86.366793  73459.467638  30806.063265 24 13 349.227052  0.000000  0.000000  0.000000  0.000000  0.000000 
1  86.366793  1.218744  1.218744  165.740005  0.040000 104.938062  55446.867220  91602.272985  58.669357  71175.966768  12721.529758 26 12 86.366793  0.000000  0.000000  0.000000  0.000000  0.000000 
1  58.669357  1.218311  1.218119  165.740005  0.040000 6.306788  67279.853559  65142.671043  8.403905  72121.610442  13536.830858 25 12 58.669357  0.000000  0.000000  0.000000  0.000000  0.000000 
1  8.403905  1.217876  1.217876  165.740005  0.040000 104.054992  72646.989674  28860.916164  129.132537  60463.503334  -23952.037615 25 13 8.403905  0.000000  0.000000  0.000000  0.000000  0.000000 
1  129.132537  1.219196  1.219196  165.740005  0.040000 197.907199  104336.500227  50097.092910  131.056291  68530.411661  7706.511112 25 12 129.132537  0.000000  0.000000  0.000000  0.000000  0.000000 
1  131.056291  1.218968  1.218968  165.740005  0.040000 124.147484  64608.240025  -161261.738415  10.430806  64495.552635  -12196.217694 25 12 131.056291  0.000000  0.000000  0.000000  0.000000  0.000000 
1  10.430806  1.218625  1.218625  165.740005  0.040000 120.240894  103608.899374  -46993.763785  96.688175  78534.776071  40401.330566 25 13 10.430806  0.000000  0.000000  0.000000  0.000000  0.000000 
1  96.688175  1.218622  1.218622  353.649994  0.110000 49.846973  86646.315657  57428.910816  10.924410  75103.650798  15696.137438 25 12 96.688175  0.000000  0.000000  0.000000  0.000000  0.000000 
1  10.924410  1.218874  1.218874  353.649994  0.110000 281.831584  103204.419310  112146.285107  261.264197  83076.006872  42472.065733 24 13 10.924410  0.000000  0.000000  0.000000  0.000000  0.000000 
1  261.264197  1.220533  1.220188  353.649994  0.110000 140.447928  109424.209255  -6434.059671  242.463610  75903.031725  13405.511267 26 12 261.264197  0.000000  0.000000  0.000000  0.000000  0.000000 
1  242.463610  1.218352  1.218352  353.649994  0.110000 300.724690  32936.980296  -36843.392079  245.474921  67612.727237  -14843.237912 25 12 242.463610  0.000000  0.000000  0.000000  0.000000  0.000000 
1  245.474921  1.219807  1.219807  353.649994  0.110000 312.514832  52793.948803  -53784.156728  142.298660  58348.352991  -41585.193932 25 13 245.474921  0.000000  0.000000  0.000000  0.000000  0.000000 
1  142.298660  1.219233  1.219233  353.649994  0.110000 248.910947  53165.272122  -260067.156749  155.878278  67496.467180  -10004.569092 25 12 142.298660  0.000000  0.000000  0.000000  0.000000  0.000000 
1  155.878278  1.219933  1.219933  353.649994  0.110000 290.867041  34030.348777  -243256.683515  166.964554  56060.154191  -43929.945038 25 12 155.878278  0.000000  0.000000  0.000000  0.000000  0.000000 
1  166.964554  1.218999  1.218999  353.649994  0.110000 27.363471  78986.103042  242654.375490  248.465992  71917.364049  24196.938252 25 13 166.964554  0.000000  0.000000  0.000000  0.000000  0.000000 
1  248.465992  1.218683  1.218683  353.649994  0.110000 296.707789  104237.014854  156627.600572  255.326408  66856.863990  -1552.803013 25 12 248.465992  0.000000  0.000000  0.000000  0.000000  0.000000 
1  255.326408  1.218309  1.218309  353.649994  0.110000 304.694860  65602.504991  -185666.550362  174.085769  61699.443156  -13833.943953 25 12 255.326408  0.000000  0.000000  0.000000  0.000000  0.000000 
1  174.085769  1.218895  1.218895  353.649994  0.110000 294.058807  99259.918685  55588.454748  98.706213  61918.679075  -1611.225256 25 13 174.085769  0.000000  0.000000  0.000000  0.000000  0.000000 
1  98.706213  1.218658  1.218658  353.649994  0.110000 70.523645  31060.697924  99974.973324  129.396214  68222.635887  26020.851013 25 12 98.706213  0.000000  0.000000  0.000000  0.000000  0.000000 
1  129.396214  1.218977  1.218977  346.320007  0.160000 68.388261  55860.586709  -33062.578244  98.104138  66030.943202  10643.581876 24 13 129.396214  0.000000  0.000000  0.000000  0.000000  0.000000 
1  98.104138  1.218585  1.218585  346.320007  0.160000 33.587489  80434.066288  -2200.752838  167.328794  63347.905936  943.375946 26 12 98.104138  0.000000  0.000000  0.000000  0.000000  0.000000 
1  167.328794  1.218653  1.218440  346.320007  0.160000 341.425447  53070.600424  -241561.992727  233.143095  71633.555763  26377.658091 25 12 167.328794  0.000000  0.000000  0.000000  0.000000  0.000000 
1  233.143095  1.217694  1.217694  346.320007  0.160000 359.582536  145616.343072  174049.669178  198.926603  69955.258204  27556.819384 25 13 233.143095  0.000000  0.000000  0.000000  0.000000  0.000000 
1  198.926603  1.219314  1.219314  346.320007  0.160000 261.015845  90569.037477  5817.955610  109.899373  70809.357153  18499.771266 25 12 198.926603  0.000000  0.000000  0.000000  0.000000  0.000000 
1  109.899373  1.218497  1.218497  346.320007  0.160000 229.307376  100613.653976  25692.828970  197.123666  67866.505445  8300.871280 25 12 109.899373  0.000000  0.000000  0.000000  0.000000  0.000000 
1  197.123666  1.218545  1.218545  346.320007  0.160000 286.260229  93473.485784  85991.352373  189.179236  79719.343096  43506.379205 25 13 197.123666  0.000000  0.000000  0.000000  0.000000  0.000000 
1  189.179236  1.218039  1.218039  346.320007  0.160000 281.783173  81034.048117  -45596.315142  117.311480  67329.355668  -13352.310143 25 12 189.179236  0.000000  0.000000  0.000000  0.000000  0.000000 
1  117.311480  1.218459  1.218459  310.690002  0.130000 308.535653  58469.610871  -533.181310  154.192840  72011.460998  5379.095256 25 12 117.311480  0.000000  0.000000  0.000000  0.000000  0.000000 
1  154.192840  1.218271  1.218271  310.690002  0.130000 19.402069  55814.088787  -137926.613108  70.349671  73255.165346  3971.385232 25 13 154.192840  0.000000  0.000000  0.000000  0.000000  0.000000 
1  70.349671  1.219294  1.219294  310.690002  0.130000 264.644800  52687.513926  61841.395252  19.950868  70989.383279  -10087.718306 25 12 70.349671  0.000000  0.000000  0.000000  0.000000  0.000000 
1  19.950868  1.219473  1.219473  310.690002  0.130000 173.469870  105374.872853  -28394.401774  313.828276  78104.709539  15282.291100 25 13 19.950868  0.000000  0.000000  0.000000  0.000000  0.000000 
1  313.828276  1.218454  1.218454  310.690002  0.130000 260.116382  94200.368130  -146973.460432  208.327376  67988.279588  -15229.233826 25 12 313.828276  0.000000  0.000000  0.000000  0.000000  0.000000 
1  208.327376  1.221448  1.221448  310.690002  0.130000 234.182222  85183.122240  5535.724730  162.983639  68374.632554  -5718.349246 25 12 208.327376  0.000000  0.000000  0.000000  0.000000  0.000000 
1  162.983639  1.219046  1.218844  310.690002  0.130000 179.693428  76092.017937  -57074.152260  116.599950  65107.569428  -17659.252997 25 13 162.983639  0.000000  0.000000  0.000000  0.000000  0.000000 
1  116.599950  1.218193  1.218193  310.690002  0.130000 170.229837  104025.507051  -47828.772439  99.666061  65977.915506  -2353.422519 25 12 116.599950  0.000000  0.000000  0.000000  0.000000  0.000000 
1  99.666061  1.218730  1.218730  310.690002  0.130000 235.217159  76643.322582  122735.692189  209.797233  67038.159292  9194.469715 25 12 99.666061  0.000000  0.000000  0.000000  0.000000  0.000000 
1  209.797233  1.221097  1.221097  310.690002  0.130000 276.472761  77529.071809  13061.611346  246.599581  67061.257881  9165.468031 25 13 209.797233  0.000000  0.000000  0.000000  0.000000  0.000000 
1  246.599581  1.218709  1.218709  300.339996  0.240000 243.047691  10031.634410  64655.046601  208.744001  58288.962991  -31230.198144 25 12 246.599581  0.000000  0.000000  0.000000  0.000000  0.000000 
1  208.744001  1.219029  1.219029  300.339996  0.240000 267.710463  54534.219521  -111552.305264  209.094915  61422.572718  -8979.517528 25 12 208.744001  0.000000  0.000000  0.000000  0.000000  0.000000 
1  209.094915  1.218219  1.218219  300.339996  0.240000 345.541021  64493.798475  40403.191018  188.354144  64763.906678  9719.907211 25 13 209.094915  0.000000  0.000000  0.000000  0.000000  0.000000 
1  188.354144  1.218824  1.218586  300.339996  0.240000 183.496076  26386.491990  -113861.426866  173.154679  43835.839252  -66116.801718 25 12 188.354144  0.000000  0.000000  0.000000  0.000000  0.000000 
1  173.154679  1.219497  1.219497  300.339996  0.240000 180.442486  65968.508041  -131613.006366  116.216175  57290.683983  1603.449484 25 13 173.154679  0.000000  0.000000  0.000000  0.000000  0.000000 
1  116.216175  1.218445  1.218445  300.339996  0.240000 194.867929  86943.109813  51915.620891  136.661544  59461.334401  10295.876842 25 12 116.216175  0.000000  0.000000  0.000000  0.000000  0.000000 
1  136.661544  1.216605  1.216605  300.339996  0.240000 205.744181  56665.377487  106114.955948  13.239371  67518.293555  34882.519816 25 12 136.661544  0.000000  0.000000  0.000000  0.000000  0.000000 
1  13.239371  1.218709  1.218709  300.339996  0.240000 63.865041  87673.684907  -27285.536264  146.856263  70178.894717  36276.341519 25 13 13.239371  0.000000  0.000000  0.000000  0.000000  0.000000 
1  146.856263  1.218780  1.218780  300.339996  0.240000 17.842853  100742.034018  45893.560127  168.983855  71776.438155  35236.358964 25 12 146.856263  0.000000  0.000000  0.000000  0.000000  0.000000 
1  168.983855  1.218395  1.218395  300.339996  0.240000 229.470065  44374.991621  -59241.786022  12.483575  57309.184713  -21712.450426 25 12 168.983855  0.000000  0.000000  0.000000  0.000000  0.000000 
1  12.483575  1.218205  1.218205  305.670013  0.230000 217.119699  59418.214128  -57404.864511  59.113858  69071.982982  19978.618889 25 12 12.483575  0.000000  0.000000  0.000000  0.000000  0.000000 
1  59.113858  1.218487  1.218487  305.670013  0.230000 208.748000  46676.690134  -17495.407474  322.702916  66786.682606  9110.920774 25 12 59.113858  0.000000  0.000000  0.000000  0.000000  0.000000 
1  322.702916  1.220047  1.220047  305.670013  0.230000 163.586561  66653.773886  170908.652521  325.833288  68864.545985  8374.837770 25 13 322.702916  0.000000  0.000000  0.000000  0.000000  0.000000 
1  325.833288  1.218185  1.218185  305.670013  0.230000 247.639454  59425.217436  184632.427825  101.044237  68124.475653  3235.393702 25 12 325.833288  0.000000  0.000000  0.000000  0.000000  0.000000 
1  101.044237  1.218846  1.218846  305.670013  0.230000 212.511754  32851.667282  78262.149011  39.600495  61814.073156  -23920.069225 25 12 101.044237  0.000000  0.000000  0.000000  0.000000  0.000000 
1  39.600495  1.220622  1.220133  305.670013  0.230000 114.560112  79705.271876  98755.714874  108.486394  63499.263194  -12497.389051 25 13 39.600495  0.000000  0.000000  0.000000  0.000000  0.000000 
1  108.486394  1.218651  1.218651  305.670013  0.230000 61.874070  60843.033813  -30357.028352  124.578903  69807.873232  7818.912488 25 12 108.486394  0.000000  0.000000  0.000000  0.000000  0.000000 
1  124.578903  1.218109  1.218109  305.670013  0.230000 138.761327  58530.762399  -26848.619053  210.009269  58776.957622  -33061.013738 25 13 124.578903  0.000000  0.000000  0.000000  0.000000  0.000000 
1  210.009269  1.218198  1.218198  305.670013  0.230000 308.360296  99264.343768  -32556.174061  83.148404  69447.835038  11668.419523 25 12 210.009269  0.000000  0.000000  0.000000  0.000000  0.000000 
1  83.148404  1.219308  1.219308  305.670013  0.230000 78.871163  86632.266260  -35692.378596  56.615567  63203.285192  -12236.593183 25 12 83.148404  0.000000  0.000000  0.000000  0.000000  0.000000 
1  56.615567  1.218120  1.218339  252.110001  0.260000 34.539185  81885.913461  -165012.536291  5.991243  60549.643184  -15764.001485 25 13 56.615567  0.000000  0.000000  0.000000  0.000000  0.000000 
1  5.991243  1.218907  1.218907  252.110001  0.260000 50.646223  82621.438009  147771.239273  59.577557  67896.181211  16011.266495 25 12 5.991243  0.000000  0.000000  0.000000  0.000000  0.000000 
1  59.577557  1.218647  1.217662  252.110001  0.260000 154.764028  110855.825036  188085.805527  16.761131  67854.918307  12231.631625 25 13 59.577557  0.000000  0.000000  0.000000  0.000000  0.000000 
1  16.761131  1.217785  1.217785  252.110001  0.260000 340.109085  126070.955575  158097.094612  80.963471  66190.587339  12768.790378 25 12 16.761131  0.000000  0.000000  0.000000  0.000000  0.000000 
1  80.963471  1.217733  1.217733  252.110001  0.260000 330.854399  55443.394381  104360.699005  178.362039  68921.083701  18737.195160 25 12 80.963471  0.000000  0.000000  0.000000  0.000000  0.000000 
1  178.362039  1.217542  1.217542  252.110001  0.260000 1.563442  28166.965450  -123484.574920  124.850369  48649.752894  -56968.573463 25 13 178.362039  0.000000  0.000000  0.000000  0.000000  0.000000 
1  124.850369  1.220355  1.220355  252.110001  0.260000 326.109444  14514.757202  -204653.931745  270.015817  55007.672706  -31023.287252 25 12 124.850369  0.000000  0.000000  0.000000  0.000000  0.000000 
1  270.015817  1.218957  1.218868  252.110001  0.260000 331.338804  39145.935588  -55331.456450  261.232602  49178.662855  -46580.882941 25 12 270.015817  0.000000  0.000000  0.000000  0.000000  0.000000 
1  261.232602  1.218212  1.218212  252.110001  0.260000 339.478968  60597.196105  1235.465992  18.116099  63609.670208  18628.417476 25 13 261.232602  0.000000  0.000000  0.000000  0.000000  0.000000 
1  18.116099  1.219073  1.219073  252.110001  0.260000 310.075349  62318.964140  -4064.517839  214.794523  51032.087055  -33282.354262 25 12 18.116099  0.000000  0.000000  0.000000  0.000000  0.000000 
1  214.794523  1.219784  1.219784  252.110001  0.260000 73.777222  80934.035731  128660.037973  170.673013  64516.552566  23211.304670 25 12 214.794523  0.000000  0.000000  0.000000  0.000000  0.000000 
1  170.673013  1.220804  1.220804  252.110001  0.260000 94.345206  79696.591467  -48193.325070  122.761411  59729.278284  -100.250146 25 13 170.673013  0.000000  0.000000  0.000000  0.000000  0.000000 
1  122.761411  1.217759  1.217360  252.110001  0.260000 95.726701  120272.711683  -194783.995594  191.372568  62955.031482  17537.554866 25 12 122.761411  0.000000  0.000000  0.000000  0.000000  0.000000 
1  191.372568  1.218446  1.218446  229.679993  0.360000 253.368935  66732.148648  18939.594177  89.662893  68068.887631  30838.866490 25 13 191.372568  0.000000  0.000000  0.000000  0.000000  0.000000 
1  89.662893  1.218284  1.218284  229.679993  0.360000 250.379803  92027.582193  -142301.526965  4.318239  68219.682089  19171.388750 25 12 89.662893  0.000000  0.000000  0.000000  0.000000  0.000000 
1  4.318239  1.219051  1.219051  229.679993  0.360000 243.474414  56084.999494  -31570.907233  286.395293  67350.193024  18129.041683 25 12 4.318239  0.000000  0.000000  0.000000  0.000000  0.000000 
1  286.395293  1.218966  1.218966  229.679993  0.360000 354.279685  84486.703806  85733.176431  321.873467  65195.565677  8993.957781 25 13 286.395293  0.000000  0.000000  0.000000  0.000000  0.000000 
1  321.873467  1.219370  1.219370  229.679993  0.360000 338.113419  99274.510266  14509.760651  273.794201  59918.752819  -5253.757329 25 12 321.873467  0.000000  0.000000  0.000000  0.000000  0.000000 
1  273.794201  1.217842  1.217842  229.679993  0.360000 43.411109  26357.728755  -43492.764020  244.980248  53570.362166  -23903.342226 25 12 273.794201  0.000000  0.000000  0.000000  0.000000  0.000000 
1  244.980248  1.218002  1.218121  229.679993  0.360000 49.717813  81476.628324  104978.844389  278.180409  55711.367563  -5652.392376 25 13 244.980248  0.000000  0.000000  0.000000  0.000000  0.000000 
1  278.180409  1.219030  1.219030  203.160004  0.150000 335.714370  48569.182082  -2538.200414  211.466851  61339.367682  11392.560444 25 12 278.180409  0.000000  0.000000  0.000000  0.000000  0.000000 
1  211.466851  1.216998  1.216998  203.160004  0.150000 352.405176  17955.443562  -154816.791486  221.308398  47138.166428  -47904.622151 25 13 211.466851  0.000000  0.000000  0.000000  0.000000  0.000000 
1  221.308398  1.220033  1.220033  203.160004  0.150000 262.665315  92748.854040  116518.058238  241.244210  61699.147212  17424.885380 25 12 221.308398  0.000000  0.000000  0.000000  0.000000  0.000000 
1  241.244210  1.218409  1.218409  203.160004  0.150000 172.768989  48556.546145  41457.814338  259.617354  58858.291211  3505.614291 25 12 241.244210  0.000000  0.000000  0.000000  0.000000  0.000000 
1  259.617354  1.217099  1.217099  203.160004  0.150000 316.519498  25911.091556  -123380.191175  272.612279  55253.743813  -10639.347286 25 13 259.617354  0.000000  0.000000  0.000000  0.000000  0.000000 
1  272.612279  1.219625  1.219625  203.160004  0.150000 295.487956  52895.808518  119885.507374  240.696126  49019.036068  -31527.651138 25 12 272.612279  0.000000  0.000000  0.000000  0.000000  0.000000 
1  240.696126  1.218882  1.218716  203.160004  0.150000 354.028908  11616.813880  -36387.912893  189.141774  55847.756985  -9275.400961 25 12 240.696126  0.000000  0.000000  0.000000  0.000000  0.000000 
1  189.141774  1.218718  1.218718  203.160004  0.150000 210.773336  45224.725251  -24150.718624  249.445429  41655.400533  -49005.191153 25 13 189.141774  0.000000  0.000000  0.000000  0.000000  0.000000 
1  249.445429  1.219351  1.219351  203.160004  0.150000 224.243536  48567.990888  97422.469020  281.285569  52552.760735  -1351.199817 25 12 249.445429  0.000000  0.000000  0.000000  0.000000  0.000000 
1  281.285569  1.219728  1.219728  203.160004  0.150000 275.823481  66594.505653  26704.903879  359.749736  72633.185157  65089.494484 25 13 281.285569  0.000000  0.000000  0.000000  0.000000  0.000000 
1  359.749736  1.219573  1.219573  121.589996  0.080000 319.637987  80815.493317  70552.225063  320.174217  75493.070983  57568.594742 25 12 359.749736  0.000000  0.000000  0.000000  0.000000  0.000000 
1  320.174217  1.220137  1.219744  121.589996  0.080000 257.050670  43488.659221  -51180.668556  290.172977  59054.438678  -11080.585028 25 12 320.174217  0.000000  0.000000  0.000000  0.000000  0.000000 
1  290.172977  1.219427  1.219427  121.589996  0.080000 13.794067  86807.789056  102174.598548  266.735109  65243.286809  17434.768468 25 13 290.172977  0.000000  0.000000  0.000000  0.000000  0.000000 
1  266.735109  1.218635  1.218635  121.589996  0.080000 340.963165  49297.031282  -48761.280142  170.442895  61227.995462  2015.253717 25 12 266.735109  0.000000  0.000000  0.000000  0.000000  0.000000 
1  170.442895  1.218944  1.218944  121.589996  0.080000 310.556463  38413.664842  43396.509835  145.430943  54497.608328  -26204.310392 25 12 170.442895  0.000000  0.000000  0.000000  0.000000  0.000000 
1  145.430943  1.218013  1.218013  121.589996  0.080000 325.095295  90471.198093  114649.921499  184.331759  65332.793030  13920.860406 25 13 145.430943  0.000000  0.000000  0.000000  0.000000  0.000000 
1  184.331759  1.218609  1.218977  121.589996  0.080000 214.477664  61591.529881  28694.727406  248.350573  65879.095874  7506.194922 25 12 184.331759  0.000000  0.000000  0.000000  0.000000  0.000000 
1  248.350573  1.218973  1.218973  121.589996  0.080000 348.173489  25567.568845  -149580.685146  338.117126  58693.160988  -19953.803871 25 13 248.350573  0.000000  0.000000  0.000000  0.000000  0.000000 
1  338.117126  1.219372  1.219372  121.589996  0.080000 107.491816  107152.840671  167093.021711  351.805704  73672.570065  43699.874476 26 12 338.117126  0.000000  0.000000  0.000000  0.000000  0.000000 
1  351.805704  1.218557  1.218557  121.589996  0.080000 352.041509  76801.932642  -14718.974441  27.657063  53527.853920  -36845.199424 25 12 351.805704  0.000000  0.000000  0.000000  0.000000  0.000000 
1  27.657063  1.218009  1.218009  159.710007  0.140000 62.280647  69728.007087  36721.280544  343.343760  59572.778982  -7670.697336 24 13 27.657063  0.000000  0.000000  0.000000  0.000000  0.000000 
1  343.343760  1.219362  1.219362  159.710007  0.140000 178.735411  28163.482324  -94185.332970  355.553845  53363.871373  -35348.115372 26 12 343.343760  0.000000  0.000000  0.000000  0.000000  0.000000 
1  355.553845  1.219062  1.219062  159.710007  0.140000 232.175829  5098.020592  -31538.198318  355.413615  69611.420915  24206.124355 25 12 355.553845  0.000000  0.000000  0.000000  0.000000  0.000000 
1  355.413615  1.217296  1.217501  159.710007  0.140000 168.951497  51132.053965  -45758.888884  308.847827  58891.165096  -16578.955758 24 13 355.413615  0.000000  0.000000  0.000000  0.000000  0.000000 
1  308.847827  1.218458  1.218458  159.710007  0.140000 5.412901  92016.071876  -112802.810807  168.364010  64203.826632  7255.495970 26 12 308.847827  0.000000  0.000000  0.000000  0.000000  0.000000 
1  168.364010  1.217847  1.217847  159.710007  0.140000 119.889735  77649.490520  -47481.316430  283.553938  50307.620564  -36180.043271 24 12 168.364010  0.000000  0.000000  0.000000  0.000000  0.000000 
1  283.553938  1.218360  1.218360  159.710007  0.140000 356.010484  78635.660405  83982.180435  3.950631  58182.389440  2348.191009 25 13 283.553938  0.000000  0.000000  0.000000  0.000000  0.000000 
1  3.950631  1.218252  1.218252  159.710007  0.140000 66.296976  51476.044944  207396.558262  274.073067  64176.263429  22880.508690 25 12 3.950631  0.000000  0.000000  0.000000  0.000000  0.000000 
1  274.073067  1.217610  1.217610  159.710007  0.140000 159.254187  28988.866075  -119786.308451  238.571598  56390.012771  -12924.836139 24 13 274.073067  0.000000  0.000000  0.000000  0.000000  0.000000 
1  238.571598  1.219796  1.219796  159.710007  0.140000 159.880788  111690.247889  209457.682053  230.483485  62409.034250  14351.159901 26 12 238.571598  0.000000  0.000000  0.000000  0.000000  0.000000 
1  230.483485  1.218229  1.218424  159.460007  0.170000 246.287590  103412.974973  109705.684714  94.811425  71422.417662  44185.907337 25 12 230.483485  0.000000  0.000000  0.000000  0.000000  0.000000 
1  94.811425  1.218431  1.218431  159.460007  0.170000 286.861262  18637.742738  -176208.071499  27.314463  59452.511771  -10440.597367 24 13 94.811425  0.000000  0.000000  0.000000  0.000000  0.000000 
1  27.314463  1.218551  1.218551  159.460007  0.170000 197.154843  88834.914713  -93032.806727  53.678955  60973.025686  -3084.128644 26 12 27.314463  0.000000  0.000000  0.000000  0.000000  0.000000 
1  53.678955  1.220307  1.220307  159.460007  0.170000 204.046704  91989.169006  89582.735518  43.253783  83612.490694  77472.533634 25 12 53.678955  0.000000  0.000000  0.000000  0.000000  0.000000 
1  43.253783  1.219544  1.219544  159.460007  0.170000 219.487938  73199.953920  -108382.681216  54.547515  72555.004136  16368.892628 25 13 43.253783  0.000000  0.000000  0.000000  0.000000  0.000000 
1  54.547515  1.218231  1.218231  159.460007  0.170000 285.155832  5996.159013  -133013.504985  63.990426  63192.774257  -26156.344361 25 12 54.547515  0.000000  0.000000  0.000000  0.000000  0.000000 
1  63.990426  1.220592  1.220592  159.460007  0.170000 31.076639  121031.920248  34305.889341  346.893826  63196.391665  -8023.456537 25 12 63.990426  0.000000  0.000000  0.000000  0.000000  0.000000 
1  346.893826  1.219746  1.219746  159.460007  0.170000 307.603376  71735.963094  24919.502526  109.405489  65267.541336  1649.483833 25 13 346.893826  0.000000  0.000000  0.000000  0.000000  0.000000 
1  109.405489  1.218492  1.218492  159.460007  0.170000 259.273261  71442.561146  -141867.672778  192.689183  64570.484683  913.545201 25 12 109.405489  0.000000  0.000000  0.000000  0.000000  0.000000 
1  192.689183  1.217842  1.217842  159.460007  0.170000 279.876761  43461.701691  -64420.565982  223.081918  51124.782539  -40850.948628 24 13 192.689183  0.000000  0.000000  0.000000  0.000000  0.000000 
1  223.081918  1.218032  1.217876  159.460007  0.170000 301.026908  57227.728313  289563.242694  133.512761  58229.078234  -6442.500947 26 12 223.081918  0.000000  0.000000  0.000000  0.000000  0.000000 
1  133.512761  1.219202  1.219202  159.460007  0.170000 175.108097  51905.411649  -18799.682485  163.919621  54939.935413  -13151.527622 25 12 133.512761  0.000000  0.000000  0.000000  0.000000  0.000000 
1  163.919621  1.217885  1.217885  156.690002  0.080000 116.222817  52438.167827  -22301.046080  55.115489  58305.448642  2044.938407 25 13 163.919621  0.000000  0.000000  0.000000  0.000000  0.000000 
1  55.115489  1.219111  1.219111  156.690002  0.080000 195.096687  85496.832020  39789.987243  143.580425  54539.739862  -3742.100802 25 12 55.115489  0.000000  0.000000  0.000000  0.000000  0.000000 
1  143.580425  1.218128  1.218128  156.690002  0.080000 356.718923  58384.826796  -143518.616877  165.079126  44420.810227  -32101.337073 25 12 143.580425  0.000000  0.000000  0.000000  0.000000  0.000000 
1  165.079126  1.218202  1.218202  156.690002  0.080000 315.507967  29728.661306  -127756.011754  289.324141  58088.904676  18047.067241 25 13 165.079126  0.000000  0.000000  0.000000  0.000000  0.000000 
1  289.324141  1.218243  1.218243  156.690002  0.080000 354.095210  73701.936658  81823.867470  192.114058  61267.870446  21329.387536 25 12 289.324141  0.000000  0.000000  0.000000  0.000000  0.000000 
1  192.114058  1.217885  1.218446  156.690002  0.080000 339.452533  68054.029812  -27062.479558  336.716549  67034.231199  27234.692251 25 12 192.114058  0.000000  0.000000  0.000000  0.000000  0.000000 
1  336.716549  1.219114  1.219114  156.690002  0.080000 148.437323  23900.934396  -72376.776078  270.035291  61039.106955  -4475.921490 25 13 336.716549  0.000000  0.000000  0.000000  0.000000  0.000000 
1  270.035291  1.218759  1.218759  156.690002  0.080000 58.532400  49276.960151  -68796.827351  171.327381  61679.185269  -899.286968 25 12 270.035291  0.000000  0.000000  0.000000  0.000000  0.000000 
1  171.327381  1.219256  1.219256  215.720001  0.090000 171.002749  63048.386497  -172921.636082  205.519078  64411.103231  7772.861426 25 13 171.327381  0.000000  0.000000  0.000000  0.000000  0.000000 
