mode yawCmd rudderSet rudderIs gpsCourse gpsSpeed cY cW cWd mY mW mWd accGyroCount magCount psid psiTilde rTilde integralPsiTilde rudderMoment tauFF 
1  0.000000  1.215784  1.215784  8560223689636515985252699200213999067037519745355716816664053489528253580419702400854962645090966642304797818818932304529304940039582653881863504159848754784750730474888518523791506973466102070405475556555167483090930049826137957898284446229733967322036940182650880.000000  0.000000 32.440304  1.052597  0.972013  15.618229  0.915552  0.189505 447 222 0.000000  0.000000  0.000000  0.000000  0.000000  0.000000 
1  15.618229  1.217184  1.217184  8560223689636515985252699200213999067037519745355716816664053489528253580419702400854962645090966642304797818818932304529304940039582653881863504159848754784750730474888518523791506973466102070405475556555167483090930049826137957898284446229733967322036940182650880.000000  0.000000 36.008081  0.712376  0.823613  17.692651  0.843467  -0.062079 25 12 15.618229  0.000000  0.000000  0.000000  0.000000  0.000000 
1  17.692651  1.218385  1.218385  8560223689636515985252699200213999067037519745355716816664053489528253580419702400854962645090966642304797818818932304529304940039582653881863504159848754784750730474888518523791506973466102070405475556555167483090930049826137957898284446229733967322036940182650880.000000  0.000000 39.786332  0.846744  -0.258659  19.809352  0.942734  0.309561 25 13 17.692651  0.000000  0.000000  0.000000  0.000000  0.000000 
1  19.809352  1.219338  1.219338  8560223689636515985252699200213999067037519745355716816664053489528253580419702400854962645090966642304797818818932304529304940039582653881863504159848754784750730474888518523791506973466102070405475556555167483090930049826137957898284446229733967322036940182650880.000000  0.000000 43.644938  0.830407  1.031967  22.129143  0.962639  0.247057 25 12 19.809352  0.000000  0.000000  0.000000  0.000000  0.000000 
1  22.129143  1.219119  1.219119  8560223689636515985252699200213999067037519745355716816664053489528253580419702400854962645090966642304797818818932304529304940039582653881863504159848754784750730474888518523791506973466102070405475556555167483090930049826137957898284446229733967322036940182650880.000000  0.000000 47.455943  0.872294  1.155805  24.480345  1.045468  0.452734 25 12 22.129143  0.000000  0.000000  0.000000  0.000000  0.000000 
1  24.480345  1.219734  1.219734  8560223689636515985252699200213999067037519745355716816664053489528253580419702400854962645090966642304797818818932304529304940039582653881863504159848754784750730474888518523791506973466102070405475556555167483090930049826137957898284446229733967322036940182650880.000000  0.000000 51.702290  0.656281  -0.236095  26.826962  1.099245  0.461255 25 13 24.480345  0.000000  0.000000  0.000000  0.000000  0.000000 
1  26.826962  1.219394  1.219234  8560223689636515985252699200213999067037519745355716816664053489528253580419702400854962645090966642304797818818932304529304940039582653881863504159848754784750730474888518523791506973466102070405475556555167483090930049826137957898284446229733967322036940182650880.000000  0.000000 55.934387  0.980004  0.319819  29.163657  1.072393  0.234880 25 12 26.826962  0.000000  0.000000  0.000000  0.000000  0.000000 
1  29.163657  1.219394  1.219394  8560223689636515985252699200213999067037519745355716816664053489528253580419702400854962645090966642304797818818932304529304940039582653881863504159848754784750730474888518523791506973466102070405475556555167483090930049826137957898284446229733967322036940182650880.000000  0.000000 59.970563  0.611999  0.087847  31.594465  1.014611  -0.034526 25 12 29.163657  0.000000  0.000000  0.000000  0.000000  0.000000 
1  31.594465  1.218845  1.218845  37.950001  0.330000 64.413400  1.312187  0.737967  34.025916  1.262309  0.836342 25 13 31.594465  0.000000  0.000000  0.000000  0.000000  0.000000 
1  34.025916  1.219057  1.219057  37.950001  0.330000 68.787742  0.571309  -0.886235  36.492644  1.197650  0.413356 25 12 34.025916  0.000000  0.000000  0.000000  0.000000  0.000000 
1  36.492644  1.219503  1.219503  37.950001  0.330000 72.955996  0.203155  0.105870  38.931616  1.210751  0.283449 25 12 36.492644  0.000000  0.000000  0.000000  0.000000  0.000000 
1  38.931616  1.219511  1.219575  37.950001  0.330000 77.453794  0.747510  0.764081  41.409365  1.214491  0.226290 25 13 38.931616  0.000000  0.000000  0.000000  0.000000  0.000000 
1  41.409365  1.217673  1.217673  37.950001  0.330000 81.823440  0.999300  -2.147263  43.915132  1.191119  0.002548 25 12 41.409365  0.000000  0.000000  0.000000  0.000000  0.000000 
1  43.915132  1.219071  1.219071  37.950001  0.330000 86.217603  0.625610  0.765221  46.428160  1.313616  0.431582 25 13 43.915132  0.000000  0.000000  0.000000  0.000000  0.000000 
1  46.428160  1.216953  1.216953  37.950001  0.330000 90.296287  1.014705  -0.112129  48.955739  1.361067  0.433140 25 12 46.428160  0.000000  0.000000  0.000000  0.000000  0.000000 
1  48.955739  1.219622  1.219622  37.950001  0.330000 94.467174  0.844469  -1.411473  51.504664  1.362557  0.379389 25 12 48.955739  0.000000  0.000000  0.000000  0.000000  0.000000 
1  51.504664  1.218695  1.218695  37.950001  0.330000 98.568360  0.671586  0.128395  54.012491  1.365611  0.311104 25 13 51.504664  0.000000  0.000000  0.000000  0.000000  0.000000 
1  54.012491  1.217565  1.217565  37.950001  0.330000 102.345514  0.799669  -0.549179  56.498944  1.491598  0.590453 25 12 54.012491  0.000000  0.000000  0.000000  0.000000  0.000000 
1  56.498944  1.219159  1.219159  37.950001  0.330000 105.997529  0.518350  -1.537480  59.014459  1.361765  -0.024332 25 12 56.498944  0.000000  0.000000  0.000000  0.000000  0.000000 
1  59.014459  1.220181  1.220181  37.950001  0.330000 109.723135  1.006822  0.716591  61.555314  1.381789  0.034780 25 13 59.014459  0.000000  0.000000  0.000000  0.000000  0.000000 
1  61.555314  1.219542  1.219542  37.950001  0.330000 113.139685  0.777899  -0.838649  64.059252  1.525585  0.499721 25 12 61.555314  0.000000  0.000000  0.000000  0.000000  0.000000 
1  64.059252  1.220073  1.220073  33.950001  0.370000 116.334208  1.043737  1.175486  66.624261  1.657809  0.891588 25 13 64.059252  0.000000  0.000000  0.000000  0.000000  0.000000 
1  66.624261  1.218784  1.218784  33.950001  0.370000 119.411348  0.701859  -0.056134  69.081776  1.588347  0.367503 25 12 66.624261  0.000000  0.000000  0.000000  0.000000  0.000000 
1  69.081776  1.218687  1.218670  33.950001  0.370000 122.299038  0.645505  -0.386089  71.560604  1.561925  0.178279 25 12 69.081776  0.000000  0.000000  0.000000  0.000000  0.000000 
1  71.560604  1.218712  1.218712  33.950001  0.370000 125.071786  0.328268  -1.453415  74.051561  1.571110  0.079825 25 13 71.560604  0.000000  0.000000  0.000000  0.000000  0.000000 
1  74.051561  1.218425  1.218425  33.950001  0.370000 127.503940  0.435148  -1.832895  76.491693  1.562772  0.007568 25 12 74.051561  0.000000  0.000000  0.000000  0.000000  0.000000 
1  76.491693  1.218573  1.218573  33.950001  0.370000 129.884360  0.777903  -1.073821  78.925211  1.541073  -0.074780 25 12 76.491693  0.000000  0.000000  0.000000  0.000000  0.000000 
1  78.925211  1.218928  1.218928  33.950001  0.370000 132.161994  0.534063  -1.212171  81.347367  1.617916  0.200337 25 13 78.925211  0.000000  0.000000  0.000000  0.000000  0.000000 
1  81.347367  1.218436  1.218436  19.280001  0.360000 134.155137  0.518716  -1.493926  83.740285  1.513857  -0.284532 25 12 81.347367  0.000000  0.000000  0.000000  0.000000  0.000000 
1  83.740285  1.219029  1.219029  19.280001  0.360000 136.031325  1.100128  0.676212  86.083903  1.638965  0.186553 25 12 83.740285  0.000000  0.000000  0.000000  0.000000  0.000000 
1  86.083903  1.217139  1.217305  19.280001  0.360000 137.871931  0.541834  -2.295018  88.468496  1.789110  0.577224 25 13 86.083903  0.000000  0.000000  0.000000  0.000000  0.000000 
1  88.468496  1.217291  1.217291  19.280001  0.360000 139.568661  0.537798  1.804206  90.843105  1.773448  0.294516 25 12 88.468496  0.000000  0.000000  0.000000  0.000000  0.000000 
1  90.843105  1.225793  1.225793  19.280001  0.360000 141.124420  0.892102  0.850073  93.233538  1.913625  0.754183 25 13 90.843105  0.000000  0.000000  0.000000  0.000000  0.000000 
1  93.233538  1.219231  1.219231  19.280001  0.360000 142.523773  0.465431  -0.830230  95.499760  1.696543  -0.214890 25 12 93.233538  0.000000  0.000000  0.000000  0.000000  0.000000 
1  95.499760  1.219518  1.219518  19.280001  0.360000 143.865397  0.905203  -0.418648  97.798885  1.842522  0.374886 25 12 95.499760  0.000000  0.000000  0.000000  0.000000  0.000000 
1  97.798885  1.219985  1.219875  19.280001  0.360000 145.026276  0.734390  0.488537  100.124983  1.836389  0.253422 25 13 97.798885  0.000000  0.000000  0.000000  0.000000  0.000000 
1  100.124983  1.221762  1.221762  19.280001  0.360000 146.204630  0.740037  0.234977  102.344733  1.963785  0.557726 25 12 100.124983  0.000000  0.000000  0.000000  0.000000  0.000000 
1  102.344733  1.217174  1.217174  19.280001  0.360000 147.279936  0.935871  -0.491561  104.587494  1.877381  0.157546 25 12 102.344733  0.000000  0.000000  0.000000  0.000000  0.000000 
1  104.587494  1.218352  1.218352  30.830000  0.490000 148.292502  0.892459  2.002098  106.858235  1.955941  0.307881 25 13 104.587494  0.000000  0.000000  0.000000  0.000000  0.000000 
1  106.858235  1.218592  1.218592  30.830000  0.490000 149.145475  0.328141  -0.136154  109.036585  1.950500  0.147928 25 12 106.858235  0.000000  0.000000  0.000000  0.000000  0.000000 
1  109.036585  1.219567  1.219567  30.830000  0.490000 149.943698  1.139493  2.154416  111.253645  1.994203  0.316922 25 13 109.036585  0.000000  0.000000  0.000000  0.000000  0.000000 
1  111.253645  1.217665  1.217665  30.830000  0.490000 150.774405  0.877287  -2.267371  113.433486  1.942943  0.055577 25 12 111.253645  0.000000  0.000000  0.000000  0.000000  0.000000 
1  113.433486  1.218676  1.218676  30.830000  0.490000 151.460214  1.273727  1.224423  115.584864  2.055548  0.469399 25 12 113.433486  0.000000  0.000000  0.000000  0.000000  0.000000 
1  115.584864  1.218710  1.218710  30.830000  0.490000 152.138652  0.827266  0.958557  117.783603  2.085654  0.401722 25 13 115.584864  0.000000  0.000000  0.000000  0.000000  0.000000 
1  117.783603  1.220629  1.220629  30.830000  0.490000 152.771567  0.533830  -0.855567  119.886378  1.995549  -0.126692 25 12 117.783603  0.000000  0.000000  0.000000  0.000000  0.000000 
1  119.886378  1.219268  1.219268  30.830000  0.490000 153.305734  0.124315  -0.029806  121.964721  1.931456  -0.372868 25 12 119.886378  0.000000  0.000000  0.000000  0.000000  0.000000 
1  121.964721  1.217911  1.217911  30.830000  0.490000 153.814614  0.642409  0.274302  124.085523  2.190984  0.624587 25 13 121.964721  0.000000  0.000000  0.000000  0.000000  0.000000 
1  124.085523  1.218975  1.218910  30.830000  0.490000 154.232333  0.427349  -0.572263  126.106033  2.064934  0.030324 25 12 124.085523  0.000000  0.000000  0.000000  0.000000  0.000000 
1  126.106033  1.219116  1.219116  32.830002  0.390000 154.703663  0.910593  1.645667  128.226516  2.298382  0.743456 25 12 126.106033  0.000000  0.000000  0.000000  0.000000  0.000000 
1  128.226516  1.217829  1.217829  32.830002  0.390000 155.067188  0.813787  0.917953  130.329016  2.260663  0.380876 25 13 128.226516  0.000000  0.000000  0.000000  0.000000  0.000000 
1  130.329016  1.218699  1.218699  32.830002  0.390000 155.416402  0.290084  -1.117615  132.365802  2.267592  0.287380 25 12 130.329016  0.000000  0.000000  0.000000  0.000000  0.000000 
1  132.365802  1.218123  1.218123  32.830002  0.390000 155.773827  0.602678  0.100661  134.485388  2.315965  0.350814 25 13 132.365802  0.000000  0.000000  0.000000  0.000000  0.000000 
1  134.485388  1.218933  1.218933  32.830002  0.390000 156.120955  0.564360  -0.494928  136.555468  2.258529  0.003590 25 12 134.485388  0.000000  0.000000  0.000000  0.000000  0.000000 
1  136.555468  1.218342  1.218342  32.830002  0.390000 156.337319  0.533956  2.069959  138.512586  2.297913  0.127524 25 12 136.555468  0.000000  0.000000  0.000000  0.000000  0.000000 
1  138.512586  1.217661  1.217661  32.830002  0.390000 156.637986  0.546022  -0.105344  140.648882  2.391975  0.362172 25 13 138.512586  0.000000  0.000000  0.000000  0.000000  0.000000 
1  140.648882  1.219376  1.219376  32.830002  0.390000 156.874637  0.686571  0.280705  142.657883  2.395449  0.287975 25 12 140.648882  0.000000  0.000000  0.000000  0.000000  0.000000 
1  142.657883  1.217959  1.217959  32.830002  0.390000 157.087442  0.241593  -1.471912  144.666644  2.392017  0.170597 25 12 142.657883  0.000000  0.000000  0.000000  0.000000  0.000000 
1  144.666644  1.218528  1.218528  32.830002  0.390000 157.265898  0.272907  -1.188738  146.727171  2.426741  0.140943 25 13 144.666644  0.000000  0.000000  0.000000  0.000000  0.000000 
1  146.727171  1.217435  1.217435  43.349998  0.280000 157.463583  0.312898  -1.856990  148.757800  2.440109  0.180238 25 12 146.727171  0.000000  0.000000  0.000000  0.000000  0.000000 
1  148.757800  1.218299  1.218299  43.349998  0.280000 157.644965  0.231454  -1.298243  150.868980  2.489250  0.266855 25 13 148.757800  0.000000  0.000000  0.000000  0.000000  0.000000 
1  150.868980  1.219188  1.219188  43.349998  0.280000 157.805603  0.808668  -0.008387  152.851943  2.556717  0.421313 25 12 150.868980  0.000000  0.000000  0.000000  0.000000  0.000000 
1  152.851943  1.218613  1.218893  43.349998  0.280000 157.937039  0.412050  0.332610  154.574715  2.661756  0.569182 25 12 152.851943  0.000000  0.000000  0.000000  0.000000  0.000000 
1  154.574715  1.219431  1.219431  43.349998  0.280000 158.081772  0.802940  0.561534  156.483883  2.814657  0.945251 25 13 154.574715  0.000000  0.000000  0.000000  0.000000  0.000000 
1  156.483883  1.219118  1.219118  43.349998  0.280000 158.254964  0.236594  1.319032  158.054015  2.680294  0.202840 25 12 156.483883  0.000000  0.000000  0.000000  0.000000  0.000000 
1  158.054015  1.218369  1.218369  43.349998  0.280000 158.356982  0.541681  -0.372603  158.616773  2.548552  -0.277986 25 12 158.054015  0.000000  0.000000  0.000000  0.000000  0.000000 
1  158.616773  1.218915  1.218915  43.349998  0.280000 158.464631  0.854633  0.938381  158.946890  2.721891  0.393037 25 13 158.616773  0.000000  0.000000  0.000000  0.000000  0.000000 
1  158.946890  1.219428  1.219428  43.349998  0.280000 158.616081  0.366321  -0.454705  159.597233  2.596610  -0.160542 25 12 158.946890  0.000000  0.000000  0.000000  0.000000  0.000000 
1  159.597233  1.218904  1.218904  43.349998  0.280000 158.690097  0.685205  0.305136  159.269202  2.635946  -0.042988 25 13 159.597233  0.000000  0.000000  0.000000  0.000000  0.000000 
1  159.269202  1.220000  1.220000  43.349998  0.280000 158.789809  0.852263  0.803210  159.333566  2.795783  0.545497 25 12 159.269202  0.000000  0.000000  0.000000  0.000000  0.000000 
1  159.333566  1.218620  1.218620  43.349998  0.280000 158.907632  0.740079  -3.062794  159.552337  2.681184  -0.042819 25 12 159.333566  0.000000  0.000000  0.000000  0.000000  0.000000 
1  159.552337  1.218974  1.218974  43.349998  0.280000 158.964591  0.348037  -0.995388  159.364321  2.559534  -0.377494 25 13 159.552337  0.000000  0.000000  0.000000  0.000000  0.000000 
1  159.364321  1.217953  1.217953  34.110001  0.240000 159.008065  0.434893  0.737302  159.213490  2.595885  -0.142159 25 12 159.364321  0.000000  0.000000  0.000000  0.000000  0.000000 
1  159.213490  1.218917  1.218917  34.110001  0.240000 159.105371  1.106014  1.226154  159.635886  2.699589  0.233786 25 12 159.213490  0.000000  0.000000  0.000000  0.000000  0.000000 
1  159.635886  1.218943  1.219016  34.110001  0.240000 159.148939  0.610516  -0.101655  159.794944  2.700899  0.156821 26 13 159.635886  0.000000  0.000000  0.000000  0.000000  0.000000 
1  159.794944  1.219921  1.219921  34.110001  0.240000 159.260905  0.480614  0.379148  159.967223  2.648840  -0.132342 24 12 159.794944  0.000000  0.000000  0.000000  0.000000  0.000000 
1  159.967223  1.218601  1.218601  34.110001  0.240000 159.354489  0.657823  0.120303  159.897400  2.652365  -0.045281 25 13 159.967223  0.000000  0.000000  0.000000  0.000000  0.000000 
1  159.897400  1.218452  1.218452  34.110001  0.240000 159.373575  0.868707  0.985046  159.636131  2.662607  -0.006764 25 12 159.897400  0.000000  0.000000  0.000000  0.000000  0.000000 
1  159.636131  1.218031  1.218031  34.110001  0.240000 159.470651  0.511112  1.739503  159.882926  2.668295  0.027749 24 12 159.636131  0.000000  0.000000  0.000000  0.000000  0.000000 
1  159.882926  1.218802  1.218802  39.520000  0.270000 159.490013  0.628429  0.002098  159.523790  2.644261  -0.045629 24 13 159.882926  0.000000  0.000000  0.000000  0.000000  0.000000 
1  159.523790  1.218866  1.218866  39.520000  0.270000 159.514133  0.686654  -1.998444  159.375684  2.533481  -0.372507 26 12 159.523790  0.000000  0.000000  0.000000  0.000000  0.000000 
1  159.375684  1.220142  1.220142  39.520000  0.270000 159.536595  0.587323  -0.275499  159.472390  2.512574  -0.342682 25 12 159.375684  0.000000  0.000000  0.000000  0.000000  0.000000 
1  159.472390  1.219907  1.219907  39.520000  0.270000 159.614127  0.427721  -0.654917  159.738593  2.611050  0.090821 24 13 159.472390  0.000000  0.000000  0.000000  0.000000  0.000000 
1  159.738593  1.219647  1.219647  39.520000  0.270000 159.630955  0.442404  -0.457799  159.794562  2.512005  -0.282900 25 12 159.738593  0.000000  0.000000  0.000000  0.000000  0.000000 
1  159.794562  1.218530  1.218530  39.520000  0.270000 159.670214  0.396791  -0.873501  159.593739  2.702725  0.342696 25 12 159.794562  0.000000  0.000000  0.000000  0.000000  0.000000 
1  159.593739  1.218874  1.218874  39.520000  0.270000 159.667856  0.585202  -0.144971  159.279993  2.602976  -0.039801 25 13 159.593739  0.000000  0.000000  0.000000  0.000000  0.000000 
1  159.279993  1.219277  1.219190  39.520000  0.270000 159.674525  1.166246  0.896215  159.357481  2.580328  -0.085281 25 12 159.279993  0.000000  0.000000  0.000000  0.000000  0.000000 
1  159.357481  1.218699  1.218699  39.520000  0.270000 159.684305  0.650816  0.068620  159.262984  2.644028  0.141068 24 13 159.357481  0.000000  0.000000  0.000000  0.000000  0.000000 
1  159.262984  1.218857  1.218857  39.520000  0.270000 159.748947  0.709540  0.772329  159.633950  2.650126  0.063679 26 12 159.262984  0.000000  0.000000  0.000000  0.000000  0.000000 
1  159.633950  1.218042  1.218042  10.960000  0.110000 159.773654  0.467780  0.212960  159.581052  2.523188  -0.371708 25 12 159.633950  0.000000  0.000000  0.000000  0.000000  0.000000 
1  159.581052  1.219405  1.219405  10.960000  0.110000 159.800665  0.778653  0.849831  159.656653  2.481122  -0.377443 25 13 159.581052  0.000000  0.000000  0.000000  0.000000  0.000000 
1  159.656653  1.219170  1.219160  10.960000  0.110000 159.754619  0.518497  -1.168487  159.235209  2.636152  0.201224 25 12 159.656653  0.000000  0.000000  0.000000  0.000000  0.000000 
1  159.235209  1.219243  1.219243  10.960000  0.110000 159.698392  0.782535  -0.896704  159.144288  2.494158  -0.317281 25 12 159.235209  0.000000  0.000000  0.000000  0.000000  0.000000 
1  159.144288  1.220184  1.220184  10.960000  0.110000 159.707040  0.678870  0.359383  159.159968  2.538038  -0.078026 25 13 159.144288  0.000000  0.000000  0.000000  0.000000  0.000000 
1  159.159968  1.219846  1.219846  10.960000  0.110000 159.644277  0.082727  2.391101  158.852653  2.499564  -0.182432 25 12 159.159968  0.000000  0.000000  0.000000  0.000000  0.000000 
1  158.852653  1.218824  1.218824  10.960000  0.110000 159.679490  0.344784  -0.940045  159.472963  2.468324  -0.287287 24 13 158.852653  0.000000  0.000000  0.000000  0.000000  0.000000 
1  159.472963  1.218749  1.218749  10.960000  0.110000 159.687190  0.488382  -0.076616  159.320252  2.574772  0.159454 26 12 159.472963  0.000000  0.000000  0.000000  0.000000  0.000000 
1  159.320252  1.217872  1.217872  10.960000  0.110000 159.689779  0.580731  1.407056  159.395177  2.540490  -0.006433 25 12 159.320252  0.000000  0.000000  0.000000  0.000000  0.000000 
1  159.395177  1.219253  1.219144  10.960000  0.110000 159.720915  0.338973  -0.855808  159.519675  2.412246  -0.464626 25 13 159.395177  0.000000  0.000000  0.000000  0.000000  0.000000 
1  159.519675  1.219487  1.219487  341.359985  0.100000 159.750981  0.648394  -0.587029  159.746302  2.459007  -0.217131 25 12 159.519675  0.000000  0.000000  0.000000  0.000000  0.000000 
1  159.746302  1.218859  1.218859  341.359985  0.100000 159.799998  0.547818  1.352776  159.582605  2.562276  0.183005 25 12 159.746302  0.000000  0.000000  0.000000  0.000000  0.000000 
1  159.582605  1.218827  1.218827  341.359985  0.100000 159.827226  0.892565  -0.332888  159.625650  2.636623  0.379945 25 13 159.582605  0.000000  0.000000  0.000000  0.000000  0.000000 
1  159.625650  1.219018  1.219018  341.359985  0.100000 159.784861  0.767430  1.310638  159.111807  2.528460  -0.077637 25 12 159.625650  0.000000  0.000000  0.000000  0.000000  0.000000 
1  159.111807  1.218406  1.218406  341.359985  0.100000 159.794714  0.014961  -0.481587  159.070503  2.536370  -0.113437 25 12 159.111807  0.000000  0.000000  0.000000  0.000000  0.000000 
1  159.070503  1.218610  1.218610  341.359985  0.100000 159.784345  0.786005  -0.481628  159.001200  2.668212  0.440861 25 13 159.070503  0.000000  0.000000  0.000000  0.000000  0.000000 
1  159.001200  1.217957  1.218088  341.359985  0.100000 159.742766  0.413037  -1.087473  158.671448  2.513470  -0.206544 25 12 159.001200  0.000000  0.000000  0.000000  0.000000  0.000000 
1  158.671448  1.219788  1.219788  341.359985  0.100000 159.774869  0.776409  0.640372  159.504927  2.507772  -0.100306 25 13 158.671448  0.000000  0.000000  0.000000  0.000000  0.000000 
1  159.504927  1.219678  1.219678  341.359985  0.100000 159.776809  0.877301  -2.352698  159.041792  2.696159  0.467981 25 12 159.504927  0.000000  0.000000  0.000000  0.000000  0.000000 
1  159.041792  1.219912  1.219912  341.359985  0.100000 159.808876  0.469285  -1.695621  159.389640  2.549209  -0.241507 25 12 159.041792  0.000000  0.000000  0.000000  0.000000  0.000000 
1  159.389640  1.219072  1.219072  48.630001  0.070000 159.800706  0.701873  0.726904  159.211458  2.598970  0.061807 25 13 159.389640  0.000000  0.000000  0.000000  0.000000  0.000000 
1  159.211458  1.220095  1.219828  48.630001  0.070000 159.807133  0.632433  0.407285  159.267550  2.575671  -0.036155 25 12 159.211458  0.000000  0.000000  0.000000  0.000000  0.000000 
1  159.267550  1.219179  1.219179  48.630001  0.070000 159.752599  0.051760  -2.311717  159.181513  2.389219  -0.620265 25 12 159.267550  0.000000  0.000000  0.000000  0.000000  0.000000 
1  159.181513  1.217828  1.217828  48.630001  0.070000 159.800914  1.266226  0.069264  159.720070  2.584359  0.236499 25 13 159.181513  0.000000  0.000000  0.000000  0.000000  0.000000 
1  159.720070  1.217771  1.217771  48.630001  0.070000 159.860305  0.613046  -0.230754  160.066824  2.478100  -0.215111 25 12 159.720070  0.000000  0.000000  0.000000  0.000000  0.000000 
1  160.066824  1.218917  1.218917  48.630001  0.070000 159.851373  0.616933  1.098345  159.498203  2.629302  0.328097 25 12 160.066824  0.000000  0.000000  0.000000  0.000000  0.000000 
1  159.498203  1.218947  1.218034  48.630001  0.070000 159.828710  0.907813  -0.479822  159.156364  2.559076  0.029601 25 13 159.498203  0.000000  0.000000  0.000000  0.000000  0.000000 
1  159.156364  1.218010  1.218010  48.630001  0.070000 159.821421  0.541839  1.916763  159.224631  2.514814  -0.110733 25 12 159.156364  0.000000  0.000000  0.000000  0.000000  0.000000 
1  159.224631  1.219435  1.219435  48.630001  0.070000 159.801061  0.587347  -0.514083  159.177356  2.495570  -0.226845 25 13 159.224631  0.000000  0.000000  0.000000  0.000000  0.000000 
1  159.177356  1.219303  1.219303  48.630001  0.070000 159.780016  0.557033  0.080417  159.335772  2.411728  -0.468646 25 12 159.177356  0.000000  0.000000  0.000000  0.000000  0.000000 
1  159.335772  1.219465  1.219465  48.630001  0.070000 159.771140  0.966690  0.949941  159.496148  2.560065  0.193715 25 12 159.335772  0.000000  0.000000  0.000000  0.000000  0.000000 
1  159.496148  1.219656  1.219656  48.630001  0.070000 159.751491  0.358722  -0.310995  159.166778  2.520219  -0.084290 25 13 159.496148  0.000000  0.000000  0.000000  0.000000  0.000000 
1  159.166778  1.218876  1.218876  48.630001  0.070000 159.731637  0.639074  -1.542204  158.955067  2.540891  0.028277 25 12 159.166778  0.000000  0.000000  0.000000  0.000000  0.000000 
1  158.955067  1.219189  1.218758  132.220001  0.100000 159.816956  0.951729  0.260102  160.010656  2.406861  -0.394617 25 12 158.955067  0.000000  0.000000  0.000000  0.000000  0.000000 
1  160.010656  1.219189  1.219189  132.220001  0.100000 159.828435  0.846598  -0.075962  159.713260  2.422107  -0.187622 25 13 160.010656  0.000000  0.000000  0.000000  0.000000  0.000000 
1  159.713260  1.219090  1.219090  132.220001  0.100000 159.885543  0.427545  0.513425  160.004471  2.537597  0.270516 25 12 159.713260  0.000000  0.000000  0.000000  0.000000  0.000000 
1  160.004471  1.218675  1.218675  132.220001  0.100000 159.912982  0.710757  0.193858  159.931057  2.555593  0.237353 25 13 160.004471  0.000000  0.000000  0.000000  0.000000  0.000000 
1  159.931057  1.219082  1.219082  132.220001  0.100000 159.911262  0.549454  -0.350665  159.988540  2.327308  -0.545091 25 12 159.931057  0.000000  0.000000  0.000000  0.000000  0.000000 
1  159.988540  1.218439  1.218439  132.220001  0.100000 159.969647  0.953673  1.178299  160.079613  2.480664  0.151057 25 12 159.988540  0.000000  0.000000  0.000000  0.000000  0.000000 
1  160.079613  1.218015  1.218015  132.220001  0.100000 159.929689  0.839238  0.376556  159.471948  2.535470  0.285739 25 13 160.079613  0.000000  0.000000  0.000000  0.000000  0.000000 
1  159.471948  1.220557  1.220557  122.139999  0.040000 159.977087  0.335842  -1.698931  160.127745  2.455343  -0.063955 25 12 159.471948  0.000000  0.000000  0.000000  0.000000  0.000000 
1  160.127745  1.219969  1.219969  122.139999  0.040000 159.975984  0.629501  -1.141732  159.479165  2.507734  0.038880 25 12 160.127745  0.000000  0.000000  0.000000  0.000000  0.000000 
1  159.479165  1.219177  1.219177  122.139999  0.040000 160.006200  0.694230  1.608028  159.645056  2.535764  0.150201 25 13 159.479165  0.000000  0.000000  0.000000  0.000000  0.000000 
1  159.645056  1.219332  1.219332  122.139999  0.040000 160.003243  0.070310  -2.456536  159.584677  2.425322  -0.294655 25 12 159.645056  0.000000  0.000000  0.000000  0.000000  0.000000 
1  159.584677  1.219767  1.219767  122.139999  0.040000 160.064471  1.107307  -1.673064  159.913011  2.585781  0.383399 25 13 159.584677  0.000000  0.000000  0.000000  0.000000  0.000000 
1  159.913011  1.219490  1.219410  122.139999  0.040000 160.084466  0.602650  -0.794371  159.902259  2.400962  -0.299824 25 12 159.913011  0.000000  0.000000  0.000000  0.000000  0.000000 
1  159.902259  1.220095  1.220095  122.139999  0.040000 160.128813  1.042684  0.779227  159.999623  2.432672  -0.075132 25 12 159.902259  0.000000  0.000000  0.000000  0.000000  0.000000 
1  159.999623  1.219019  1.219019  122.139999  0.040000 160.123126  1.363074  3.035361  159.885261  2.439404  0.010992 25 13 159.999623  0.000000  0.000000  0.000000  0.000000  0.000000 
1  159.885261  1.218517  1.218517  122.139999  0.040000 160.103493  0.541593  0.875849  159.491791  2.420617  -0.154349 25 12 159.885261  0.000000  0.000000  0.000000  0.000000  0.000000 
1  159.491791  1.219145  1.219145  122.139999  0.040000 160.068148  0.414232  -1.688836  159.178234  2.363992  -0.401934 25 12 159.491791  0.000000  0.000000  0.000000  0.000000  0.000000 
1  159.178234  1.218283  1.218642  101.940002  0.070000 160.072962  0.609385  -0.064862  159.710649  2.360340  -0.265236 25 13 159.178234  0.000000  0.000000  0.000000  0.000000  0.000000 
1  159.710649  1.219020  1.219020  101.940002  0.070000 160.001795  0.343438  -0.073457  159.276149  2.343560  -0.230052 25 12 159.710649  0.000000  0.000000  0.000000  0.000000  0.000000 
1  159.276149  1.217683  1.217683  101.940002  0.070000 159.949125  1.300440  1.573758  159.061859  2.360754  -0.115000 25 12 159.276149  0.000000  0.000000  0.000000  0.000000  0.000000 
1  159.061859  1.217000  1.217000  101.940002  0.070000 159.997082  0.945857  1.631417  159.418773  2.419977  0.088860 25 13 159.061859  0.000000  0.000000  0.000000  0.000000  0.000000 
1  159.418773  1.220312  1.220312  101.940002  0.070000 159.964319  0.419710  0.438754  158.989214  2.469267  0.186822 25 12 159.418773  0.000000  0.000000  0.000000  0.000000  0.000000 
1  158.989214  1.219610  1.219610  101.940002  0.070000 159.943733  0.817131  0.571553  159.195875  2.469000  0.100632 25 13 158.989214  0.000000  0.000000  0.000000  0.000000  0.000000 
1  159.195875  1.218797  1.218797  101.940002  0.070000 159.941228  0.778180  -1.213463  158.978098  2.544159  0.281488 25 12 159.195875  0.000000  0.000000  0.000000  0.000000  0.000000 
1  158.978098  1.220174  1.220174  101.940002  0.070000 159.946362  0.297681  0.502428  159.079806  2.393522  -0.346014 25 12 158.978098  0.000000  0.000000  0.000000  0.000000  0.000000 
1  159.079806  1.218603  1.218603  101.940002  0.070000 159.940767  0.808443  0.612653  159.406539  2.377466  -0.146629 25 13 159.079806  0.000000  0.000000  0.000000  0.000000  0.000000 
1  159.406539  1.218805  1.218805  101.940002  0.070000 159.897822  0.846798  -1.676012  159.049798  2.482928  0.197153 25 12 159.406539  0.000000  0.000000  0.000000  0.000000  0.000000 
1  159.049798  1.218858  1.218858  353.619995  0.010000 159.859764  0.858385  -0.827979  158.867827  2.308008  -0.414663 25 12 159.049798  0.000000  0.000000  0.000000  0.000000  0.000000 
1  158.867827  1.218564  1.218564  353.619995  0.010000 159.853382  1.070523  1.615389  159.248779  2.429914  0.084951 25 13 158.867827  0.000000  0.000000  0.000000  0.000000  0.000000 
1  159.248779  1.218953  1.218633  353.619995  0.010000 159.817024  0.930783  -0.355256  159.164280  2.382702  -0.076257 25 12 159.248779  0.000000  0.000000  0.000000  0.000000  0.000000 
1  159.164280  1.218121  1.218121  353.619995  0.010000 159.793970  1.088191  1.507655  159.133436  2.540407  0.460591 25 13 159.164280  0.000000  0.000000  0.000000  0.000000  0.000000 
1  159.133436  1.217814  1.217814  353.619995  0.010000 159.776157  0.366347  0.649465  159.105320  2.407306  -0.093905 25 12 159.133436  0.000000  0.000000  0.000000  0.000000  0.000000 
1  159.105320  1.219360  1.219360  353.619995  0.010000 159.870625  0.389314  -0.992033  159.745210  2.498271  0.267715 25 12 159.105320  0.000000  0.000000  0.000000  0.000000  0.000000 
1  159.745210  1.218478  1.218478  353.619995  0.010000 159.862236  0.395502  -0.937079  159.520737  2.199017  -0.830677 25 13 159.745210  0.000000  0.000000  0.000000  0.000000  0.000000 
1  159.520737  1.219046  1.219046  353.619995  0.010000 159.821459  0.793415  1.684020  159.231489  2.249219  -0.375889 25 12 159.520737  0.000000  0.000000  0.000000  0.000000  0.000000 
1  159.231489  1.220456  1.220456  353.619995  0.010000 159.817968  0.706238  1.200390  159.430080  2.340391  0.037234 25 12 159.231489  0.000000  0.000000  0.000000  0.000000  0.000000 
1  159.430080  1.217888  1.219281  353.619995  0.010000 159.805458  0.582870  -0.278232  159.245915  2.392557  0.170685 25 13 159.430080  0.000000  0.000000  0.000000  0.000000  0.000000 
1  159.245915  1.218806  1.218806  284.559998  0.130000 159.844930  0.640993  1.250043  159.826925  2.407549  0.242722 25 12 159.245915  0.000000  0.000000  0.000000  0.000000  0.000000 
1  159.826925  1.220097  1.220097  284.559998  0.130000 159.867864  0.520356  -0.629808  159.739107  2.453700  0.310781 25 13 159.826925  0.000000  0.000000  0.000000  0.000000  0.000000 
1  159.739107  1.219007  1.219007  284.559998  0.130000 159.885844  0.803151  0.532188  159.447225  2.419019  0.199023 25 12 159.739107  0.000000  0.000000  0.000000  0.000000  0.000000 
1  159.447225  1.219407  1.219407  284.559998  0.130000 159.863330  0.633331  0.825646  159.473504  2.267762  -0.322101 25 12 159.447225  0.000000  0.000000  0.000000  0.000000  0.000000 
1  159.473504  1.218524  1.218662  284.559998  0.130000 159.930551  0.757431  0.333298  159.732571  2.432821  0.274939 25 13 159.473504  0.000000  0.000000  0.000000  0.000000  0.000000 
1  159.732571  1.217534  1.217534  284.559998  0.130000 159.978706  0.629394  -2.170719  159.877992  2.382816  0.013847 25 12 159.732571  0.000000  0.000000  0.000000  0.000000  0.000000 
1  159.877992  1.217319  1.217319  284.559998  0.130000 160.006823  1.014863  -1.602068  159.905589  2.507805  0.422984 25 12 159.877992  0.000000  0.000000  0.000000  0.000000  0.000000 
1  159.905589  1.214923  1.214923  284.559998  0.130000 160.054834  0.816762  0.362653  159.945776  2.480132  0.261235 25 13 159.905589  0.000000  0.000000  0.000000  0.000000  0.000000 
1  159.945776  1.220062  1.220062  284.559998  0.130000 160.075233  0.251804  0.810963  159.782204  2.355086  -0.284806 25 12 159.945776  0.000000  0.000000  0.000000  0.000000  0.000000 
1  159.782204  1.226047  1.223861  284.559998  0.130000 160.057340  0.938350  2.351418  159.668473  2.359265  -0.136203 25 12 159.782204  0.000000  0.000000  0.000000  0.000000  0.000000 
1  159.668473  1.221901  1.221901  284.559998  0.130000 160.022893  0.435075  -0.882779  159.609541  2.267981  -0.385763 25 13 159.668473  0.000000  0.000000  0.000000  0.000000  0.000000 
1  159.609541  1.219015  1.219015  284.559998  0.130000 159.944063  0.694437  -1.398580  158.921343  2.378028  0.156661 25 12 159.609541  0.000000  0.000000  0.000000  0.000000  0.000000 
1  158.921343  1.220095  1.220095  284.559998  0.130000 159.953396  0.152854  -0.452235  159.360996  2.293937  -0.177788 25 12 158.921343  0.000000  0.000000  0.000000  0.000000  0.000000 
1  159.360996  1.219909  1.219909  291.589996  0.210000 159.994674  0.792287  0.637798  159.702454  2.294622  -0.071127 25 13 159.360996  0.000000  0.000000  0.000000  0.000000  0.000000 
1  159.702454  1.220294  1.220294  291.589996  0.210000 159.959237  0.831468  -0.588011  159.166828  2.389476  0.226618 26 12 159.702454  0.000000  0.000000  0.000000  0.000000  0.000000 
1  159.166828  1.219111  1.219111  291.589996  0.210000 159.980248  1.221308  -0.339144  159.451737  2.364838  -0.004950 24 12 159.166828  0.000000  0.000000  0.000000  0.000000  0.000000 
1  159.451737  1.217822  1.218065  291.589996  0.210000 159.980300  0.619195  -0.333643  159.588325  2.363189  0.054107 25 13 159.451737  0.000000  0.000000  0.000000  0.000000  0.000000 
1  159.588325  1.218545  1.218545  291.589996  0.210000 159.954042  0.999375  0.189695  159.397658  2.394209  0.151857 26 12 159.588325  0.000000  0.000000  0.000000  0.000000  0.000000 
1  159.397658  1.218437  1.218437  291.589996  0.210000 159.985971  0.951351  0.912821  159.524667  2.413147  0.135944 24 13 159.397658  0.000000  0.000000  0.000000  0.000000  0.000000 
1  159.524667  1.219278  1.219278  291.589996  0.210000 160.012592  1.392998  2.631972  159.422910  2.430014  0.152014 26 12 159.524667  0.000000  0.000000  0.000000  0.000000  0.000000 
1  159.422910  1.218662  1.218662  233.559998  0.040000 160.032794  0.473232  0.783726  159.392819  2.399229  -0.051049 24 12 159.422910  0.000000  0.000000  0.000000  0.000000  0.000000 
1  159.392819  1.218962  1.218962  233.559998  0.040000 160.042057  0.679063  -0.285140  159.397683  2.365844  -0.161725 25 13 159.392819  0.000000  0.000000  0.000000  0.000000  0.000000 
1  159.397683  1.219150  1.219150  233.559998  0.040000 160.051981  0.671374  1.299713  159.568143  2.393645  0.044463 26 12 159.397683  0.000000  0.000000  0.000000  0.000000  0.000000 
1  159.568143  1.218570  1.218476  233.559998  0.040000 160.097061  0.633213  -0.800891  159.656500  2.395903  -0.001531 25 12 159.568143  0.000000  0.000000  0.000000  0.000000  0.000000 
1  159.656500  1.218615  1.218615  233.559998  0.040000 160.118584  0.630556  -0.602139  159.518589  2.411794  -0.042941 25 13 159.656500  0.000000  0.000000  0.000000  0.000000  0.000000 
1  159.518589  1.220505  1.220505  233.559998  0.040000 160.117170  1.147551  0.897589  159.620319  2.217060  -0.674925 25 12 159.518589  0.000000  0.000000  0.000000  0.000000  0.000000 
1  159.620319  1.220262  1.220506  233.559998  0.040000 160.122006  0.344960  -1.392037  159.836059  2.239719  -0.402337 24 13 159.620319  0.000000  0.000000  0.000000  0.000000  0.000000 
1  159.836059  1.218482  1.218482  233.559998  0.040000 160.133812  1.212803  -0.825857  159.589714  2.526635  0.633126 26 12 159.836059  0.000000  0.000000  0.000000  0.000000  0.000000 
1  159.589714  1.218376  1.218561  233.559998  0.040000 160.117930  1.069763  -0.891029  159.415302  2.484612  0.265666 25 12 159.589714  0.000000  0.000000  0.000000  0.000000  0.000000 
1  159.415302  1.219135  1.219135  233.559998  0.040000 160.115380  0.175702  -2.400635  159.435990  2.342126  -0.248744 24 13 159.415302  0.000000  0.000000  0.000000  0.000000  0.000000 
1  159.435990  1.217509  1.217509  197.589996  0.080000 160.120386  0.603307  1.261296  159.610573  2.250304  -0.482357 26 12 159.435990  0.000000  0.000000  0.000000  0.000000  0.000000 
1  159.610573  1.219103  1.219103  197.589996  0.080000 160.099403  0.292163  -0.626706  159.496407  2.256224  -0.355205 25 12 159.610573  0.000000  0.000000  0.000000  0.000000  0.000000 
1  159.496407  1.218341  1.218341  197.589996  0.080000 160.032441  1.068206  -1.064860  158.988102  2.292541  -0.062935 25 13 159.496407  0.000000  0.000000  0.000000  0.000000  0.000000 
1  158.988102  1.219079  1.218922  197.589996  0.080000 159.999024  0.829810  -1.091930  158.823915  2.395725  0.289016 25 12 158.988102  0.000000  0.000000  0.000000  0.000000  0.000000 
1  158.823915  1.220130  1.220130  197.589996  0.080000 160.037215  1.012267  -0.891263  159.315096  2.454428  0.324894 25 12 158.823915  0.000000  0.000000  0.000000  0.000000  0.000000 
1  159.315096  1.220224  1.220224  197.589996  0.080000 160.039484  1.327427  0.718178  159.361099  2.501869  0.437277 25 13 159.315096  0.000000  0.000000  0.000000  0.000000  0.000000 
1  159.361099  1.219197  1.219197  197.589996  0.080000 160.055101  0.769369  -0.513348  159.810266  2.207839  -0.662557 25 12 159.361099  0.000000  0.000000  0.000000  0.000000  0.000000 
1  159.810266  1.219789  1.219789  197.589996  0.080000 160.061046  1.345246  2.347509  159.557078  2.407029  0.246305 25 13 159.810266  0.000000  0.000000  0.000000  0.000000  0.000000 
1  159.557078  1.218755  1.218784  197.589996  0.080000 160.079075  1.022139  0.290300  159.528359  2.339313  -0.097527 25 12 159.557078  0.000000  0.000000  0.000000  0.000000  0.000000 
1  159.528359  1.218698  1.218698  197.589996  0.080000 160.074154  0.794056  -0.075090  159.440895  2.314279  -0.095737 25 12 159.528359  0.000000  0.000000  0.000000  0.000000  0.000000 
1  159.440895  1.219660  1.219660  303.950012  0.170000 160.082376  0.397010  -1.167793  159.395611  2.365606  0.091430 25 13 159.440895  0.000000  0.000000  0.000000  0.000000  0.000000 
1  159.395611  1.218257  1.218257  303.950012  0.170000 160.046014  0.971325  0.071330  159.171410  2.438797  0.337950 25 12 159.395611  0.000000  0.000000  0.000000  0.000000  0.000000 
1  159.171410  1.219078  1.219078  303.950012  0.170000 160.037344  0.749627  -1.814912  159.345588  2.361551  0.000640 25 12 159.171410  0.000000  0.000000  0.000000  0.000000  0.000000 
1  159.345588  1.219226  1.219226  303.950012  0.170000 160.049049  0.686780  -1.964722  159.680341  2.323213  -0.081996 25 13 159.345588  0.000000  0.000000  0.000000  0.000000  0.000000 
1  159.680341  1.218629  1.218629  303.950012  0.170000 160.068317  1.403955  0.104715  159.611199  2.411118  0.154715 25 12 159.680341  0.000000  0.000000  0.000000  0.000000  0.000000 
1  159.611199  1.217812  1.217524  303.950012  0.170000 160.074902  0.719460  -0.115222  159.486587  2.238451  -0.486074 25 13 159.611199  0.000000  0.000000  0.000000  0.000000  0.000000 
1  159.486587  1.216822  1.216822  303.950012  0.170000 160.108323  1.151861  0.624393  159.553393  2.337305  0.050231 25 12 159.486587  0.000000  0.000000  0.000000  0.000000  0.000000 
1  159.553393  1.218355  1.218355  303.950012  0.170000 160.128809  0.757853  0.241607  159.712854  2.349422  0.065874 25 12 159.553393  0.000000  0.000000  0.000000  0.000000  0.000000 
1  159.712854  1.218850  1.218850  303.950012  0.170000 160.186328  0.663859  -1.350102  160.107255  2.249415  -0.213895 25 13 159.712854  0.000000  0.000000  0.000000  0.000000  0.000000 
1  160.107255  1.219075  1.219075  303.950012  0.170000 160.223666  0.862260  -5.254070  159.754103  2.383676  0.195221 25 12 160.107255  0.000000  0.000000  0.000000  0.000000  0.000000 
1  159.754103  1.220517  1.220341  307.209991  0.360000 160.228569  1.187492  1.708198  159.772990  2.377093  0.215330 25 12 159.754103  0.000000  0.000000  0.000000  0.000000  0.000000 
1  159.772990  1.219524  1.219524  307.209991  0.360000 160.250371  0.511378  -0.537662  159.737846  2.373072  0.146463 25 13 159.772990  0.000000  0.000000  0.000000  0.000000  0.000000 
1  159.737846  1.218149  1.218149  307.209991  0.360000 160.267154  0.558743  -2.975002  159.780943  2.109701  -0.752906 25 12 159.737846  0.000000  0.000000  0.000000  0.000000  0.000000 
1  159.780943  1.217701  1.217701  307.209991  0.360000 160.263159  0.599282  -0.404995  159.716328  2.258528  0.021201 25 12 159.780943  0.000000  0.000000  0.000000  0.000000  0.000000 
1  159.716328  1.217693  1.217693  307.209991  0.360000 160.261129  0.778030  0.323457  159.820809  2.419022  0.538501 25 13 159.716328  0.000000  0.000000  0.000000  0.000000  0.000000 
1  159.820809  1.218668  1.218544  307.209991  0.360000 160.240244  1.031759  0.667681  159.655819  2.310498  0.097807 25 12 159.820809  0.000000  0.000000  0.000000  0.000000  0.000000 
1  159.655819  1.219189  1.219189  307.209991  0.360000 160.204407  0.846924  -0.644861  159.293968  2.288586  0.057368 25 13 159.655819  0.000000  0.000000  0.000000  0.000000  0.000000 
1  159.293968  1.218244  1.218244  307.209991  0.360000 160.156063  1.205128  1.540461  158.940547  2.309332  0.153422 25 12 159.293968  0.000000  0.000000  0.000000  0.000000  0.000000 
1  158.940547  1.217867  1.217867  307.209991  0.360000 160.142037  0.734070  0.552206  159.074419  2.337888  0.243373 25 12 158.940547  0.000000  0.000000  0.000000  0.000000  0.000000 
1  159.074419  1.218436  1.218436  307.209991  0.360000 160.179702  0.564594  -2.353023  159.203002  2.197673  -0.322154 25 13 159.074419  0.000000  0.000000  0.000000  0.000000  0.000000 
1  159.203002  1.218792  1.218792  307.209991  0.360000 160.184130  0.389277  -0.775112  159.445832  2.178563  -0.377798 25 12 159.203002  0.000000  0.000000  0.000000  0.000000  0.000000 
1  159.445832  1.217904  1.217904  307.209991  0.360000 160.233844  0.670040  -0.895173  159.825145  2.315328  0.275010 25 12 159.445832  0.000000  0.000000  0.000000  0.000000  0.000000 
1  159.825145  1.220765  1.220255  307.209991  0.360000 160.204108  0.442777  -1.543462  159.535551  2.272337  0.063488 25 13 159.825145  0.000000  0.000000  0.000000  0.000000  0.000000 
1  159.535551  1.219952  1.219952  298.290009  0.270000 160.220388  1.166915  1.047439  159.494058  2.232389  -0.052685 25 12 159.535551  0.000000  0.000000  0.000000  0.000000  0.000000 
1  159.494058  1.220812  1.220812  298.290009  0.270000 160.237526  0.895930  1.469287  159.772420  2.284264  0.196073 25 12 159.494058  0.000000  0.000000  0.000000  0.000000  0.000000 
1  159.772420  1.220269  1.220269  298.290009  0.270000 160.195801  0.663792  -1.559203  159.663108  2.168838  -0.344822 25 13 159.772420  0.000000  0.000000  0.000000  0.000000  0.000000 
1  159.663108  1.218732  1.218732  298.290009  0.270000 160.151604  0.928395  3.337340  159.223986  2.318867  0.316267 25 12 159.663108  0.000000  0.000000  0.000000  0.000000  0.000000 
1  159.223986  1.218655  1.218655  298.290009  0.270000 160.179769  0.171736  -0.884586  159.642713  2.224092  -0.104208 25 13 159.223986  0.000000  0.000000  0.000000  0.000000  0.000000 
1  159.642713  1.218333  1.218333  298.290009  0.270000 160.179886  0.709430  -0.251451  159.709763  2.040034  -0.625917 25 12 159.642713  0.000000  0.000000  0.000000  0.000000  0.000000 
1  159.709763  1.218166  1.218166  298.290009  0.270000 160.139025  0.393139  -0.398813  159.517935  2.200828  0.101181 25 12 159.709763  0.000000  0.000000  0.000000  0.000000  0.000000 
1  159.517935  1.218440  1.218440  317.170013  0.220000 160.109086  0.385550  -1.359578  159.019467  2.167957  -0.081643 25 13 159.517935  0.000000  0.000000  0.000000  0.000000  0.000000 
1  159.019467  1.219217  1.219217  317.170013  0.220000 160.087131  0.656198  1.035530  159.044583  2.215446  0.130248 25 12 159.019467  0.000000  0.000000  0.000000  0.000000  0.000000 
1  159.044583  1.218587  1.218587  317.170013  0.220000 160.064887  0.442954  -0.589279  159.106619  2.248997  0.177708 25 12 159.044583  0.000000  0.000000  0.000000  0.000000  0.000000 
1  159.106619  1.219671  1.219671  317.170013  0.220000 160.079490  0.714863  -0.052651  159.391485  2.133028  -0.260378 25 13 159.106619  0.000000  0.000000  0.000000  0.000000  0.000000 
1  159.391485  1.219841  1.219841  317.170013  0.220000 160.084281  0.671434  -1.046184  159.365514  2.248836  0.151563 25 12 159.391485  0.000000  0.000000  0.000000  0.000000  0.000000 
1  159.365514  1.220637  1.220637  317.170013  0.220000 160.116806  1.203649  1.158975  159.460117  2.309303  0.282297 25 12 159.365514  0.000000  0.000000  0.000000  0.000000  0.000000 
1  159.460117  1.218378  1.218378  317.170013  0.220000 160.124600  0.766615  -0.102939  159.603779  2.220286  -0.080458 25 13 159.460117  0.000000  0.000000  0.000000  0.000000  0.000000 
1  159.603779  1.217060  1.217060  317.170013  0.220000 160.122707  1.197721  -1.120451  159.366393  2.316806  0.260171 25 12 159.603779  0.000000  0.000000  0.000000  0.000000  0.000000 
1  159.366393  1.218643  1.218643  317.170013  0.220000 160.087846  0.638176  1.389149  159.173727  2.221063  -0.156174 25 12 159.366393  0.000000  0.000000  0.000000  0.000000  0.000000 
1  159.173727  1.218845  1.218845  317.170013  0.220000 160.073430  0.987832  -1.247943  159.086570  2.168404  -0.300089 25 13 159.173727  0.000000  0.000000  0.000000  0.000000  0.000000 
1  159.086570  1.218141  1.218141  310.649994  0.320000 160.066862  0.343259  -0.726495  159.149847  2.157842  -0.357403 25 12 159.086570  0.000000  0.000000  0.000000  0.000000  0.000000 
1  159.149847  1.218115  1.218115  310.649994  0.320000 160.068482  1.615935  -1.584581  159.215064  2.266774  0.108018 25 12 159.149847  0.000000  0.000000  0.000000  0.000000  0.000000 
1  159.215064  1.218829  1.218829  310.649994  0.320000 160.069755  0.229117  -0.920963  159.310477  2.094432  -0.548341 25 13 159.215064  0.000000  0.000000  0.000000  0.000000  0.000000 
1  159.310477  1.218538  1.218538  310.649994  0.320000 160.049586  0.747735  0.663160  159.326142  2.172087  -0.028761 25 12 159.310477  0.000000  0.000000  0.000000  0.000000  0.000000 
1  159.326142  1.218435  1.218435  310.649994  0.320000 160.006939  0.737819  0.175184  159.264524  2.040554  -0.438136 25 13 159.326142  0.000000  0.000000  0.000000  0.000000  0.000000 
1  159.264524  1.218832  1.218832  310.649994  0.320000 160.012942  0.572342  0.041450  159.469140  2.088423  -0.093242 25 12 159.264524  0.000000  0.000000  0.000000  0.000000  0.000000 
1  159.469140  1.218707  1.218707  310.649994  0.320000 160.033755  0.471226  0.399049  159.564813  2.111788  0.010934 25 12 159.469140  0.000000  0.000000  0.000000  0.000000  0.000000 
1  159.564813  1.218406  1.218406  310.649994  0.320000 160.072078  0.589124  -0.435578  159.821512  2.142204  0.113221 25 13 159.564813  0.000000  0.000000  0.000000  0.000000  0.000000 
1  159.821512  1.218492  1.218492  310.649994  0.320000 160.096466  0.678914  -0.008591  159.904503  2.109283  0.006555 25 12 159.821512  0.000000  0.000000  0.000000  0.000000  0.000000 
1  159.904503  1.220005  1.220005  310.649994  0.320000 160.089931  0.656427  0.220902  159.795063  2.051261  -0.155310 25 12 159.904503  0.000000  0.000000  0.000000  0.000000  0.000000 
1  159.795063  1.218315  1.218315  296.480011  0.290000 160.066791  0.801026  -0.068298  159.559589  2.087892  -0.050904 25 13 159.795063  0.000000  0.000000  0.000000  0.000000  0.000000 
1  159.559589  1.218197  1.218197  296.480011  0.290000 160.043423  1.052777  -0.919346  159.308308  2.211184  0.365631 25 12 159.559589  0.000000  0.000000  0.000000  0.000000  0.000000 
1  159.308308  1.218203  1.218203  296.480011  0.290000 160.059270  0.480256  -1.031363  159.536473  2.143780  0.021705 25 13 159.308308  0.000000  0.000000  0.000000  0.000000  0.000000 
1  159.536473  1.217800  1.217800  296.480011  0.290000 160.085084  1.190229  0.506088  159.760419  2.174908  0.160635 25 12 159.536473  0.000000  0.000000  0.000000  0.000000  0.000000 
1  159.760419  1.218281  1.218281  296.480011  0.290000 160.072978  0.717238  -0.397029  159.726082  2.021991  -0.432970 25 12 159.760419  0.000000  0.000000  0.000000  0.000000  0.000000 
1  159.726082  1.219104  1.219126  296.480011  0.290000 160.094791  0.402205  -1.086565  159.722023  1.985325  -0.427826 25 13 159.726082  0.000000  0.000000  0.000000  0.000000  0.000000 
1  159.722023  1.219074  1.219074  296.480011  0.290000 160.122145  0.709590  0.304504  159.715553  2.036798  -0.140657 25 12 159.722023  0.000000  0.000000  0.000000  0.000000  0.000000 
1  159.715553  1.219988  1.219988  296.480011  0.290000 160.164824  0.762970  -0.417447  160.090527  2.149338  0.296988 25 12 159.715553  0.000000  0.000000  0.000000  0.000000  0.000000 
1  160.090527  1.219594  1.219594  296.480011  0.290000 160.199061  0.867554  0.475661  159.887182  2.234410  0.484227 25 13 160.090527  0.000000  0.000000  0.000000  0.000000  0.000000 
1  159.887182  1.219247  1.219247  296.480011  0.290000 160.172730  0.616518  2.062700  159.462704  2.214382  0.260514 25 12 159.887182  0.000000  0.000000  0.000000  0.000000  0.000000 
1  159.462704  1.219312  1.219312  278.179993  0.320000 160.228693  1.075559  -0.213506  159.795938  2.306823  0.488251 25 12 159.462704  0.000000  0.000000  0.000000  0.000000  0.000000 
1  159.795938  1.218637  1.218637  278.179993  0.320000 160.246856  0.837658  0.136674  159.498072  2.281370  0.285504 25 12 159.795938  0.000000  0.000000  0.000000  0.000000  0.000000 
1  159.498072  1.217353  1.217729  278.179993  0.320000 160.254499  0.474979  -1.165685  159.699634  2.030384  -0.604877 25 13 159.498072  0.000000  0.000000  0.000000  0.000000  0.000000 
1  159.699634  1.218762  1.218762  278.179993  0.320000 160.202661  0.434924  -1.875121  159.399387  2.035135  -0.474825 25 12 159.699634  0.000000  0.000000  0.000000  0.000000  0.000000 
1  159.399387  1.217731  1.217731  278.179993  0.320000 160.183615  0.885461  -0.047218  159.327822  1.981163  -0.492413 25 12 159.399387  0.000000  0.000000  0.000000  0.000000  0.000000 
1  159.327822  1.218244  1.218244  278.179993  0.320000 160.172516  0.299295  -1.836813  159.370143  2.165646  0.264496 25 13 159.327822  0.000000  0.000000  0.000000  0.000000  0.000000 
1  159.370143  1.218504  1.218504  278.179993  0.320000 160.151966  0.740075  -0.679994  159.481617  2.213141  0.296546 25 12 159.370143  0.000000  0.000000  0.000000  0.000000  0.000000 
1  159.481617  1.217763  1.217763  278.179993  0.320000 160.131291  0.221376  -2.010583  159.529877  2.011470  -0.564131 25 12 159.481617  0.000000  0.000000  0.000000  0.000000  0.000000 
1  159.529877  1.218562  1.218562  278.179993  0.320000 160.126372  0.578203  -0.705418  159.714921  2.084328  -0.102471 25 13 159.529877  0.000000  0.000000  0.000000  0.000000  0.000000 
1  159.714921  1.218927  1.218282  278.179993  0.320000 160.160972  1.136665  2.109280  159.996508  2.230066  0.461227 25 12 159.714921  0.000000  0.000000  0.000000  0.000000  0.000000 
