1  0.140877  0.140877  nan  0.014381  7.742854  165.020004  0.010000
1  0.143684  0.143684  nan  0.013316  8.262822  142.360001  0.000000
1  0.142481  0.142923  -nan  0.015047  8.796716  160.339996  0.010000
1  0.143639  0.143639  -nan  0.026898  9.344191  109.779999  0.000000
1  0.143346  0.143346  -nan  0.020107  9.891931  152.419998  0.010000
1  0.143857  0.143857  -nan  0.019841  10.440706  138.740005  0.000000
1  0.142161  0.142161  nan  0.019707  11.005885  91.809998  0.000000
1  0.142410  0.142463  -nan  0.014381  11.584448  162.259995  0.010000
1  0.143227  0.143227  -nan  0.027564  12.168472  136.740005  0.010000
1  0.141475  0.141475  nan  0.020906  12.751608  183.289993  0.010000
1  0.143135  0.143135  -nan  0.013848  13.328016  183.360001  0.010000
1  0.143553  0.143553  nan  0.027031  13.936754  132.320007  0.010000
1  0.142973  0.143231  nan  0.023702  14.535955  183.500000  0.010000
1  0.141634  0.141634  -nan  0.018243  15.167576  188.350006  0.010000
1  0.143680  0.143680  -nan  0.033290  15.791701  223.539993  0.000000
1  0.142877  0.142877  nan  0.025966  16.451201  203.220001  0.000000
1  0.141656  0.141656  nan  0.022903  17.091045  177.710007  0.010000
1  0.143892  0.143775  -nan  0.033955  17.729331  190.770004  0.010000
1  0.144789  0.144789  -nan  0.036352  18.378309  182.809998  0.010000
1  0.142208  0.142208  nan  0.019308  19.014809  201.330002  0.010000
1  0.142136  0.142136  -nan  0.029162  19.673600  191.979996  0.010000
1  0.144094  0.144094  -nan  0.032491  20.323045  189.880005  0.010000
1  0.142692  0.142928  -nan  0.028496  20.989404  232.669998  0.000000
1  0.143630  0.143630  -nan  0.026365  21.630004  276.420013  0.010000
1  0.143130  0.143130  nan  0.027431  22.273666  166.059998  0.010000
1  0.144225  0.144225  -nan  0.031825  22.918838  192.570007  0.010000
1  0.144395  0.144395  nan  0.023303  23.561645  180.570007  0.010000
1  0.143324  0.143451  -nan  0.034488  24.213518  180.970001  0.000000
1  0.143630  0.143630  nan  0.023569  24.859905  186.580002  0.000000
1  0.142977  0.142977  -nan  0.034754  25.480149  162.179993  0.010000
1  0.143169  0.143169  -nan  0.028629  26.125528  183.330002  0.010000
1  0.141513  0.141513  nan  0.024767  26.788963  182.110001  0.010000
1  0.142430  0.142336  nan  0.040480  27.434789  168.770004  0.010000
1  0.142719  0.142719  -nan  0.029295  28.047092  179.619995  0.010000
1  0.144454  0.144454  nan  0.025034  28.674763  140.630005  0.000000
1  0.142691  0.142691  -nan  0.027564  29.309952  164.589996  0.010000
1  0.143407  0.143407  nan  0.025966  29.915295  173.699997  0.010000
1  0.142410  0.142314  -nan  0.031692  30.563434  154.050003  0.010000
1  0.143194  0.143194  -nan  0.031692  31.187943  197.240005  0.010000
1  0.140482  0.140482  -nan  0.027564  31.793448  173.800003  0.010000
1  0.142651  0.142651  -nan  0.027697  32.420251  195.570007  0.010000
1  0.141503  0.141503  -nan  0.030893  33.027655  170.210007  0.010000
1  0.141862  0.141484  -nan  0.021705  33.653085  190.300003  0.010000
1  0.142025  0.142025  nan  0.021305  34.248831  172.190002  0.010000
1  0.142218  0.142218  -nan  0.029162  34.881886  186.389999  0.010000
1  0.141632  0.141632  nan  0.027031  35.488420  200.139999  0.010000
1  0.141547  0.141547  -nan  0.026365  36.092806  175.580002  0.020000
1  0.142883  0.143008  nan  0.024102  36.680808  204.490005  0.020000
1  0.141889  0.141889  -nan  0.021838  37.280695  189.729996  0.010000
1  0.141838  0.141838  nan  0.019841  37.859659  174.279999  0.020000
1  0.139839  0.139839  nan  0.016778  38.444052  196.940002  0.020000
1  0.142395  0.142395  -nan  0.021705  39.038925  183.149994  0.020000
1  0.141452  0.141739  -nan  0.023702  39.607859  177.580002  0.020000
1  0.142475  0.142475  nan  0.021838  40.170123  195.789993  0.010000
1  0.142891  0.142891  nan  0.025966  40.720957  199.250000  0.010000
1  0.143320  0.143320  nan  0.022770  41.291010  203.559998  0.010000
1  0.142926  0.142926  -nan  0.028496  41.857704  203.449997  0.010000
1  0.141665  0.141079  nan  0.019574  42.409020  176.509995  0.010000
1  0.140853  0.140853  nan  0.017710  42.972864  187.470001  0.010000
1  0.142371  0.142371  -nan  0.027431  43.523035  233.229996  0.010000
1  0.142685  0.142685  -nan  0.011585  44.069107  190.619995  0.010000
1  0.142301  0.142301  nan  0.031159  44.606090  191.320007  0.010000
1  0.143052  0.142889  nan  0.024368  45.156793  193.410004  0.010000
1  0.142412  0.142412  -nan  0.029162  45.689243  203.589996  0.010000
7  0.142639  0.140795  -nan  0.014115  46.215858  201.850006  0.010000
7  0.142639  0.140134  nan  0.016512  46.722916  199.789993  0.010000
7  0.142639  0.141876  -nan  0.026632  47.260642  189.360001  0.010000
7  0.142639  0.140117  -nan  0.023968  47.753554  197.250000  0.010000
7  0.142639  0.140433  nan  0.022903  48.281995  223.490005  0.010000
7  0.142639  0.142561  -nan  0.026099  48.765217  211.070007  0.010000
7  0.142639  0.141501  nan  0.022371  49.282855  210.509995  0.010000
7  0.142639  0.140284  nan  0.013183  49.748381  186.809998  0.010000
7  0.142639  0.141507  -nan  0.026365  50.219681  200.729996  0.010000
7  0.142639  0.141859  -nan  0.025700  50.698513  216.500000  0.010000
7  0.142639  0.141395  nan  0.014914  51.139007  213.649994  0.010000
7  0.142639  0.141983  -nan  0.016778  51.590543  220.759995  0.010000
7  0.142639  0.141206  -nan  0.009321  52.010873  234.339996  0.010000
7  0.142639  0.140939  nan  0.025300  52.444843  231.919998  0.010000
7  0.142639  0.141999  -nan  0.020240  52.877800  241.029999  0.010000
7  0.142639  0.142065  nan  0.028629  53.319944  242.919998  0.010000
7  0.142639  0.140420  nan  0.027164  53.706775  219.369995  0.010000
7  0.142639  0.141561  -nan  0.021172  54.123333  221.399994  0.010000
7  0.142639  0.141910  nan  0.028230  54.524365  234.179993  0.010000
7  0.142639  0.140603  -nan  0.026099  54.931412  235.580002  0.010000
7  0.142639  0.142180  -nan  0.024634  55.308407  221.600006  0.010000
7  0.142639  0.142183  nan  0.021305  55.705134  229.089996  0.010000
7  0.142639  0.142801  -nan  0.027963  56.069047  238.240005  0.010000
7  0.142639  0.140506  nan  0.017577  56.441035  224.750000  0.000000
7  0.142639  0.141342  -nan  0.020506  56.807341  224.380005  0.010000
7  0.142639  0.141331  -nan  0.010519  57.140326  215.160004  0.010000
7  0.142639  0.141633  -nan  0.004927  57.475895  250.130005  0.010000
7  0.142639  0.141143  nan  0.024767  57.808150  242.350006  0.010000
7  0.142639  0.143305  nan  0.010786  58.131309  256.019989  0.010000
7  0.142639  0.141462  nan  0.021705  58.391798  267.700012  0.010000
7  0.142639  0.140510  -nan  0.017311  58.690655  302.769989  0.010000
7  0.142639  0.138102  nan  0.016378  59.017567  277.190002  0.010000
7  0.142639  0.141766  -nan  0.015579  59.312501  181.539993  0.000000
7  0.142639  0.140811  -nan  0.023835  59.589656  0.000000  0.000000
7  0.142639  0.142436  -nan  0.015579  59.886034  89.160004  0.000000
7  0.142639  0.142513  nan  0.023569  60.174782  322.100006  0.000000
7  0.142639  0.141645  -nan  0.014381  60.389898  121.099998  0.000000
7  0.142639  0.141577  nan  0.012783  60.611963  0.000000  0.000000
7  0.142639  0.141240  -nan  0.016778  60.847923  273.820007  0.000000
7  0.142639  0.141551  -nan  0.021172  61.069977  0.000000  0.000000
7  0.142639  0.138775  -nan  0.014248  61.303599  53.990002  0.000000
7  0.142639  0.141176  nan  0.011185  61.487996  164.199997  0.000000
7  0.142639  0.141868  -nan  0.020240  61.693089  35.730000  0.000000
7  0.142639  0.143191  -nan  0.024102  61.890468  321.410004  0.000000
7  0.142639  0.140570  -nan  0.020373  62.072186  193.380005  0.000000
7  0.142639  0.139600  nan  0.017577  62.226328  344.790009  0.000000
7  0.142639  0.140798  -nan  0.016911  62.387229  40.240002  0.000000
7  0.142639  0.143059  -nan  0.023170  62.565248  170.470001  0.000000
7  0.142639  0.142660  nan  0.026232  62.738082  176.750000  0.000000
7  0.142639  0.139788  -nan  0.015579  62.903363  49.320000  0.000000
7  0.142639  0.142153  -nan  0.021838  63.031676  135.130005  0.000000
7  0.142639  0.143049  -nan  0.017976  63.187825  288.820007  0.000000
7  0.142639  0.141757  -nan  0.021705  63.321641  157.399994  0.000000
1  0.141357  0.141357  -nan  0.016112  63.498780  42.259998  0.010000
1  0.143761  0.143761  -nan  0.016778  63.610615  280.559998  0.000000
1  0.142241  0.142241  -nan  0.016778  63.760060  49.369999  0.000000
1  0.141237  0.141587  nan  0.016378  63.855752  188.330002  0.000000
1  0.142218  0.142218  nan  0.024767  63.958695  42.299999  0.010000
1  0.142436  0.142436  nan  0.007856  64.045472  204.529999  0.000000
1  0.142603  0.142603  -nan  0.023968  64.136004  273.970001  0.000000
1  0.141704  0.141704  nan  0.015979  64.218397  269.309998  0.000000
1  0.142392  0.142832  -nan  0.019574  64.281007  330.040009  0.000000
1  0.141887  0.141887  nan  0.013582  64.341032  5.870000  0.000000
1  0.142784  0.142784  -nan  0.015047  64.402126  41.790001  0.000000
1  0.142668  0.142668  -nan  0.018908  64.494866  92.150002  0.010000
1  0.144002  0.144002  -nan  0.018243  64.567084  113.510002  0.000000
1  0.141282  0.141168  -nan  0.010519  64.656203  97.169998  0.010000
1  0.142200  0.142200  nan  0.017444  64.711393  55.869999  0.010000
1  0.142662  0.142662  -nan  0.020506  64.749690  64.260002  0.010000
1  0.143012  0.143012  nan  0.019441  64.817270  79.209999  0.010000
1  0.142380  0.142380  nan  0.023702  64.888119  61.130001  0.010000
1  0.142406  0.142270  nan  0.009854  64.943492  75.120003  0.010000
1  0.144142  0.144142  nan  0.007457  65.020825  111.580002  0.000000
1  0.142758  0.142758  nan  0.024501  65.043310  81.370003  0.000000
1  0.142644  0.142644  nan  0.013183  65.125426  100.330002  0.010000
1  0.142747  0.142747  -nan  0.015579  65.182118  83.559998  0.000000
1  0.143805  0.143929  nan  0.013582  65.251619  113.800003  0.010000
1  0.142031  0.142031  -nan  0.012916  65.276016  111.820000  0.010000
1  0.143488  0.143488  nan  0.025833  65.312632  81.589996  0.010000
1  0.140299  0.140299  -nan  0.025433  65.375615  104.360001  0.010000
2  0.000000  0.142022  nan  0.018376  65.372088  102.320000  0.010000
2  0.000000  0.143318  -nan  0.025034  65.403457  95.160004  0.010000
2  0.000000  0.140530  -nan  0.022371  65.430636  87.000000  0.010000
2  0.000000  0.141915  -nan  0.017044  65.436558  100.589996  0.010000
2  0.000000  0.143972  nan  0.026765  65.457233  96.709999  0.010000
2  0.000000  0.144256  -nan  0.016911  65.469855  146.600006  0.010000
2  0.000000  0.142717  -nan  0.022104  65.482054  108.279999  0.010000
2  0.000000  0.142320  -nan  0.022237  65.509776  138.169998  0.010000
2  0.000000  0.143586  nan  0.015446  65.533752  113.949997  0.010000
2  0.000000  0.142354  -nan  0.013183  65.560920  143.899994  0.010000
2  0.000000  0.141550  nan  0.026232  65.595571  164.899994  0.010000
2  0.000000  0.143157  -nan  0.022371  65.576921  138.380005  0.010000
2  0.000000  0.141880  -nan  0.016378  65.593257  146.429993  0.000000
2  0.000000  0.139938  -nan  0.019175  65.608072  110.680000  0.000000
2  0.000000  0.143408  -nan  0.017843  65.615753  133.289993  0.010000
2  0.000000  0.143457  -nan  0.019574  65.613787  130.279999  0.010000
2  0.000000  0.143211  -nan  0.019841  65.624271  128.729996  0.010000
2  0.000000  0.142524  nan  0.015180  65.582232  134.649994  0.000000
2  0.000000  0.143662  -nan  0.017843  65.552959  108.970001  0.010000
2  0.000000  0.140040  nan  0.016645  65.535434  146.979996  0.010000
1  0.142275  0.142275  nan  0.016245  65.576790  114.480003  0.010000
1  0.141771  0.141813  nan  0.012384  65.547123  151.160004  0.010000
1  0.141257  0.141257  -nan  0.009055  65.537508  142.199997  0.010000
1  0.142088  0.142088  nan  0.024368  65.501023  163.929993  0.010000
1  0.142464  0.142464  -nan  0.018908  65.504572  193.000000  0.000000
1  0.142645  0.142645  nan  0.020240  65.506608  167.580002  0.010000
1  0.143098  0.143633  -nan  0.021705  65.526960  175.940002  0.010000
1  0.142808  0.142808  -nan  0.025966  65.524569  192.389999  0.010000
1  0.141788  0.141788  -nan  0.017444  65.511777  174.429993  0.010000
1  0.141908  0.141908  nan  0.024634  65.504667  176.649994  0.010000
1  0.141995  0.141995  nan  0.016245  65.498112  185.509995  0.010000
