1  -0.008182  -0.008560  38.143421  0.020107  -0.000651  46.201273  0.027046  0.004486  3874577295618913483279467316307586764408937743170444698400672940824275918031873148102682116891031489095969577474713373624321384589605139229311236144770822642270677607819270075794796099952173284953448462059141635212953117614908585137660006185814348322752433318002688.000000  10920527672989340437174916023935804985989714675536835342255810193987720588627835930392018058534228309117939666260231991050036629243182758500554127817830520911810184077392720823458024758870557533295388323760884775428863317217029521725703955782760031515251020681707520.000000
1  -0.006038  -0.006038  41.505770  0.020906  0.000391  49.603196  0.028352  0.005482  3874577295618913483279467316307586764408937743170444698400672940824275918031873148102682116891031489095969577474713373624321384589605139229311236144770822642270677607819270075794796099952173284953448462059141635212953117614908585137660006185814348322752433318002688.000000  10920527672989340437174916023935804985989714675536835342255810193987720588627835930392018058534228309117939666260231991050036629243182758500554127817830520911810184077392720823458024758870557533295388323760884775428863317217029521725703955782760031515251020681707520.000000
1  -0.005633  -0.005633  45.135864  0.017710  -0.011366  53.122698  0.025682  -0.006288  239.399994  0.820000
1  -0.006201  -0.006201  49.090789  0.017710  -0.012221  56.441314  0.026179  -0.007197  239.399994  0.820000
1  -0.008661  -0.008661  53.085087  0.030760  0.037174  59.715939  0.039717  0.042137  239.399994  0.820000
1  -0.006088  -0.006256  57.354718  0.020240  -0.004472  62.963356  0.029686  0.000450  239.399994  0.820000
1  -0.008349  -0.008349  61.938068  0.015979  -0.021794  66.128226  0.025899  -0.016923  239.399994  0.820000
1  -0.006170  -0.006170  66.459310  0.026099  0.018567  69.309685  0.036499  0.023390  239.399994  0.820000
1  -0.006235  -0.006235  71.025715  0.018376  -0.012377  72.505519  0.029257  -0.007623  239.399994  0.820000
1  -0.005645  -0.005645  75.758729  0.023569  0.006123  75.547500  0.034910  0.010804  239.399994  0.820000
1  -0.005871  -0.005858  80.259900  0.014514  -0.031213  78.436085  0.026292  -0.026599  239.399994  0.820000
1  -0.005413  -0.005413  84.976494  0.012916  -0.039286  81.474247  0.025155  -0.034750  239.399994  0.820000
1  -0.006379  -0.006379  89.372032  0.021971  -0.001032  84.340133  0.034646  0.003428  206.949997  0.540000
1  -0.005096  -0.005096  93.688850  0.020906  -0.002761  87.028038  0.033992  0.001627  206.949997  0.540000
1  -0.007463  -0.007463  98.301189  0.027031  0.021822  89.878510  0.040553  0.026125  206.949997  0.540000
1  -0.005581  -0.005436  102.545461  0.019441  -0.007489  92.581749  0.033379  -0.003251  206.949997  0.540000
1  -0.006486  -0.006486  106.661441  0.021172  -0.000021  95.228779  0.035516  0.004144  206.949997  0.540000
1  -0.007728  -0.007728  110.601868  0.029295  0.031663  97.809460  0.044034  0.035739  206.949997  0.540000
1  -0.005511  -0.005511  114.327377  0.018642  -0.009148  100.337706  0.033769  -0.005157  206.949997  0.540000
1  -0.006494  -0.006494  117.879027  0.019042  -0.006547  102.776363  0.034544  -0.002648  206.949997  0.540000
1  -0.005261  -0.005261  120.725746  0.018642  -0.008022  105.175685  0.034513  -0.004210  206.949997  0.540000
1  -0.006045  -0.006045  123.396009  0.014914  -0.022037  107.505130  0.031142  -0.018325  206.949997  0.540000
1  -0.008531  -0.008531  126.429969  0.029827  0.039835  109.765038  0.046406  0.043463  150.330002  0.110000
1  -0.005835  -0.005835  129.111399  0.014381  -0.026869  111.992909  0.031296  -0.023346  150.330002  0.110000
1  -0.007270  -0.007270  131.843366  0.028762  0.031207  114.119347  0.046002  0.034629  150.330002  0.110000
1  -0.007040  -0.007016  134.322334  0.025433  0.017215  116.231860  0.042996  0.020555  150.330002  0.110000
1  -0.005258  -0.005258  136.743361  0.016112  -0.016061  118.265401  0.033987  -0.012806  150.330002  0.110000
1  -0.007827  -0.007827  138.971533  0.024634  0.016380  120.270692  0.042812  0.019546  150.330002  0.110000
1  -0.005951  -0.005951  140.947078  0.019042  -0.006826  122.189914  0.037508  -0.003765  150.330002  0.110000
1  -0.006981  -0.006981  142.826361  0.020373  -0.001816  124.065320  0.039121  0.001151  150.330002  0.110000
1  -0.007051  -0.007404  144.551272  0.025833  0.022621  125.846228  0.044850  0.025485  150.330002  0.110000
1  -0.006209  -0.006209  146.235660  0.011585  -0.033450  127.633064  0.030869  -0.030660  150.330002  0.110000
1  -0.005874  -0.005874  147.681836  0.018243  -0.004343  129.318073  0.037779  -0.001656  150.330002  0.110000
1  -0.007098  -0.007098  149.093629  0.017177  -0.013042  130.990620  0.036960  -0.010443  150.330002  0.110000
1  -0.006898  -0.006898  150.400246  0.020373  0.002367  132.581408  0.040390  0.004872  346.339996  0.630000
1  -0.007626  -0.006919  151.612957  0.018109  -0.010447  134.116446  0.038347  -0.008049  346.339996  0.630000
1  -0.004922  -0.004922  152.743591  0.018509  -0.008116  135.619391  0.038964  -0.005802  346.339996  0.630000
1  -0.006449  -0.006449  153.730301  0.022637  0.008053  137.034835  0.043294  0.010257  346.339996  0.630000
1  -0.007866  -0.007866  154.607733  0.023170  0.009008  138.430470  0.044025  0.011131  346.339996  0.630000
1  -0.005915  -0.005915  155.463209  0.011452  -0.038158  139.733905  0.032489  -0.036144  346.339996  0.630000
1  -0.007281  -0.007185  156.228691  0.028230  0.029329  140.986946  0.049441  0.031245  346.339996  0.630000
1  -0.007882  -0.007882  156.990190  0.013582  -0.029288  142.225678  0.034964  -0.027448  346.339996  0.630000
1  -0.005415  -0.005415  157.692088  0.014781  -0.027587  143.423962  0.036323  -0.025831  357.850006  0.840000
1  -0.006591  -0.006591  158.291467  0.023303  0.008944  144.550874  0.044997  0.010613  357.850006  0.840000
1  -0.005897  -0.005897  158.873570  0.026232  0.023259  145.646862  0.048074  0.024861  357.850006  0.840000
1  -0.005361  -0.006007  159.433616  0.022237  0.010050  146.695820  0.044220  0.011579  357.850006  0.840000
1  -0.006928  -0.006928  159.907924  0.021705  0.007623  147.677636  0.043814  0.009062  357.850006  0.840000
1  -0.004332  -0.004332  160.328266  0.013449  -0.027075  148.615843  0.035676  -0.025728  357.850006  0.840000
1  -0.007558  -0.007558  160.721393  0.015579  -0.018712  149.528002  0.037921  -0.017444  357.850006  0.840000
1  -0.005619  -0.005619  161.076796  0.018376  -0.007896  150.383522  0.040821  -0.006704  357.850006  0.840000
1  -0.007133  -0.006590  161.475559  0.021971  0.004322  151.273130  0.044524  0.005469  357.850006  0.840000
1  -0.007811  -0.007811  161.852440  0.019175  -0.005789  152.111508  0.041829  -0.004691  357.850006  0.840000
1  -0.006584  -0.006584  162.129944  0.026232  0.025662  152.855308  0.048974  0.026686  357.850006  0.840000
1  -0.005555  -0.005555  162.424253  0.024634  0.019966  153.601653  0.047462  0.020933  312.190002  0.830000
1  -0.007211  -0.007211  162.684882  0.017044  -0.010434  154.322321  0.039953  -0.009526  312.190002  0.830000
1  -0.005508  -0.005578  162.877117  0.019175  -0.001338  154.961772  0.042152  -0.000506  312.190002  0.830000
1  -0.008340  -0.008340  163.077546  0.013449  -0.022766  155.575175  0.036491  -0.021998  312.190002  0.830000
1  -0.006585  -0.006585  163.291669  0.016378  -0.009825  156.182932  0.039484  -0.009104  312.190002  0.830000
1  -0.006801  -0.006801  163.472759  0.013715  -0.021345  156.759517  0.036877  -0.020676  312.190002  0.830000
1  -0.007069  -0.007069  163.612400  0.020240  0.004410  157.305598  0.043453  0.005017  312.190002  0.830000
1  -0.005122  -0.005198  163.752369  0.022903  0.013664  157.815185  0.046161  0.014221  312.190002  0.830000
2  0.000000  -0.006466  163.857737  0.011984  -0.028401  158.298249  0.035283  -0.027895  312.190002  0.830000
2  -1.471663  -0.007529  163.969685  0.019974  0.003033  158.761625  0.043310  0.003489  301.619995  0.870000
2  -2.875269  -0.005301  164.069471  0.018376  -0.001542  159.197726  0.041746  -0.001124  301.619995  0.870000
2  -4.196618  -0.006479  164.188406  0.017177  -0.005427  159.653148  0.040583  -0.005034  301.619995  0.870000
2  -5.580682  -0.004729  164.288652  0.015979  -0.008735  160.063481  0.039415  -0.008375  301.619995  0.870000
2  -6.833578  -0.006451  164.364197  0.013982  -0.019408  160.455985  0.037442  -0.019090  301.619995  0.870000
2  -8.036512  -0.007066  164.454405  0.015979  -0.013445  160.831142  0.039461  -0.013162  301.619995  0.870000
2  -9.193152  -0.006067  164.563143  0.015979  -0.011379  161.212460  0.039485  -0.011111  301.619995  0.870000
2  -10.371090  -0.006769  164.642151  0.021438  0.010681  161.559807  0.044963  0.010919  301.619995  0.870000
2  -11.453316  -0.006046  164.788263  0.024901  0.021027  161.957515  0.048448  0.021263  301.619995  0.870000
2  -12.689607  -0.006330  164.829073  0.013449  -0.020248  162.240539  0.037007  -0.020059  301.619995  0.870000
2  -13.577214  -0.005797  164.881114  0.019042  0.004852  162.527909  0.042609  0.005011  276.670013  0.590000
2  -14.489250  -0.005638  164.983009  0.020639  0.006099  162.842597  0.044217  0.006236  276.670013  0.590000
2  -15.484392  -0.007274  165.028862  0.015180  -0.013371  163.112781  0.038762  -0.013263  276.670013  0.590000
2  -16.345193  -0.007410  165.038198  0.028096  0.037980  163.345445  0.051678  0.038048  276.670013  0.590000
2  -17.104945  -0.004914  165.071936  0.015579  -0.012431  163.582266  0.039160  -0.012388  276.670013  0.590000
2  -17.866821  -0.005080  165.098654  0.031692  0.049968  163.817791  0.055270  0.049990  276.670013  0.590000
2  -18.641476  -0.004918  165.142708  0.025966  0.024014  164.051649  0.049540  0.024016  276.670013  0.590000
2  -19.402552  -0.005103  165.132524  0.022504  0.014435  164.223886  0.046068  0.014406  276.670013  0.590000
2  -19.981613  -0.006197  165.178113  0.023170  0.017687  164.438578  0.046729  0.017651  276.670013  0.590000
2  -20.692253  -0.005058  165.215800  0.012783  -0.023553  164.629118  0.036334  -0.023606  276.670013  0.590000
2  -21.326815  -0.006795  165.249920  0.025300  0.022682  164.821314  0.048840  0.022613  276.670013  0.590000
2  -21.979718  -0.007732  165.305331  0.021705  0.008129  165.018313  0.045236  0.008056  276.670013  0.590000
2  -22.640942  -0.005428  165.353379  0.024634  0.020663  165.201229  0.048155  0.020579  252.619995  0.890000
2  -23.265012  -0.006892  165.394134  0.024634  0.019835  165.370114  0.048142  0.019731  252.619995  0.890000
2  -23.847209  -0.006481  165.371611  0.015047  -0.018910  165.484068  0.038533  -0.019049  252.619995  0.890000
2  -24.260955  -0.006040  165.351324  0.016112  -0.010362  165.597252  0.039577  -0.010526  252.619995  0.890000
2  -24.678849  -0.007228  165.335298  0.016378  -0.009003  165.706805  0.039821  -0.009186  252.619995  0.890000
2  -25.086546  -0.005495  165.342567  0.015713  -0.012601  165.827828  0.039134  -0.012792  252.619995  0.890000
2  -25.529400  -0.006999  165.350479  0.027431  0.031725  165.961493  0.050832  0.031531  252.619995  0.890000
2  -26.017705  -0.006847  165.360331  0.007191  -0.046334  166.069657  0.030571  -0.046534  252.619995  0.890000
2  -26.414611  -0.005503  165.312490  0.012384  -0.027669  166.151547  0.035735  -0.027898  194.460007  0.370000
2  -26.746227  -0.006512  165.283415  0.025566  0.027082  166.228857  0.048891  0.026841  194.460007  0.370000
2  -27.068873  -0.006765  165.267816  0.025167  0.027036  166.303176  0.048465  0.026786  194.460007  0.370000
2  -27.376495  -0.005622  165.326820  0.012251  -0.026692  166.423887  0.035529  -0.026927  194.460007  0.370000
2  -27.818249  -0.007126  165.318732  0.020906  0.010196  166.504005  0.044157  0.009953  194.460007  0.370000
2  -28.149805  -0.005830  165.334736  0.013848  -0.017041  166.583999  0.037073  -0.017288  194.460007  0.370000
2  -28.473933  -0.007199  165.333917  0.013715  -0.018859  166.657748  0.036912  -0.019118  194.460007  0.370000
2  -28.783526  -0.004491  165.324797  0.022770  0.014941  166.728435  0.045936  0.014670  194.460007  0.370000
2  -29.089231  -0.005821  165.334918  0.009721  -0.034614  166.803063  0.032861  -0.034880  194.460007  0.370000
2  -29.396455  -0.006685  165.334454  0.016911  -0.005939  166.860157  0.040021  -0.006215  194.460007  0.370000
2  -29.661767  -0.005923  165.377894  0.018243  -0.000451  166.952848  0.041328  -0.000714  150.360001  0.620000
2  -30.031869  -0.005575  165.418817  0.016778  -0.009060  167.042299  0.039837  -0.009324  150.360001  0.620000
2  -30.391749  -0.004891  165.398375  0.020773  0.008359  167.074622  0.043797  0.008068  150.360001  0.620000
2  -30.583293  -0.006191  165.371544  0.014647  -0.015515  167.095465  0.037635  -0.015827  150.360001  0.620000
2  -30.735545  -0.006549  165.334636  0.016112  -0.008810  167.122267  0.039065  -0.009135  150.360001  0.620000
2  -30.909735  -0.006273  165.305840  0.024634  0.024972  167.158026  0.047553  0.024643  150.360001  0.620000
2  -31.114685  -0.007050  165.333278  0.008123  -0.038441  167.218857  0.031014  -0.038754  150.360001  0.620000
2  -31.382946  -0.005917  165.355111  0.014248  -0.012290  167.271408  0.037110  -0.012595  150.360001  0.620000
2  -31.638209  -0.005304  165.373222  0.014647  -0.011592  167.320554  0.037478  -0.011898  150.360001  0.620000
2  -31.880884  -0.006545  165.376209  0.017444  -0.003925  167.368560  0.040240  -0.004241  150.360001  0.620000
2  -32.121817  -0.006558  165.369735  0.021971  0.015153  167.391283  0.044732  0.014825  145.850006  0.540000
2  -32.287994  -0.006088  165.359316  0.024368  0.023588  167.422458  0.047094  0.023254  145.850006  0.540000
2  -32.478772  -0.007792  165.361529  0.023569  0.021970  167.460706  0.046262  0.021639  145.850006  0.540000
2  -32.689555  -0.005369  165.388270  0.015047  -0.014090  167.510272  0.037708  -0.014418  145.850006  0.540000
2  -32.930927  -0.006637  165.397911  0.014514  -0.015341  167.544409  0.037142  -0.015669  145.850006  0.540000
2  -33.130347  -0.006201  165.401053  0.017710  -0.001058  167.560688  0.040302  -0.001394  145.850006  0.540000
2  -33.278219  -0.005529  165.424126  0.018908  0.001614  167.608258  0.041468  0.001282  145.850006  0.540000
2  -33.519443  -0.006277  165.429511  0.021438  0.012286  167.631610  0.043963  0.011948  145.850006  0.540000
2  -33.688911  -0.006143  165.433816  0.022770  0.015805  167.661402  0.045259  0.015464  145.850006  0.540000
2  -33.877395  -0.006261  165.425926  0.017444  -0.005165  167.680990  0.039896  -0.005515  145.850006  0.540000
2  -34.032136  -0.006770  165.373467  0.022637  0.018072  167.657872  0.045047  0.017701  301.190002  0.270000
2  -34.063784  -0.005080  165.355202  0.014914  -0.014023  167.677176  0.037288  -0.014392  301.190002  0.270000
2  -34.216438  -0.006853  165.400164  0.014514  -0.014644  167.723942  0.036857  -0.014992  301.190002  0.270000
2  -34.455607  -0.006755  165.405370  0.016112  -0.010252  167.742233  0.038417  -0.010608  301.190002  0.270000
2  -34.610531  -0.006010  165.414893  0.017710  -0.004319  167.758498  0.039977  -0.004681  301.190002  0.270000
2  -34.759541  -0.006330  165.392799  0.020240  0.008033  167.753147  0.042469  0.007664  301.190002  0.270000
2  -34.844112  -0.004709  165.413829  0.017577  -0.005577  167.780836  0.039770  -0.005944  301.190002  0.270000
2  -35.025486  -0.006228  165.413721  0.015180  -0.012433  167.797303  0.037338  -0.012792  301.190002  0.270000
2  -35.173493  -0.005998  165.431544  0.021438  0.011322  167.828170  0.043562  0.010968  301.190002  0.270000
2  -35.369333  -0.006288  165.434546  0.019042  0.002542  167.836705  0.041127  0.002181  301.190002  0.270000
2  -35.493939  -0.007239  165.449272  0.017311  -0.007620  167.851655  0.039357  -0.007989  301.190002  0.270000
2  -35.638267  -0.005080  165.464277  0.019974  0.004207  167.874598  0.041986  0.003845  301.190002  0.270000
2  -35.809005  -0.006450  165.427378  0.013049  -0.023094  167.862917  0.035019  -0.023471  295.369995  0.550000
2  -35.870956  -0.005734  165.410119  0.020240  0.007387  167.867625  0.042173  0.007013  295.369995  0.550000
2  -35.989182  -0.006366  165.459305  0.018243  -0.002570  167.918602  0.040144  -0.002923  295.369995  0.550000
2  -36.242132  -0.008059  165.417988  0.019308  0.002142  167.904550  0.041168  0.001771  295.369995  0.550000
2  -36.301382  -0.005571  165.423339  0.013848  -0.015275  167.904303  0.035673  -0.015641  295.369995  0.550000
2  -36.398783  -0.006241  165.382902  0.018243  0.002378  167.885764  0.040026  0.002001  295.369995  0.550000
2  -36.446051  -0.007146  165.359518  0.018509  0.005317  167.858022  0.040251  0.004931  295.369995  0.550000
2  -36.463364  -0.006081  165.354039  0.025034  0.029946  167.856985  0.046737  0.029561  295.369995  0.550000
2  -36.563915  -0.006846  165.409042  0.017976  -0.000310  167.902110  0.039648  -0.000671  339.290009  0.580000
1  -0.006686  -0.006686  165.431999  0.019175  0.005133  167.922373  0.040811  0.004779  339.290009  0.580000
1  -0.007461  -0.007461  165.407869  0.020373  0.010290  167.901372  0.041969  0.009916  339.290009  0.580000
1  -0.006373  -0.006544  165.379792  0.017577  -0.000302  167.875942  0.039130  -0.000689  339.290009  0.580000
1  -0.005213  -0.005213  165.449625  0.020506  0.008916  167.936014  0.042030  0.008559  339.290009  0.580000
1  -0.006502  -0.006502  165.455690  0.020906  0.008750  167.946968  0.042392  0.008389  339.290009  0.580000
1  -0.006079  -0.006079  165.390228  0.029961  0.046161  167.911662  0.051403  0.045772  339.290009  0.580000
1  -0.005909  -0.005909  165.383672  0.027564  0.036499  167.912976  0.048967  0.036112  339.290009  0.580000
1  -0.006752  -0.006543  165.358971  0.022770  0.017331  167.889072  0.044131  0.016935  339.290009  0.580000
1  -0.003613  -0.003613  165.355195  0.019042  0.002873  167.884574  0.040362  0.002484  339.290009  0.580000
1  -0.006953  -0.006953  165.331187  0.023702  0.023023  167.859404  0.044983  0.022626  321.890015  0.540000
1  -0.005789  -0.005789  165.335603  0.017444  -0.003817  167.858510  0.038683  -0.004211  321.890015  0.540000
1  -0.005687  -0.005687  165.346654  0.015047  -0.011231  167.867360  0.036251  -0.011609  321.890015  0.540000
1  -0.007115  -0.006867  165.374323  0.014914  -0.012499  167.890048  0.036084  -0.012867  321.890015  0.540000
1  -0.006654  -0.006654  165.350985  0.015446  -0.009134  167.870186  0.036576  -0.009513  321.890015  0.540000
1  -0.006218  -0.006218  165.401193  0.026632  0.035401  167.900826  0.047729  0.035041  321.890015  0.540000
1  -0.005842  -0.005842  165.401187  0.023036  0.019599  167.901129  0.044095  0.019232  321.890015  0.540000
1  -0.005276  -0.005276  165.382503  0.021305  0.013733  167.893565  0.042325  0.013362  321.890015  0.540000
1  -0.007357  -0.008015  165.374109  0.021572  0.015358  167.885770  0.042553  0.014983  321.890015  0.540000
1  -0.005659  -0.005659  165.422827  0.020506  0.007676  167.919541  0.041454  0.007314  321.890015  0.540000
1  -0.006065  -0.006065  165.412621  0.012251  -0.023099  167.914580  0.033161  -0.023464  323.529999  0.810000
1  -0.006171  -0.006171  165.371603  0.019308  0.004076  167.888412  0.040176  0.003693  323.529999  0.810000
1  -0.006296  -0.006296  165.382794  0.020639  0.009546  167.901540  0.041472  0.009175  323.529999  0.810000
1  -0.006037  -0.006425  165.358751  0.012916  -0.019567  167.882319  0.033709  -0.019945  323.529999  0.810000
