1  -0.368173  -0.368173  56.261566  0.018243  4.313548  267.600006  0.250000
1  -0.365727  -0.365727  60.308787  0.014914  4.557149  267.149994  0.250000
1  -0.368380  -0.368380  65.060233  0.003728  4.799943  266.700012  0.250000
1  -0.368340  -0.368340  69.274461  0.014647  5.053571  266.250000  0.250000
1  -0.365810  -0.365810  73.289876  0.019707  5.325442  265.809998  0.250000
1  -0.367202  -0.367202  77.963232  0.020240  5.585334  265.380005  0.250000
1  -0.368616  -0.368616  81.467006  0.007856  5.844880  264.950012  0.250000
1  -0.368825  -0.368825  85.845162  0.015579  6.098653  264.529999  0.250000
1  -0.367054  -0.367054  90.082422  0.005459  6.366274  264.100006  0.250000
1  -0.366141  -0.366141  93.944268  0.020906  6.642689  263.679993  0.240000
1  -0.367175  -0.367409  97.625124  0.007057  6.932585  263.250000  0.240000
1  -0.368055  -0.368055  101.031271  0.005326  7.203151  262.809998  0.240000
1  -0.367551  -0.367551  104.426628  0.017444  7.474614  262.359985  0.240000
1  -0.367469  -0.367469  107.826781  0.007856  7.768451  261.910004  0.240000
1  -0.368821  -0.368821  110.422410  0.011718  8.063911  261.470001  0.230000
1  -0.371505  -0.370854  113.655763  0.011052  8.377139  261.010010  0.230000
1  -0.367733  -0.367733  116.294256  0.015579  8.694426  260.549988  0.230000
1  -0.366931  -0.366931  118.901755  0.001332  9.015324  260.100006  0.230000
1  -0.368316  -0.368316  121.267981  0.003462  9.335358  259.640015  0.230000
1  -0.370051  -0.370051  123.753330  0.015446  9.661949  241.270004  0.230000
1  -0.368048  -0.368125  125.818075  0.016645  10.007190  241.279999  0.230000
1  -0.365286  -0.365286  127.849848  0.005593  10.345481  241.169998  0.230000
1  -0.369133  -0.369133  129.688996  0.006392  10.699769  240.949997  0.230000
1  -0.368098  -0.368098  131.357389  0.014914  11.070714  240.410004  0.240000
1  -0.366842  -0.366842  133.070517  0.013582  11.454074  239.759995  0.240000
1  -0.367583  -0.367691  134.640431  0.007590  11.846051  239.500000  0.240000
1  -0.367702  -0.367702  136.067698  0.015846  12.240761  239.529999  0.250000
1  -0.367480  -0.367480  137.427630  0.015313  12.653410  239.389999  0.250000
1  -0.367900  -0.367900  138.702636  0.025700  13.079516  239.229996  0.250000
1  -0.367355  -0.367355  139.931293  0.016112  13.522805  239.119995  0.250000
