1  -0.370615  -0.370615  67.616585  0.011984  0.001458  4.249514  0.005522  0.003028  150.470001  0.000000
1  -0.364499  -0.364499  71.153669  0.004794  -0.137240  4.520481  0.005730  0.000706  150.570007  0.000000
1  -0.367640  -0.367640  74.643519  0.019974  0.187524  4.789958  0.006325  0.006372  153.080002  0.000000
1  -0.369118  -0.369118  78.200003  0.005326  -0.188784  5.065797  0.006406  -0.000083  219.100006  0.000000
1  -0.368362  -0.368362  81.426891  0.007590  -0.106294  5.353468  0.006796  0.001389  165.570007  0.000000
1  -0.367300  -0.367300  84.340646  0.021971  0.136516  5.639119  0.007393  0.005614  170.460007  0.000000
1  -0.367123  -0.366414  87.297708  0.004261  -0.218117  5.935135  0.007441  -0.000450  237.130005  0.000000
1  -0.365862  -0.365862  90.129922  0.017843  0.047325  6.232276  0.008036  0.004193  259.119995  0.000000
1  -0.370975  -0.370975  92.608942  0.012783  -0.143898  6.537169  0.008313  0.000878  260.350006  0.010000
1  -0.369096  -0.369096  94.900753  0.015180  -0.037223  6.846075  0.008723  0.002813  255.600006  0.010000
1  -0.366921  -0.366921  97.156555  0.018642  0.023315  7.166819  0.009164  0.004008  239.990005  0.010000
1  -0.365402  -0.365672  98.965529  0.017710  0.040469  7.492450  0.009533  0.004275  224.779999  0.010000
1  -0.366220  -0.366220  101.051580  0.020373  0.140678  7.822420  0.009968  0.006117  208.339996  0.010000
1  -0.367683  -0.367683  103.074596  0.031026  0.255828  8.159392  0.010548  0.008165  197.300003  0.010000
1  -0.368542  -0.368542  104.923331  0.019841  0.101871  8.507798  0.010758  0.005597  203.990005  0.010000
1  -0.366611  -0.366611  106.289368  0.017311  0.025247  8.870208  0.011133  0.004261  199.570007  0.010000
1  -0.365984  -0.366003  107.826242  0.018642  0.017953  9.229882  0.011570  0.004245  201.770004  0.020000
1  -0.366905  -0.366905  109.285300  0.028895  0.256862  9.607081  0.012180  0.008464  204.199997  0.020000
1  -0.368294  -0.368294  110.689557  0.007856  -0.098469  10.000197  0.012259  0.002441  206.029999  0.020000
1  -0.370045  -0.370045  111.978591  0.012783  -0.025019  10.389806  0.012785  0.003704  210.190002  0.020000
1  -0.367219  -0.367219  113.156357  0.019707  0.078497  10.791355  0.013355  0.005602  214.059998  0.020000
1  -0.365503  -0.365756  114.302604  0.017577  0.070601  11.203435  0.013777  0.005582  215.740005  0.020000
1  -0.366565  -0.366565  115.358895  0.015180  -0.016577  11.635739  0.014211  0.004185  215.740005  0.020000
1  -0.366280  -0.366280  116.124075  0.004128  -0.155487  12.068909  0.014492  0.001681  218.229996  0.030000
1  -0.368865  -0.368865  116.910259  0.018775  0.104009  12.518855  0.015235  0.006388  218.880005  0.030000
1  -0.368940  -0.368940  117.698881  0.012517  0.024942  12.978102  0.015619  0.005057  219.649994  0.030000
1  -0.365249  -0.365250  118.473504  0.009854  -0.085842  13.453009  0.016078  0.003207  220.759995  0.030000
1  -0.365395  -0.365395  119.175620  0.006392  -0.097973  13.932951  0.016525  0.003054  221.949997  0.030000
1  -0.365682  -0.365682  119.778645  0.016911  0.045582  14.425173  0.017223  0.005603  223.029999  0.030000
1  -0.367897  -0.367897  120.320888  0.007324  -0.084439  14.926683  0.017574  0.003403  226.679993  0.030000
1  -0.368661  -0.368661  120.830623  0.006791  -0.132914  15.442916  0.018095  0.002622  229.089996  0.030000
1  -0.368153  -0.368196  121.335712  0.010653  -0.024537  15.964097  0.018690  0.004500  226.399994  0.030000
1  -0.365553  -0.365553  121.846184  0.008522  -0.127590  16.492405  0.019184  0.002712  229.399994  0.030000
1  -0.367230  -0.368505  122.278692  0.009321  -0.076800  17.032871  0.019736  0.003618  231.910004  0.030000
1  -0.369235  -0.369235  122.708539  0.008389  -0.123628  17.576676  0.020257  0.002859  233.089996  0.030000
1  -0.369862  -0.369862  123.120800  0.022237  0.173441  18.122326  0.021034  0.008084  234.240005  0.030000
1  -0.367294  -0.367009  123.431121  0.009854  -0.092921  18.671263  0.021349  0.003303  236.139999  0.030000
1  -0.365626  -0.365626  123.683956  0.021971  0.162582  19.233007  0.022098  0.007739  239.199997  0.030000
1  -0.367428  -0.367428  123.934431  0.016778  0.024593  19.790809  0.022538  0.005342  241.729996  0.030000
1  -0.367487  -0.367487  124.230791  0.010786  -0.059163  20.375609  0.022984  0.004003  243.179993  0.030000
1  -0.367695  -0.367695  124.474748  0.012517  -0.014427  20.936809  0.023536  0.004727  244.460007  0.030000
1  -0.368548  -0.368800  124.750611  0.008256  -0.094870  21.513341  0.023992  0.003305  246.949997  0.030000
1  -0.365489  -0.365489  124.946894  0.013715  -0.000883  22.093037  0.024618  0.004956  249.080002  0.030000
1  -0.365925  -0.365925  125.182714  0.007324  -0.120106  22.681418  0.025040  0.002893  251.830002  0.030000
1  -0.365723  -0.365723  125.404573  0.013982  -0.037390  23.268086  0.025686  0.004274  253.699997  0.030000
1  -0.368324  -0.368324  125.609143  0.010253  -0.071621  23.859352  0.026149  0.003676  255.580002  0.030000
1  -0.369066  -0.368556  125.762187  0.007723  -0.107967  24.454257  0.026631  0.003007  259.290009  0.030000
1  -0.367937  -0.367937  125.959720  0.018642  0.076176  25.048983  0.027344  0.006223  262.299988  0.030000
1  -0.364495  -0.364495  126.132326  0.017577  0.048759  25.666304  0.027865  0.005774  265.369995  0.030000
1  -0.367529  -0.367529  126.248296  0.012517  -0.021372  26.264800  0.028294  0.004504  268.880005  0.030000
1  -0.368926  -0.368926  126.361431  0.015579  0.009323  26.865517  0.028861  0.004964  272.260010  0.030000
1  -0.369377  -0.370402  126.494794  0.011718  -0.021014  27.473695  0.029313  0.004455  277.170013  0.030000
1  -0.367133  -0.367133  126.596766  0.011585  -0.021114  28.079406  0.029822  0.004447  280.459991  0.040000
1  -0.363127  -0.363127  126.703209  0.010386  -0.044446  28.692602  0.030320  0.004065  282.630005  0.040000
1  -0.367004  -0.367004  126.797120  0.011718  -0.037930  29.302814  0.030852  0.004107  284.079987  0.040000
1  -0.367755  -0.367755  126.894703  0.017976  0.061086  29.919267  0.031473  0.005869  285.230011  0.040000
1  -0.369072  -0.368748  127.007391  0.012916  0.005556  30.539049  0.031897  0.004865  285.799988  0.040000
1  -0.368603  -0.368603  127.084430  0.004927  -0.096084  31.171383  0.032275  0.003059  285.989990  0.040000
1  -0.367074  -0.367074  127.152104  0.009321  -0.063204  31.790318  0.032856  0.003657  286.549988  0.040000
1  -0.367617  -0.367617  127.214016  0.009987  -0.091447  32.408688  0.033363  0.003072  286.959991  0.040000
1  -0.368754  -0.368754  127.275976  0.016645  0.015693  33.032670  0.033979  0.004946  287.470001  0.040000
1  -0.368176  -0.368210  127.355692  0.014115  0.028895  33.661209  0.034436  0.005203  287.529999  0.040000
1  -0.369618  -0.369618  127.371063  0.010120  -0.076935  34.291571  0.034865  0.003301  287.700012  0.040000
1  -0.366589  -0.366589  127.403439  0.008256  -0.070479  34.919806  0.035328  0.003473  287.829987  0.040000
1  -0.363719  -0.363719  127.412771  0.010386  -0.013083  35.544797  0.035852  0.004375  288.029999  0.040000
1  -0.367308  -0.367308  127.470888  0.001997  -0.245250  36.195047  0.036210  0.000290  287.730011  0.040000
1  -0.369385  -0.369302  127.489448  0.014914  0.030749  36.812092  0.036909  0.005048  287.410004  0.040000
1  -0.368300  -0.368300  127.500938  0.016378  0.084257  37.447980  0.037422  0.006015  287.239990  0.040000
1  -0.367045  -0.367045  127.546747  0.011052  -0.062747  38.087904  0.037815  0.003381  286.959991  0.040000
1  -0.364351  -0.364351  127.558432  0.019042  0.099724  38.723659  0.038435  0.006246  286.220001  0.040000
1  -0.366697  -0.366697  127.637016  0.014381  -0.045757  39.358536  0.038831  0.003717  285.269989  0.040000
1  -0.369271  -0.369031  127.640629  0.005992  -0.125620  40.016462  0.039176  0.002204  284.269989  0.040000
1  -0.369333  -0.369333  127.663176  0.016245  0.062601  40.657266  0.039834  0.005595  283.179993  0.040000
1  -0.368191  -0.368191  127.638636  0.019308  0.124142  41.301011  0.040367  0.006619  282.100006  0.040000
1  -0.366791  -0.366791  127.676129  0.012517  -0.035934  41.945399  0.040724  0.003859  281.239990  0.040000
1  -0.366144  -0.366144  127.700742  0.018509  0.064061  42.605303  0.041313  0.005571  280.480011  0.040000
1  -0.366929  -0.367448  127.732649  0.022237  0.168541  43.253433  0.041849  0.007379  279.950012  0.040000
1  -0.368667  -0.368667  127.755946  0.006258  -0.099624  43.902621  0.042042  0.002696  279.670013  0.040000
1  -0.368307  -0.368307  127.788354  0.006525  -0.090382  44.550704  0.042513  0.002782  279.630005  0.040000
1  -0.366614  -0.366876  127.796981  0.013049  -0.092779  45.201175  0.043089  0.002692  279.230011  0.040000
1  -0.366190  -0.366190  127.813639  0.015846  0.060820  45.849057  0.043597  0.005350  278.790009  0.040000
1  -0.366944  -0.366944  127.835552  0.004128  -0.172466  46.501589  0.043855  0.001312  277.809998  0.040000
1  -0.369364  -0.369364  127.824041  0.019042  0.092086  47.153916  0.044573  0.005887  276.959991  0.040000
1  -0.368073  -0.368073  127.841999  0.007989  -0.095853  47.812257  0.044840  0.002583  275.890015  0.040000
1  -0.366310  -0.366296  127.871225  0.010386  -0.094812  48.461188  0.045331  0.002571  275.279999  0.040000
1  -0.366276  -0.366276  127.842439  0.008922  -0.121480  49.116626  0.045759  0.002120  274.600006  0.040000
1  -0.366819  -0.366819  127.822947  0.016378  0.069437  49.770975  0.046337  0.005365  274.100006  0.040000
1  -0.369954  -0.369954  127.838377  0.007590  -0.131605  50.429181  0.046632  0.001867  273.589996  0.040000
1  -0.367609  -0.367609  127.860546  0.017843  0.073346  51.090446  0.047261  0.005408  273.700012  0.040000
1  -0.366400  -0.366678  127.885043  0.015579  -0.000596  51.741495  0.047657  0.004052  273.589996  0.040000
1  -0.366161  -0.366161  127.863742  0.013982  0.023754  52.394485  0.048065  0.004520  272.950012  0.040000
1  -0.366086  -0.366086  127.843114  0.019042  0.107097  53.047381  0.048585  0.005903  272.350006  0.040000
1  -0.367700  -0.367700  127.853385  0.011984  -0.009017  53.708572  0.048901  0.003971  272.250000  0.040000
1  -0.369005  -0.369005  127.874825  0.015579  0.057268  54.365913  0.049398  0.005070  271.730011  0.040000
1  -0.368003  -0.366455  127.882591  0.015446  -0.004877  55.025920  0.049827  0.003960  271.010010  0.040000
1  -0.365619  -0.365619  127.842289  0.004261  -0.097675  55.685736  0.050062  0.002306  270.309998  0.040000
1  -0.365663  -0.365663  127.827355  0.013715  0.067669  56.344257  0.050652  0.005169  269.540009  0.040000
1  -0.368179  -0.367926  127.837444  0.005060  -0.146140  57.003739  0.050926  0.001401  268.880005  0.040000
1  -0.369137  -0.369137  127.820210  0.015446  0.059038  57.663216  0.051530  0.004999  268.239990  0.040000
1  -0.367637  -0.367637  127.877045  0.017710  0.080212  58.323932  0.051991  0.005359  267.959991  0.040000
1  -0.365684  -0.365684  127.894854  0.014248  0.008615  58.984392  0.052348  0.004063  267.190002  0.040000
1  -0.366618  -0.366618  127.846057  0.015180  0.016211  59.643273  0.052775  0.004101  265.989990  0.040000
1  -0.368780  -0.368462  127.807932  0.013316  0.001794  60.302424  0.053153  0.003882  264.239990  0.040000
1  -0.369466  -0.369466  127.852888  0.013982  0.043410  60.958651  0.053572  0.004576  262.829987  0.040000
1  -0.367164  -0.367164  127.886289  0.011452  -0.054971  61.619328  0.053935  0.002857  261.760010  0.040000
1  -0.364108  -0.364108  127.910990  0.017843  0.070983  62.276560  0.054448  0.004991  261.070007  0.040000
1  -0.366248  -0.366248  127.921305  0.015446  0.023560  62.935849  0.054808  0.004158  260.500000  0.040000
1  -0.366212  -0.366610  127.911156  0.022504  0.132409  63.594495  0.055329  0.006048  260.269989  0.040000
1  -0.368523  -0.368523  127.927554  0.014914  0.060310  64.256428  0.055597  0.004804  259.890015  0.040000
1  -0.368565  -0.368565  127.936849  0.005992  -0.126386  64.927593  0.055843  0.001429  259.029999  0.040000
1  -0.366995  -0.367216  127.956181  0.007191  -0.114647  65.578593  0.056252  0.001645  258.420013  0.040000
1  -0.366256  -0.366256  127.957454  0.018509  0.148416  66.236604  0.056838  0.006226  257.739990  0.040000
1  -0.369049  -0.369049  127.945943  0.027031  0.275098  66.896582  0.057374  0.008431  257.200012  0.040000
1  -0.367751  -0.367751  127.952337  0.019841  0.105994  67.564612  0.057638  0.005387  256.690002  0.040000
1  -0.368525  -0.368525  127.959976  0.008922  -0.039043  68.205269  0.057819  0.002872  256.220001  0.050000
1  -0.366407  -0.366894  127.970201  0.020107  0.144784  68.860274  0.058391  0.006057  255.610001  0.050000
1  -0.363659  -0.363659  127.980347  0.016778  0.095882  69.528357  0.058715  0.005137  255.179993  0.050000
1  -0.367075  -0.367075  127.968169  0.005726  -0.159615  70.175760  0.058890  0.000650  254.710007  0.050000
1  -0.369030  -0.369030  127.953392  0.014381  0.021623  70.830239  0.059410  0.003833  254.240005  0.050000
1  -0.368464  -0.368464  127.949120  0.019707  0.095873  71.482245  0.059869  0.005094  253.690002  0.050000
1  -0.367787  -0.367759  127.939959  0.012251  -0.047351  72.140602  0.060105  0.002596  253.089996  0.050000
1  -0.362842  -0.362842  127.959893  0.010120  -0.078749  72.788153  0.060425  0.002020  252.630005  0.050000
1  -0.367252  -0.367252  127.944872  0.000133  -0.237800  73.456868  0.060618  -0.000797  251.979996  0.050000
1  -0.367982  -0.367982  127.961347  0.009721  -0.063297  74.101058  0.061137  0.002215  251.000000  0.050000
1  -0.368256  -0.368256  127.957195  0.010253  -0.061527  74.753390  0.061499  0.002229  250.160004  0.050000
1  -0.367759  -0.368080  127.969158  0.013183  0.019501  75.397645  0.061897  0.003571  249.520004  0.050000
1  -0.366942  -0.366942  127.955436  0.007989  -0.090657  76.044043  0.062149  0.001632  248.940002  0.050000
1  -0.366736  -0.366736  127.988456  0.019042  0.077087  76.691455  0.062686  0.004583  248.479996  0.050000
1  -0.367226  -0.367226  128.009761  0.014514  0.038150  77.348394  0.062952  0.003877  248.029999  0.050000
1  -0.368929  -0.368929  127.998022  0.022637  0.167968  77.991974  0.063429  0.006069  247.330002  0.050000
1  -0.367635  -0.368919  127.978047  0.017444  0.087571  78.638728  0.063673  0.004655  247.169998  0.050000
1  -0.366261  -0.366261  127.967184  0.009321  -0.072441  79.269718  0.063855  0.001813  246.990005  0.050000
1  -0.364178  -0.364178  127.943603  0.006525  -0.145000  79.932484  0.064144  0.000552  247.000000  0.050000
1  -0.367163  -0.367163  127.946079  0.012783  -0.036365  80.559801  0.064571  0.002409  246.880005  0.050000
1  -0.370464  -0.370464  127.918771  0.012783  -0.002160  81.222072  0.064903  0.002978  246.630005  0.050000
1  -0.368318  -0.368533  127.909120  0.012916  0.031039  81.842097  0.065213  0.003518  246.330002  0.050000
1  -0.366590  -0.366590  127.939389  0.022104  0.172639  82.501571  0.065701  0.005977  245.830002  0.050000
1  -0.367166  -0.367166  127.946147  0.011052  -0.059431  83.140012  0.065820  0.001903  245.279999  0.050000
1  -0.366221  -0.366221  127.925302  0.014914  -0.017326  83.749515  0.066181  0.002551  244.509995  0.050000
1  -0.369539  -0.369539  127.928874  0.024368  0.217345  84.382512  0.066651  0.006673  243.820007  0.050000
1  -0.367814  -0.367883  127.961683  0.015313  0.075204  85.021641  0.066799  0.004176  243.009995  0.050000
1  -0.367575  -0.367575  127.966521  0.010653  -0.048347  85.677293  0.067027  0.001949  242.270004  0.050000
1  -0.366325  -0.366325  127.952438  0.019974  0.128694  86.307157  0.067484  0.005002  241.410004  0.050000
1  -0.366594  -0.366594  127.933215  0.010120  -0.041886  86.932411  0.067599  0.001956  240.470001  0.050000
1  -0.368070  -0.368070  127.895723  0.009188  -0.081343  87.560732  0.067871  0.001269  239.779999  0.050000
1  -0.369297  -0.369487  127.888003  0.018509  0.080626  88.186202  0.068317  0.004064  239.100006  0.050000
1  -0.367600  -0.367600  127.875255  0.017177  0.069109  88.809904  0.068574  0.003824  238.410004  0.050000
1  -0.367024  -0.367024  127.862963  0.013982  0.024108  89.434705  0.068798  0.003028  238.070007  0.050000
1  -0.363572  -0.363572  127.877522  0.017843  0.095180  90.059380  0.069142  0.004261  237.669998  0.050000
1  -0.366122  -0.366122  127.911966  0.015713  0.064006  90.680117  0.069379  0.003714  237.220001  0.050000
1  -0.370061  -0.369747  127.901645  0.007590  -0.137545  91.296765  0.069502  0.000092  236.699997  0.050000
1  -0.368982  -0.368982  127.905095  0.014115  0.007781  91.910347  0.069877  0.002567  236.100006  0.050000
1  -0.366710  -0.366710  127.913902  0.013316  0.011558  92.526807  0.070124  0.002631  235.059998  0.050000
1  -0.366104  -0.366104  127.958622  0.009854  -0.097265  93.145296  0.070326  0.000725  234.339996  0.050000
1  -0.365976  -0.365976  127.963668  0.016245  0.058342  93.758047  0.070693  0.003413  233.610001  0.050000
1  -0.367709  -0.368782  127.921947  0.011318  -0.017435  94.365847  0.070853  0.002003  233.199997  0.050000
1  -0.368877  -0.368877  127.929179  0.017177  0.061209  94.973444  0.071202  0.003386  232.919998  0.050000
1  -0.368047  -0.368047  127.939907  0.012783  0.019830  95.582852  0.071370  0.002600  232.339996  0.050000
1  -0.365543  -0.365543  127.939253  0.012251  0.018148  96.190159  0.071602  0.002565  232.059998  0.050000
1  -0.365862  -0.365862  127.971261  0.014514  0.019526  96.792345  0.071877  0.002509  231.649994  0.050000
1  -0.366677  -0.366638  127.963941  0.016512  0.073568  97.390140  0.072141  0.003435  230.970001  0.050000
1  -0.368976  -0.368976  127.990022  0.016911  0.061458  97.990949  0.072378  0.003195  230.350006  0.050000
1  -0.367598  -0.367598  127.964726  0.012384  -0.010095  98.587275  0.072522  0.001915  229.679993  0.050000
1  -0.364922  -0.364922  127.916656  0.016245  0.061532  99.180656  0.072807  0.003086  229.139999  0.050000
1  -0.365826  -0.365826  127.864630  0.010919  -0.044085  99.771412  0.072927  0.001210  228.820007  0.050000
1  -0.367324  -0.367324  127.878312  0.010386  -0.104664  100.362979  0.073130  0.000157  228.589996  0.050000
1  -0.368776  -0.368776  127.883061  0.012783  0.000560  100.953904  0.073383  0.001980  228.479996  0.050000
1  -0.368698  -0.368698  127.908618  0.014514  0.034209  101.540957  0.073621  0.002510  228.320007  0.050000
1  -0.366018  -0.366018  127.917284  0.008655  -0.094683  102.127073  0.073720  0.000225  228.119995  0.050000
1  -0.366795  -0.366795  127.906163  0.019841  0.087631  102.707378  0.074109  0.003369  227.759995  0.050000
1  -0.366734  -0.366734  127.942407  0.013582  -0.017612  103.288643  0.074194  0.001507  227.339996  0.050000
1  -0.367760  -0.367760  127.935563  0.014914  -0.015227  103.867422  0.074407  0.001514  227.020004  0.050000
1  -0.369216  -0.369458  127.886646  0.014248  0.018166  104.446962  0.074578  0.001999  226.600006  0.050000
1  -0.365158  -0.365158  127.871348  0.014381  0.006825  105.019021  0.074759  0.001793  225.940002  0.050000
1  -0.365883  -0.365883  127.848864  0.016378  0.080534  105.580905  0.074966  0.003023  224.979996  0.040000
1  -0.364228  -0.364228  127.844864  0.004128  -0.142383  106.151239  0.074927  -0.000862  223.869995  0.040000
1  -0.368726  -0.368726  127.852760  0.012517  -0.001152  106.713555  0.075241  0.001555  222.649994  0.040000
1  -0.370061  -0.369568  127.849191  0.002929  -0.182285  107.274578  0.075235  -0.001651  221.380005  0.050000
1  -0.367339  -0.367339  127.849514  0.019841  0.126806  107.836051  0.075691  0.003705  220.520004  0.050000
1  -0.364740  -0.364740  127.885259  0.007590  -0.120339  108.397400  0.075637  -0.000622  219.270004  0.050000
1  -0.365469  -0.365469  127.870663  0.016512  0.084726  108.953905  0.075945  0.002916  218.039993  0.040000
1  -0.367879  -0.367879  127.904005  0.022237  0.151659  109.510944  0.076197  0.004075  216.820007  0.040000
1  -0.368064  -0.368642  127.913133  0.018509  0.090465  110.064022  0.076278  0.002926  215.559998  0.040000
1  -0.368320  -0.368320  127.899021  0.010120  -0.033925  110.613513  0.076272  0.000713  214.000000  0.040000
1  -0.365939  -0.365939  127.889319  0.007057  -0.061315  111.159089  0.076355  0.000170  212.809998  0.040000
1  -0.366844  -0.366844  127.902471  0.010653  -0.031337  111.705833  0.076552  0.000701  211.490005  0.040000
1  -0.366495  -0.366495  127.907971  0.009055  -0.065753  112.246916  0.076652  0.000056  210.369995  0.040000
1  -0.366724  -0.367272  127.940780  0.024368  0.163661  112.786578  0.077045  0.004034  209.460007  0.040000
1  -0.368508  -0.368508  127.943101  0.013449  0.003630  113.334265  0.076976  0.001195  208.899994  0.040000
1  -0.367476  -0.367476  127.923308  0.018243  0.098487  113.863545  0.077173  0.002773  208.449997  0.040000
1  -0.366767  -0.366767  127.896148  0.014781  0.017203  114.390078  0.077219  0.001291  208.440002  0.040000
1  -0.364787  -0.364787  127.887961  0.016378  0.002249  114.913130  0.077349  0.000998  208.490005  0.040000
1  -0.367817  -0.367665  127.844501  0.008522  -0.113091  115.432355  0.077307  -0.001067  208.270004  0.040000
1  -0.370491  -0.370491  127.862985  0.008788  -0.084947  115.954317  0.077412  -0.000557  208.240005  0.040000
