mode yawCmd rudderSet rudderIs gpsCourse gpsSpeed cY cW cWd mY mW mWd accGyroCount magCount psid psiTilde rTilde integralPsiTilde rudderMoment tauFF 
1  0.000000  1.207861  1.207861  15361806190086672605296383122065075890966313052755486392419290079071274003700635306482218180764119579183856989113291329859144250778382282144590928383614253191578143096295832438971924686914990619406890697793793437187868904439886017348031417823841038998905354119544832.000000  0.000000 28.470113  0.983432  1.048237  14.535405  0.930877  0.360546 431 215 0.000000  0.000000  0.000000  0.000000  0.000000  0.000000 
1  14.535405  1.218903  1.218903  15361806190086672605296383122065075890966313052755486392419290079071274003700635306482218180764119579183856989113291329859144250778382282144590928383614253191578143096295832438971924686914990619406890697793793437187868904439886017348031417823841038998905354119544832.000000  0.000000 25.477314  -0.000001  -1.967928  14.208769  0.305829  -1.728552 25 12 14.535405  0.000000  0.000000  0.000000  0.000000  0.000000 
1  14.208769  -1536755074673080657319260480945110675976355840.000000  -1536755074673080657319260480945110675976355840.000000  15361806190086672605296383122065075890966313052755486392419290079071274003700635306482218180764119579183856989113291329859144250778382282144590928383614253191578143096295832438971924686914990619406890697793793437187868904439886017348031417823841038998905354119544832.000000  0.000000 114.632170  -502006431.985129  3660052970.535332  208.787428  -3179867431.236631  -11127527529.467047 25 12 14.208769  0.000000  0.000000  0.000000  0.000000  0.000000 
1  208.787428  -45353738367684565029182775870890465820672.000000  -45353738367684565029182775870890465820672.000000  15361806190086672605296383122065075890966313052755486392419290079071274003700635306482218180764119579183856989113291329859144250778382282144590928383614253191578143096295832438971924686914990619406890697793793437187868904439886017348031417823841038998905354119544832.000000  0.000000 1.783275  -37304392.054049  2394698002.496940  273.021821  -563143965.951494  642000450.724846 25 13 208.787428  0.000000  0.000000  0.000000  0.000000  0.000000 
1  273.021821  -1487233007194264300556065231035432960.000000  -1487233007194264300556065231035432960.000000  15361806190086672605296383122065075890966313052755486392419290079071274003700635306482218180764119579183856989113291329859144250778382282144590928383614253191578143096295832438971924686914990619406890697793793437187868904439886017348031417823841038998905354119544832.000000  0.000000 351.341399  -111832838.830670  1974443603.457453  171.521279  -209526900.573306  1555230948.907928 25 12 273.021821  0.000000  0.000000  0.000000  0.000000  0.000000 
1  171.521279  -43892210158748002820746867900416.000000  -43892210158748002820746867900416.000000  15361806190086672605296383122065075890966313052755486392419290079071274003700635306482218180764119579183856989113291329859144250778382282144590928383614253191578143096295832438971924686914990619406890697793793437187868904439886017348031417823841038998905354119544832.000000  0.000000 307.271706  -88799302.809056  1293588235.154266  205.027074  -162911593.356054  1181148015.845548 25 13 171.521279  0.000000  0.000000  0.000000  0.000000  0.000000 
1  205.027074  -1439306792696701634660532224.000000  -1295376113427031636121223168.000000  15361806190086672605296383122065075890966313052755486392419290079071274003700635306482218180764119579183856989113291329859144250778382282144590928383614253191578143096295832438971924686914990619406890697793793437187868904439886017348031417823841038998905354119544832.000000  0.000000 120.202934  -160508865.440074  537361697.877589  307.078531  -131152144.827079  893354352.227881 25 12 205.027074  0.000000  0.000000  0.000000  0.000000  0.000000 
1  307.078531  -42477779824923755151360.000000  -42477779824923755151360.000000  15361806190086672605296383122065075890966313052755486392419290079071274003700635306482218180764119579183856989113291329859144250778382282144590928383614253191578143096295832438971924686914990619406890697793793437187868904439886017348031417823841038998905354119544832.000000  0.000000 132.462925  -133949354.204132  497380815.067542  273.325957  -146297324.142325  539786863.637920 25 13 307.078531  0.000000  0.000000  0.000000  0.000000  0.000000 
1  273.325957  -1253632504209909504.000000  -1253632504209909504.000000  15361806190086672605296383122065075890966313052755486392419290079071274003700635306482218180764119579183856989113291329859144250778382282144590928383614253191578143096295832438971924686914990619406890697793793437187868904439886017348031417823841038998905354119544832.000000  0.000000 328.032224  -81076700.588164  -1572159403.997053  224.554943  732882076.676668  2338891043.403079 25 12 273.325957  0.000000  0.000000  0.000000  0.000000  0.000000 
1  224.554943  -41108929633041.625000  -41108929633041.625000  15361806190086672605296383122065075890966313052755486392419290079071274003700635306482218180764119579183856989113291329859144250778382282144590928383614253191578143096295832438971924686914990619406890697793793437187868904439886017348031417823841038998905354119544832.000000  0.000000 31.994278  -190045212.647406  -979333461.193452  65.996573  -31640221.039607  -807435850.603047 25 13 224.554943  0.000000  0.000000  0.000000  0.000000  0.000000 
1  65.996573  -1213234085.255947  -1213234085.255947  294.869995  0.180000 68.019083  -92418628.176412  -269067299.919222  66.409348  -109683270.721539  -770367392.088624 25 12 65.996573  0.000000  0.000000  0.000000  0.000000  0.000000 
1  66.409348  -39782.972399  -39782.972399  294.869995  0.180000 215.265495  -185275938.154634  -469603499.259081  42.578672  -142722779.302926  -622449633.608055 25 12 66.409348  0.000000  0.000000  0.000000  0.000000  0.000000 
1  42.578672  0.044749  0.044749  294.869995  0.180000 227.686040  -170842070.932973  -332601326.649005  345.364410  -151156280.852452  -441566281.243201 25 13 42.578672  0.000000  0.000000  0.000000  0.000000  0.000000 
1  345.364410  1.217862  1.217905  294.869995  0.180000 274.625463  -74581618.201392  -454155005.861813  216.821981  -156782931.602802  -319162150.406896 25 12 345.364410  0.000000  0.000000  0.000000  0.000000  0.000000 
1  216.821981  1.219258  1.219258  294.869995  0.180000 8.982618  -87982233.963650  119922688.107194  337.878843  -131971363.502523  -127922836.182061 25 13 216.821981  0.000000  0.000000  0.000000  0.000000  0.000000 
1  337.878843  1.220428  1.220428  294.869995  0.180000 196.902620  -17872534.049253  -798673.684857  328.133793  -133298703.076471  -71920222.705994 25 12 337.878843  0.000000  0.000000  0.000000  0.000000  0.000000 
1  328.133793  1.217756  1.217756  294.869995  0.180000 173.998936  -180450587.014157  -183438459.220623  336.503371  -148574984.623568  -94570152.690294 25 13 328.133793  0.000000  0.000000  0.000000  0.000000  0.000000 
1  336.503371  1.218697  1.218697  294.869995  0.180000 350.922321  -176725975.305354  -213461506.645734  253.694819  -173876991.141000  -153004846.017036 25 12 336.503371  0.000000  0.000000  0.000000  0.000000  0.000000 
1  253.694819  1.218644  1.218644  294.869995  0.180000 167.916457  -192110103.412462  -62070495.191190  327.043494  -148654821.718332  -35911755.992745 25 12 253.694819  0.000000  0.000000  0.000000  0.000000  0.000000 
1  327.043494  1.218173  1.218173  294.869995  0.180000 165.530480  -259839571.762890  -442449953.168935  352.666493  -170214756.151688  -107527402.091565 25 13 327.043494  0.000000  0.000000  0.000000  0.000000  0.000000 
1  352.666493  1.218265  1.218604  293.209991  0.210000 104.976953  -176666902.004760  -365204736.602804  184.204223  -147948390.540732  -9896733.613351 25 12 352.666493  0.000000  0.000000  0.000000  0.000000  0.000000 
1  184.204223  1.217846  1.217846  293.209991  0.210000 58.986031  -112554125.477603  157433143.960343  186.008871  -152100097.663859  1999647.857987 25 13 184.204223  0.000000  0.000000  0.000000  0.000000  0.000000 
1  186.008871  1.218894  1.218894  293.209991  0.210000 181.408248  -254464074.401962  -534392824.847507  324.935556  -163450360.419794  -48004157.745454 25 12 186.008871  0.000000  0.000000  0.000000  0.000000  0.000000 
1  324.935556  1.220809  1.220809  293.209991  0.210000 200.166775  -183719465.556212  -70523153.445353  209.755850  -192646951.351680  -120497719.292237 25 13 324.935556  0.000000  0.000000  0.000000  0.000000  0.000000 
1  209.755850  1.220927  1.220927  293.209991  0.210000 104.085831  -145901977.555711  358142836.901260  180.874888  -132889571.054508  127897816.254735 25 12 209.755850  0.000000  0.000000  0.000000  0.000000  0.000000 
1  180.874888  1.219410  1.219410  293.209991  0.210000 357.151398  -229282079.095871  -238390457.014636  274.629226  -188841309.219885  -98116120.835330 25 13 180.874888  0.000000  0.000000  0.000000  0.000000  0.000000 
1  274.629226  1.218537  1.218537  293.209991  0.210000 279.785133  -172777186.698097  -60392660.979926  64.306900  -148414463.921090  53293074.981752 25 12 274.629226  0.000000  0.000000  0.000000  0.000000  0.000000 
1  64.306900  1.219416  1.219416  293.209991  0.210000 61.908105  -116771372.608080  109529748.209712  300.053302  -158613128.336998  2678310.897986 25 12 64.306900  0.000000  0.000000  0.000000  0.000000  0.000000 
1  300.053302  1.218939  1.218939  293.209991  0.210000 41.475665  -146957004.801740  191664.051416  351.366093  -128718428.102455  97473397.180275 25 13 300.053302  0.000000  0.000000  0.000000  0.000000  0.000000 
1  351.366093  1.218699  1.218699  293.209991  0.210000 210.158158  -81117920.317047  218900570.830384  159.540845  -157118325.016628  510151.448317 25 12 351.366093  0.000000  0.000000  0.000000  0.000000  0.000000 
1  159.540845  1.218706  1.218706  287.149994  0.230000 140.106646  -170999135.468523  -102464377.689318  100.835482  -136660375.806912  52760257.323121 25 13 159.540845  0.000000  0.000000  0.000000  0.000000  0.000000 
1  100.835482  1.217881  1.217881  287.149994  0.230000 75.475157  -220430009.178492  119368545.610620  90.550454  -160601984.259206  -46736277.440510 25 12 100.835482  0.000000  0.000000  0.000000  0.000000  0.000000 
1  90.550454  1.217593  1.217560  287.149994  0.230000 313.066600  -151609494.437195  33739568.496517  211.325581  -182866842.706815  -117366025.032236 25 13 90.550454  0.000000  0.000000  0.000000  0.000000  0.000000 
1  211.325581  1.216643  1.216643  287.149994  0.230000 7.893288  -94219013.271674  107424596.572641  210.566069  -130670932.611851  89838484.137120 25 12 211.325581  0.000000  0.000000  0.000000  0.000000  0.000000 
1  210.566069  1.218540  1.218540  287.149994  0.230000 358.791688  -256112863.548873  -125378444.063906  195.614188  -177302660.372803  -88115468.555774 25 12 210.566069  0.000000  0.000000  0.000000  0.000000  0.000000 
1  195.614188  1.219568  1.219568  287.149994  0.230000 18.630292  -145205687.662285  51884878.514389  313.433633  -159341092.474308  -10953557.342428 25 13 195.614188  0.000000  0.000000  0.000000  0.000000  0.000000 
1  313.433633  1.219779  1.219779  287.149994  0.230000 218.360130  -136150865.669824  -178067508.082914  338.964781  -143035255.522631  40712633.858415 25 12 313.433633  0.000000  0.000000  0.000000  0.000000  0.000000 
1  338.964781  1.219660  1.219660  287.149994  0.230000 225.034509  -111231624.886880  163455862.768759  301.686754  -146613587.165924  25487535.931083 25 13 338.964781  0.000000  0.000000  0.000000  0.000000  0.000000 
1  301.686754  1.218875  1.218875  287.149994  0.230000 87.232150  -212308182.815165  122758241.629156  162.082425  -157861129.106476  -19999090.727777 25 12 301.686754  0.000000  0.000000  0.000000  0.000000  0.000000 
1  162.082425  1.217921  1.217983  287.149994  0.230000 320.363416  -274327418.564224  -484018690.547968  141.381434  -169385772.608569  -69020856.415968 25 13 162.082425  0.000000  0.000000  0.000000  0.000000  0.000000 
1  141.381434  1.217998  1.217998  282.290009  0.240000 352.760800  -161151245.775121  -110270312.552383  346.000713  -160939423.419008  -28827106.287178 26 12 141.381434  0.000000  0.000000  0.000000  0.000000  0.000000 
1  346.000713  1.217858  1.217858  282.290009  0.240000 323.953977  -165354805.387484  -309623290.208417  101.701414  -169317184.423622  -66661490.546944 25 12 346.000713  0.000000  0.000000  0.000000  0.000000  0.000000 
1  101.701414  1.216322  1.216322  282.290009  0.240000 110.278369  -157804494.815175  -27673859.030676  102.445812  -144009209.443564  32701981.511675 25 13 101.701414  0.000000  0.000000  0.000000  0.000000  0.000000 
1  102.445812  1.218453  1.218453  282.290009  0.240000 69.930933  -126472624.980249  -402492123.544686  87.429873  -144147256.438154  16192320.699375 25 12 102.445812  0.000000  0.000000  0.000000  0.000000  0.000000 
1  87.429873  1.217823  1.217823  282.290009  0.240000 54.821326  -210265144.674659  -238330874.025121  68.045321  -157707702.944397  -24464598.035643 24 13 87.429873  0.000000  0.000000  0.000000  0.000000  0.000000 
1  68.045321  1.218680  1.218680  282.290009  0.240000 157.674456  -170182170.000602  133841296.323263  251.398603  -155112551.341199  -10633053.738068 26 12 68.045321  0.000000  0.000000  0.000000  0.000000  0.000000 
1  251.398603  1.219284  1.219284  282.290009  0.240000 211.163237  -127556155.885065  104347769.976256  218.408400  -150523691.318733  16798246.106510 24 13 251.398603  0.000000  0.000000  0.000000  0.000000  0.000000 
1  218.408400  1.218460  1.218460  282.290009  0.240000 183.820039  -128059664.442597  164646916.001044  356.587668  -148813789.247768  15006644.356837 26 12 218.408400  0.000000  0.000000  0.000000  0.000000  0.000000 
1  356.587668  1.218623  1.218623  282.290009  0.240000 309.128235  -150217214.271882  99903950.127156  275.983912  -164279037.770722  -37632401.435850 25 12 356.587668  0.000000  0.000000  0.000000  0.000000  0.000000 
1  275.983912  1.217098  1.217098  282.290009  0.240000 276.490829  -134461013.670422  94802277.124236  38.310435  -152965358.984204  15543987.196958 25 13 275.983912  0.000000  0.000000  0.000000  0.000000  0.000000 
1  38.310435  1.217345  1.217345  282.290009  0.240000 151.927342  -265820324.612740  -192626234.972317  188.949134  -141729870.889294  22974003.067575 25 12 38.310435  0.000000  0.000000  0.000000  0.000000  0.000000 
1  188.949134  1.215996  1.216117  282.290009  0.240000 136.897688  -94055103.318633  213540247.398710  173.803258  -140853557.775448  32994415.925480 24 13 188.949134  0.000000  0.000000  0.000000  0.000000  0.000000 
1  173.803258  1.217270  1.217270  304.160004  0.300000 141.778640  -121622957.597466  -14178166.915113  228.563292  -163908214.329709  -55454216.460870 26 12 173.803258  0.000000  0.000000  0.000000  0.000000  0.000000 
1  228.563292  1.216734  1.217153  304.160004  0.300000 18.809366  -79369278.055639  170073725.812578  157.040675  -149439971.083219  7934152.313563 25 12 228.563292  0.000000  0.000000  0.000000  0.000000  0.000000 
1  157.040675  1.218439  1.218439  304.160004  0.300000 0.519650  -59987023.273082  95880348.862342  44.504460  -154355993.737763  -5181724.435409 25 13 157.040675  0.000000  0.000000  0.000000  0.000000  0.000000 
1  44.504460  1.218238  1.218238  304.160004  0.300000 179.046893  -181844015.884070  467026461.366872  292.015516  -152547832.895054  20805553.181241 25 12 44.504460  0.000000  0.000000  0.000000  0.000000  0.000000 
1  292.015516  1.218820  1.218820  304.160004  0.300000 235.996574  -213938323.313289  -27845020.944012  46.465505  -156380029.534922  -20929648.876036 25 13 292.015516  0.000000  0.000000  0.000000  0.000000  0.000000 
1  46.465505  1.218824  1.218824  304.160004  0.300000 358.590926  -162645535.285939  -236604869.181551  315.427107  -133640749.996055  52341778.300578 25 12 46.465505  0.000000  0.000000  0.000000  0.000000  0.000000 
1  315.427107  1.219391  1.219391  304.160004  0.300000 43.912975  -59947856.767551  153035672.916663  139.973065  -134311972.087543  42783829.470485 25 12 315.427107  0.000000  0.000000  0.000000  0.000000  0.000000 
1  139.973065  1.218800  1.218800  304.160004  0.300000 163.715115  -116726584.777195  -398276122.141602  333.407482  -143025079.803619  13663766.429383 25 13 139.973065  0.000000  0.000000  0.000000  0.000000  0.000000 
1  333.407482  1.217166  1.217166  331.850006  0.360000 171.762310  -205205858.725263  30135814.424348  179.053548  -123528450.473476  74390478.865955 25 12 333.407482  0.000000  0.000000  0.000000  0.000000  0.000000 
1  179.053548  1.218326  1.218326  331.850006  0.360000 287.324102  -285210240.886965  -524015770.451943  137.682525  -169520697.219581  -105976662.136722 25 13 179.053548  0.000000  0.000000  0.000000  0.000000  0.000000 
1  137.682525  1.217518  1.217518  331.850006  0.360000 79.221910  -211626043.240375  308080682.576041  37.475220  -169508529.369075  -81329874.402633 25 12 137.682525  0.000000  0.000000  0.000000  0.000000  0.000000 
1  37.475220  1.218556  1.218556  331.850006  0.360000 137.432239  -76194833.257950  -159896495.904196  290.036128  -127117330.371557  72566043.569570 25 13 37.475220  0.000000  0.000000  0.000000  0.000000  0.000000 
1  290.036128  1.219127  1.219028  331.850006  0.360000 163.146395  -149302487.430322  50188652.546742  295.403360  -155521200.025259  -50270857.460350 25 12 290.036128  0.000000  0.000000  0.000000  0.000000  0.000000 
1  295.403360  1.217855  1.217855  331.850006  0.360000 35.237024  -171703636.991327  -209870328.805123  101.383108  -165795707.438228  -64317083.903858 25 12 295.403360  0.000000  0.000000  0.000000  0.000000  0.000000 
1  101.383108  1.219110  1.219110  331.850006  0.360000 91.703110  -66494021.089381  -77648686.835137  132.739938  -138337114.185405  48157426.728526 25 13 101.383108  0.000000  0.000000  0.000000  0.000000  0.000000 
1  132.739938  1.220440  1.220440  331.850006  0.360000 214.110577  -161596282.657608  -201146854.526033  220.464255  -133055736.332232  56611929.142439 25 12 132.739938  0.000000  0.000000  0.000000  0.000000  0.000000 
1  220.464255  1.218736  1.218736  331.850006  0.360000 256.634309  -157242571.999839  48980407.714723  146.383414  -120378454.050478  83478607.798649 25 13 220.464255  0.000000  0.000000  0.000000  0.000000  0.000000 
1  146.383414  1.217571  1.217581  331.850006  0.360000 346.203780  -100664299.551621  -13700744.668194  122.765919  -136825127.069201  9403107.030038 25 12 146.383414  0.000000  0.000000  0.000000  0.000000  0.000000 
1  122.765919  1.218462  1.218462  304.899994  0.300000 143.267092  -13006797.869722  770046466.157411  121.070614  -121286496.495061  76407261.106379 25 13 122.765919  0.000000  0.000000  0.000000  0.000000  0.000000 
1  121.070614  1.218504  1.218504  304.899994  0.300000 319.479407  -156478280.996132  -29872726.067859  115.577689  -127225931.351057  33075382.041737 25 12 121.070614  0.000000  0.000000  0.000000  0.000000  0.000000 
1  115.577689  1.218023  1.218023  304.899994  0.300000 274.665573  -149815815.166305  -31394652.667526  188.682267  -152045899.512705  -58530726.985981 25 13 115.577689  0.000000  0.000000  0.000000  0.000000  0.000000 
1  188.682267  1.217186  1.217186  304.899994  0.300000 197.531561  -155619959.207807  -350961547.716203  335.612248  -123564685.271624  44273751.662920 25 12 188.682267  0.000000  0.000000  0.000000  0.000000  0.000000 
1  335.612248  1.219148  1.217787  304.899994  0.300000 162.394192  -68083965.091567  288170528.101972  163.933796  -121786203.372023  39597979.217547 25 12 335.612248  0.000000  0.000000  0.000000  0.000000  0.000000 
1  163.933796  1.219167  1.219167  304.899994  0.300000 209.578446  -102134092.222990  -440691018.404695  206.089158  -127762655.273953  -12608819.539454 25 13 163.933796  0.000000  0.000000  0.000000  0.000000  0.000000 
1  206.089158  1.218940  1.218940  304.899994  0.300000 322.507365  -190965295.143854  -219987150.381323  3.258245  -149166316.551326  -78330868.939478 25 12 206.089158  0.000000  0.000000  0.000000  0.000000  0.000000 
1  3.258245  1.219229  1.219229  304.899994  0.300000 313.341686  -150724319.143099  -536375917.969909  338.732820  -131807858.549950  6720727.761858 25 13 3.258245  0.000000  0.000000  0.000000  0.000000  0.000000 
1  338.732820  1.219505  1.219505  304.899994  0.300000 204.088546  -241186678.115685  -203346356.386561  222.021737  -138863086.557229  -34363308.325851 25 12 338.732820  0.000000  0.000000  0.000000  0.000000  0.000000 
1  222.021737  1.218524  1.218524  304.899994  0.300000 151.305042  -83968569.665514  181672735.559519  273.042103  -123277797.862603  40529078.216341 25 13 222.021737  0.000000  0.000000  0.000000  0.000000  0.000000 
1  273.042103  1.218644  1.218644  294.299988  0.330000 157.265197  -142617426.429570  -253846785.051424  104.756449  -149172232.328573  -54243189.753356 25 12 273.042103  0.000000  0.000000  0.000000  0.000000  0.000000 
1  104.756449  1.217878  1.217821  294.299988  0.330000 165.813426  -154350070.094728  -37776187.488264  283.115969  -141870671.333466  -22793596.870720 25 12 104.756449  0.000000  0.000000  0.000000  0.000000  0.000000 
1  283.115969  1.218403  1.218403  294.299988  0.330000 178.700209  -84335588.827116  -67727456.892621  279.638146  -136793388.642430  11622844.574935 25 13 283.115969  0.000000  0.000000  0.000000  0.000000  0.000000 
1  279.638146  1.218933  1.218933  294.299988  0.330000 142.772674  -75808063.204985  272445958.877101  45.706146  -128242892.826802  55383242.285007 25 12 279.638146  0.000000  0.000000  0.000000  0.000000  0.000000 
1  45.706146  1.218831  1.218831  294.299988  0.330000 184.980183  -32445804.572729  -190068838.234201  74.759581  -130579211.018202  47871022.313398 25 13 45.706146  0.000000  0.000000  0.000000  0.000000  0.000000 
1  74.759581  1.219707  1.219707  294.299988  0.330000 176.001043  -102111802.549144  -274322214.179792  331.174083  -125510515.749300  61318490.468152 25 12 74.759581  0.000000  0.000000  0.000000  0.000000  0.000000 
1  331.174083  1.219811  1.219811  294.299988  0.330000 194.760018  -169133138.049369  -94086349.499627  295.028190  -164895450.441958  -107097303.219654 25 13 331.174083  0.000000  0.000000  0.000000  0.000000  0.000000 
1  295.028190  1.219353  1.219353  294.299988  0.330000 348.218326  -79509116.371559  122308208.385455  237.612239  -142707351.083578  -8411240.166009 25 12 295.028190  0.000000  0.000000  0.000000  0.000000  0.000000 
1  237.612239  1.217750  1.217750  294.299988  0.330000 128.999976  -186102539.610264  623787.802961  168.682156  -124380481.436665  47897626.723565 25 12 237.612239  0.000000  0.000000  0.000000  0.000000  0.000000 
1  168.682156  1.217317  1.217317  294.299988  0.330000 114.515713  -128096765.232697  -150934356.315652  195.915588  -126714143.804192  20074058.576209 25 13 168.682156  0.000000  0.000000  0.000000  0.000000  0.000000 
1  195.915588  1.218767  1.218767  304.220001  0.350000 51.498899  -237816993.391595  301490533.246164  140.746344  -146181369.118737  -54364882.485253 25 12 195.915588  0.000000  0.000000  0.000000  0.000000  0.000000 
1  140.746344  1.217520  1.217520  304.220001  0.350000 28.193299  -155564570.601259  -81502883.913532  140.045289  -149312743.735431  -72056758.296058 25 13 140.746344  0.000000  0.000000  0.000000  0.000000  0.000000 
1  140.045289  1.219074  1.219074  304.220001  0.350000 204.309357  -220431732.512652  -168100610.171204  286.984412  -153739411.485496  -82013482.822862 25 12 140.045289  0.000000  0.000000  0.000000  0.000000  0.000000 
1  286.984412  1.218166  1.218166  304.220001  0.350000 190.454791  -124539030.360043  49924828.760419  229.614054  -139289050.416945  -14435601.160292 25 13 286.984412  0.000000  0.000000  0.000000  0.000000  0.000000 
1  229.614054  1.217653  1.217653  304.220001  0.350000 326.175463  -163714619.372491  295881132.414498  328.197198  -149184764.425455  -44171182.289373 25 12 229.614054  0.000000  0.000000  0.000000  0.000000  0.000000 
1  328.197198  1.219359  1.219134  304.220001  0.350000 133.634661  -109055036.929430  448215251.242344  191.193047  -130272668.828873  54853908.236495 25 12 328.197198  0.000000  0.000000  0.000000  0.000000  0.000000 
1  191.193047  1.220340  1.220340  304.220001  0.350000 18.812822  -142668996.418171  -173750134.297674  216.691698  -128053302.513543  36420295.234470 25 13 191.193047  0.000000  0.000000  0.000000  0.000000  0.000000 
1  216.691698  1.218599  1.218599  304.220001  0.350000 42.197562  -116651632.623047  -86368136.855490  50.105548  -126941294.270219  30885899.548875 25 12 216.691698  0.000000  0.000000  0.000000  0.000000  0.000000 
1  50.105548  1.218392  1.218392  304.220001  0.350000 13.615846  -94591720.375300  156352923.501221  11.081267  -131195781.192058  1536439.228675 25 13 50.105548  0.000000  0.000000  0.000000  0.000000  0.000000 
1  11.081267  1.219095  1.219095  304.220001  0.350000 135.837959  -115129219.220020  232414902.918516  135.482832  -120031769.820613  31491458.979002 25 12 11.081267  0.000000  0.000000  0.000000  0.000000  0.000000 
1  135.482832  1.218530  1.218539  304.220001  0.350000 144.221344  -149795868.265065  -54248613.509242  125.678065  -151704800.375650  -75163518.444966 25 13 135.482832  0.000000  0.000000  0.000000  0.000000  0.000000 
1  125.678065  1.218367  1.218367  304.220001  0.350000 181.700763  -179948691.016273  -3498386.648912  41.413993  -128943011.988072  21488896.299901 25 12 125.678065  0.000000  0.000000  0.000000  0.000000  0.000000 
1  41.413993  1.217802  1.217802  309.829987  0.350000 193.799443  -76370024.899269  184926257.120796  11.017049  -107011664.434502  79128277.510343 25 13 41.413993  0.000000  0.000000  0.000000  0.000000  0.000000 
1  11.017049  1.219091  1.219091  309.829987  0.350000 234.195875  -38940862.979131  140817619.662822  145.090876  -112913576.460822  39752168.181630 25 12 11.017049  0.000000  0.000000  0.000000  0.000000  0.000000 
1  145.090876  1.218059  1.218059  309.829987  0.350000 16.648690  -160196578.353512  -109045225.154866  214.047921  -120488891.787600  -754938.946282 25 12 145.090876  0.000000  0.000000  0.000000  0.000000  0.000000 
1  214.047921  1.218699  1.218870  309.829987  0.350000 37.425730  -81928696.317693  179509948.599735  209.766212  -129757466.151631  -35721934.065900 25 13 214.047921  0.000000  0.000000  0.000000  0.000000  0.000000 
1  209.766212  1.219389  1.219389  309.829987  0.350000 249.699193  -132942802.098267  109247700.183774  169.317599  -151755038.818767  -96196921.162653 25 12 209.766212  0.000000  0.000000  0.000000  0.000000  0.000000 
1  169.317599  1.218887  1.218887  309.829987  0.350000 199.979250  -124076609.085363  15533441.870883  79.842926  -121202803.202148  41974041.158341 25 13 169.317599  0.000000  0.000000  0.000000  0.000000  0.000000 
1  79.842926  1.219303  1.219303  309.829987  0.350000 38.137084  -100532608.513492  -153084145.010685  84.341832  -136749319.617019  -26828695.930725 25 12 79.842926  0.000000  0.000000  0.000000  0.000000  0.000000 
1  84.341832  1.218191  1.218191  309.829987  0.350000 6.170629  -116981622.217233  77109682.978197  102.294673  -138171403.899136  -15363676.431405 25 13 84.341832  0.000000  0.000000  0.000000  0.000000  0.000000 
1  102.294673  1.219213  1.219213  324.839996  0.330000 62.442039  -222090786.315661  -39323237.401896  260.005169  -154081883.578857  -70597643.743803 25 12 102.294673  0.000000  0.000000  0.000000  0.000000  0.000000 
1  260.005169  1.218082  1.218082  324.839996  0.330000 15.698904  -222592204.098397  102619899.397270  116.220137  -138921189.555423  -14493659.567836 25 12 260.005169  0.000000  0.000000  0.000000  0.000000  0.000000 
1  116.220137  1.217131  1.217188  324.839996  0.330000 65.448793  -57589902.377543  320984394.994662  90.355244  -131326184.184822  20125025.321994 25 13 116.220137  0.000000  0.000000  0.000000  0.000000  0.000000 
1  90.355244  1.219771  1.219771  324.839996  0.330000 265.500538  -140992259.821944  25417956.984712  250.695879  -136184136.367238  -1378300.035536 25 12 90.355244  0.000000  0.000000  0.000000  0.000000  0.000000 
1  250.695879  1.217482  1.217482  324.839996  0.330000 174.125440  -259304831.883997  -488349271.825287  211.596440  -152729529.874942  -75443054.084305 25 13 250.695879  0.000000  0.000000  0.000000  0.000000  0.000000 
1  211.596440  1.218821  1.218821  324.839996  0.330000 343.967815  -89166119.005118  551538472.212646  206.209926  -128804870.484655  42534909.505354 25 12 211.596440  0.000000  0.000000  0.000000  0.000000  0.000000 
1  206.209926  1.219159  1.219159  324.839996  0.330000 66.399942  -275651818.992686  -539314180.522822  289.911730  -154022480.096942  -68654429.492899 25 13 206.209926  0.000000  0.000000  0.000000  0.000000  0.000000 
1  289.911730  1.219908  1.219805  324.839996  0.330000 322.050640  -144546318.985623  4530425.809092  339.157633  -157077949.700663  -55482802.729012 25 12 289.911730  0.000000  0.000000  0.000000  0.000000  0.000000 
1  339.157633  1.219880  1.219880  324.839996  0.330000 31.246651  -210716389.565806  -320455273.279624  213.556025  -164182202.066555  -95182671.260027 25 12 339.157633  0.000000  0.000000  0.000000  0.000000  0.000000 
1  213.556025  1.220006  1.220006  324.839996  0.330000 100.878857  -180971617.978667  -128981633.904415  194.454311  -159458329.603412  -50992352.748707 25 13 213.556025  0.000000  0.000000  0.000000  0.000000  0.000000 
1  194.454311  1.218105  1.218105  321.480011  0.310000 194.349018  -108647823.184475  476530109.230848  132.985389  -145184955.849914  14456666.841055 25 12 194.454311  0.000000  0.000000  0.000000  0.000000  0.000000 
1  132.985389  1.218139  1.218139  321.480011  0.310000 207.638538  -151564607.789568  2355526.682343  150.177906  -149649585.196982  3398713.967181 25 13 132.985389  0.000000  0.000000  0.000000  0.000000  0.000000 
1  150.177906  1.218118  1.218118  321.480011  0.310000 296.596249  -141038342.689847  -113663861.594406  131.418464  -131999715.092811  58365513.953274 25 12 150.177906  0.000000  0.000000  0.000000  0.000000  0.000000 
1  131.418464  1.219175  1.219175  321.480011  0.310000 353.436189  -134353221.285873  58243486.841609  193.772617  -148664796.410834  862582.360548 25 13 131.418464  0.000000  0.000000  0.000000  0.000000  0.000000 
1  193.772617  1.218545  1.218545  321.480011  0.310000 88.370050  -105222931.556373  184302495.487950  281.932838  -145370859.343230  12211734.391024 25 12 193.772617  0.000000  0.000000  0.000000  0.000000  0.000000 
1  281.932838  1.217361  1.217361  321.480011  0.310000 345.156889  -115126873.472696  27280802.852061  184.186481  -148013979.958254  -711802.836748 25 12 281.932838  0.000000  0.000000  0.000000  0.000000  0.000000 
1  184.186481  1.218717  1.218717  321.480011  0.310000 24.907279  -254259066.356470  -431470752.380902  234.580399  -155043777.880470  -35639152.057214 25 13 184.186481  0.000000  0.000000  0.000000  0.000000  0.000000 
1  234.580399  1.218330  1.218330  321.480011  0.310000 351.230707  -95637298.787962  103010776.802891  327.324311  -114881684.559416  105215615.213254 25 12 234.580399  0.000000  0.000000  0.000000  0.000000  0.000000 
1  327.324311  1.218971  1.218971  321.480011  0.310000 239.380970  -155664293.765984  -105670717.626458  291.545040  -118029466.671478  62494745.217875 25 13 327.324311  0.000000  0.000000  0.000000  0.000000  0.000000 
1  291.545040  1.218603  1.218603  321.480011  0.310000 312.013933  -150750837.581546  386168154.645117  181.630109  -123479468.346743  22821373.517441 25 12 291.545040  0.000000  0.000000  0.000000  0.000000  0.000000 
1  181.630109  1.220767  1.220767  321.079987  0.200000 289.359227  -187995511.581990  469700121.426744  308.102194  -117493441.868883  33888499.202491 25 12 181.630109  0.000000  0.000000  0.000000  0.000000  0.000000 
1  308.102194  1.219478  1.219478  321.079987  0.200000 207.436465  -188933503.353948  -246227597.009289  21.181287  -139145730.161420  -61255797.878822 26 13 308.102194  0.000000  0.000000  0.000000  0.000000  0.000000 
1  21.181287  1.218659  1.218659  321.079987  0.200000 341.559519  -163740587.798764  21597155.635678  74.727913  -149820870.206361  -86540301.950729 25 12 21.181287  0.000000  0.000000  0.000000  0.000000  0.000000 
1  74.727913  1.218530  1.218530  321.079987  0.200000 28.217232  -165421126.298883  -143555413.273178  302.746213  -131629876.010650  -8361013.507064 24 13 74.727913  0.000000  0.000000  0.000000  0.000000  0.000000 
1  302.746213  1.219470  1.219470  321.079987  0.200000 331.194046  -61600067.734841  -30847471.088760  328.518940  -142053347.321277  -45264427.934805 25 12 302.746213  0.000000  0.000000  0.000000  0.000000  0.000000 
1  328.518940  1.218140  1.218140  321.079987  0.200000 66.692777  -195090490.274090  -232179389.311774  347.175870  -137740889.969150  -6410897.840196 24 13 328.518940  0.000000  0.000000  0.000000  0.000000  0.000000 
1  347.175870  1.218248  1.218248  321.079987  0.200000 350.185094  -97258053.932326  436384570.688542  354.547994  -114306709.193756  73839972.634785 26 12 347.175870  0.000000  0.000000  0.000000  0.000000  0.000000 
1  354.547994  1.218499  1.218499  321.079987  0.200000 310.549917  -130256740.301381  254558056.730309  321.417640  -123066771.134018  33440603.930049 25 12 354.547994  0.000000  0.000000  0.000000  0.000000  0.000000 
1  321.417640  1.218627  1.218627  321.079987  0.200000 31.799682  -96079375.713346  124079142.454207  64.401285  -114045786.990041  61352665.586752 25 13 321.417640  0.000000  0.000000  0.000000  0.000000  0.000000 
1  64.401285  1.219893  1.219893  321.079987  0.200000 312.081241  -149899606.015072  -210878136.145113  153.408782  -142623720.904609  -39631265.786495 25 12 64.401285  0.000000  0.000000  0.000000  0.000000  0.000000 
1  153.408782  1.218264  1.218264  310.209991  0.130000 273.505031  -149831398.101218  -49622148.082387  94.777423  -144343195.513672  -37807244.517844 24 13 153.408782  0.000000  0.000000  0.000000  0.000000  0.000000 
1  94.777423  1.219778  1.219513  310.209991  0.130000 246.183395  -171799372.104459  -314924210.555988  109.927920  -131113710.539745  5350410.862116 25 12 94.777423  0.000000  0.000000  0.000000  0.000000  0.000000 
1  109.927920  1.218276  1.218276  310.209991  0.130000 123.515982  -263796495.667634  4811858.319481  265.960612  -130952575.587165  -2242388.941097 25 12 109.927920  0.000000  0.000000  0.000000  0.000000  0.000000 
1  265.960612  1.218339  1.218339  310.209991  0.130000 35.368272  -132913327.018118  -140405534.491677  129.360070  -110138368.658253  70246133.486502 25 13 265.960612  0.000000  0.000000  0.000000  0.000000  0.000000 
1  129.360070  1.218452  1.218452  310.209991  0.130000 206.142408  -97390543.554570  301181703.382499  15.168946  -122299502.865597  12146806.336594 25 12 129.360070  0.000000  0.000000  0.000000  0.000000  0.000000 
1  15.168946  1.218588  1.218588  310.209991  0.130000 32.961213  -216662717.183583  -369118295.766427  144.197484  -137222514.855550  -57263051.795648 25 13 15.168946  0.000000  0.000000  0.000000  0.000000  0.000000 
1  144.197484  1.217639  1.218184  310.209991  0.130000 71.128494  -208478944.287978  -141799134.380326  58.969451  -143587659.879105  -60875180.042432 25 12 144.197484  0.000000  0.000000  0.000000  0.000000  0.000000 
1  58.969451  1.218449  1.218449  310.209991  0.130000 33.117950  -194452259.159588  204396401.933603  331.901459  -131010107.385636  10092440.501305 25 12 58.969451  0.000000  0.000000  0.000000  0.000000  0.000000 
1  331.901459  1.217491  1.217491  310.209991  0.130000 5.467813  -87565990.998533  264787757.546654  332.755680  -116396528.208594  51493059.104949 25 13 331.901459  0.000000  0.000000  0.000000  0.000000  0.000000 
1  332.755680  1.218299  1.218299  310.209991  0.130000 66.226396  -151583153.852929  -238087323.748544  283.551653  -114492347.501393  30157651.031393 25 12 332.755680  0.000000  0.000000  0.000000  0.000000  0.000000 
1  283.551653  1.218622  1.218622  310.209991  0.130000 151.127133  -220465826.992229  -35329495.607338  330.350940  -152928099.645563  -111082451.048263 25 13 283.551653  0.000000  0.000000  0.000000  0.000000  0.000000 
1  330.350940  1.218942  1.218942  310.209991  0.130000 53.016341  -76412053.968927  -218312411.890507  263.704001  -136185393.002067  -21330127.578893 25 12 330.350940  0.000000  0.000000  0.000000  0.000000  0.000000 
1  263.704001  1.219336  1.219336  17.590000  0.100000 90.753354  -119946453.127031  31440767.865384  169.277446  -120620251.832819  45528479.839852 25 13 263.704001  0.000000  0.000000  0.000000  0.000000  0.000000 
1  169.277446  1.218888  1.218888  17.590000  0.100000 85.501756  -213407073.223195  -242212552.899295  282.020671  -149453292.680511  -75426880.947004 25 12 169.277446  0.000000  0.000000  0.000000  0.000000  0.000000 
1  282.020671  1.219522  1.219522  17.590000  0.100000 208.252103  -59692612.388416  243352175.109300  29.418947  -132682306.026794  -2851334.938367 25 12 282.020671  0.000000  0.000000  0.000000  0.000000  0.000000 
1  29.418947  1.219220  1.219220  17.590000  0.100000 174.988757  -115053941.960934  -50186649.846138  171.229723  -111420522.756025  73192339.068089 25 13 29.418947  0.000000  0.000000  0.000000  0.000000  0.000000 
1  171.229723  1.219369  1.219369  17.590000  0.100000 129.555869  -125329226.211458  336809355.955327  286.245273  -118512675.603805  27550542.953004 25 12 171.229723  0.000000  0.000000  0.000000  0.000000  0.000000 
1  286.245273  1.218080  1.218080  17.590000  0.100000 54.606797  -17849706.748164  279794907.100659  335.331219  -108397236.623158  58175384.947076 25 13 286.245273  0.000000  0.000000  0.000000  0.000000  0.000000 
1  335.331219  1.214508  1.214614  17.590000  0.100000 310.304177  -123326962.849871  309371471.591856  276.809062  -119652705.314301  5224782.696487 25 12 335.331219  0.000000  0.000000  0.000000  0.000000  0.000000 
1  276.809062  1.217894  1.217894  17.590000  0.100000 261.889846  -98888292.276494  170440659.400762  345.517842  -92332661.357254  94764096.985983 25 13 276.809062  0.000000  0.000000  0.000000  0.000000  0.000000 
1  345.517842  1.217190  1.217190  19.420000  0.170000 157.814770  -163738827.963320  -40950476.775481  70.288930  -142448540.838405  -94863236.366002 25 12 345.517842  0.000000  0.000000  0.000000  0.000000  0.000000 
1  70.288930  1.219501  1.219501  19.420000  0.170000 217.597550  -146466629.670353  70132617.754142  154.411695  -128212487.410389  -23024754.707085 25 12 70.288930  0.000000  0.000000  0.000000  0.000000  0.000000 
1  154.411695  1.219412  1.219412  19.420000  0.170000 81.944576  -170174201.952271  -183043406.204605  308.654048  -155309869.284520  -107152339.002933 25 13 154.411695  0.000000  0.000000  0.000000  0.000000  0.000000 
1  308.654048  1.219500  1.219608  19.420000  0.170000 301.573562  -135563415.864150  278253298.895887  313.622585  -132771218.545100  7159873.369072 25 12 308.654048  0.000000  0.000000  0.000000  0.000000  0.000000 
1  313.622585  1.220622  1.220622  19.420000  0.170000 251.320135  -108637276.909233  -31476736.724498  185.549391  -103278443.339831  94002068.495416 25 13 313.622585  0.000000  0.000000  0.000000  0.000000  0.000000 
1  185.549391  1.219426  1.219426  19.420000  0.170000 151.270835  -205174458.759179  -68516614.082981  358.391244  -128669244.523102  -15263009.149280 25 12 185.549391  0.000000  0.000000  0.000000  0.000000  0.000000 
1  358.391244  1.218922  1.218922  19.420000  0.170000 118.043247  -139432520.553090  344536870.945871  326.925873  -144263129.196671  -53566979.338311 25 13 358.391244  0.000000  0.000000  0.000000  0.000000  0.000000 
1  326.925873  1.217926  1.217926  19.420000  0.170000 281.125569  -160504551.392907  -29765565.920921  359.505192  -115965651.685764  50699803.569438 25 12 326.925873  0.000000  0.000000  0.000000  0.000000  0.000000 
1  359.505192  1.218482  1.218482  19.420000  0.170000 107.720622  -190107747.323152  124751287.187759  189.161900  -116415935.362291  39308696.420807 25 12 359.505192  0.000000  0.000000  0.000000  0.000000  0.000000 
1  189.161900  1.219727  1.219727  19.420000  0.170000 99.824215  -192911568.442244  -664554794.831187  148.616667  -138679934.562268  -62014281.664243 25 13 189.161900  0.000000  0.000000  0.000000  0.000000  0.000000 
1  148.616667  1.218137  1.218101  33.360001  0.070000 236.038155  -162803342.614159  232613763.208893  73.119860  -142846675.003245  -69557993.185941 25 12 148.616667  0.000000  0.000000  0.000000  0.000000  0.000000 
1  73.119860  1.218367  1.218367  33.360001  0.070000 87.149898  -82713868.244598  405224119.973073  239.960945  -114933315.419657  49903270.287140 25 13 73.119860  0.000000  0.000000  0.000000  0.000000  0.000000 
1  239.960945  1.219001  1.219001  33.360001  0.070000 98.149753  -110612662.614159  50710015.041565  163.311879  -113413457.618779  28161104.957512 25 12 239.960945  0.000000  0.000000  0.000000  0.000000  0.000000 
1  163.311879  1.220490  1.220490  33.360001  0.070000 100.857137  -179270070.666284  -213798289.520884  106.027240  -141366247.769020  -66953866.296847 25 13 163.311879  0.000000  0.000000  0.000000  0.000000  0.000000 
1  106.027240  1.218101  1.218101  33.360001  0.070000 184.956747  -111852306.093687  -162095476.029465  196.781926  -111884988.549454  48268290.337878 25 12 106.027240  0.000000  0.000000  0.000000  0.000000  0.000000 
1  196.781926  1.219136  1.219136  33.360001  0.070000 334.005265  -171289886.981844  -200437034.383700  204.331289  -152219703.948682  -97160650.530160 25 12 196.781926  0.000000  0.000000  0.000000  0.000000  0.000000 
1  204.331289  1.218409  1.218409  33.360001  0.070000 281.400447  -105388116.114433  83747451.064339  355.152054  -135467774.153557  -17480263.681325 25 13 204.331289  0.000000  0.000000  0.000000  0.000000  0.000000 
1  355.152054  1.219840  1.219125  33.360001  0.070000 14.095851  -282824887.351093  -142966191.684522  41.420331  -145973363.600612  -52368931.890258 25 12 355.152054  0.000000  0.000000  0.000000  0.000000  0.000000 
1  41.420331  1.219471  1.219471  33.360001  0.070000 60.134649  -142656861.596252  -510933244.962078  343.941007  -119989841.448229  42958285.644099 25 13 41.420331  0.000000  0.000000  0.000000  0.000000  0.000000 
1  343.941007  1.219324  1.219324  33.360001  0.070000 267.435574  -148564673.913013  -508628616.830657  249.619365  -133760547.095418  -17835834.992431 25 12 343.941007  0.000000  0.000000  0.000000  0.000000  0.000000 
1  249.619365  1.217725  1.217725  212.279999  0.050000 300.030052  -111729567.409214  53277371.983149  285.543045  -115852934.667682  41076935.689457 25 13 249.619365  0.000000  0.000000  0.000000  0.000000  0.000000 
1  285.543045  1.218305  1.218305  212.279999  0.050000 329.420713  -59925542.683717  -61720204.409249  18.422238  -116576524.661516  46563655.346928 25 12 285.543045  0.000000  0.000000  0.000000  0.000000  0.000000 
1  18.422238  1.219340  1.219340  212.279999  0.050000 239.621660  -223830496.056492  -309496176.223559  299.158448  -124335201.432992  6268934.055228 25 12 18.422238  0.000000  0.000000  0.000000  0.000000  0.000000 
1  299.158448  1.219012  1.219012  212.279999  0.050000 215.602731  -171825203.345909  236328265.671214  1.711557  -111445266.223763  49049806.480514 25 13 299.158448  0.000000  0.000000  0.000000  0.000000  0.000000 
1  1.711557  1.220773  1.220262  212.279999  0.050000 173.020117  -153618934.666563  7027285.666413  105.986127  -115865820.456830  25458573.907708 25 12 1.711557  0.000000  0.000000  0.000000  0.000000  0.000000 
1  105.986127  1.219525  1.219525  212.279999  0.050000 176.058441  -74587972.484995  -230326428.510852  133.407775  -99081954.786262  74860520.564061 25 13 105.986127  0.000000  0.000000  0.000000  0.000000  0.000000 
1  133.407775  1.220076  1.220076  212.279999  0.050000 330.276453  -44914034.075643  3560583.202231  310.332025  -142825336.494210  -83452765.897732 25 12 133.407775  0.000000  0.000000  0.000000  0.000000  0.000000 
1  310.332025  1.219381  1.219381  212.279999  0.050000 16.025370  -110823996.270255  61476663.799280  286.521776  -133312772.951972  -25946566.788627 25 13 310.332025  0.000000  0.000000  0.000000  0.000000  0.000000 
1  286.521776  1.218024  1.218024  212.279999  0.050000 326.293721  -9740284.525720  -170142224.391877  53.073557  -106175674.294955  89135652.478469 25 12 286.521776  0.000000  0.000000  0.000000  0.000000  0.000000 
1  53.073557  1.218813  1.218813  212.279999  0.050000 200.186226  -222051616.146222  -239753225.274851  336.050507  -137364336.586603  -33643160.148198 25 13 53.073557  0.000000  0.000000  0.000000  0.000000  0.000000 
1  336.050507  1.218312  1.218312  118.930000  0.030000 208.778705  -113475615.715834  -240203830.115782  325.001118  -141735499.794448  -39346226.026228 25 12 336.050507  0.000000  0.000000  0.000000  0.000000  0.000000 
1  325.001118  1.218470  1.218170  118.930000  0.030000 0.976103  -40811597.964208  150770395.825203  336.023228  -136029141.205119  -7065281.569244 25 12 325.001118  0.000000  0.000000  0.000000  0.000000  0.000000 
1  336.023228  1.219840  1.219840  118.930000  0.030000 32.718727  -238261556.096645  -6317274.178754  247.317593  -133748538.329831  -24714745.398600 25 13 336.023228  0.000000  0.000000  0.000000  0.000000  0.000000 
1  247.317593  1.218875  1.218875  118.930000  0.030000 67.944027  -159372116.423765  -195896713.838520  30.549416  -147788418.676874  -84152440.750962 25 12 247.317593  0.000000  0.000000  0.000000  0.000000  0.000000 
1  30.549416  1.217923  1.217923  118.930000  0.030000 273.615975  -124740323.689838  3163116.496962  79.374855  -116869257.526350  35965692.102683 25 13 30.549416  0.000000  0.000000  0.000000  0.000000  0.000000 
1  79.374855  1.220322  1.220322  118.930000  0.030000 310.022030  -166946158.046605  -492827031.684714  51.123451  -124794385.705716  -8112057.464754 25 12 79.374855  0.000000  0.000000  0.000000  0.000000  0.000000 
1  51.123451  1.218787  1.218787  118.930000  0.030000 13.814651  -197073019.723440  -294037338.617257  54.692265  -127850006.308769  -16921865.271417 25 13 51.123451  0.000000  0.000000  0.000000  0.000000  0.000000 
1  54.692265  1.218492  1.218492  118.930000  0.030000 326.964063  -74575153.319334  -186808185.888744  192.567130  -112173770.181472  41155138.978807 25 12 54.692265  0.000000  0.000000  0.000000  0.000000  0.000000 
1  192.567130  1.218296  1.218296  118.930000  0.030000 27.761562  -207493784.061722  -57827852.116659  128.058236  -120543278.807396  793868.141864 25 12 192.567130  0.000000  0.000000  0.000000  0.000000  0.000000 
1  128.058236  1.218349  1.218349  118.930000  0.030000 3.645234  -200926564.272323  159409314.668733  112.872194  -117144639.200463  32216119.159773 25 13 128.058236  0.000000  0.000000  0.000000  0.000000  0.000000 
1  112.872194  1.217309  1.217309  118.930000  0.030000 331.358034  -87552806.078291  514248788.840745  174.205082  -125328728.776567  1268870.522292 25 12 112.872194  0.000000  0.000000  0.000000  0.000000  0.000000 
1  174.205082  1.217916  1.217916  118.930000  0.030000 294.274489  -68783315.778307  228484623.470350  179.256140  -125208643.782367  -6074514.757213 25 13 174.205082  0.000000  0.000000  0.000000  0.000000  0.000000 
1  179.256140  1.220962  1.220962  29.709999  0.040000 7.255661  -27580801.331222  280009234.093548  164.553475  -115258331.542380  40992353.637253 25 12 179.256140  0.000000  0.000000  0.000000  0.000000  0.000000 
1  164.553475  1.219547  1.219547  29.709999  0.040000 112.063428  -48137861.325476  279445753.712498  128.069859  -103057405.983095  79043647.786063 25 13 164.553475  0.000000  0.000000  0.000000  0.000000  0.000000 
1  128.069859  1.219912  1.219912  29.709999  0.040000 260.596768  -179884240.676353  -72470724.556543  173.324063  -132078437.891653  -30485192.043908 25 12 128.069859  0.000000  0.000000  0.000000  0.000000  0.000000 
1  173.324063  1.219386  1.219386  29.709999  0.040000 85.427151  -139378519.405715  352728500.518658  226.890916  -118608872.235615  26254945.647594 25 12 173.324063  0.000000  0.000000  0.000000  0.000000  0.000000 
1  226.890916  1.218154  1.218154  29.709999  0.040000 76.559059  -97278515.572964  81499486.608903  236.254861  -112370084.369077  35392481.011633 25 13 226.890916  0.000000  0.000000  0.000000  0.000000  0.000000 
1  236.254861  1.218630  1.218630  29.709999  0.040000 85.539789  -72958638.536752  -19473.607027  359.418087  -123591042.308978  -4324241.267802 25 12 236.254861  0.000000  0.000000  0.000000  0.000000  0.000000 
1  359.418087  1.218251  1.218251  29.709999  0.040000 344.279994  -111634858.847447  61320463.810832  198.343433  -132620760.555594  -23114632.239894 25 13 359.418087  0.000000  0.000000  0.000000  0.000000  0.000000 
1  198.343433  1.218557  1.218557  29.709999  0.040000 139.707554  -61641788.241181  -38439554.247186  156.032434  -121270345.679828  24517883.470610 25 12 198.343433  0.000000  0.000000  0.000000  0.000000  0.000000 
1  156.032434  1.219058  1.219058  28.030001  0.220000 121.763879  -149161417.380773  -123811647.793722  329.354276  -112089159.515564  52508369.788011 25 13 156.032434  0.000000  0.000000  0.000000  0.000000  0.000000 
1  329.354276  1.218684  1.218684  28.030001  0.220000 325.105650  -128024982.316715  -50914890.258948  185.619908  -111570072.433239  55211736.740613 25 12 329.354276  0.000000  0.000000  0.000000  0.000000  0.000000 
1  185.619908  1.219575  1.219575  28.030001  0.220000 293.484603  -189154107.360080  9979065.827010  102.921382  -129266409.571893  2035248.600237 25 12 185.619908  0.000000  0.000000  0.000000  0.000000  0.000000 
1  102.921382  1.218722  1.218722  28.030001  0.220000 269.701710  -19170260.100798  447245718.380173  106.060032  -122475126.552417  35287886.290035 25 13 102.921382  0.000000  0.000000  0.000000  0.000000  0.000000 
1  106.060032  1.218425  1.218425  28.030001  0.220000 274.381500  -100471799.620840  142277311.664404  105.338869  -80273872.039408  158107043.808997 25 12 106.060032  0.000000  0.000000  0.000000  0.000000  0.000000 
1  105.338869  1.218569  1.218569  28.030001  0.220000 184.341288  -144598657.853413  -86041805.758601  85.889375  -139156184.553170  -83903241.143441 25 13 105.338869  0.000000  0.000000  0.000000  0.000000  0.000000 
1  85.889375  1.219112  1.219112  28.030001  0.220000 185.558667  -175017929.482807  -293860397.879998  354.358793  -119397906.844216  5510262.689404 25 12 85.889375  0.000000  0.000000  0.000000  0.000000  0.000000 
1  354.358793  1.219626  1.219626  28.030001  0.220000 159.519562  88593649.534764  872469677.776877  17.157390  -126803468.289334  -12661169.847784 25 13 354.358793  0.000000  0.000000  0.000000  0.000000  0.000000 
1  17.157390  1.218808  1.218808  28.030001  0.220000 233.249995  -113441691.789688  155273646.942296  9.391033  -137363944.659283  -40449911.445585 25 12 17.157390  0.000000  0.000000  0.000000  0.000000  0.000000 
1  9.391033  1.217255  1.217255  28.030001  0.220000 291.534274  -54832068.584221  300556310.528943  11.104677  -126049842.477784  19222660.073990 25 13 9.391033  0.000000  0.000000  0.000000  0.000000  0.000000 
1  11.104677  1.221162  1.221162  18.240000  0.360000 248.653160  12901910.079514  624334550.689653  167.759126  -115235933.086416  54337122.739680 25 12 11.104677  0.000000  0.000000  0.000000  0.000000  0.000000 
1  167.759126  1.218973  1.218973  18.240000  0.360000 305.942770  -197758619.817265  -147750813.685602  45.736276  -151971446.134703  -77420003.474720 25 12 167.759126  0.000000  0.000000  0.000000  0.000000  0.000000 
1  45.736276  1.219728  1.219535  18.240000  0.360000 311.408938  -183559311.086305  -220078394.368415  213.324922  -116266806.841832  76665499.422499 25 13 45.736276  0.000000  0.000000  0.000000  0.000000  0.000000 
1  213.324922  1.219185  1.219185  18.240000  0.360000 189.543701  -121576153.836683  -305867550.051843  213.236798  -137039456.269268  -15622236.790211 25 12 213.324922  0.000000  0.000000  0.000000  0.000000  0.000000 
1  213.236798  1.217251  1.217251  18.240000  0.360000 148.026148  -195943701.554496  -230498064.464246  255.542230  -151434836.778467  -61701756.826372 25 13 213.236798  0.000000  0.000000  0.000000  0.000000  0.000000 
1  255.542230  1.220504  1.220504  18.240000  0.360000 243.133340  -113473574.737066  97425466.071063  330.184994  -128240795.851374  39465935.934642 25 12 255.542230  0.000000  0.000000  0.000000  0.000000  0.000000 
1  330.184994  1.218695  1.218695  18.240000  0.360000 240.610040  -116759758.806725  76307549.327791  285.856151  -135427771.276736  10007169.747524 25 13 330.184994  0.000000  0.000000  0.000000  0.000000  0.000000 
1  285.856151  1.217854  1.217952  18.240000  0.360000 124.287687  -170217852.919800  80453530.780924  274.730086  -144855208.097700  -20500867.007758 25 12 285.856151  0.000000  0.000000  0.000000  0.000000  0.000000 
1  274.730086  1.219687  1.219687  18.240000  0.360000 310.244626  -192916725.512390  29399725.896621  211.700153  -153576454.925268  -48631122.478892 25 12 274.730086  0.000000  0.000000  0.000000  0.000000  0.000000 
1  211.700153  1.217146  1.217146  18.240000  0.360000 292.648986  -105436102.516125  171854014.356110  200.719645  -155164696.920788  -32922590.917790 24 13 211.700153  0.000000  0.000000  0.000000  0.000000  0.000000 
1  200.719645  1.219002  1.219002  18.580000  0.410000 285.770325  -95645876.787590  313084281.685686  56.268843  -111765437.316295  118018513.748906 25 12 200.719645  0.000000  0.000000  0.000000  0.000000  0.000000 
1  56.268843  1.219587  1.219587  18.580000  0.410000 271.935430  -169396770.767968  -155586197.422706  108.674626  -123789989.042036  38536708.967390 25 13 56.268843  0.000000  0.000000  0.000000  0.000000  0.000000 
1  108.674626  1.219420  1.219420  18.580000  0.410000 335.722466  -118312500.193099  -353834185.755137  183.968893  -149351354.065519  -40572937.134693 25 12 108.674626  0.000000  0.000000  0.000000  0.000000  0.000000 
1  183.968893  1.218697  1.218697  18.580000  0.410000 277.503194  -193826581.843688  -254796365.150283  110.106557  -119250108.461760  72500303.126523 25 13 183.968893  0.000000  0.000000  0.000000  0.000000  0.000000 
1  110.106557  1.218137  1.219921  18.580000  0.410000 314.433803  -184560833.255585  -203243372.828090  120.730388  -138053781.185781  -8186359.615090 25 12 110.106557  0.000000  0.000000  0.000000  0.000000  0.000000 
1  120.730388  1.219389  1.219389  18.580000  0.410000 61.942732  -79414530.816307  392997803.513207  282.662873  -114432078.756779  86959293.439002 26 12 120.730388  0.000000  0.000000  0.000000  0.000000  0.000000 
1  282.662873  1.217064  1.217064  18.580000  0.410000 222.621631  -172618923.954336  -159498467.996323  187.262173  -137402969.247851  -19751281.251285 24 13 282.662873  0.000000  0.000000  0.000000  0.000000  0.000000 
1  187.262173  1.219123  1.219123  18.580000  0.410000 209.757351  -119926815.030890  96746690.129776  16.059196  -124225063.775419  30179911.297652 26 12 187.262173  0.000000  0.000000  0.000000  0.000000  0.000000 
1  16.059196  1.218487  1.218487  18.580000  0.410000 241.344941  1352435.873831  541128509.476759  23.981840  -123434447.213839  36698257.765039 24 13 16.059196  0.000000  0.000000  0.000000  0.000000  0.000000 
1  23.981840  1.218214  1.218214  18.580000  0.410000 334.077611  -154996797.823209  -32654454.808560  165.020187  -165072620.196039  -106521758.408505 26 12 23.981840  0.000000  0.000000  0.000000  0.000000  0.000000 
1  165.020187  1.218603  1.218603  13.870000  0.240000 155.887091  -126440545.937012  -348337311.471732  160.538807  -155764548.405650  -37482892.361231 25 12 165.020187  0.000000  0.000000  0.000000  0.000000  0.000000 
1  160.538807  1.218809  1.219286  13.870000  0.240000 218.166243  -78740815.511077  269950087.464716  291.390389  -139247746.972048  27386973.252287 24 13 160.538807  0.000000  0.000000  0.000000  0.000000  0.000000 
1  291.390389  1.218680  1.218680  13.870000  0.240000 97.921151  -82736258.719631  309265485.627377  225.636797  -126737805.034457  74123644.588949 25 12 291.390389  0.000000  0.000000  0.000000  0.000000  0.000000 
1  225.636797  1.219823  1.219823  13.870000  0.240000 109.158047  -124068481.737751  61960218.954044  80.312401  -134973375.877535  19195390.248836 24 13 225.636797  0.000000  0.000000  0.000000  0.000000  0.000000 
1  80.312401  1.219354  1.219354  13.870000  0.240000 281.794639  -236570093.366231  -83084610.040787  328.471661  -140321530.925243  -14496508.874901 26 12 80.312401  0.000000  0.000000  0.000000  0.000000  0.000000 
1  328.471661  1.219445  1.219445  13.870000  0.240000 300.187985  -174433179.019063  -140730662.630478  284.580379  -144110645.953236  -18289595.578958 24 13 328.471661  0.000000  0.000000  0.000000  0.000000  0.000000 
1  284.580379  1.219168  1.219168  13.870000  0.240000 5.616407  -111927009.374605  -164578222.294574  47.870309  -144262828.708850  -16684012.695514 26 12 284.580379  0.000000  0.000000  0.000000  0.000000  0.000000 
1  47.870309  1.219670  1.219670  13.870000  0.240000 181.727861  -104383460.476736  38135228.347409  346.710661  -127465761.784429  48147280.004973 25 12 47.870309  0.000000  0.000000  0.000000  0.000000  0.000000 
1  346.710661  1.218610  1.218610  13.870000  0.240000 137.935458  -230126360.650097  -49285389.829528  4.488964  -127522328.872794  27297986.649704 25 13 346.710661  0.000000  0.000000  0.000000  0.000000  0.000000 
1  4.488964  1.218258  1.218258  13.870000  0.240000 297.232821  -114935160.149059  329142436.681334  251.691296  -131979521.236679  8075731.294801 25 12 4.488964  0.000000  0.000000  0.000000  0.000000  0.000000 
1  251.691296  1.218091  1.218091  13.870000  0.240000 144.988044  2320328.303529  543209586.282286  118.537411  -115491963.534003  76108692.309614 24 13 251.691296  0.000000  0.000000  0.000000  0.000000  0.000000 
1  118.537411  1.218189  1.218580  13.870000  0.240000 142.478730  -3400461.207145  474175139.130657  165.383993  -103830025.530304  94504115.254613 26 12 118.537411  0.000000  0.000000  0.000000  0.000000  0.000000 
1  165.383993  1.218525  1.218525  13.870000  0.240000 142.355701  -177330299.466477  -436918518.189116  134.318727  -116421920.873521  20027587.974083 25 12 165.383993  0.000000  0.000000  0.000000  0.000000  0.000000 
1  134.318727  1.218227  1.218227  279.920013  0.120000 118.910773  -128106040.746179  -160928087.381557  93.499379  -161246640.798848  -135080907.288147 25 13 134.318727  0.000000  0.000000  0.000000  0.000000  0.000000 
1  93.499379  1.219289  1.219289  279.920013  0.120000 17.413379  -134294200.293903  392577243.434188  189.227837  -133820379.657809  4094461.914248 25 12 93.499379  0.000000  0.000000  0.000000  0.000000  0.000000 
1  189.227837  1.219255  1.219255  279.920013  0.120000 228.996260  -119936334.640313  -211069701.255722  64.029501  -115865809.804459  54545972.988451 25 13 189.227837  0.000000  0.000000  0.000000  0.000000  0.000000 
1  64.029501  1.218514  1.218787  279.920013  0.120000 79.756765  -126503978.789604  536161259.239317  339.326891  -119375870.582982  38134171.047606 25 12 64.029501  0.000000  0.000000  0.000000  0.000000  0.000000 
1  339.326891  1.218843  1.218843  279.920013  0.120000 203.197355  -193344778.949435  -215864194.207648  60.708734  -161839208.881995  -121863827.139742 25 13 339.326891  0.000000  0.000000  0.000000  0.000000  0.000000 
1  60.708734  1.220185  1.220185  279.920013  0.120000 207.571132  -115083515.143506  -103315675.637313  127.705207  -136121621.290646  10813450.632478 25 12 60.708734  0.000000  0.000000  0.000000  0.000000  0.000000 
1  127.705207  1.219526  1.219526  279.920013  0.120000 58.974034  -181525094.051762  -333336968.606756  41.955606  -164348517.763762  -95452910.271277 25 12 127.705207  0.000000  0.000000  0.000000  0.000000  0.000000 
1  41.955606  1.218628  1.218628  266.070007  0.060000 62.685288  -157212387.788475  -292224873.427028  191.117693  -148502053.781483  -20366152.536383 25 13 41.955606  0.000000  0.000000  0.000000  0.000000  0.000000 
1  191.117693  1.217874  1.217672  266.070007  0.060000 212.787222  -237529696.280520  -159385297.891095  151.380136  -153283124.945593  -38573546.053294 25 12 191.117693  0.000000  0.000000  0.000000  0.000000  0.000000 
1  151.380136  1.218341  1.218341  266.070007  0.060000 264.238698  -249607026.860045  -84738750.235894  131.513388  -152181452.030278  -30696670.405161 25 13 151.380136  0.000000  0.000000  0.000000  0.000000  0.000000 
1  131.513388  1.217975  1.217975  266.070007  0.060000 10.626426  -155494142.506891  -59001130.368727  209.934379  -124530580.718700  62553890.055566 25 12 131.513388  0.000000  0.000000  0.000000  0.000000  0.000000 
1  209.934379  1.218722  1.218722  266.070007  0.060000 195.439060  -209395120.605505  -244098296.405009  140.483844  -163475493.224183  -74330270.554848 25 13 209.934379  0.000000  0.000000  0.000000  0.000000  0.000000 
1  140.483844  1.219557  1.219557  266.070007  0.060000 208.160113  -178269167.936194  -281402161.424459  159.989489  -156624961.826387  -27939348.099978 25 12 140.483844  0.000000  0.000000  0.000000  0.000000  0.000000 
1  159.989489  1.218938  1.218938  266.070007  0.060000 38.318765  -98310905.200702  35052728.004838  218.510251  -151823898.651259  5567744.928480 25 12 159.989489  0.000000  0.000000  0.000000  0.000000  0.000000 
1  218.510251  1.219803  1.219803  266.070007  0.060000 46.717720  -191266030.259595  -203997036.131477  232.351422  -167321184.264210  -49349439.939776 25 13 218.510251  0.000000  0.000000  0.000000  0.000000  0.000000 
1  232.351422  1.219381  1.219381  266.070007  0.060000 206.103065  -101268690.232983  223030910.366483  77.403597  -171878151.661368  -44151566.489996 25 12 232.351422  0.000000  0.000000  0.000000  0.000000  0.000000 
1  77.403597  1.218905  1.218905  266.070007  0.060000 205.661535  -51920091.235333  -168710991.804459  279.553891  -122678217.877446  112924687.803314 25 13 77.403597  0.000000  0.000000  0.000000  0.000000  0.000000 
1  279.553891  1.219341  1.219341  294.890015  0.170000 132.882490  -39222396.427918  -47420516.166075  316.463290  -150442780.596756  -12543242.444737 25 12 279.553891  0.000000  0.000000  0.000000  0.000000  0.000000 
1  316.463290  1.220219  1.220219  294.890015  0.170000 186.607744  -154635044.369154  252770903.100905  28.372383  -144873773.304203  4989582.025760 25 12 316.463290  0.000000  0.000000  0.000000  0.000000  0.000000 
1  28.372383  1.218444  1.218444  294.890015  0.170000 194.170508  -200960793.318934  -119214071.760230  13.513865  -158872319.392395  -41263015.876548 25 13 28.372383  0.000000  0.000000  0.000000  0.000000  0.000000 
1  13.513865  1.218503  1.218345  294.890015  0.170000 61.369949  -91541171.642943  167590599.791173  8.820389  -132361088.486897  51853103.091674 25 12 13.513865  0.000000  0.000000  0.000000  0.000000  0.000000 
1  8.820389  1.217851  1.217851  294.890015  0.170000 333.389753  -149115466.783258  -270202491.858452  17.499188  -142473851.006753  10754497.430046 25 13 8.820389  0.000000  0.000000  0.000000  0.000000  0.000000 
1  17.499188  1.217088  1.217088  294.890015  0.170000 44.997926  -35408853.271460  169216263.796860  213.566839  -129345072.818710  36122185.870536 25 12 17.499188  0.000000  0.000000  0.000000  0.000000  0.000000 
1  213.566839  1.219354  1.219354  294.890015  0.170000 127.326195  -162097688.911879  41190814.426503  290.011495  -162469165.336780  -85929707.158900 25 13 213.566839  0.000000  0.000000  0.000000  0.000000  0.000000 
1  290.011495  1.219295  1.219295  294.890015  0.170000 230.934506  -242615973.049246  -83820696.100944  84.243179  -154026612.226331  -48415378.065226 25 12 290.011495  0.000000  0.000000  0.000000  0.000000  0.000000 
1  84.243179  1.219225  1.219225  294.890015  0.170000 50.556682  -254403705.905068  387280262.845451  131.763013  -140872402.169129  19804331.053699 25 13 84.243179  0.000000  0.000000  0.000000  0.000000  0.000000 
1  131.763013  1.220331  1.220331  294.890015  0.170000 339.768759  -150756483.139739  49249513.914799  279.994353  -139862666.573085  11890881.325419 25 12 131.763013  0.000000  0.000000  0.000000  0.000000  0.000000 
1  279.994353  1.218812  1.218528  340.829987  0.170000 220.348404  -75712335.522638  -159596656.406429  273.109208  -130408803.013872  13804218.794284 25 12 279.994353  0.000000  0.000000  0.000000  0.000000  0.000000 
1  273.109208  1.218785  1.218785  340.829987  0.170000 132.886750  -116745147.462706  -92904938.535893  9.176384  -145822643.178968  -35810951.269910 25 13 273.109208  0.000000  0.000000  0.000000  0.000000  0.000000 
1  9.176384  1.217894  1.217894  340.829987  0.170000 316.791007  -99296841.773948  152188329.100118  318.934414  -173451046.797976  -120417882.586890 25 12 9.176384  0.000000  0.000000  0.000000  0.000000  0.000000 
1  318.934414  1.217972  1.217972  340.829987  0.170000 296.555186  -197708406.713351  -195427391.247079  34.373541  -132065303.918645  55152353.749586 25 13 318.934414  0.000000  0.000000  0.000000  0.000000  0.000000 
1  34.373541  1.217979  1.217979  340.829987  0.170000 212.045038  -136294843.619845  -296379347.771582  170.461407  -140068984.229168  8698273.799945 25 12 34.373541  0.000000  0.000000  0.000000  0.000000  0.000000 
1  170.461407  1.218180  1.218337  340.829987  0.170000 185.584793  -158865490.253116  -381216214.973060  146.914082  -158506574.002560  -65548299.586195 25 13 170.461407  0.000000  0.000000  0.000000  0.000000  0.000000 
1  146.914082  1.219014  1.219014  340.829987  0.170000 189.402106  -204557586.124610  117284792.625457  42.946530  -161925557.151884  -48660068.207589 25 12 146.914082  0.000000  0.000000  0.000000  0.000000  0.000000 
1  42.946530  1.218815  1.218815  340.829987  0.170000 243.748672  -126168813.908807  106218208.596992  130.570256  -162572114.498854  -49222054.316605 25 13 42.946530  0.000000  0.000000  0.000000  0.000000  0.000000 
1  130.570256  1.219692  1.219692  340.829987  0.170000 48.840717  -145914185.599535  158930256.904087  108.424754  -155770356.644661  -12841393.092203 25 12 130.570256  0.000000  0.000000  0.000000  0.000000  0.000000 
1  108.424754  1.218786  1.218786  340.829987  0.170000 255.981233  -93957550.189630  144809563.773084  171.430458  -121336380.538505  80636287.301988 25 12 108.424754  0.000000  0.000000  0.000000  0.000000  0.000000 
1  171.430458  1.218522  1.218522  325.559998  0.100000 276.263646  -131262949.552444  220770781.568003  183.764319  -143525354.177780  -2159861.554935 25 13 171.430458  0.000000  0.000000  0.000000  0.000000  0.000000 
