1  -0.776749  -0.776749  -nan  0.001864  3.762758  339.209991  0.110000
1  -0.775712  -0.775712  -nan  0.009587  4.005839  338.739990  0.110000
1  -0.775748  -0.775748  -nan  0.009188  4.247494  338.269989  0.110000
1  -0.775989  -0.775989  nan  0.015979  4.527179  337.790009  0.110000
1  -0.775590  -0.775590  -nan  0.025833  4.805213  337.299988  0.100000
1  -0.774942  -0.774942  nan  0.005593  5.089109  300.739990  0.100000
1  -0.775937  -0.775937  -nan  0.015446  5.383031  299.709991  0.100000
1  -0.775119  -0.775054  nan  0.019441  5.679468  298.500000  0.100000
1  -0.775561  -0.775561  nan  0.021572  5.977496  297.109985  0.100000
7  -0.774752  -0.775209  nan  0.021705  6.297271  295.809998  0.090000
7  -0.774752  -0.776940  nan  0.014514  6.623559  294.679993  0.090000
7  -0.774752  -0.775753  nan  0.021172  6.944843  293.529999  0.090000
7  -0.774752  -0.774884  -nan  0.027564  7.278268  292.399994  0.090000
7  -0.774752  -0.776042  -nan  0.017710  7.605046  292.290009  0.090000
7  -0.774752  -0.775777  nan  0.019308  7.948644  292.179993  0.090000
7  -0.774752  -0.774492  -nan  0.013715  8.278267  292.010010  0.090000
7  -0.774752  -0.774694  nan  0.024634  8.629056  290.910004  0.090000
7  -0.774752  -0.776149  nan  0.026099  8.976151  289.799988  0.090000
7  -0.774752  -0.775442  -nan  0.009055  9.328434  288.730011  0.090000
7  -0.774752  -0.774616  nan  0.020240  9.725319  287.809998  0.090000
7  -0.774752  -0.775783  -nan  0.023436  10.075671  286.980011  0.090000
7  -0.774752  -0.776292  -nan  0.021039  10.487386  286.040009  0.090000
7  -0.774752  -0.775212  -nan  0.014914  10.881150  285.290009  0.090000
7  -0.774752  -0.775020  -nan  0.017976  11.295516  284.559998  0.090000
7  -0.774752  -0.775817  -nan  0.016778  11.724764  283.799988  0.090000
7  -0.774752  -0.774668  -nan  0.019441  12.163533  283.700012  0.090000
7  -0.774752  -0.775016  nan  0.012783  12.602991  283.579987  0.090000
7  -0.774752  -0.775255  -nan  0.027031  13.077420  282.950012  0.090000
7  -0.774752  -0.774632  -nan  0.026099  13.533377  282.910004  0.090000
7  -0.774752  -0.774982  -nan  0.017976  14.003276  282.950012  0.090000
7  -0.774752  -0.775172  nan  0.013183  14.518062  283.239990  0.090000
7  -0.774752  -0.774603  nan  0.023569  15.017922  283.540009  0.090000
7  -0.774752  -0.775149  nan  0.010919  15.550747  283.899994  0.090000
7  -0.774752  -0.774890  nan  0.016778  16.101632  284.130005  0.090000
7  -0.774752  -0.775434  nan  0.020107  16.646701  284.420013  0.090000
7  -0.774752  -0.776296  -nan  0.019574  17.187765  284.660004  0.090000
7  -0.774752  -0.771044  nan  0.018642  17.748013  285.109985  0.090000
7  -0.774752  -0.775357  nan  0.020639  18.303413  285.600006  0.090000
7  -0.774752  -0.774761  nan  0.029561  18.882659  286.119995  0.090000
7  -0.774752  -0.776094  -nan  0.024102  19.472245  286.559998  0.090000
7  -0.774752  -0.774647  -nan  0.023036  20.082154  286.429993  0.090000
7  -0.774752  -0.774358  -nan  0.023835  20.685640  285.989990  0.080000
7  -0.774752  -0.770467  nan  0.020906  21.311229  286.160004  0.080000
7  -0.774752  -0.776042  -nan  0.017976  21.916487  286.109985  0.080000
7  -0.774752  -0.775002  -nan  0.025300  22.538409  286.130005  0.080000
7  -0.774752  -0.776318  -nan  0.015979  23.170774  286.149994  0.080000
7  -0.774752  -0.775719  nan  0.040480  23.795505  286.299988  0.080000
7  -0.774752  -0.775553  nan  0.026898  24.461670  286.500000  0.080000
7  -0.774752  -0.775945  nan  0.023835  25.111049  286.739990  0.080000
7  -0.774752  -0.665212  nan  0.022104  25.796787  287.019989  0.080000
7  -0.774752  -0.717345  -nan  0.033689  26.467763  287.299988  0.080000
7  -0.774752  -0.711919  nan  0.022770  27.155286  287.350006  0.080000
7  -0.774752  -0.707424  nan  0.020240  27.815654  287.329987  0.080000
7  -0.774752  -0.680213  nan  0.017843  28.491674  287.350006  0.080000
7  -0.774752  -0.656547  nan  0.027564  29.184302  287.480011  0.080000
7  -0.774752  -0.575590  nan  0.014514  29.878551  287.619995  0.080000
7  -0.774752  -0.465444  nan  0.023036  30.583704  287.750000  0.080000
7  -0.774752  0.061598  nan  0.035021  31.282851  287.899994  0.080000
7  -0.774752  0.606158  -nan  0.021172  31.997663  288.070007  0.080000
7  -0.774752  1.384937  nan  0.030493  32.706264  288.269989  0.080000
7  -0.774752  2.477383  nan  0.026099  33.423153  288.399994  0.080000
7  -0.774752  3.227578  -nan  0.025167  34.150332  288.489990  0.080000
7  -0.774752  4.415899  -nan  0.019841  34.876284  288.500000  0.080000
7  -0.774752  5.645370  nan  0.023436  35.605028  288.510010  0.080000
7  -0.774752  5.720819  -nan  0.030360  36.328464  288.529999  0.080000
7  -0.774752  5.990495  -nan  0.023170  37.060605  288.549988  0.080000
7  -0.774752  6.454997  nan  0.015713  37.795055  288.309998  0.080000
7  -0.774752  6.879148  nan  0.026632  38.534470  288.029999  0.080000
7  -0.774752  7.568730  -nan  0.032357  39.259576  287.750000  0.080000
7  -0.774752  8.283372  nan  0.019042  39.990646  287.480011  0.080000
7  -0.774752  9.278419  nan  0.025566  40.733088  287.209991  0.080000
7  -0.774752  10.679097  nan  0.037817  41.492338  286.920013  0.080000
7  -0.774752  11.396738  nan  0.020107  42.255827  286.630005  0.080000
7  -0.774752  11.562745  -nan  0.035686  43.019272  285.839996  0.070000
7  -0.774752  11.766252  nan  0.022237  43.785227  284.880005  0.070000
7  -0.774752  11.975697  nan  0.025566  44.534796  283.850006  0.070000
7  -0.774752  11.980892  -nan  0.030360  45.305740  282.829987  0.070000
7  -0.774752  11.939509  nan  0.023303  46.083677  281.809998  0.070000
7  -0.774752  11.943563  nan  0.030360  46.878193  280.820007  0.070000
7  -0.774752  11.943562  nan  0.021971  47.633976  279.500000  0.070000
7  -0.774752  11.945805  nan  0.033822  48.399408  280.440002  0.070000
7  -0.774752  11.944925  -nan  0.027297  49.170990  281.250000  0.070000
7  -0.774752  11.947045  nan  0.022770  49.939780  282.000000  0.070000
7  -0.774752  11.791824  nan  0.023036  50.728393  282.609985  0.080000
7  -0.774752  11.648979  nan  0.033556  51.521695  282.649994  0.080000
7  -0.774752  11.140906  nan  0.016778  52.290760  283.500000  0.080000
7  -0.774752  10.394351  nan  0.013982  53.062703  283.920013  0.080000
7  -0.774752  9.538741  -nan  0.021172  53.830854  283.820007  0.090000
7  -0.774752  8.731876  nan  0.021838  54.602132  284.570007  0.090000
7  -0.774752  8.173327  -nan  0.027431  55.372526  285.220001  0.090000
7  -0.774752  8.010749  -nan  0.030227  56.184699  285.890015  0.090000
7  -0.774752  8.030074  nan  0.021971  56.986939  286.989990  0.090000
7  -0.774752  8.112065  -nan  0.022637  57.786754  287.820007  0.090000
7  -0.774752  8.111120  nan  0.035154  58.576809  288.609985  0.100000
7  -0.774752  8.105138  nan  0.027431  59.355909  289.190002  0.100000
7  -0.774752  8.102509  -nan  0.017444  60.141021  289.779999  0.100000
7  -0.774752  8.102597  nan  0.024767  60.938305  290.529999  0.100000
7  -0.774752  8.101936  -nan  0.031425  61.717537  291.309998  0.100000
7  -0.774752  8.101914  nan  0.030094  62.498867  292.140015  0.100000
7  -0.774752  8.102940  -nan  0.021705  63.295705  292.859985  0.100000
7  -0.774752  8.101233  nan  0.025433  64.080812  293.549988  0.100000
7  -0.774752  8.102672  -nan  0.027031  64.895138  293.369995  0.100000
7  -0.774752  8.103001  -nan  0.022903  65.709482  293.200012  0.100000
7  -0.774752  8.102072  nan  0.021438  66.508158  293.170013  0.110000
7  -0.774752  8.101258  -nan  0.025300  67.292821  293.200012  0.110000
7  -0.774752  8.103040  -nan  0.022903  68.084744  293.519989  0.110000
7  -0.774752  8.103014  nan  0.030893  68.863226  293.859985  0.110000
7  -0.774752  8.100894  nan  0.027963  69.671245  294.170013  0.110000
7  -0.774752  8.102032  nan  0.029295  70.455898  294.929993  0.110000
7  -0.774752  8.101747  nan  0.029827  71.289690  295.700012  0.120000
7  -0.774752  8.101299  -nan  0.033023  72.095242  296.450012  0.120000
7  -0.774752  8.101415  nan  0.029028  72.839903  297.220001  0.120000
7  -0.774752  8.103239  nan  0.035021  73.681945  297.970001  0.120000
7  -0.774752  8.100595  nan  0.033023  74.500780  298.709991  0.120000
7  -0.774752  8.100786  nan  0.030227  75.310988  299.450012  0.120000
7  -0.774752  8.101973  nan  0.028096  76.041254  300.170013  0.120000
7  -0.774752  8.101547  -nan  0.030360  76.906428  300.940002  0.130000
7  -0.774752  8.102776  -nan  0.029162  77.710288  301.480011  0.130000
7  -0.774752  8.101868  -nan  0.035021  78.510818  301.980011  0.130000
7  -0.774752  8.100984  nan  0.032491  79.277471  302.459991  0.130000
7  -0.774752  8.102073  -nan  0.022903  80.103430  302.929993  0.130000
7  -0.774752  8.101928  nan  0.021572  80.904445  302.899994  0.130000
7  -0.774752  8.101268  -nan  0.028096  81.701761  302.869995  0.130000
7  -0.774752  8.102134  -nan  0.021971  82.465636  303.299988  0.140000
7  -0.774752  8.102848  nan  0.031692  83.301889  303.670013  0.140000
7  -0.774752  8.102015  nan  0.031825  84.102507  304.040009  0.140000
7  -0.774752  8.101285  nan  0.032357  84.895306  304.339996  0.140000
7  -0.774752  8.101375  nan  0.028629  85.679325  304.609985  0.140000
7  -0.774752  8.101796  nan  0.030227  86.474408  304.790009  0.150000
7  -0.774752  8.100392  -nan  0.025966  87.263179  304.589996  0.150000
7  -0.774752  8.100783  nan  0.023303  88.041669  304.709991  0.150000
7  -0.774752  8.102569  -nan  0.017311  88.843380  304.850006  0.150000
7  -0.774752  8.099828  -nan  0.034222  89.647830  304.730011  0.150000
7  -0.774752  8.100827  -nan  0.024368  90.451991  304.649994  0.150000
7  -0.774752  8.101493  -nan  0.015846  91.230655  304.570007  0.150000
7  -0.774752  8.100567  -nan  0.017976  92.004082  304.450012  0.150000
7  -0.774752  8.099844  nan  0.029428  92.792065  304.350006  0.150000
7  -0.774752  8.099420  nan  0.026898  93.570581  304.269989  0.150000
7  -0.774752  8.101601  nan  0.028762  94.345021  304.239990  0.150000
7  -0.774752  8.099591  nan  0.013848  95.137710  304.209991  0.140000
7  -0.774752  8.099357  nan  0.023569  95.911478  304.179993  0.140000
7  -0.774752  8.100116  nan  0.023303  96.683899  304.119995  0.140000
7  -0.774752  8.100194  -nan  0.033689  97.450076  304.049988  0.140000
7  -0.774752  8.099986  nan  0.022504  98.220643  304.000000  0.140000
7  -0.774752  8.100100  nan  0.032491  98.991691  303.920013  0.140000
7  -0.774752  8.099537  -nan  0.026632  99.752094  303.829987  0.140000
7  -0.774752  8.100658  -nan  0.028895  100.510848  303.769989  0.140000
7  -0.774752  8.101510  nan  0.034222  101.282594  303.709991  0.140000
7  -0.774752  8.100803  nan  0.028629  102.044382  303.579987  0.140000
7  -0.774752  8.099847  nan  0.017044  102.794190  303.459991  0.140000
7  -0.774752  8.100803  nan  0.021572  103.563859  303.350006  0.140000
7  -0.774752  8.099907  -nan  0.027297  104.306574  303.200012  0.140000
7  -0.774752  8.099551  -nan  0.018509  105.061181  303.049988  0.130000
7  -0.774752  8.100029  -nan  0.021305  105.810074  303.209991  0.140000
7  -0.774752  8.100362  -nan  0.026632  106.541279  303.350006  0.140000
7  -0.774752  8.099743  -nan  0.024235  107.282673  303.380005  0.140000
7  -0.774752  8.101284  -nan  0.025433  108.025387  303.510010  0.140000
1  8.100329  8.100329  nan  0.023968  108.765335  303.579987  0.140000
1  8.099749  8.099749  -nan  0.017311  109.504681  303.640015  0.140000
1  8.099567  8.099926  -nan  0.019308  110.235511  303.820007  0.140000
