1  0.000000  6.255619  6.255619  40.247624  0.008922  -0.016670  8.115942  0.016953  -0.012148  5938548137358854049264813404262543398915446176754519332405772869858880076994549622251564042691396279442390248657117920247853479573359522376644372522658203476450707598541664671255706100852958431145090270668781946927971939222342131617756799136063964221402502905462784.000000  15360449581971665021639937495509446376739972225483926362604028871792251463148269188561480326896253539832564172140662638406690498746315975641724986914075957600715096694829351362624424237328492877781411323050980197993898659748112760159077762421844379191589272505286656.000000
1  40.247624  6.258238  6.258106  41.510401  -0.002796  -0.059088  8.570610  0.005693  -0.054558  5938548137358854049264813404262543398915446176754519332405772869858880076994549622251564042691396279442390248657117920247853479573359522376644372522658203476450707598541664671255706100852958431145090270668781946927971939222342131617756799136063964221402502905462784.000000  15360449581971665021639937495509446376739972225483926362604028871792251463148269188561480326896253539832564172140662638406690498746315975641724986914075957600715096694829351362624424237328492877781411323050980197993898659748112760159077762421844379191589272505286656.000000
1  41.510401  6.258058  6.258058  42.692367  0.016645  0.020301  9.037112  0.025596  0.024846  5938548137358854049264813404262543398915446176754519332405772869858880076994549622251564042691396279442390248657117920247853479573359522376644372522658203476450707598541664671255706100852958431145090270668781946927971939222342131617756799136063964221402502905462784.000000  15360449581971665021639937495509446376739972225483926362604028871792251463148269188561480326896253539832564172140662638406690498746315975641724986914075957600715096694829351362624424237328492877781411323050980197993898659748112760159077762421844379191589272505286656.000000
1  42.692367  6.258003  6.258003  43.866171  0.012916  0.001970  9.543206  0.022345  0.006529  5938548137358854049264813404262543398915446176754519332405772869858880076994549622251564042691396279442390248657117920247853479573359522376644372522658203476450707598541664671255706100852958431145090270668781946927971939222342131617756799136063964221402502905462784.000000  15360449581971665021639937495509446376739972225483926362604028871792251463148269188561480326896253539832564172140662638406690498746315975641724986914075957600715096694829351362624424237328492877781411323050980197993898659748112760159077762421844379191589272505286656.000000
1  43.866171  6.257727  6.257727  44.912353  -0.000932  -0.055683  10.035719  0.008962  -0.051105  5938548137358854049264813404262543398915446176754519332405772869858880076994549622251564042691396279442390248657117920247853479573359522376644372522658203476450707598541664671255706100852958431145090270668781946927971939222342131617756799136063964221402502905462784.000000  15360449581971665021639937495509446376739972225483926362604028871792251463148269188561480326896253539832564172140662638406690498746315975641724986914075957600715096694829351362624424237328492877781411323050980197993898659748112760159077762421844379191589272505286656.000000
1  44.912353  6.256649  6.256649  45.934717  0.003329  -0.035173  10.507984  0.013685  -0.030585  5938548137358854049264813404262543398915446176754519332405772869858880076994549622251564042691396279442390248657117920247853479573359522376644372522658203476450707598541664671255706100852958431145090270668781946927971939222342131617756799136063964221402502905462784.000000  15360449581971665021639937495509446376739972225483926362604028871792251463148269188561480326896253539832564172140662638406690498746315975641724986914075957600715096694829351362624424237328492877781411323050980197993898659748112760159077762421844379191589272505286656.000000
1  45.934717  6.257251  6.257251  46.873954  0.009454  -0.013919  11.008672  0.020271  -0.009331  5938548137358854049264813404262543398915446176754519332405772869858880076994549622251564042691396279442390248657117920247853479573359522376644372522658203476450707598541664671255706100852958431145090270668781946927971939222342131617756799136063964221402502905462784.000000  15360449581971665021639937495509446376739972225483926362604028871792251463148269188561480326896253539832564172140662638406690498746315975641724986914075957600715096694829351362624424237328492877781411323050980197993898659748112760159077762421844379191589272505286656.000000
1  46.873954  6.256971  6.256971  47.817473  0.020906  0.031012  11.508628  0.032190  0.035610  5938548137358854049264813404262543398915446176754519332405772869858880076994549622251564042691396279442390248657117920247853479573359522376644372522658203476450707598541664671255706100852958431145090270668781946927971939222342131617756799136063964221402502905462784.000000  15360449581971665021639937495509446376739972225483926362604028871792251463148269188561480326896253539832564172140662638406690498746315975641724986914075957600715096694829351362624424237328492877781411323050980197993898659748112760159077762421844379191589272505286656.000000
1  47.817473  6.256675  6.257079  48.736885  0.003462  -0.037592  12.010011  0.015217  -0.032978  185.419998  0.010000
1  48.736885  6.256648  6.256648  49.489169  0.013715  0.008225  12.500502  0.025944  0.012831  185.419998  0.010000
1  49.489169  6.255510  6.255510  50.176359  0.002530  -0.029330  12.966495  0.015223  -0.024717  185.419998  0.010000
1  50.176359  6.256052  6.256052  50.870071  0.013049  0.017318  13.442596  0.026212  0.021946  185.419998  0.010000
1  50.870071  6.256479  6.256479  51.526571  0.007989  -0.006512  13.946179  0.021620  -0.001883  185.419998  0.010000
1  51.526571  6.259136  6.259136  52.084670  0.003728  -0.018717  14.423676  0.017827  -0.014089  185.419998  0.010000
1  52.084670  6.255848  6.255848  52.672275  0.007057  -0.004421  14.914308  0.021630  0.000224  185.419998  0.010000
1  52.672275  6.258317  6.258191  53.213409  0.017044  0.035097  15.411509  0.032088  0.039741  185.419998  0.010000
1  53.213409  6.256738  6.256738  53.662055  0.004661  -0.008393  15.904783  0.020189  -0.003743  185.419998  0.010000
1  53.662055  6.256422  6.256422  54.133255  0.005193  -0.004248  16.390540  0.021195  0.000413  185.419998  0.010000
1  54.133255  6.257308  6.257308  54.588312  0.004661  -0.006057  16.887835  0.021135  -0.001388  185.419998  0.010000
1  54.588312  6.257632  6.257632  55.056059  0.008922  0.003367  17.412027  0.025861  0.008028  185.419998  0.010000
1  55.056059  6.257195  6.257195  55.473733  0.008655  0.005136  17.909662  0.026063  0.009792  185.419998  0.010000
1  55.473733  6.256839  6.256839  55.781261  0.004394  -0.010627  18.410989  0.022271  -0.005973  185.419998  0.010000
1  55.781261  6.257899  6.257899  56.166375  0.024102  0.056911  18.970405  0.042448  0.061562  185.419998  0.010000
1  56.166375  6.256511  6.256511  56.552193  0.010120  0.000192  19.503704  0.028938  0.004850  185.419998  0.010000
1  56.552193  6.256443  6.256443  56.859820  0.018376  0.024790  20.090218  0.037678  0.029445  185.419998  0.010000
1  56.859820  6.257231  6.257231  57.147670  0.012251  -0.010294  20.672602  0.032011  -0.005647  185.419998  0.010000
1  57.147670  6.255273  6.255273  57.435449  0.021705  0.020986  21.290894  0.041954  0.025650  185.419998  0.010000
1  57.435449  6.257876  6.257876  57.752760  0.022237  0.019276  21.888926  0.042959  0.023945  185.419998  0.010000
1  57.752760  6.257295  6.257295  58.014034  0.023036  0.018882  22.493492  0.044231  0.023562  185.419998  0.020000
1  58.014034  6.258351  6.258351  58.230130  0.008655  -0.039995  23.111369  0.030328  -0.035333  185.419998  0.020000
1  58.230130  6.258628  6.258628  58.472428  0.021039  0.006860  23.728527  0.043183  0.011525  185.419998  0.020000
1  58.472428  6.257393  6.257393  58.695364  0.006791  -0.052539  24.352076  0.029403  -0.047894  185.419998  0.020000
1  58.695364  6.256918  6.256918  58.895014  0.018243  -0.004945  24.937864  0.041305  -0.000306  185.419998  0.020000
1  58.895014  6.257504  6.257504  59.120864  0.019175  0.001422  25.562146  0.042721  0.006058  185.419998  0.020000
1  59.120864  6.257366  6.257366  59.300829  0.018642  -0.001772  26.179739  0.042656  0.002871  185.419998  0.020000
1  59.300829  6.257014  6.257014  59.487690  0.020639  0.008043  26.807454  0.045130  0.012681  185.419998  0.020000
1  59.487690  6.256582  6.256582  59.617029  0.015446  -0.010139  27.422290  0.040406  -0.005505  185.419998  0.020000
1  59.617029  6.256282  6.256282  59.778081  0.019841  0.005052  28.053433  0.045265  0.009672  185.419998  0.020000
1  59.778081  6.257117  6.257117  59.892714  0.018509  0.000794  28.673804  0.044396  0.005403  185.419998  0.020000
1  59.892714  6.256674  6.256674  59.991149  0.015579  -0.010480  29.296233  0.041922  -0.005914  185.419998  0.020000
1  59.991149  6.255996  6.255996  60.139429  0.013449  -0.017432  29.914704  0.040248  -0.012880  185.419998  0.020000
