1  0.000000  0.000000  10.644172  0.877792  -0.021072  0.000000  0.000000  0.000000  0.000000  0.000000
1  10.644172  10.644172  12.073695  0.947001  0.160465  0.000000  0.000000  0.000000  0.000000  0.000000
1  12.073695  12.073695  13.647700  0.866630  -0.085476  0.000000  0.000000  0.000000  0.000000  0.000000
1  13.647700  13.647700  15.257203  0.846154  -0.094531  0.000000  0.000000  0.000000  0.000000  0.000000
1  15.257203  15.257203  17.057071  0.696809  -0.588665  0.000000  0.000000  0.000000  0.000000  0.000000
1  17.057071  17.057071  18.860060  0.941141  0.379742  0.000000  0.000000  0.000000  0.000000  0.000000
1  18.860060  18.860060  20.761115  0.864501  -0.036199  0.000000  0.000000  0.000000  0.000000  0.000000
1  20.761115  20.761115  22.571148  0.810022  -0.146922  0.000000  0.000000  0.000000  0.000000  0.000000
1  22.571148  22.571148  24.373981  0.508433  -1.215875  0.000000  0.000000  0.000000  0.000000  0.000000
1  24.373981  24.373981  26.349126  0.343250  -1.330814  0.000000  0.000000  0.000000  0.000000  0.000000
1  26.349126  26.349126  28.591858  0.332842  -0.917491  0.000000  0.000000  0.000000  0.000000  0.000000
1  28.591858  28.591858  30.932508  0.352484  -0.547800  0.000000  0.000000  0.000000  0.000000  0.000000
1  30.932508  30.932508  33.348953  0.376713  -0.287052  0.000000  0.000000  0.000000  0.000000  0.000000
1  33.348953  33.348953  35.869289  0.399449  -0.118459  0.000000  0.000000  0.000000  0.000000  0.000000
1  35.869289  35.869289  38.456057  0.427394  0.013166  0.000000  0.000000  0.000000  0.000000  0.000000
1  38.456057  38.456057  41.101031  0.451022  0.084627  0.000000  0.000000  0.000000  0.000000  0.000000
1  41.101031  41.101031  43.750084  0.475387  0.138182  0.000000  0.000000  0.000000  0.000000  0.000000
1  43.750084  43.750084  46.431776  0.501519  0.176675  0.000000  0.000000  0.000000  0.000000  0.000000
1  46.431776  46.431776  49.180644  0.527200  0.201960  0.000000  0.000000  0.000000  0.000000  0.000000
1  49.180644  49.180644  51.787472  0.548478  0.204398  0.000000  0.000000  0.000000  0.000000  0.000000
1  51.787472  51.787472  54.440659  0.572559  0.216384  0.000000  0.000000  0.000000  0.000000  0.000000
1  54.440659  54.440659  57.009922  0.595178  0.217809  0.000000  0.000000  0.000000  0.000000  0.000000
1  57.009922  57.009922  59.561689  0.619752  0.226173  0.000000  0.000000  0.000000  0.000000  0.000000
1  59.561689  59.561689  62.071973  0.640004  0.218791  0.000000  0.000000  0.000000  0.000000  0.000000
1  62.071973  62.071973  64.552531  0.664561  0.226649  0.000000  0.000000  0.000000  0.000000  0.000000
1  64.552531  64.552531  67.028897  0.681953  0.208098  0.000000  0.000000  0.000000  0.000000  0.000000
1  67.028897  67.028897  69.453586  0.707225  0.221366  0.000000  0.000000  0.000000  0.000000  0.000000
1  69.453586  69.453586  71.822470  0.729291  0.221775  0.000000  0.000000  0.000000  0.000000  0.000000
1  71.822470  71.822470  74.166968  0.750443  0.216685  0.000000  0.000000  0.000000  0.000000  0.000000
1  74.166968  74.166968  76.557898  0.772787  0.217409  0.000000  0.000000  0.000000  0.000000  0.000000
1  76.557898  76.557898  78.830171  0.793031  0.212225  0.000000  0.000000  0.000000  0.000000  0.000000
1  78.830171  78.830171  81.090618  0.816088  0.217370  0.000000  0.000000  0.000000  0.000000  0.000000
1  81.090618  81.090618  83.333316  0.838530  0.219782  0.000000  0.000000  0.000000  0.000000  0.000000
1  83.333316  83.333316  85.561139  0.858689  0.212538  0.000000  0.000000  0.000000  0.000000  0.000000
1  85.561139  85.561139  87.824284  0.882521  0.219839  0.000000  0.000000  0.000000  0.000000  0.000000
1  87.824284  87.824284  90.006121  0.905344  0.221282  0.000000  0.000000  0.000000  0.000000  0.000000
1  90.006121  90.006121  92.151613  0.925284  0.213114  0.000000  0.000000  0.000000  0.000000  0.000000
1  92.151613  92.151613  94.314936  0.946586  0.212099  0.000000  0.000000  0.000000  0.000000  0.000000
1  94.314936  94.314936  96.444522  0.970152  0.218506  0.000000  0.000000  0.000000  0.000000  0.000000
1  96.444522  96.444522  98.559428  0.992831  0.219943  0.000000  0.000000  0.000000  0.000000  0.000000
1  98.559428  98.559428  100.659156  1.015700  0.221483  0.000000  0.000000  0.000000  0.000000  0.000000
1  100.659156  100.659156  102.738191  1.039822  0.226579  0.000000  0.000000  0.000000  0.000000  0.000000
1  102.738191  102.738191  104.843013  1.065086  0.232258  0.000000  0.000000  0.000000  0.000000  0.000000
1  104.843013  104.843013  106.786997  1.086612  0.227580  0.000000  0.000000  0.000000  0.000000  0.000000
1  106.786997  106.786997  108.857481  1.112581  0.236398  0.000000  0.000000  0.000000  0.000000  0.000000
1  108.857481  108.857481  110.881539  1.134717  0.228313  0.000000  0.000000  0.000000  0.000000  0.000000
1  110.881539  110.881539  112.861629  1.162206  0.243255  0.000000  0.000000  0.000000  0.000000  0.000000
1  112.861629  112.861629  114.842871  1.185645  0.240488  0.000000  0.000000  0.000000  0.000000  0.000000
1  114.842871  114.842871  116.717881  1.207739  0.235342  0.000000  0.000000  0.000000  0.000000  0.000000
1  116.717881  116.717881  118.725679  1.234756  0.243723  0.000000  0.000000  0.000000  0.000000  0.000000
1  118.725679  118.725679  120.600258  1.259858  0.247118  0.000000  0.000000  0.000000  0.000000  0.000000
1  120.600258  120.600258  122.519401  1.284989  0.246737  0.000000  0.000000  0.000000  0.000000  0.000000
1  122.519401  122.519401  124.400611  1.309542  0.245070  0.000000  0.000000  0.000000  0.000000  0.000000
1  124.400611  124.400611  126.279207  1.334013  0.243332  0.000000  0.000000  0.000000  0.000000  0.000000
1  126.279207  126.279207  128.135228  1.360324  0.248298  0.000000  0.000000  0.000000  0.000000  0.000000
1  128.135228  128.135228  129.984722  1.386855  0.253174  0.000000  0.000000  0.000000  0.000000  0.000000
1  129.984722  129.984722  131.810709  1.412157  0.253606  0.000000  0.000000  0.000000  0.000000  0.000000
1  131.810709  131.810709  133.629903  1.436655  0.250259  0.000000  0.000000  0.000000  0.000000  0.000000
1  133.629903  133.629903  135.435626  1.462210  0.251575  0.000000  0.000000  0.000000  0.000000  0.000000
1  135.435626  135.435626  137.238078  1.488131  0.253775  0.000000  0.000000  0.000000  0.000000  0.000000
1  137.238078  137.238078  139.033180  1.515203  0.258902  0.000000  0.000000  0.000000  0.000000  0.000000
1  139.033180  139.033180  140.811440  1.540242  0.255920  0.000000  0.000000  0.000000  0.000000  0.000000
1  140.811440  140.811440  142.577138  1.566727  0.258071  0.000000  0.000000  0.000000  0.000000  0.000000
1  142.577138  142.577138  144.339697  1.591825  0.253985  0.000000  0.000000  0.000000  0.000000  0.000000
1  144.339697  144.339697  146.093773  1.617660  0.253263  0.000000  0.000000  0.000000  0.000000  0.000000
1  146.093773  146.093773  147.844917  1.642742  0.250209  0.000000  0.000000  0.000000  0.000000  0.000000
1  147.844917  147.844917  149.588538  1.669307  0.254252  0.000000  0.000000  0.000000  0.000000  0.000000
1  149.588538  149.588538  151.325186  1.695977  0.256952  0.000000  0.000000  0.000000  0.000000  0.000000
1  151.325186  151.325186  153.055484  1.721629  0.254868  0.000000  0.000000  0.000000  0.000000  0.000000
1  153.055484  153.055484  154.787569  1.747923  0.256089  0.000000  0.000000  0.000000  0.000000  0.000000
1  154.787569  154.787569  156.522535  1.773787  0.256030  0.000000  0.000000  0.000000  0.000000  0.000000
1  156.522535  156.522535  158.255649  1.799077  0.254637  0.000000  0.000000  0.000000  0.000000  0.000000
1  158.255649  158.255649  159.979747  1.825124  0.255692  0.000000  0.000000  0.000000  0.000000  0.000000
1  159.979747  159.979747  161.704051  1.849220  0.249394  0.000000  0.000000  0.000000  0.000000  0.000000
1  161.704051  161.704051  163.454299  1.875948  0.251787  0.000000  0.000000  0.000000  0.000000  0.000000
1  163.454299  163.454299  165.180156  1.900371  0.248009  0.000000  0.000000  0.000000  0.000000  0.000000
1  165.180156  165.180156  166.899917  1.926623  0.251483  0.000000  0.000000  0.000000  0.000000  0.000000
1  166.899917  166.899917  168.631734  1.951027  0.247839  0.000000  0.000000  0.000000  0.000000  0.000000
1  168.631734  168.631734  170.323026  1.975185  0.245478  0.000000  0.000000  0.000000  0.000000  0.000000
1  170.323026  170.323026  172.064694  1.999377  0.243351  0.000000  0.000000  0.000000  0.000000  0.000000
1  172.064694  172.064694  173.825824  2.021823  0.234145  0.000000  0.000000  0.000000  0.000000  0.000000
1  173.825824  173.825824  175.550206  2.048319  0.243227  0.000000  0.000000  0.000000  0.000000  0.000000
1  175.550206  175.550206  177.237290  2.073031  0.244288  0.000000  0.000000  0.000000  0.000000  0.000000
1  177.237290  177.237290  178.915399  2.095456  0.237632  0.000000  0.000000  0.000000  0.000000  0.000000
1  178.915399  178.915399  180.002285  2.113381  0.216530  0.000000  0.000000  0.000000  0.000000  0.000000
1  180.002285  180.002285  180.050274  2.116989  0.155468  0.000000  0.000000  0.000000  0.000000  0.000000
1  180.050274  180.050274  180.049373  2.114562  0.095407  0.000000  0.000000  0.000000  0.000000  0.000000
