1  0.000000  6.246612  6.246612  40.825405  0.018908  0.005675  8.365495  0.026864  0.010170  4143686083881766894337987244529607167754962270190877986958022517671479429306999247072629771769017712307325901429380322982115601195533152390443263763965429435777062327774076120570239450621090086944739086447100043943452315922103922919331859771981614422570825594961920.000000  11770725485347657910795877582322246954431253355313937878067171217397098841195578469190425726943977821382442231216059136288544817020378480931842164666047732192664316280731650075638824659000800471601222515114307303154082850893194397170392557054074055538379622094733312.000000
1  40.825405  6.246856  6.246856  42.231092  0.004527  -0.048466  8.855405  0.012945  -0.043949  185.419998  0.030000
1  42.231092  6.248917  6.248917  43.309183  0.022770  0.023581  9.364115  0.031654  0.028107  185.419998  0.030000
1  43.309183  6.250387  6.250387  44.642333  0.020373  0.011794  9.878455  0.029717  0.016333  185.419998  0.030000
1  44.642333  6.250688  6.250688  45.787814  0.025167  0.030165  10.391497  0.034974  0.034722  185.419998  0.030000
1  45.787814  6.250532  6.250532  46.814977  0.024634  0.028626  10.905268  0.034907  0.033200  185.419998  0.030000
1  46.814977  6.249496  6.249372  47.878953  0.011851  -0.020918  11.418491  0.022590  -0.016336  185.419998  0.030000
1  47.878953  6.249618  6.249618  48.840091  0.019175  0.007377  11.954971  0.030389  0.011961  185.419998  0.030000
1  48.840091  6.249890  6.249890  49.658990  0.019707  0.006242  12.490676  0.031385  0.010835  185.419998  0.030000
1  49.658990  6.248620  6.248620  50.582640  0.009321  -0.035520  13.024696  0.021468  -0.030903  185.419998  0.030000
1  50.582640  6.247983  6.247983  51.460990  0.008522  -0.033010  13.537129  0.021140  -0.028384  185.419998  0.030000
1  51.460990  6.248569  6.248569  52.230837  0.022371  0.024109  14.059811  0.035457  0.028747  185.419998  0.020000
1  52.230837  6.247728  6.247728  52.875918  0.015180  -0.001942  14.577155  0.028734  0.002697  185.419998  0.020000
1  52.875918  6.246007  6.246007  53.490073  0.004394  -0.042145  15.099370  0.018423  -0.037490  185.419998  0.020000
1  53.490073  6.248271  6.248271  54.185733  0.008522  -0.029494  15.662782  0.023038  -0.024834  185.419998  0.020000
1  54.185733  6.247697  6.247697  54.730346  0.025433  0.034126  16.215930  0.040418  0.038792  185.419998  0.020000
1  54.730346  6.246207  6.246207  55.229782  0.008788  -0.028099  16.745128  0.024245  -0.023424  185.419998  0.020000
1  55.229782  6.247242  6.247242  55.698876  0.015313  -0.002387  17.294240  0.031245  0.002301  185.419998  0.020000
1  55.698876  6.247354  6.247855  56.153101  0.010653  -0.019847  17.843728  0.027059  -0.015154  185.419998  0.020000
1  56.153101  6.246051  6.246051  56.573094  0.016245  -0.000648  18.415785  0.033132  0.004060  185.419998  0.020000
1  56.573094  6.246593  6.246593  57.019529  0.023170  0.024855  18.990182  0.040534  0.029571  185.419998  0.020000
1  57.019529  6.246896  6.246896  57.464417  0.014115  -0.007987  19.546838  0.031957  -0.003271  185.419998  0.030000
1  57.464417  6.246064  6.246064  57.844254  0.006791  -0.036881  20.128457  0.025121  -0.032166  185.419998  0.030000
1  57.844254  6.247748  6.247748  58.160640  0.020373  0.018483  20.694998  0.039178  0.023206  185.419998  0.030000
1  58.160640  6.245857  6.245857  58.507594  0.007324  -0.028870  21.251082  0.026603  -0.024162  185.419998  0.030000
1  58.507594  6.247943  6.247877  58.782872  0.014914  -0.002727  21.837604  0.034668  0.001989  185.419998  0.030000
1  58.782872  6.248835  6.248835  59.061229  0.007723  -0.029940  22.415265  0.027956  -0.025224  185.419998  0.030000
1  59.061229  6.248450  6.248450  59.373054  0.010519  -0.021255  23.007879  0.031231  -0.016530  185.419998  0.030000
1  59.373054  6.247135  6.247135  59.610918  0.016245  0.004437  23.601374  0.037447  0.009159  185.419998  0.030000
1  59.610918  6.247990  6.247990  59.873769  0.017710  0.009238  24.196601  0.039390  0.013961  185.419998  0.030000
1  59.873769  6.247127  6.247303  60.104474  0.015846  0.000947  24.793180  0.038003  0.005667  185.419998  0.030000
1  60.104474  6.246627  6.246627  60.327634  0.017843  0.005663  25.401611  0.040476  0.010381  185.419998  0.030000
1  60.327634  6.248171  6.248171  60.570935  0.019441  0.014244  25.986260  0.042542  0.018948  185.419998  0.030000
1  60.570935  6.246912  6.246912  60.827064  0.013183  -0.009160  26.580682  0.036756  -0.004469  185.419998  0.040000
1  60.827064  6.247221  6.247221  60.979254  0.013183  -0.007307  27.170618  0.037224  -0.002629  185.419998  0.040000
1  60.979254  6.246104  6.246104  61.169788  0.015180  -0.001940  27.800510  0.039703  0.002712  185.419998  0.040000
1  61.169788  6.244668  6.244668  61.371802  0.016778  0.005287  28.384266  0.041756  0.009936  185.419998  0.040000
1  61.371802  6.246161  6.246276  61.485760  0.017177  0.007920  28.985762  0.042620  0.012556  185.419998  0.040000
1  61.485760  6.247825  6.247825  61.547737  0.006924  -0.026401  29.564030  0.032831  -0.021787  185.419998  0.040000
1  61.547737  6.247307  6.247307  61.674304  0.017577  0.015587  30.162686  0.043943  0.020174  185.419998  0.040000
1  61.674304  6.246022  6.246022  61.754775  0.014115  0.002277  30.762215  0.040942  0.006858  185.419998  0.040000
1  61.754775  6.245044  6.245044  61.899688  0.011318  -0.009349  31.391092  0.038624  -0.004784  185.419998  0.030000
1  61.899688  6.244951  6.244840  62.054169  0.005459  -0.033088  31.972325  0.033204  -0.028538  185.419998  0.030000
1  62.054169  6.245063  6.245063  62.173404  0.032890  0.071830  32.616004  0.061101  0.076354  185.419998  0.030000
1  62.173404  6.247544  6.247544  62.187447  0.019042  0.019063  33.215242  0.047697  0.023538  185.419998  0.030000
1  62.187447  6.246409  6.246409  62.227352  0.017577  0.012157  33.825917  0.046670  0.016583  185.419998  0.030000
1  62.227352  6.245552  6.245552  62.313618  0.022637  0.031826  34.417289  0.052153  0.036212  185.419998  0.030000
1  62.313618  6.246246  6.246246  62.402291  0.017577  0.009971  35.055809  0.047543  0.014330  185.419998  0.030000
1  62.402291  6.246018  6.246018  62.498627  -0.000266  -0.055591  35.644502  0.030137  -0.051240  185.419998  0.030000
1  62.498627  6.244650  6.244906  62.571478  0.019974  0.028760  36.236011  0.050811  0.033089  185.419998  0.030000
1  62.571478  6.245141  6.245141  62.644222  0.005726  -0.026612  36.834908  0.036998  -0.022296  185.419998  0.030000
1  62.644222  6.247539  6.247539  62.715881  0.014381  0.012460  37.416736  0.046082  0.016743  185.419998  0.030000
1  62.715881  6.247335  6.247335  62.757327  0.027431  0.061155  38.022956  0.059555  0.065414  185.419998  0.030000
1  62.757327  6.245913  6.245913  62.781342  0.005326  -0.023890  38.611907  0.037873  -0.019687  185.419998  0.030000
1  62.781342  6.244676  6.244676  62.844561  0.010519  0.000805  39.186396  0.043484  0.004987  185.419998  0.030000
1  62.844561  6.246089  6.246089  62.896782  0.009587  0.000091  39.752791  0.042962  0.004251  185.419998  0.030000
1  62.896782  6.246993  6.246993  62.889682  0.003995  -0.022819  40.334982  0.037776  -0.018707  185.419998  0.030000
1  62.889682  6.246462  6.246462  62.997876  -0.002663  -0.055793  40.953046  0.031537  -0.051676  185.419998  0.030000
1  62.997876  6.246491  6.246491  63.006563  0.005193  -0.021806  41.516375  0.039790  -0.017718  185.419998  0.030000
1  63.006563  6.246902  6.246902  63.066937  0.013848  0.008923  42.146408  0.048864  0.012961  185.419998  0.030000
1  63.066937  6.247133  6.247133  63.127729  0.008389  -0.008609  42.728274  0.043816  -0.004560  185.419998  0.030000
1  63.127729  6.246957  6.246895  63.142243  0.002796  -0.028338  43.316038  0.038635  -0.024295  185.419998  0.030000
1  63.142243  6.245794  6.245794  63.128158  -0.001198  -0.044053  43.891460  0.035029  -0.040059  185.419998  0.030000
1  63.128158  6.246372  6.246372  63.094599  -0.000266  -0.039170  44.461516  0.036342  -0.035246  185.419998  0.030000
1  63.094599  6.245781  6.245781  63.080932  0.006791  -0.013380  45.046684  0.043783  -0.009504  185.419998  0.030000
1  63.080932  6.245961  6.245961  63.102364  0.013848  0.018053  45.619116  0.051231  0.021918  185.419998  0.030000
1  63.102364  6.247972  6.247997  63.114423  -0.007590  -0.067875  46.203063  0.030180  -0.064031  185.419998  0.030000
1  63.114423  6.246405  6.246405  63.174223  -0.003595  -0.052390  46.785743  0.034563  -0.048547  185.419998  0.030000
1  63.174223  6.247741  6.247741  63.206147  0.011452  0.004206  47.385617  0.049996  0.008039  185.419998  0.030000
1  63.206147  6.246753  6.246753  63.189115  0.001332  -0.028064  47.943657  0.040263  -0.024239  185.419998  0.030000
1  63.189115  6.245038  6.245038  63.131936  0.019574  0.045416  48.488105  0.058848  0.049104  185.419998  0.030000
1  63.131936  6.246180  6.246562  63.098250  -0.000000  -0.031947  49.034932  0.039616  -0.028368  185.419998  0.030000
1  63.098250  6.246979  6.246979  63.162589  0.013316  0.012433  49.648584  0.053313  0.016078  185.419998  0.030000
1  63.162589  6.247517  6.247517  63.204761  -0.001598  -0.038727  50.209097  0.038785  -0.035033  185.419998  0.030000
1  63.204761  6.247388  6.247388  63.235343  -0.001065  -0.036001  50.780349  0.039684  -0.032341  185.419998  0.030000
1  63.235343  6.246407  6.246407  63.288484  -0.004394  -0.050629  51.372854  0.036742  -0.046921  185.419998  0.030000
1  63.288484  6.245765  6.245765  63.338958  0.019175  0.038382  51.972973  0.060680  0.042069  185.419998  0.030000
1  63.338958  6.248273  6.248273  63.338044  0.014248  0.013984  52.545809  0.056075  0.017494  185.419998  0.030000
1  63.338044  6.246501  6.246501  63.376237  0.005593  -0.022777  53.139390  0.047774  -0.019273  185.419998  0.030000
1  63.376237  6.245592  6.245592  63.408305  0.008922  -0.008318  53.714268  0.051442  -0.004862  185.419998  0.030000
1  63.408305  6.244844  6.244844  63.446183  0.007191  -0.017369  54.307307  0.050060  -0.013916  185.419998  0.030000
1  63.446183  6.247411  6.247411  63.430041  0.020906  0.036194  54.888828  0.064100  0.039565  185.419998  0.030000
1  63.430041  6.247675  6.247675  63.419929  0.005992  -0.025555  55.485733  0.049527  -0.022188  185.419998  0.030000
1  63.419929  6.246096  6.245794  63.385476  0.027963  0.068534  56.001037  0.071781  0.071702  185.419998  0.030000
1  63.385476  6.245224  6.245224  63.397008  -0.006791  -0.072473  56.580490  0.037350  -0.069283  185.419998  0.030000
1  63.397008  6.245107  6.245107  63.370418  0.016245  0.020127  57.117658  0.060667  0.023156  185.419998  0.030000
1  63.370418  6.246142  6.246142  63.351537  -0.000133  -0.035026  57.627782  0.044586  -0.032010  185.419998  0.030000
1  63.351537  6.245705  6.245705  63.386047  0.001465  -0.034960  58.159592  0.046431  -0.032173  185.419998  0.030000
1  63.386047  6.243377  6.243377  63.417672  0.026498  0.065032  58.748149  0.071812  0.068043  185.419998  0.030000
1  63.417672  6.248269  6.248269  63.434655  0.002929  -0.043573  59.255593  0.048403  -0.041071  185.419998  0.030000
1  63.434655  6.247913  6.247382  63.510060  0.007057  -0.031659  59.814673  0.052786  -0.029167  185.419998  0.030000
1  63.510060  6.248949  6.248949  63.544622  0.026632  0.045351  60.354955  0.072596  0.047805  185.419998  0.040000
1  63.544622  6.248278  6.248278  63.536019  0.009055  -0.024393  60.755572  0.055085  -0.022550  185.419998  0.040000
1  63.536019  6.248545  6.248545  63.532748  0.004261  -0.040829  61.191565  0.050412  -0.039214  185.419998  0.040000
1  63.532748  6.249386  6.249386  63.514226  0.014248  0.001205  61.554567  0.060424  0.002301  185.419998  0.040000
1  63.514226  6.249105  6.249074  63.522688  0.021438  0.031899  62.000218  0.067757  0.033110  185.419998  0.040000
1  63.522688  6.248834  6.248834  63.556402  0.011718  -0.008756  62.375735  0.058071  -0.007901  185.419998  0.040000
1  63.556402  6.246685  6.246685  63.619910  0.008389  -0.029374  62.735218  0.054721  -0.028869  185.419998  0.040000
1  63.619910  6.247504  6.247504  63.624108  0.007723  -0.037973  62.966000  0.053864  -0.038264  185.419998  0.040000
1  63.624108  6.248341  6.248341  63.672638  0.013982  -0.016697  63.288406  0.060047  -0.017110  185.419998  0.040000
1  63.672638  6.245915  6.245915  63.667674  0.022371  0.019610  63.463255  0.068200  0.018567  185.419998  0.040000
1  63.667674  6.245761  6.245761  63.652494  0.022104  0.020674  63.660515  0.067738  0.019366  185.419998  0.030000
1  63.652494  6.247249  6.247368  63.712850  0.015979  -0.005385  63.937845  0.061502  -0.006606  185.419998  0.030000
1  63.712850  6.247114  6.247114  63.710156  0.017710  0.003042  64.051149  0.062933  0.001232  185.419998  0.030000
1  63.710156  6.245858  6.245858  63.794558  0.014514  -0.014403  64.335318  0.059617  -0.016002  185.419998  0.030000
1  63.794558  6.247384  6.247384  63.816690  0.027164  0.035691  64.479143  0.071987  0.033697  185.419998  0.030000
1  63.816690  6.249035  6.249035  63.816802  0.010786  -0.023770  64.614277  0.055353  -0.025929  185.419998  0.030000
1  63.816802  6.248980  6.249608  63.866477  0.019441  0.014015  64.739130  0.063731  0.011668  185.419998  0.030000
1  63.866477  6.249188  6.249188  63.862376  -0.007989  -0.092057  64.811798  0.035979  -0.094698  185.419998  0.030000
1  63.862376  6.245669  6.245669  63.856896  0.021572  0.030698  64.885570  0.065220  0.027914  185.419998  0.030000
1  63.856896  6.248072  6.248072  63.826878  0.013449  -0.000652  64.904834  0.056714  -0.003775  185.419998  0.030000
1  63.826878  6.245915  6.245915  63.869714  0.019441  0.019925  65.050823  0.062463  0.017029  185.419998  0.020000
1  63.869714  6.246461  6.246461  63.863915  0.016245  0.005354  65.161930  0.058981  0.002492  185.419998  0.020000
1  63.863915  6.247035  6.247035  63.921212  0.015180  -0.000553  65.275018  0.057634  -0.003415  185.419998  0.020000
1  63.921212  6.246849  6.246849  63.920034  0.013715  -0.010050  65.348491  0.055822  -0.013092  185.419998  0.020000
1  63.920034  6.247650  6.247650  63.891493  0.022770  0.020154  65.417103  0.064508  0.016922  185.419998  0.020000
1  63.891493  6.246507  6.246507  63.936870  0.019042  0.002062  65.493395  0.060419  -0.001242  185.419998  0.020000
1  63.936870  6.246857  6.246857  63.964347  0.006258  -0.051651  65.556155  0.047264  -0.055086  185.419998  0.020000
1  63.964347  6.247447  6.247447  63.989206  0.007989  -0.044683  65.662510  0.048691  -0.047963  185.419998  0.020000
1  63.989206  6.243709  6.243968  64.013939  0.012251  -0.024778  65.736859  0.052627  -0.028050  185.419998  0.020000
1  64.013939  6.243755  6.243755  64.029506  0.022371  0.016701  65.756949  0.062351  0.013205  185.419998  0.020000
1  64.029506  6.244300  6.244300  64.031684  0.018775  0.006032  65.833257  0.058451  0.002685  185.419998  0.020000
1  64.031684  6.243826  6.243826  63.985254  0.017843  0.004125  65.868683  0.057147  0.000702  185.419998  0.020000
1  63.985254  6.244641  6.244641  63.975824  0.031159  0.060529  65.866783  0.070072  0.056959  185.419998  0.020000
1  63.975824  6.242896  6.242896  63.969273  0.008922  -0.027696  65.889992  0.047470  -0.031280  185.419998  0.020000
1  63.969273  6.243341  6.243341  63.996946  0.019841  0.012952  65.977191  0.058088  0.009576  185.419998  0.020000
1  63.996946  6.244056  6.244056  64.010374  0.014115  -0.013126  65.990651  0.051964  -0.016691  185.419998  0.020000
1  64.010374  6.244543  6.244543  63.983867  0.017577  0.001272  65.992503  0.055035  -0.002395  185.419998  0.020000
1  63.983867  6.243617  6.243617  63.936673  0.007989  -0.034594  65.974220  0.045039  -0.038369  185.419998  0.020000
1  63.936673  6.243807  6.243807  63.971265  0.013183  -0.013431  66.017920  0.049896  -0.017048  185.419998  0.020000
1  63.971265  6.245032  6.245032  63.995202  0.020107  0.011204  66.027429  0.056418  0.007514  185.419998  0.020000
1  63.995202  6.244788  6.244788  63.981441  0.019974  0.009591  66.028327  0.055892  0.005831  185.419998  0.020000
1  63.981441  6.245320  6.245320  63.971988  0.008922  -0.027720  66.015686  0.044476  -0.031440  185.419998  0.020000
1  63.971988  6.244375  6.244375  63.906408  0.010786  -0.018017  66.027111  0.045987  -0.021601  185.419998  0.020000
1  63.906408  6.244802  6.244802  63.861244  0.009055  -0.020385  65.996767  0.043879  -0.024037  185.419998  0.020000
1  63.861244  6.245815  6.245815  63.881016  0.014115  -0.000190  66.060244  0.048662  -0.003584  185.419998  0.020000
1  63.881016  6.244947  6.244947  63.890617  0.012916  -0.007217  66.096052  0.047143  -0.010547  185.419998  0.020000
1  63.890617  6.244546  6.244546  63.916908  0.016778  0.008612  66.122482  0.050685  0.005328  185.419998  0.020000
1  63.916908  6.243856  6.243856  63.949061  0.019042  0.017390  66.082578  0.052546  0.013880  185.419998  0.020000
1  63.949061  6.244746  6.244746  63.933574  0.010120  -0.018761  66.047131  0.043224  -0.022417  185.419998  0.020000
1  63.933574  6.243435  6.243435  63.917063  0.012650  -0.006877  66.027848  0.045389  -0.010536  185.419998  0.020000
1  63.917063  6.244170  6.244170  63.971390  0.014381  0.002947  66.070784  0.046838  -0.000400  185.419998  0.010000
1  63.971390  6.244875  6.244875  63.989161  0.006791  -0.027894  66.065297  0.038908  -0.031267  185.419998  0.010000
1  63.989161  6.246184  6.246184  64.013693  0.016112  0.006638  66.086317  0.047908  0.003341  185.419998  0.010000
1  64.013693  6.245932  6.245932  63.962210  0.009188  -0.016114  66.041108  0.040620  -0.019484  185.419998  0.010000
1  63.962210  6.245866  6.245866  63.944745  0.000133  -0.049145  65.986229  0.031188  -0.052630  185.419998  0.010000
1  63.944745  6.244413  6.244413  63.960369  0.019441  0.021794  65.988553  0.050140  0.018367  185.419998  0.010000
1  63.960369  6.244119  6.244119  63.904385  0.015579  0.003434  65.922359  0.045859  -0.000240  185.419998  0.010000
1  63.904385  6.244360  6.244360  63.894061  0.010120  -0.016845  65.905511  0.040061  -0.020406  185.419998  0.010000
1  63.894061  6.244223  6.244223  63.871732  0.015979  0.005476  65.887113  0.045560  0.001928  185.419998  0.010000
1  63.871732  6.245376  6.245376  63.858966  0.021705  0.030955  65.842986  0.050926  0.027389  185.419998  0.010000
1  63.858966  6.244978  6.244978  63.883075  0.011585  -0.012369  65.836338  0.040476  -0.015900  185.419998  0.000000
1  63.883075  6.245077  6.244839  63.839391  0.015979  0.010294  65.773606  0.044489  0.006720  185.419998  0.000000
1  63.839391  6.244091  6.244091  63.795354  0.016911  0.017627  65.690533  0.045043  0.013953  185.419998  0.000000
1  63.795354  6.243246  6.243246  63.781860  0.021438  0.034177  65.640588  0.049201  0.030532  185.419998  0.000000
1  63.781860  6.244650  6.244650  63.763839  0.023835  0.042846  65.572069  0.051199  0.039154  185.419998  0.000000
1  63.763839  6.245430  6.245430  63.722806  0.014781  0.002945  65.550387  0.041800  -0.000641  185.419998  0.000000
1  63.722806  6.246391  6.246391  63.730025  0.017044  0.013524  65.531355  0.043749  0.010098  185.419998  0.000000
1  63.730025  6.244114  6.244114  63.700169  0.003196  -0.043886  65.481220  0.029531  -0.047381  185.419998  0.000000
1  63.700169  6.244485  6.244734  63.738436  0.014647  0.004539  65.523665  0.040767  0.001440  185.419998  0.000000
1  63.738436  6.245489  6.245489  63.763331  0.015713  0.009162  65.538166  0.041554  0.006164  185.419998  0.000000
1  63.763331  6.246452  6.246452  63.787442  0.009587  -0.014297  65.570058  0.035188  -0.017120  185.419998  0.000000
1  63.787442  6.245656  6.245656  63.844957  0.015047  0.008488  65.583741  0.040383  0.005754  185.419998  0.000000
1  63.844957  6.245515  6.245515  63.829098  0.014914  0.009230  65.545724  0.039930  0.006349  185.419998  0.000000
1  63.829098  6.244148  6.244148  63.836768  0.018775  0.021440  65.482027  0.043421  0.018295  185.419998  0.000000
1  63.836768  6.246077  6.246077  63.841558  -0.001198  -0.061773  65.401010  0.023046  -0.065195  185.419998  0.000000
1  63.841558  6.244986  6.244855  63.876982  0.011984  -0.009993  65.371507  0.035907  -0.013370  185.419998  0.000000
1  63.876982  6.245863  6.245863  63.849316  0.009321  -0.021201  65.318617  0.032905  -0.024620  185.419998  0.000000
1  63.849316  6.247086  6.247086  63.878938  0.016112  0.006722  65.297302  0.039386  0.003427  185.419998  0.000000
1  63.878938  6.245750  6.245750  63.893526  0.005326  -0.035867  65.270265  0.028290  -0.039047  185.419998  0.000000
1  63.893526  6.246407  6.246407  63.882467  0.015579  0.006874  65.181093  0.038171  0.003534  185.419998  0.000000
1  63.882467  6.246775  6.246775  63.848130  0.008256  -0.025131  65.150976  0.030529  -0.028420  185.419998  0.000000
1  63.848130  6.245683  6.245683  63.881851  0.015180  0.004228  65.155777  0.037202  0.001183  185.419998  0.000000
1  63.881851  6.244484  6.244484  63.919166  0.018243  0.017220  65.116079  0.039959  0.014174  185.419998  0.000000
1  63.919166  6.246988  6.246988  63.979464  0.017177  0.011344  65.106982  0.038613  0.008382  185.419998  0.000000
1  63.979464  6.245463  6.245463  63.929008  0.019042  0.016792  65.060770  0.040147  0.013748  185.419998  0.000000
1  63.929008  6.245641  6.245641  63.996386  0.027031  0.050758  65.129748  0.047974  0.048169  185.419998  0.000000
1  63.996386  6.245183  6.245183  63.939099  0.014248  -0.001017  65.055272  0.034837  -0.003915  185.419998  0.000000
1  63.939099  6.244115  6.244488  63.918169  0.004527  -0.036341  64.986106  0.024793  -0.039326  185.419998  0.000000
1  63.918169  6.242321  6.242321  63.948220  0.009454  -0.019508  64.964322  0.029430  -0.022428  185.419998  0.000000
1  63.948220  6.244638  6.244638  63.962495  0.015713  0.006648  64.953349  0.035430  0.003883  185.419998  0.000000
1  63.962495  6.244993  6.244993  63.976401  0.008389  -0.020495  64.928638  0.027839  -0.023215  185.419998  0.000000
1  63.976401  6.243903  6.243903  63.991394  0.012517  -0.003960  64.861745  0.031642  -0.006845  185.419998  0.000000
1  63.991394  6.244732  6.244732  64.013749  0.010253  -0.011226  64.816453  0.029095  -0.014093  185.419998  0.010000
1  64.013749  6.244286  6.244286  63.966885  0.014781  0.006898  64.721517  0.033268  0.003826  185.419998  0.010000
1  63.966885  6.244065  6.244065  64.025113  0.014115  -0.001085  64.763178  0.032395  -0.003842  185.419998  0.010000
1  64.025113  6.244321  6.244321  63.981808  0.012916  -0.000643  64.698642  0.030906  -0.003455  185.419998  0.010000
1  63.981808  6.244558  6.244558  64.021003  0.005859  -0.029995  64.707015  0.023626  -0.032623  185.419998  0.010000
1  64.021003  6.243341  6.243341  63.976039  0.010386  -0.013389  64.599003  0.027780  -0.016362  185.419998  0.010000
1  63.976039  6.246246  6.246246  64.009366  0.015713  0.010662  64.596422  0.032891  0.007977  185.419998  0.010000
1  64.009366  6.244229  6.244238  63.968082  0.022104  0.034821  64.514977  0.038951  0.031963  185.419998  0.010000
1  63.968082  6.244026  6.244026  63.988312  0.009721  -0.014243  64.528648  0.026369  -0.016801  185.419998  0.020000
1  63.988312  6.244138  6.244138  64.033615  0.016245  0.011573  64.597862  0.032763  0.009467  185.419998  0.020000
1  64.033615  6.244137  6.244137  63.937445  0.009321  -0.014069  64.453290  0.025450  -0.016747  185.419998  0.020000
1  63.937445  6.244790  6.244790  63.928506  0.018775  0.020526  64.412336  0.034621  0.017827  185.419998  0.020000
1  63.928506  6.246411  6.246411  63.953544  0.016512  0.012940  64.420821  0.032163  0.010469  185.419998  0.020000
1  63.953544  6.245587  6.245587  63.914824  0.011185  -0.007565  64.381710  0.026580  -0.010085  185.419998  0.020000
1  63.914824  6.242839  6.242850  63.897979  0.019441  0.025969  64.326183  0.034562  0.023407  185.419998  0.020000
1  63.897979  6.245348  6.245348  63.894991  0.014914  0.007671  64.316716  0.029816  0.005268  185.419998  0.020000
1  63.894991  6.243846  6.243846  63.888609  0.014647  0.006353  64.281929  0.029300  0.003907  185.419998  0.020000
1  63.888609  6.245453  6.245453  63.885945  0.007590  -0.022385  64.248251  0.021998  -0.024832  185.419998  0.020000
1  63.885945  6.243833  6.243833  63.875778  0.015047  0.007178  64.169008  0.029153  0.004567  185.419998  0.020000
1  63.875778  6.244850  6.244850  63.875336  0.017444  0.017260  64.131944  0.031308  0.014734  185.419998  0.020000
1  63.875336  6.243298  6.243298  63.926255  0.012916  -0.001394  64.200254  0.026668  -0.003456  185.419998  0.020000
1  63.926255  6.243589  6.243589  63.895522  0.014647  0.004723  64.117811  0.028094  0.002359  185.419998  0.020000
2  63.895522  0.000000  6.242861  63.889961  0.017710  0.015679  64.122712  0.030956  0.013473  185.419998  0.020000
2  63.895522  -0.003713  6.243198  63.892693  0.016245  0.010937  64.065193  0.029230  0.008602  185.419998  0.020000
2  63.895522  -0.022610  6.242612  63.830840  0.012117  -0.001429  63.925420  0.024756  -0.004128  185.419998  0.020000
2  63.895522  0.171024  6.243726  63.815956  0.022770  0.040617  63.848406  0.035126  0.037891  185.419998  0.020000
2  63.895522  0.153548  6.245373  63.874517  0.008522  -0.017949  63.916240  0.020774  -0.020063  185.419998  0.020000
2  63.895522  0.042254  6.245734  63.906037  0.020639  0.032139  63.974830  0.032790  0.030432  185.419998  0.020000
2  63.895522  -0.118153  6.245772  63.847627  0.020773  0.031848  63.867845  0.032605  0.029680  185.419998  0.010000
2  63.895522  0.053130  6.244734  63.806986  0.011318  -0.004604  63.767150  0.022848  -0.007072  185.419998  0.010000
2  63.895522  0.220475  6.245685  63.820277  0.007856  -0.020309  63.751168  0.019176  -0.022580  185.419998  0.010000
2  63.895522  0.196681  6.246538  63.734815  0.014647  0.009409  63.616896  0.025637  0.006798  185.419998  0.010000
2  63.895522  0.419284  6.246845  63.714829  0.015047  0.013203  63.586075  0.025838  0.010809  185.419998  0.010000
2  63.895522  0.478025  6.245670  63.726956  0.004261  -0.032437  63.562882  0.014845  -0.034735  185.419998  0.010000
2  63.895522  0.496526  6.244975  63.805533  0.003462  -0.036785  63.687724  0.014032  -0.038324  185.419998  0.010000
2  63.895522  0.265175  6.245014  63.798252  0.006924  -0.022371  63.640611  0.017269  -0.024180  185.419998  0.010000
2  63.895522  0.270323  6.245996  63.783679  0.021438  0.035425  63.644295  0.031622  0.033732  185.419998  0.010000
2  63.895522  0.242353  6.246058  63.783577  0.010253  -0.006994  63.590552  0.020215  -0.008886  185.419998  0.010000
2  63.895522  0.299550  6.244957  63.815169  0.006525  -0.021921  63.631309  0.016378  -0.023498  185.419998  0.010000
2  63.895522  0.224129  6.246579  63.836902  0.010120  -0.008106  63.653651  0.019838  -0.009613  185.419998  0.010000
2  63.895522  0.141494  6.247079  63.772815  0.016645  0.015181  63.620201  0.026146  0.013471  185.419998  0.010000
2  63.895522  0.302348  6.244001  63.797146  0.008922  -0.011473  63.692754  0.018375  -0.012826  185.419998  0.010000
2  63.895522  0.268963  6.245191  63.809747  0.018376  0.028888  63.708283  0.027706  0.027616  185.419998  0.010000
2  63.895522  0.184775  6.245731  63.761266  0.009721  -0.007750  63.608571  0.018764  -0.009522  185.419998  0.010000
2  63.895522  0.374876  6.245354  63.776524  0.014781  0.012530  63.651973  0.023728  0.011070  185.419998  0.010000
2  63.895522  0.305038  6.247577  63.804913  0.015047  0.011598  63.711118  0.023909  0.010293  185.419998  0.010000
2  63.895522  0.219497  6.244979  63.740081  0.018243  0.023568  63.605619  0.026814  0.021807  185.419998  0.010000
2  63.895522  0.399622  6.246073  63.672443  0.013316  0.006106  63.493440  0.021606  0.004041  185.419998  0.010000
2  63.895522  0.629456  6.247759  63.686132  0.012783  0.002638  63.534382  0.020972  0.000899  185.419998  0.010000
2  63.895522  0.593200  6.248336  63.692207  0.016112  0.013917  63.522915  0.024124  0.012188  185.419998  0.010000
2  63.895522  0.560419  6.248700  63.661004  0.007989  -0.020119  63.479855  0.015790  -0.021994  185.419998  0.020000
2  63.895522  0.697042  6.249962  63.612347  0.006258  -0.024942  63.376790  0.013790  -0.027025  185.419998  0.020000
2  63.895522  0.854552  6.247045  63.608013  0.019707  0.029694  63.395918  0.027120  0.027920  185.419998  0.020000
2  63.895522  0.803234  6.247106  63.616531  0.012650  -0.000341  63.423984  0.019945  -0.001899  185.419998  0.020000
2  63.895522  0.815805  6.248459  63.557865  0.015979  0.014984  63.317551  0.023006  0.013007  185.419998  0.020000
2  63.895522  0.978581  6.249310  63.575040  0.014781  0.011440  63.349851  0.021716  0.009788  185.419998  0.020000
2  63.895522  0.936297  6.249593  63.529312  0.010386  -0.006334  63.263345  0.017073  -0.008219  185.419998  0.020000
2  63.895522  1.099154  6.248834  63.494671  0.008788  -0.011511  63.234678  0.015307  -0.013333  185.419998  0.020000
2  63.895522  1.215115  6.251008  63.505695  0.003462  -0.033417  63.282313  0.009904  -0.034827  185.419998  0.020000
2  63.895522  1.212609  6.247841  63.471248  0.014647  0.014389  63.204583  0.020873  0.012811  185.419998  0.020000
2  63.895522  1.264303  6.252254  63.511850  0.012650  0.007398  63.233338  0.018794  0.006082  185.419998  0.020000
2  63.895522  1.156353  6.249782  63.526596  0.009055  -0.005997  63.264691  0.015121  -0.007133  185.419998  0.020000
2  63.895522  1.133810  6.251102  63.500358  0.014115  0.014435  63.247708  0.020039  0.013211  185.419998  0.020000
2  63.895522  1.191203  6.249018  63.493430  0.003728  -0.031200  63.169481  0.009413  -0.032789  185.419998  0.020000
2  63.895522  1.267968  6.247984  63.458406  0.012384  0.000617  63.115298  0.017857  -0.001146  185.419998  0.020000
2  63.895522  1.334157  6.250586  63.487059  0.013715  0.004435  63.150371  0.019094  0.003004  185.419998  0.020000
2  63.895522  1.245647  6.250456  63.494996  0.002929  -0.035365  63.208152  0.008271  -0.036434  185.419998  0.020000
2  63.895522  1.279793  6.247505  63.508090  0.011452  -0.002245  63.160477  0.016605  -0.003575  185.419998  0.020000
2  63.895522  1.201795  6.248673  63.485739  -0.000399  -0.049175  63.060311  0.004504  -0.050874  185.419998  0.020000
2  63.895522  1.332219  6.249851  63.486755  0.008922  -0.010829  63.128485  0.013797  -0.012085  185.419998  0.020000
2  63.895522  1.286670  6.247290  63.486792  0.019042  0.030698  63.071917  0.023732  0.029246  185.419998  0.020000
2  63.895522  1.240061  6.246081  63.472950  0.014381  0.011907  63.045905  0.018922  0.010424  185.419998  0.020000
2  63.895522  1.309129  6.245713  63.437082  0.005726  -0.019223  63.036257  0.010154  -0.020620  185.419998  0.020000
2  63.895522  1.464609  6.245734  63.438354  0.011718  0.005535  63.021376  0.016025  0.004152  185.419998  0.020000
2  63.895522  1.435415  6.246991  63.418213  0.007191  -0.014427  62.982679  0.011332  -0.015894  185.419998  0.020000
2  63.895522  1.523258  6.246487  63.393043  0.013316  0.009458  62.881969  0.017214  0.007714  185.419998  0.020000
2  63.895522  1.573178  6.246633  63.396853  0.005459  -0.022178  62.846894  0.009203  -0.023881  185.419998  0.020000
2  63.895522  1.606025  6.247117  63.395524  0.017044  0.023705  62.861023  0.020700  0.022222  185.419998  0.020000
2  63.895522  1.557095  6.248206  63.345980  0.015047  0.018454  62.782842  0.018508  0.016861  185.419998  0.030000
2  63.895522  1.721218  6.247885  63.329598  0.020506  0.039423  62.716402  0.023776  0.037734  185.419998  0.030000
2  63.895522  1.748733  6.247714  63.282122  0.012251  0.007058  62.727797  0.015437  0.005683  185.419998  0.030000
2  63.895522  1.938579  6.247845  63.336886  0.016378  0.020131  62.774726  0.019507  0.019022  185.419998  0.030000
2  63.895522  1.759240  6.247234  63.307368  0.015979  0.018074  62.707137  0.018913  0.016668  185.419998  0.030000
2  63.895522  1.855679  6.248440  63.271631  0.012117  0.005277  62.720768  0.014984  0.004083  185.419998  0.030000
2  63.895522  1.988442  6.248866  63.245080  -0.003196  -0.056267  62.607096  -0.000580  -0.057887  185.419998  0.030000
2  63.895522  2.151168  6.248417  63.301821  0.005859  -0.020649  62.719473  0.008512  -0.021613  185.419998  0.030000
2  63.895522  1.941613  6.248439  63.229910  0.009587  -0.003490  62.639245  0.012051  -0.004728  185.419998  0.030000
2  63.895522  2.145363  6.248537  63.270283  0.009721  -0.005778  62.715340  0.012170  -0.006633  185.419998  0.030000
2  63.895522  2.029835  6.247955  63.303829  0.010653  -0.001726  62.821616  0.013138  -0.002182  185.419998  0.040000
2  63.895522  1.930455  6.249350  63.252650  0.006525  -0.016514  62.662993  0.008720  -0.017789  185.419998  0.040000
2  63.895522  2.111063  6.250369  63.187226  0.004128  -0.024839  62.535838  0.006080  -0.026489  185.419998  0.040000
2  63.895522  2.326403  6.251023  63.227026  0.007989  -0.013468  62.590357  0.009897  -0.014684  185.419998  0.040000
2  63.895522  2.194384  6.250754  63.257007  0.012251  0.003497  62.620802  0.014097  0.002532  185.419998  0.040000
2  63.895522  2.089523  6.249789  63.262501  0.015446  0.014888  62.597691  0.017160  0.013790  185.419998  0.040000
2  63.895522  2.063391  6.248955  63.220463  0.010519  -0.001624  62.485558  0.012012  -0.003112  185.419998  0.040000
1  63.220463  6.249409  6.249409  63.201080  0.010919  -0.000742  62.509615  0.012345  -0.001959  185.419998  0.040000
1  63.201080  6.249425  6.249425  63.180546  0.014248  0.011409  62.431411  0.015479  0.010007  185.419998  0.040000
1  63.180546  6.249512  6.249512  63.198291  0.005193  -0.023039  62.479630  0.006403  -0.024042  185.419998  0.040000
1  63.198291  6.248021  6.248021  63.153270  0.024368  0.055541  62.439618  0.025452  0.054415  185.419998  0.040000
1  63.153270  6.248902  6.248902  63.183897  0.005593  -0.020858  62.583667  0.006767  -0.021344  185.419998  0.040000
1  63.183897  6.249403  6.249403  63.137343  0.010386  -0.001482  62.498988  0.011365  -0.002411  185.419998  0.030000
1  63.137343  6.250967  6.250967  63.181571  0.007723  -0.013664  62.629479  0.008773  -0.014008  185.419998  0.030000
1  63.181571  6.246593  6.246593  63.145941  0.021705  0.040208  62.573672  0.022587  0.039455  185.419998  0.030000
1  63.145941  6.248339  6.248339  63.168078  0.003462  -0.029421  62.594704  0.004297  -0.030077  185.419998  0.030000
1  63.168078  6.247894  6.247894  63.191357  0.007856  -0.010372  62.615289  0.008640  -0.010998  185.419998  0.030000
1  63.191357  6.248354  6.248354  63.113756  0.022903  0.051572  62.493302  0.023462  0.050415  185.419998  0.030000
1  63.113756  6.248292  6.248292  63.095315  0.006924  -0.015991  62.440219  0.007320  -0.017265  185.419998  0.030000
1  63.095315  6.245651  6.245651  63.086637  0.008123  -0.009081  62.457134  0.008468  -0.010160  185.419998  0.030000
1  63.086637  6.245426  6.245426  63.035990  0.005193  -0.017354  62.392070  0.005397  -0.018552  185.419998  0.030000
1  63.035990  6.245586  6.245586  63.034147  0.010253  0.005853  62.386985  0.010396  0.004865  185.419998  0.030000
1  63.034147  6.246182  6.246182  63.003915  0.002131  -0.029272  62.328905  0.002121  -0.030460  185.419998  0.030000
1  63.003915  6.246377  6.246377  63.008060  0.017976  0.035159  62.307249  0.017878  0.034090  185.419998  0.030000
1  63.008060  6.245705  6.245705  62.981403  0.016112  0.026605  62.313229  0.015951  0.025682  185.419998  0.030000
1  62.981403  6.245398  6.245398  62.975479  0.011585  0.009579  62.353810  0.011412  0.008894  185.419998  0.030000
1  62.975479  6.246829  6.246829  62.974479  0.020107  0.041558  62.306918  0.019798  0.040682  185.419998  0.030000
1  62.974479  6.248285  6.248285  62.996164  0.004661  -0.021012  62.312584  0.004287  -0.021833  185.419998  0.030000
1  62.996164  6.245828  6.245828  62.952743  0.011318  0.004945  62.241611  0.010783  0.003877  185.419998  0.030000
1  62.952743  6.246578  6.246578  62.920620  0.014248  0.018506  62.143183  0.013528  0.017193  185.419998  0.030000
1  62.920620  6.245839  6.245839  62.978912  0.003728  -0.023463  62.277166  0.003112  -0.023964  185.419998  0.020000
1  62.978912  6.246396  6.246396  62.986370  0.012251  0.010445  62.276548  0.011568  0.009853  185.419998  0.020000
1  62.986370  6.247447  6.247447  63.031280  0.007191  -0.012058  62.347314  0.006518  -0.012468  185.419998  0.020000
1  63.031280  6.248435  6.248435  63.073030  0.007590  -0.013027  62.463508  0.006981  -0.013068  185.419998  0.020000
1  63.073030  6.249018  6.249018  63.093064  0.009854  -0.002490  62.552175  0.009290  -0.002354  185.419998  0.020000
1  63.093064  6.248703  6.248703  63.134996  0.010253  -0.003091  62.614305  0.009685  -0.002978  185.419998  0.020000
1  63.134996  6.248892  6.248892  63.108046  0.018109  0.028780  62.553947  0.017391  0.028372  185.419998  0.020000
1  63.108046  6.248025  6.248025  63.125193  0.018775  0.027835  62.507552  0.017905  0.027118  185.419998  0.020000
1  63.125193  6.247658  6.247649  63.059707  0.016645  0.021825  62.390381  0.015561  0.020702  185.419998  0.020000
1  63.059707  6.247407  6.247407  63.057888  0.004128  -0.026016  62.369019  0.002956  -0.027031  185.419998  0.020000
1  63.057888  6.248625  6.248625  63.015281  0.008123  -0.008398  62.391190  0.006919  -0.009155  185.419998  0.030000
1  63.015281  6.249104  6.249104  62.981288  0.008123  -0.008872  62.255203  0.006680  -0.010157  185.419998  0.030000
1  62.981288  6.247885  6.247885  62.973752  0.009454  -0.006425  62.156601  0.007808  -0.007928  185.419998  0.030000
