1  0.000000  1.480740  1.480740  45.736573  -0.068665  -2.943794  3.081308  0.042003  -2.886086  15990225739274122409507316427647551538548519395689187500242074074317716835420671069152893414607179104472936442478312375620400267470164658924160569764607225216162602030635965623499090830017561720970918131460922811123690906915642297525513763363558471060573421700120576.000000  0.000000
1  3.081308  1.481821  1.481821  48.976440  0.717163  0.028415  3.267954  0.833528  0.085840  15990225739274122409507316427647551538548519395689187500242074074317716835420671069152893414607179104472936442478312375620400267470164658924160569764607225216162602030635965623499090830017561720970918131460922811123690906915642297525513763363558471060573421700120576.000000  0.000000
1  3.267954  1.481654  1.481654  53.729140  0.587463  -0.515070  3.447191  0.709376  -0.458614  15990225739274122409507316427647551538548519395689187500242074074317716835420671069152893414607179104472936442478312375620400267470164658924160569764607225216162602030635965623499090830017561720970918131460922811123690906915642297525513763363558471060573421700120576.000000  0.000000
1  3.447191  1.481837  1.481837  58.038402  0.350952  -1.195937  3.605926  0.478317  -1.140296  15990225739274122409507316427647551538548519395689187500242074074317716835420671069152893414607179104472936442478312375620400267470164658924160569764607225216162602030635965623499090830017561720970918131460922811123690906915642297525513763363558471060573421700120576.000000  0.000000
1  3.605926  1.482918  1.482918  62.484026  0.549316  -0.378028  3.779960  0.682182  -0.322880  15990225739274122409507316427647551538548519395689187500242074074317716835420671069152893414607179104472936442478312375620400267470164658924160569764607225216162602030635965623499090830017561720970918131460922811123690906915642297525513763363558471060573421700120576.000000  0.000000
1  3.779960  1.483140  1.483299  67.135211  0.419617  -0.752427  3.944171  0.557836  -0.698084  15990225739274122409507316427647551538548519395689187500242074074317716835420671069152893414607179104472936442478312375620400267470164658924160569764607225216162602030635965623499090830017561720970918131460922811123690906915642297525513763363558471060573421700120576.000000  0.000000
1  3.944171  1.482473  1.482473  71.727328  0.633240  0.092046  4.115106  0.776601  0.145232  15990225739274122409507316427647551538548519395689187500242074074317716835420671069152893414607179104472936442478312375620400267470164658924160569764607225216162602030635965623499090830017561720970918131460922811123690906915642297525513763363558471060573421700120576.000000  0.000000
1  4.115106  1.481252  1.481252  76.334490  0.328064  -1.062434  4.282231  0.476515  -1.010210  74.400002  0.390000
1  4.282231  1.480831  1.480831  81.103247  0.785828  0.601046  4.465840  0.939347  0.652533  74.400002  0.390000
1  4.465840  1.482137  1.482137  85.847927  0.816345  0.682008  4.644189  0.974726  0.732275  74.400002  0.390000
1  4.644189  1.482377  1.482356  90.447973  0.556946  -0.384532  4.824843  0.720226  -0.334890  74.400002  0.390000
1  4.824843  1.483158  1.483158  94.992409  1.136780  1.958983  4.996640  1.304537  2.006783  74.400002  0.390000
1  4.996640  1.481918  1.481918  99.430607  0.434875  -0.719089  5.165013  0.607369  -0.671607  74.400002  0.390000
1  5.165013  1.482490  1.482490  103.368006  0.320435  -1.213483  5.343272  0.497496  -1.166832  74.400002  0.390000
1  5.343272  1.480278  1.480278  107.591745  0.869751  1.018951  5.515109  1.051127  1.064180  74.400002  0.390000
1  5.515109  1.481703  1.481489  111.528064  0.694275  0.350600  5.682790  0.879764  0.394307  73.339996  0.630000
1  5.682790  1.482141  1.482141  115.074093  0.419617  -0.596388  5.844130  0.609221  -0.553722  73.339996  0.630000
1  5.844130  1.481965  1.481965  118.885170  0.572205  -0.049206  6.017903  0.765792  -0.007654  73.339996  0.630000
1  6.017903  1.482821  1.482821  122.154314  0.411987  -0.692812  6.185873  0.609279  -0.652913  73.339996  0.630000
1  6.185873  1.482364  1.482364  125.470168  0.930786  1.379435  6.353317  1.131628  1.417780  73.339996  0.630000
1  6.353317  1.480282  1.480903  128.529637  -0.022888  -2.106307  6.494429  0.181418  -2.069258  73.339996  0.630000
1  6.494429  1.483043  1.483043  131.308772  0.465393  -0.113062  6.649394  0.672960  -0.077642  73.339996  0.630000
1  6.649394  1.481794  1.481794  133.751583  0.297546  -0.622282  6.789467  0.508119  -0.588864  73.339996  0.630000
1  6.789467  1.484572  1.484572  136.272737  0.160217  -1.163166  6.936556  0.373536  -1.131850  73.339996  0.630000
1  6.936556  1.482333  1.482333  138.490577  -0.228882  -2.732293  7.081123  -0.013038  -2.703045  73.339996  0.630000
1  7.081123  1.483046  1.482802  140.513252  0.099182  -1.471727  7.225696  0.317264  -1.444850  101.790001  0.470000
1  7.225696  1.482121  1.482121  142.415736  1.403809  3.629383  7.376785  1.624083  3.654485  101.790001  0.470000
1  7.376785  1.481293  1.481293  144.070997  0.129700  -0.967655  7.476817  0.351767  -0.945053  101.790001  0.470000
1  7.476817  1.481418  1.481418  145.468345  0.083923  -1.082894  7.593197  0.307509  -1.062872  101.790001  0.470000
1  7.593197  1.482500  1.482500  147.006829  0.885010  1.990789  7.719140  1.109700  2.007799  101.790001  0.470000
1  7.719140  1.482953  1.483440  148.407552  0.305176  0.194496  7.790439  0.530767  0.208840  101.790001  0.470000
1  7.790439  1.481605  1.481605  149.696376  -0.114441  -1.609319  7.905744  0.111997  -1.597105  101.790001  0.470000
1  7.905744  1.483665  1.483665  150.898869  0.358582  0.229216  8.005373  0.585428  0.238638  101.790001  0.470000
1  8.005373  1.482050  1.482050  152.042773  0.183105  -0.775576  8.118473  0.409950  -0.769299  101.790001  0.470000
1  8.118473  1.483076  1.483076  152.952261  0.457764  0.468489  8.200911  0.684423  0.472003  101.790001  0.470000
1  8.200911  1.481927  1.481942  153.813924  -0.762939  -4.402139  8.273679  -0.537129  -4.402616  145.509995  0.270000
1  8.273679  1.482410  1.482410  154.662423  0.534058  0.398457  8.379656  0.758888  0.394945  145.509995  0.270000
1  8.379656  1.483100  1.483100  155.499716  -0.022888  -1.885353  8.466252  0.200797  -1.891351  145.509995  0.270000
1  8.466252  1.481802  1.481802  156.259251  0.541687  0.120908  8.558767  0.763727  0.111486  145.509995  0.270000
1  8.558767  1.481510  1.481510  156.930735  0.541687  -0.320517  8.671621  0.762144  -0.332083  145.509995  0.270000
1  8.671621  1.482993  1.482973  157.530331  0.740051  0.123486  8.789238  0.959149  0.111376  145.509995  0.270000
1  8.789238  1.482480  1.482480  158.151765  1.686096  3.521672  8.920378  1.903954  3.509611  145.509995  0.270000
1  8.920378  1.482957  1.482957  158.667561  0.480652  -1.446670  9.028853  0.696598  -1.460929  145.509995  0.270000
1  9.028853  1.482052  1.482052  159.133031  0.320435  -1.997108  9.123642  0.534795  -2.012009  145.509995  0.270000
1  9.123642  1.481418  1.481418  159.467613  0.961304  0.578510  9.216841  1.173960  0.563070  145.509995  0.270000
1  9.216841  1.482003  1.482072  159.792209  1.106262  1.407432  9.289200  1.317348  1.392030  98.730003  0.650000
1  9.289200  1.481605  1.481605  160.143893  1.609802  3.246261  9.394660  1.819451  3.231320  98.730003  0.650000
1  9.394660  1.481991  1.481991  160.448582  0.549316  -1.061609  9.503339  0.758105  -1.074283  98.730003  0.650000
1  9.503339  1.482772  1.482772  160.738026  0.869751  0.361013  9.594080  1.077808  0.350196  98.730003  0.650000
1  9.594080  1.481996  1.481996  160.985356  1.724243  3.439552  9.740663  1.932247  3.432093  98.730003  0.650000
1  9.740663  1.481969  1.482495  161.275398  0.595093  -1.208894  9.886446  0.803520  -1.212224  98.730003  0.650000
1  9.886446  1.482373  1.482373  161.555418  0.701904  -0.783343  10.035030  0.911333  -0.782160  98.730003  0.650000
1  10.035030  1.481264  1.481264  161.788382  1.480103  2.081296  10.206930  1.690476  2.085079  98.730003  0.650000
1  10.206930  1.482936  1.482936  162.024429  0.762939  -0.510247  10.343350  0.974591  -0.503571  98.730003  0.650000
1  10.343350  1.481998  1.481998  162.226488  1.121521  1.126009  10.481691  1.334530  1.134825  98.730003  0.650000
1  10.481691  1.482676  1.482931  162.481901  0.694275  -0.673967  10.674701  0.910435  -0.657954  98.730003  0.650000
1  10.674701  1.482809  1.482809  162.648899  0.999451  0.615140  10.843721  1.218173  0.634298  98.730003  0.650000
1  10.843721  1.484015  1.484015  162.778335  0.709534  -0.335138  10.999180  0.930870  -0.313898  96.940002  0.610000
1  10.999180  1.481375  1.481375  162.891079  0.556946  -0.892239  11.162682  0.780759  -0.869949  96.940002  0.610000
1  11.162682  1.483024  1.483024  163.032764  0.686646  -0.695119  11.374265  0.913638  -0.669728  96.940002  0.610000
1  11.374265  1.482994  1.483111  163.155554  0.885010  0.048723  11.565201  1.114879  0.075310  96.940002  0.610000
1  11.565201  1.481983  1.481983  163.229067  0.389099  -1.942341  11.751393  0.621715  -1.915521  96.940002  0.610000
1  11.751393  1.482590  1.482590  163.368437  0.854492  -0.038117  11.959652  1.091289  -0.006637  96.940002  0.610000
1  11.959652  1.482189  1.482189  163.441167  0.724792  -0.704688  12.169301  0.964791  -0.673209  96.940002  0.610000
1  12.169301  1.481962  1.481962  163.530648  0.930786  0.251669  12.370522  1.174721  0.285847  96.940002  0.610000
1  12.370522  1.482029  1.481663  163.618945  0.885010  -0.055806  12.603078  1.133450  -0.018264  90.019997  0.320000
1  12.603078  1.482616  1.482616  163.713408  0.617981  -1.098991  12.845170  0.872024  -1.055579  90.019997  0.320000
1  12.845170  1.482116  1.482116  163.778877  0.854492  -0.067906  13.073214  1.113661  -0.022221  90.019997  0.320000
1  13.073214  1.483790  1.483790  163.817909  1.243591  1.648951  13.297036  1.508124  1.697374  90.019997  0.320000
1  13.297036  1.482413  1.482413  163.886061  0.793457  -0.217983  13.527220  1.062643  -0.170305  90.019997  0.320000
1  13.527220  1.483121  1.482495  163.904518  0.717163  -0.520743  13.768884  0.991862  -0.471041  90.019997  0.320000
1  13.768884  1.482129  1.482129  163.969286  0.656128  -0.553061  14.010679  0.937500  -0.497337  90.019997  0.320000
1  14.010679  1.482613  1.482613  164.009026  0.679016  -0.409449  14.251071  0.966562  -0.352159  90.019997  0.320000
1  14.251071  1.481305  1.481305  164.030426  0.167847  -2.425786  14.488756  0.461141  -2.368546  90.019997  0.320000
1  14.488756  1.483010  1.483010  164.027614  0.633240  -0.499726  14.729859  0.932926  -0.440721  90.019997  0.320000
1  14.729859  1.482477  1.482089  164.053833  0.999451  0.842857  14.991042  1.305595  0.903571  78.239998  0.170000
1  14.991042  1.481565  1.481565  164.070888  0.732422  -0.083588  15.233318  1.045013  -0.021738  78.239998  0.170000
1  15.233318  1.480904  1.480904  164.090161  0.320435  -1.762142  15.491538  0.639519  -1.699794  78.239998  0.170000
1  15.491538  1.482414  1.482414  164.121115  0.976562  0.737278  15.766907  1.302664  0.802087  78.239998  0.170000
1  15.766907  1.482008  1.482008  164.202095  0.946045  0.488122  16.070301  1.280483  0.559251  78.239998  0.170000
1  16.070301  1.481384  1.480868  164.228611  0.663757  -0.668236  16.361132  1.006027  -0.594898  78.239998  0.170000
1  16.361132  1.481046  1.481046  164.303892  0.778198  -0.074953  16.676491  1.130349  0.005250  78.239998  0.170000
1  16.676491  1.481556  1.481556  164.282248  0.640869  -0.557324  16.964321  1.001432  -0.476099  78.239998  0.170000
1  16.964321  1.482600  1.482600  164.293284  0.915527  0.575722  17.259408  1.284728  0.658073  78.239998  0.170000
1  17.259408  1.481627  1.481627  164.273205  0.907898  0.577389  17.562884  1.286314  0.662721  78.239998  0.170000
1  17.562884  1.481781  1.481667  164.263149  0.885010  0.668731  17.855147  1.272665  0.756388  13.810000  0.250000
1  17.855147  1.479691  1.479691  164.233017  1.174927  1.633233  18.169313  1.571245  1.720078  13.810000  0.250000
1  18.169313  1.482139  1.482139  164.325229  1.060486  1.079014  18.517526  1.467548  1.172097  13.810000  0.250000
1  18.517526  1.481735  1.481735  164.345559  0.656128  -0.333151  18.827975  1.073440  -0.236861  13.810000  0.250000
1  18.827975  1.481796  1.481796  164.336723  1.617432  3.330459  19.174452  2.045132  3.429077  13.810000  0.250000
1  19.174452  1.482122  1.481457  164.382604  0.823975  0.040504  19.527632  1.262238  0.140852  13.810000  0.250000
1  19.527632  1.481574  1.481574  164.378154  0.679016  -0.633324  19.886887  1.128146  -0.530417  13.810000  0.250000
1  19.886887  1.481897  1.481897  164.369623  0.686646  -0.441886  20.227796  1.146541  -0.337890  13.810000  0.250000
1  20.227796  1.480633  1.480633  164.394156  0.587463  -0.879842  20.586752  1.058279  -0.774791  13.810000  0.250000
1  20.586752  1.481906  1.481906  164.336876  1.083374  1.037540  20.958385  1.565448  1.143054  13.810000  0.250000
1  20.958385  1.481975  1.481329  164.349391  1.037598  0.818246  21.341680  1.532185  0.930871  334.820007  0.310000
1  21.341680  1.481875  1.481875  164.356416  0.831604  0.069808  21.736038  1.339094  0.186499  334.820007  0.310000
1  21.736038  1.482693  1.482693  164.349988  0.480652  -1.453279  22.136847  1.000568  -1.334568  334.820007  0.310000
1  22.136847  1.481273  1.481273  164.365900  0.686646  -0.433432  22.494135  1.217923  -0.316468  334.820007  0.310000
1  22.494135  1.479727  1.479727  164.381975  1.007080  0.815695  22.887253  1.551014  0.936014  334.820007  0.310000
1  22.887253  1.482523  1.482838  164.366888  1.220703  1.596177  23.283475  1.777314  1.718575  334.820007  0.310000
