mode yawCmd rudderSet rudderIs gpsCourse gpsSpeed cY cW cWd mY mW mWd accGyroCount magCount psid psiTilde rTilde integralPsiTilde rudderMoment tauFF 
1  0.000000  1.214394  1.214394  14732030032637584029366412388560346555417350709477729950219731135595068408952400778183398223757346159102462621493443271958233203487752686935079129844376707042797827112832192261640404528262315753758611518049476219215930121605279715547128920454016310139936056532795392.000000  0.000000 nan  -nan  0.059104  77.330948  1.069433  0.248052 446 220 0.000000  0.000000  0.000000  0.000000  0.000000  0.000000 
1  77.330948  1.216553  1.216553  14732030032637584029366412388560346555417350709477729950219731135595068408952400778183398223757346159102462621493443271958233203487752686935079129844376707042797827112832192261640404528262315753758611518049476219215930121605279715547128920454016310139936056532795392.000000  0.000000 -nan  -nan  0.418346  83.067945  1.054807  0.096349 25 13 77.330948  0.000000  0.000000  0.000000  0.000000  0.000000 
1  83.067945  1.217082  1.217082  14732030032637584029366412388560346555417350709477729950219731135595068408952400778183398223757346159102462621493443271958233203487752686935079129844376707042797827112832192261640404528262315753758611518049476219215930121605279715547128920454016310139936056532795392.000000  0.000000 -nan  -nan  2.913228  88.635904  1.322134  0.988034 25 12 83.067945  0.000000  0.000000  0.000000  0.000000  0.000000 
1  88.635904  1.216498  1.216498  14732030032637584029366412388560346555417350709477729950219731135595068408952400778183398223757346159102462621493443271958233203487752686935079129844376707042797827112832192261640404528262315753758611518049476219215930121605279715547128920454016310139936056532795392.000000  0.000000 -nan  -nan  -0.036232  94.259224  1.331856  0.695156 25 12 88.635904  0.000000  0.000000  0.000000  0.000000  0.000000 
1  94.259224  1.214633  1.214633  14732030032637584029366412388560346555417350709477729950219731135595068408952400778183398223757346159102462621493443271958233203487752686935079129844376707042797827112832192261640404528262315753758611518049476219215930121605279715547128920454016310139936056532795392.000000  0.000000 nan  -nan  -0.854634  99.817594  1.327735  0.470159 25 13 94.259224  0.000000  0.000000  0.000000  0.000000  0.000000 
1  99.817594  1.216382  1.216382  14732030032637584029366412388560346555417350709477729950219731135595068408952400778183398223757346159102462621493443271958233203487752686935079129844376707042797827112832192261640404528262315753758611518049476219215930121605279715547128920454016310139936056532795392.000000  0.000000 -nan  -nan  -0.740956  105.169821  1.505880  0.839435 25 12 99.817594  0.000000  0.000000  0.000000  0.000000  0.000000 
1  105.169821  1.217124  1.216953  14732030032637584029366412388560346555417350709477729950219731135595068408952400778183398223757346159102462621493443271958233203487752686935079129844376707042797827112832192261640404528262315753758611518049476219215930121605279715547128920454016310139936056532795392.000000  0.000000 nan  -nan  -0.389062  110.430252  1.527976  0.623003 25 12 105.169821  0.000000  0.000000  0.000000  0.000000  0.000000 
1  110.430252  1.216180  1.216180  14732030032637584029366412388560346555417350709477729950219731135595068408952400778183398223757346159102462621493443271958233203487752686935079129844376707042797827112832192261640404528262315753758611518049476219215930121605279715547128920454016310139936056532795392.000000  0.000000 -nan  -nan  1.578484  115.773274  1.648319  0.818182 25 13 110.430252  0.000000  0.000000  0.000000  0.000000  0.000000 
1  115.773274  -6.721142  -6.721142  14732030032637584029366412388560346555417350709477729950219731135595068408952400778183398223757346159102462621493443271958233203487752686935079129844376707042797827112832192261640404528262315753758611518049476219215930121605279715547128920454016310139936056532795392.000000  0.000000 nan  -nan  -3.130522  117.899293  1.062736  -1.525831 25 12 115.773274  0.000000  0.000000  0.000000  0.000000  0.000000 
1  117.899293  1.217171  1.217171  14732030032637584029366412388560346555417350709477729950219731135595068408952400778183398223757346159102462621493443271958233203487752686935079129844376707042797827112832192261640404528262315753758611518049476219215930121605279715547128920454016310139936056532795392.000000  0.000000 nan  -nan  -2.099516  114.446285  0.742537  -2.029773 25 12 117.899293  0.000000  0.000000  0.000000  0.000000  0.000000 
1  114.446285  1.215608  1.215608  14732030032637584029366412388560346555417350709477729950219731135595068408952400778183398223757346159102462621493443271958233203487752686935079129844376707042797827112832192261640404528262315753758611518049476219215930121605279715547128920454016310139936056532795392.000000  0.000000 -nan  -nan  -1.399566  110.938353  0.640120  -1.675905 25 13 114.446285  0.000000  0.000000  0.000000  0.000000  0.000000 
1  110.938353  1.217516  1.217511  14732030032637584029366412388560346555417350709477729950219731135595068408952400778183398223757346159102462621493443271958233203487752686935079129844376707042797827112832192261640404528262315753758611518049476219215930121605279715547128920454016310139936056532795392.000000  0.000000 nan  -nan  -0.938680  107.484619  0.590598  -1.282699 25 12 110.938353  0.000000  0.000000  0.000000  0.000000  0.000000 
1  107.484619  1.217967  1.217967  255.279999  0.230000 -nan  -nan  -0.627848  104.000959  0.566222  -0.936927 25 12 107.484619  0.000000  0.000000  0.000000  0.000000  0.000000 
1  104.000959  1.217233  1.217233  255.279999  0.230000 nan  -nan  -0.418052  100.468672  0.549122  -0.679482 25 13 104.000959  0.000000  0.000000  0.000000  0.000000  0.000000 
1  100.468672  1.216543  1.216543  255.279999  0.230000 -nan  -nan  -0.280527  96.995496  0.527773  -0.527058 25 12 100.468672  0.000000  0.000000  0.000000  0.000000  0.000000 
1  96.995496  1.216712  1.216712  255.279999  0.230000 nan  -nan  -0.185562  93.377705  0.505595  -0.420656 25 13 96.995496  0.000000  0.000000  0.000000  0.000000  0.000000 
1  93.377705  1.216537  1.215951  255.279999  0.230000 nan  -nan  -0.124632  90.221163  0.486315  -0.345410 25 12 93.377705  0.000000  0.000000  0.000000  0.000000  0.000000 
1  90.221163  1.216108  1.216108  255.279999  0.230000 nan  -nan  -0.083750  90.008513  0.476768  -0.261797 25 12 90.221163  0.000000  0.000000  0.000000  0.000000  0.000000 
1  90.008513  1.215739  1.215739  255.279999  0.230000 -nan  -nan  -0.056133  89.995301  0.475202  -0.180291 25 12 90.008513  0.000000  0.000000  0.000000  0.000000  0.000000 
1  89.995301  1.216066  1.216066  255.279999  0.230000 nan  -nan  -0.037163  90.013353  0.474648  -0.121159 25 13 89.995301  0.000000  0.000000  0.000000  0.000000  0.000000 
1  90.013353  1.217471  1.217471  152.940002  0.170000 nan  -nan  -0.025034  89.988098  0.474357  -0.082568 25 12 90.013353  0.000000  0.000000  0.000000  0.000000  0.000000 
1  89.988098  1.216883  1.216953  152.940002  0.170000 nan  -nan  -0.016781  90.005326  0.474039  -0.056380 25 12 89.988098  0.000000  0.000000  0.000000  0.000000  0.000000 
1  90.005326  1.216525  1.216525  152.940002  0.170000 nan  -nan  -0.011225  90.017171  0.473752  -0.038636 25 12 90.005326  0.000000  0.000000  0.000000  0.000000  0.000000 
1  90.017171  1.216964  1.216964  152.940002  0.170000 -nan  -nan  -0.007474  90.008259  0.473498  -0.026566 25 13 90.017171  0.000000  0.000000  0.000000  0.000000  0.000000 
1  90.008259  1.217360  1.217360  152.940002  0.170000 nan  -nan  -0.005016  90.012968  0.473187  -0.018879 25 12 90.008259  0.000000  0.000000  0.000000  0.000000  0.000000 
1  90.012968  1.217298  1.217298  152.940002  0.170000 -nan  -nan  -0.003316  90.009221  0.472919  -0.013373 25 13 90.012968  0.000000  0.000000  0.000000  0.000000  0.000000 
1  90.009221  1.217177  1.217042  152.940002  0.170000 nan  -nan  -0.002234  90.008443  0.472676  -0.009813 25 12 90.009221  0.000000  0.000000  0.000000  0.000000  0.000000 
1  90.008443  1.217539  1.217539  152.940002  0.170000 -nan  -nan  -0.001501  90.022273  0.472347  -0.007675 25 12 90.008443  0.000000  0.000000  0.000000  0.000000  0.000000 
1  90.022273  1.216931  1.216931  152.940002  0.170000 nan  -nan  -0.000991  89.981925  0.472065  -0.005997 24 13 90.022273  0.000000  0.000000  0.000000  0.000000  0.000000 
1  89.981925  1.216468  1.216468  152.940002  0.170000 nan  -nan  -0.000666  89.972740  0.471800  -0.004893 26 12 89.981925  0.000000  0.000000  0.000000  0.000000  0.000000 
1  89.972740  1.216553  1.216553  60.090000  0.230000 -nan  -nan  -0.000442  89.991975  0.471470  -0.004299 25 12 89.972740  0.000000  0.000000  0.000000  0.000000  0.000000 
1  89.991975  1.215524  1.215524  60.090000  0.230000 nan  -nan  -0.000300  89.993045  0.471226  -0.003713 25 12 89.991975  0.000000  0.000000  0.000000  0.000000  0.000000 
1  89.993045  1.217161  1.217161  60.090000  0.230000 -nan  -nan  -0.000199  90.019655  0.470916  -0.003490 25 13 89.993045  0.000000  0.000000  0.000000  0.000000  0.000000 
1  90.019655  1.215162  1.214986  60.090000  0.230000 nan  -nan  -0.000132  90.004891  0.470595  -0.003379 25 12 90.019655  0.000000  0.000000  0.000000  0.000000  0.000000 
1  90.004891  1.216575  1.216575  60.090000  0.230000 -nan  -nan  -0.000088  89.991071  0.470367  -0.002994 25 12 90.004891  0.000000  0.000000  0.000000  0.000000  0.000000 
1  89.991071  1.216835  1.216835  60.090000  0.230000 nan  -nan  -0.000059  90.001770  0.470045  -0.003067 24 13 89.991071  0.000000  0.000000  0.000000  0.000000  0.000000 
1  90.001770  1.215836  1.215836  60.090000  0.230000 -nan  -nan  -0.000040  89.996648  0.469809  -0.002803 26 12 90.001770  0.000000  0.000000  0.000000  0.000000  0.000000 
1  89.996648  1.216614  1.216614  60.090000  0.230000 nan  -nan  -0.000026  90.000844  0.469518  -0.002839 25 12 89.996648  0.000000  0.000000  0.000000  0.000000  0.000000 
1  90.000844  1.217436  1.217436  60.090000  0.230000 -nan  -nan  -0.000018  89.995787  0.469207  -0.002912 24 13 90.000844  0.000000  0.000000  0.000000  0.000000  0.000000 
1  89.995787  1.216555  1.216555  60.090000  0.230000 nan  -nan  -0.000012  89.992526  0.468937  -0.002836 26 12 89.995787  0.000000  0.000000  0.000000  0.000000  0.000000 
1  89.992526  1.217142  1.217142  26.610001  0.420000 nan  -nan  -0.000008  89.985673  0.468667  -0.002798 25 12 89.992526  0.000000  0.000000  0.000000  0.000000  0.000000 
1  89.985673  1.216272  1.216008  26.610001  0.420000 -nan  -nan  -0.000005  90.008993  0.468388  -0.002784 25 12 89.985673  0.000000  0.000000  0.000000  0.000000  0.000000 
1  90.008993  1.216249  1.216249  26.610001  0.420000 nan  -nan  -0.000004  89.992444  0.468109  -0.002766 25 13 90.008993  0.000000  0.000000  0.000000  0.000000  0.000000 
1  89.992444  1.217499  1.217499  26.610001  0.420000 nan  -nan  -0.000002  89.981335  0.467878  -0.002576 25 12 89.992444  0.000000  0.000000  0.000000  0.000000  0.000000 
1  89.981335  1.217147  1.217147  26.610001  0.420000 nan  -nan  -0.000002  90.027118  0.467580  -0.002687 25 12 89.981335  0.000000  0.000000  0.000000  0.000000  0.000000 
1  90.027118  1.216645  1.216645  26.610001  0.420000 -nan  -nan  -0.000001  90.005622  0.467346  -0.002564 25 12 90.027118  0.000000  0.000000  0.000000  0.000000  0.000000 
1  90.005622  1.216809  1.216876  26.610001  0.420000 nan  -nan  -0.000001  90.005557  0.467049  -0.002705 25 13 90.005622  0.000000  0.000000  0.000000  0.000000  0.000000 
1  90.005557  1.215227  1.215227  26.610001  0.420000 -nan  -nan  -0.000000  90.006010  0.466778  -0.002688 25 12 90.005557  0.000000  0.000000  0.000000  0.000000  0.000000 
1  90.006010  1.215952  1.215638  26.610001  0.420000 nan  -nan  -0.000000  89.999291  0.466560  -0.002497 25 13 90.006010  0.000000  0.000000  0.000000  0.000000  0.000000 
1  89.999291  1.217111  1.217111  26.610001  0.420000 nan  -nan  -0.000000  90.013488  0.466245  -0.002707 25 12 89.999291  0.000000  0.000000  0.000000  0.000000  0.000000 
1  90.013488  1.216972  1.216972  14.270000  0.400000 nan  -nan  -0.000000  90.036880  0.465923  -0.002861 25 12 90.013488  0.000000  0.000000  0.000000  0.000000  0.000000 
1  90.036880  1.216474  1.216010  14.270000  0.400000 nan  -nan  -0.000000  90.015979  0.465632  -0.002876 25 12 90.036880  0.000000  0.000000  0.000000  0.000000  0.000000 
1  90.015979  1.216233  1.216233  14.270000  0.400000 -nan  -nan  -0.000000  90.026389  0.465369  -0.002776 25 13 90.015979  0.000000  0.000000  0.000000  0.000000  0.000000 
1  90.026389  1.216183  1.216183  14.270000  0.400000 nan  -nan  -0.000000  89.997084  0.465083  -0.002774 25 12 90.026389  0.000000  0.000000  0.000000  0.000000  0.000000 
1  89.997084  1.216583  1.216583  14.270000  0.400000 -nan  -nan  -0.000000  89.994278  0.464843  -0.002641 25 13 89.997084  0.000000  0.000000  0.000000  0.000000  0.000000 
1  89.994278  1.216749  1.216749  14.270000  0.400000 nan  -nan  -0.000000  90.023546  0.464517  -0.002816 25 12 89.994278  0.000000  0.000000  0.000000  0.000000  0.000000 
1  90.023546  1.217751  1.217636  14.270000  0.400000 nan  -nan  -0.000000  90.004784  0.464245  -0.002778 25 12 90.023546  0.000000  0.000000  0.000000  0.000000  0.000000 
1  90.004784  1.217222  1.217222  14.270000  0.400000 nan  -nan  -0.000000  90.008431  0.463931  -0.002887 25 13 90.004784  0.000000  0.000000  0.000000  0.000000  0.000000 
1  90.008431  1.217066  1.217066  14.270000  0.400000 -nan  -nan  0.000000  89.988594  0.463678  -0.002814 25 12 90.008431  0.000000  0.000000  0.000000  0.000000  0.000000 
1  89.988594  1.215914  1.215914  14.270000  0.400000 nan  -nan  -0.000000  89.987878  0.463419  -0.002727 25 12 89.988594  0.000000  0.000000  0.000000  0.000000  0.000000 
1  89.987878  1.216487  1.216487  14.270000  0.400000 nan  -nan  0.000000  89.997278  0.463172  -0.002634 25 13 89.987878  0.000000  0.000000  0.000000  0.000000  0.000000 
1  89.997278  1.216501  1.216612  14.270000  0.400000 nan  -nan  0.000000  90.004065  0.462844  -0.002837 25 12 89.997278  0.000000  0.000000  0.000000  0.000000  0.000000 
1  90.004065  1.216163  1.216163  350.190002  0.260000 -nan  -nan  -0.000000  90.018197  0.462530  -0.002886 25 12 90.004065  0.000000  0.000000  0.000000  0.000000  0.000000 
1  90.018197  1.215219  1.215219  350.190002  0.260000 nan  -nan  -0.000000  90.006571  0.462232  -0.002944 25 13 90.018197  0.000000  0.000000  0.000000  0.000000  0.000000 
1  90.006571  1.216317  1.216317  350.190002  0.260000 -nan  -nan  0.000000  90.009540  0.461935  -0.002934 25 12 90.006571  0.000000  0.000000  0.000000  0.000000  0.000000 
1  90.009540  1.216528  1.216528  350.190002  0.260000 nan  -nan  0.000000  90.011583  0.461707  -0.002724 25 12 90.009540  0.000000  0.000000  0.000000  0.000000  0.000000 
1  90.011583  1.216371  1.216371  350.190002  0.260000 nan  -nan  -0.000000  89.994787  0.461455  -0.002653 25 12 90.011583  0.000000  0.000000  0.000000  0.000000  0.000000 
1  89.994787  1.216202  1.216202  350.190002  0.260000 -nan  -nan  -0.000000  90.002716  0.461212  -0.002537 25 13 89.994787  0.000000  0.000000  0.000000  0.000000  0.000000 
1  90.002716  1.216468  1.216468  350.190002  0.260000 -nan  -nan  0.000000  90.026797  0.460943  -0.002584 25 12 90.002716  0.000000  0.000000  0.000000  0.000000  0.000000 
1  90.026797  1.216823  1.216823  350.190002  0.260000 -nan  -nan  0.000000  89.994123  0.460671  -0.002615 25 12 90.026797  0.000000  0.000000  0.000000  0.000000  0.000000 
1  89.994123  1.216547  1.216547  313.200012  0.240000 nan  -nan  0.000000  89.991028  0.460384  -0.002637 25 13 89.994123  0.000000  0.000000  0.000000  0.000000  0.000000 
1  89.991028  1.216806  1.217079  313.200012  0.240000 nan  -nan  -0.000000  89.998394  0.460087  -0.002748 25 12 89.991028  0.000000  0.000000  0.000000  0.000000  0.000000 
1  89.998394  1.217986  1.217986  313.200012  0.240000 -nan  -nan  0.000000  90.005862  0.459810  -0.002738 25 12 89.998394  0.000000  0.000000  0.000000  0.000000  0.000000 
1  90.005862  1.215686  1.215686  313.200012  0.240000 -nan  -nan  -0.000000  90.024191  0.459529  -0.002749 25 12 90.005862  0.000000  0.000000  0.000000  0.000000  0.000000 
1  90.024191  1.216405  1.216405  313.200012  0.240000 -nan  -nan  0.000000  89.978805  0.459293  -0.002591 25 13 90.024191  0.000000  0.000000  0.000000  0.000000  0.000000 
1  89.978805  1.215820  1.215820  313.200012  0.240000 nan  -nan  0.000000  90.003379  0.458999  -0.002705 25 12 89.978805  0.000000  0.000000  0.000000  0.000000  0.000000 
1  90.003379  1.215785  1.215785  313.200012  0.240000 nan  -nan  0.000000  90.018796  0.458674  -0.002880 25 12 90.003379  0.000000  0.000000  0.000000  0.000000  0.000000 
1  90.018796  1.215943  1.215943  313.200012  0.240000 nan  -nan  0.000000  89.986495  0.458455  -0.002635 25 13 90.018796  0.000000  0.000000  0.000000  0.000000  0.000000 
1  89.986495  1.216211  1.216211  313.200012  0.240000 nan  -nan  0.000000  90.004987  0.458163  -0.002722 25 12 89.986495  0.000000  0.000000  0.000000  0.000000  0.000000 
1  90.004987  1.216957  1.216957  313.200012  0.240000 nan  -nan  0.000000  90.007798  0.457864  -0.002822 25 12 90.004987  0.000000  0.000000  0.000000  0.000000  0.000000 
1  90.007798  1.215849  1.215849  350.049988  0.260000 -nan  -nan  0.000000  89.981558  0.457597  -0.002729 25 13 90.007798  0.000000  0.000000  0.000000  0.000000  0.000000 
1  89.981558  1.217176  1.217176  350.049988  0.260000 nan  -nan  -0.000000  89.986527  0.457341  -0.002653 25 12 89.981558  0.000000  0.000000  0.000000  0.000000  0.000000 
1  89.986527  1.216737  1.216737  350.049988  0.260000 nan  -nan  -0.000000  90.027806  0.457063  -0.002670 25 13 89.986527  0.000000  0.000000  0.000000  0.000000  0.000000 
1  90.027806  1.215069  1.215371  350.049988  0.260000 -nan  -nan  0.000000  90.035403  0.456792  -0.002674 25 12 90.027806  0.000000  0.000000  0.000000  0.000000  0.000000 
1  90.035403  1.216182  1.216182  350.049988  0.260000 nan  -nan  -0.000000  90.030883  0.456491  -0.002754 25 13 90.035403  0.000000  0.000000  0.000000  0.000000  0.000000 
1  90.030883  1.216041  1.216041  350.049988  0.260000 nan  -nan  0.000000  90.001128  0.456235  -0.002684 25 12 90.030883  0.000000  0.000000  0.000000  0.000000  0.000000 
1  90.001128  1.218417  1.218417  350.049988  0.260000 nan  -nan  -0.000000  90.000273  0.455955  -0.002715 25 12 90.001128  0.000000  0.000000  0.000000  0.000000  0.000000 
1  90.000273  1.216619  1.216619  350.049988  0.260000 -nan  -nan  0.000000  90.011274  0.455633  -0.002857 25 12 90.000273  0.000000  0.000000  0.000000  0.000000  0.000000 
