1  -0.371314  -0.371314  45.977815  0.024501  0.050369  -355.786022  0.026971  0.051814  12396169585606938216366839839840745121152454677072137662233734104342025503149212815865324332779857205597438948065302257017796381547780507528671166229913987339620705630266783119383082450223408991343011894782439934761497620326041585798316078673698968681142540444893184.000000  11188247845616960218424007935275891129289515581652296825018682258060636843795686166162714862363956116746159568812846536180037485141940774673842868894842898894640555822052973683974284378810612238273901410341378708216102884791924440034749244856976267542042116792254464.000000
1  -0.368009  -0.368009  49.512897  0.018642  -0.075515  -355.505303  0.021280  -0.074011  12396169585606938216366839839840745121152454677072137662233734104342025503149212815865324332779857205597438948065302257017796381547780507528671166229913987339620705630266783119383082450223408991343011894782439934761497620326041585798316078673698968681142540444893184.000000  11188247845616960218424007935275891129289515581652296825018682258060636843795686166162714862363956116746159568812846536180037485141940774673842868894842898894640555822052973683974284378810612238273901410341378708216102884791924440034749244856976267542042116792254464.000000
1  -0.366687  -0.366919  53.486163  0.019441  -0.026660  -355.235913  0.022245  -0.025079  198.259995  0.290000
1  -0.368602  -0.368602  57.938326  0.023303  0.046417  -354.968008  0.026275  0.047991  198.869995  0.300000
1  -0.368294  -0.368294  62.448675  0.019175  -0.037570  -354.693073  0.022318  -0.035946  199.910004  0.290000
1  -0.368400  -0.368400  66.639606  0.025966  0.109138  -354.411677  0.029286  0.110793  200.179993  0.300000
1  -0.367221  -0.367221  70.784960  0.029827  0.206575  -354.132280  0.033333  0.208290  199.350006  0.300000
1  -0.366040  -0.366328  73.939199  0.034754  0.321606  -353.855779  0.038445  0.323331  198.149994  0.290000
1  -0.369095  -0.369095  78.048091  0.021572  0.056131  -353.580191  0.025455  0.057920  195.690002  0.280000
1  -0.370514  -0.370514  82.019451  0.016512  -0.023161  -353.299295  0.020582  -0.021409  191.929993  0.280000
1  -0.368016  -0.368016  85.866584  0.019841  0.041402  -353.012644  0.024107  0.043229  189.610001  0.280000
1  -0.366711  -0.366711  89.863833  0.018109  0.049396  -352.742939  0.022575  0.051261  188.009995  0.280000
1  -0.369711  -0.369796  93.998900  0.019175  0.051653  -352.454174  0.023843  0.053528  186.289993  0.270000
1  -0.369291  -0.369291  97.873888  0.011318  -0.138512  -352.144421  0.016204  -0.136520  186.600006  0.280000
1  -0.368368  -0.368368  101.611798  0.018775  0.012185  -351.828229  0.023889  0.014328  186.699997  0.290000
1  -0.366782  -0.366782  105.086945  0.021438  0.064256  -351.508384  0.026780  0.066427  187.479996  0.300000
1  -0.366861  -0.366861  108.614774  0.020107  0.050708  -351.169759  0.025702  0.053115  185.600006  0.300000
1  -0.368630  -0.368579  111.833330  0.023968  0.090410  -350.810907  0.029823  0.092798  184.149994  0.310000
1  -0.369058  -0.369058  114.715027  0.019042  0.013124  -350.443205  0.025174  0.015696  182.050003  0.310000
1  -0.368187  -0.368187  117.720553  0.023303  0.108447  -350.066680  0.029726  0.111172  179.860001  0.320000
1  -0.365859  -0.365859  120.723232  0.010653  -0.088269  -349.683038  0.017387  -0.085362  177.429993  0.320000
1  -0.369569  -0.369569  123.423571  0.009721  -0.108916  -349.289706  0.016772  -0.105880  175.789993  0.330000
1  -0.370409  -0.369959  126.029767  0.018642  0.075934  -348.884892  0.026021  0.079055  173.419998  0.330000
1  -0.367787  -0.367787  128.485958  0.015713  -0.054400  -348.435772  0.023446  -0.051077  172.490005  0.330000
1  -0.366309  -0.366309  130.566367  0.018509  0.008186  -347.978824  0.026601  0.011423  171.300003  0.330000
1  -0.366456  -0.366456  132.590121  0.021971  0.115880  -347.531451  0.030432  0.119340  169.720001  0.330000
1  -0.368113  -0.368113  134.444173  0.017044  -0.026608  -347.041955  0.025889  -0.023058  168.399994  0.330000
1  -0.368444  -0.368242  136.222943  0.017444  -0.013889  -346.565860  0.026660  -0.010496  166.869995  0.320000
1  -0.367987  -0.367987  137.988716  0.022237  0.100297  -346.060608  0.031850  0.103926  164.050003  0.310000
1  -0.366789  -0.366789  139.557432  0.015180  -0.063984  -345.550193  0.025184  -0.060258  161.910004  0.310000
1  -0.369194  -0.369194  140.989606  0.019574  0.021164  -345.054888  0.029956  0.024682  159.410004  0.300000
1  -0.368271  -0.368271  142.352421  0.008522  -0.195507  -344.555033  0.019280  -0.191977  159.470001  0.300000
1  -0.369023  -0.369142  143.596501  0.017843  0.069313  -344.040374  0.029022  0.073264  159.250000  0.300000
1  -0.366819  -0.366819  144.788696  0.012517  -0.091713  -343.530597  0.024080  -0.088025  159.410004  0.300000
1  -0.368189  -0.368189  145.917211  0.013449  -0.095631  -342.983769  0.025434  -0.091636  159.580002  0.300000
1  -0.368903  -0.368903  146.892424  0.014248  -0.006040  -342.457802  0.026658  -0.002042  161.779999  0.310000
1  -0.369725  -0.369725  147.795218  0.017843  0.034085  -341.908091  0.030687  0.038011  163.990005  0.310000
1  -0.367679  -0.367791  148.644414  0.016112  0.005060  -341.391318  0.029352  0.008849  166.139999  0.320000
1  -0.365159  -0.365159  149.339745  0.001598  -0.233992  -340.865303  0.015245  -0.230173  167.250000  0.320000
1  -0.368430  -0.368430  150.076921  0.005193  -0.214721  -340.329796  0.019238  -0.210851  167.690002  0.320000
1  -0.368771  -0.368771  150.732795  0.028629  0.202102  -339.772926  0.043090  0.205950  167.199997  0.320000
1  -0.368048  -0.368048  151.394370  0.021172  0.101878  -339.230695  0.036046  0.105700  166.669998  0.320000
1  -0.367173  -0.366995  151.992883  0.012650  -0.032090  -338.658747  0.027980  -0.027856  166.259995  0.320000
1  -0.366808  -0.366808  152.510296  0.010653  -0.104082  -338.095616  0.026409  -0.099990  166.380005  0.320000
1  -0.367834  -0.367834  153.050551  0.011984  -0.035148  -337.536930  0.028161  -0.031300  166.479996  0.320000
1  -0.370091  -0.370091  153.543785  0.020240  0.108252  -336.972353  0.036854  0.112358  166.649994  0.310000
1  -0.366044  -0.366044  153.965701  0.013582  -0.017190  -336.425671  0.030615  -0.013208  167.020004  0.310000
1  -0.366681  -0.366644  154.388235  0.010120  -0.121602  -335.859691  0.027572  -0.117604  167.860001  0.320000
1  -0.368131  -0.368131  154.733556  0.011185  -0.063602  -335.285225  0.029071  -0.059455  170.279999  0.320000
1  -0.369796  -0.369796  155.068001  0.013582  -0.005991  -334.708107  0.031908  -0.001772  172.679993  0.320000
1  -0.368154  -0.368154  155.389583  0.015713  0.021363  -334.139932  0.034461  0.025322  174.149994  0.330000
1  -0.366647  -0.366647  155.713104  0.014647  -0.016417  -333.527904  0.033856  -0.012193  173.740005  0.330000
1  -0.366353  -0.366343  156.025607  0.011851  -0.045617  -332.952078  0.031479  -0.041545  173.179993  0.330000
1  -0.368529  -0.368529  156.321798  0.019841  0.080042  -332.347113  0.039916  0.084187  172.470001  0.330000
1  -0.368359  -0.368359  156.550473  0.010919  -0.032463  -331.748124  0.031448  -0.028193  171.300003  0.330000
1  -0.367902  -0.367902  156.742995  0.016778  0.053110  -331.146231  0.037758  0.057388  169.589996  0.330000
1  -0.366994  -0.366994  156.950909  0.014115  -0.028412  -330.533605  0.035532  -0.024268  167.589996  0.330000
1  -0.368178  -0.367851  157.163668  0.016911  0.052698  -329.913158  0.038785  0.056968  166.479996  0.330000
1  -0.368161  -0.368161  157.355701  0.018243  0.058161  -329.298623  0.040553  0.062334  166.500000  0.330000
1  -0.367148  -0.367148  157.511403  0.003063  -0.228553  -328.686427  0.025819  -0.224389  166.699997  0.330000
1  -0.366610  -0.366610  157.675353  0.005726  -0.192612  -328.066775  0.028921  -0.188452  167.179993  0.330000
1  -0.368993  -0.368993  157.847130  0.021438  0.115827  -327.431479  0.045081  0.120094  166.880005  0.330000
1  -0.368683  -0.368960  157.942933  0.010919  -0.071479  -326.811002  0.035014  -0.067290  167.179993  0.330000
1  -0.368238  -0.368238  158.071043  0.008922  -0.143699  -326.176135  0.033465  -0.139463  166.589996  0.330000
1  -0.365458  -0.365458  158.182223  0.021572  0.109089  -325.524626  0.046572  0.113302  166.070007  0.320000
1  -0.365875  -0.365875  158.251566  0.017976  0.062205  -324.897328  0.043418  0.066364  166.320007  0.320000
1  -0.370477  -0.370477  158.338125  0.004394  -0.163996  -324.290242  0.030269  -0.159883  166.820007  0.310000
1  -0.368202  -0.368051  158.398836  0.013449  -0.002391  -323.657449  0.039770  0.001806  168.449997  0.310000
1  -0.365328  -0.365328  158.501770  0.010786  -0.106039  -322.996471  0.037569  -0.101757  170.490005  0.310000
1  -0.367330  -0.367330  158.585523  0.021305  0.104269  -322.348253  0.048536  0.108483  172.860001  0.310000
1  -0.367833  -0.367833  158.631787  0.015579  0.032362  -321.694316  0.043270  0.036676  176.050003  0.310000
1  -0.368049  -0.368049  158.674979  0.011585  -0.058792  -321.044822  0.039719  -0.054598  176.410004  0.310000
1  -0.368009  -0.368024  158.718521  0.010519  -0.063141  -320.394679  0.039107  -0.058925  177.029999  0.300000
1  -0.364783  -0.364783  158.759688  0.015313  -0.014977  -319.735342  0.044352  -0.010704  177.850006  0.300000
1  -0.367295  -0.367295  158.793374  0.016911  0.034962  -319.082587  0.046400  0.039209  179.860001  0.300000
1  -0.371904  -0.371904  158.808374  0.013582  -0.075913  -318.396228  0.043533  -0.071615  183.360001  0.300000
1  -0.368386  -0.368386  158.776177  0.020107  0.067358  -317.755921  0.050493  0.071677  186.089996  0.310000
1  -0.365956  -0.366076  158.837356  0.017444  0.023110  -317.069166  0.048282  0.027211  187.610001  0.310000
1  -0.367280  -0.367280  158.879487  0.007324  -0.125139  -316.394159  0.038622  -0.120938  188.449997  0.310000
1  -0.369549  -0.369549  158.888129  0.016378  0.074250  -315.748715  0.048117  0.078339  189.740005  0.310000
1  -0.368551  -0.368551  158.913678  0.018642  0.092778  -315.073619  0.050831  0.096960  191.500000  0.310000
1  -0.366754  -0.366754  158.973561  0.017177  0.012189  -314.403802  0.049805  0.016423  191.350006  0.310000
1  -0.367343  -0.364944  159.020274  0.015979  0.009168  -313.714569  0.049062  0.013424  192.110001  0.300000
1  -0.366993  -0.366993  159.031960  0.013049  -0.031591  -313.042722  0.046581  -0.027362  194.979996  0.300000
1  -0.369132  -0.369132  159.027906  0.021705  0.127057  -312.367094  0.055682  0.131259  197.119995  0.300000
1  -0.368633  -0.368633  159.054942  0.016512  0.008512  -311.677110  0.050930  0.012675  198.619995  0.300000
1  -0.365212  -0.365212  159.064544  0.012783  0.000958  -311.008393  0.047648  0.005148  200.350006  0.310000
1  -0.367306  -0.367406  159.096739  0.012783  -0.020097  -310.323052  0.048103  -0.015852  202.800003  0.300000
1  -0.368898  -0.368898  159.139959  0.021438  0.094634  -309.623809  0.057207  0.098883  204.789993  0.300000
1  -0.368844  -0.368844  159.136518  0.020639  0.114627  -308.933740  0.056852  0.118839  209.809998  0.290000
1  -0.368010  -0.368010  159.104634  0.013316  -0.003659  -308.234702  0.049980  0.000474  210.339996  0.290000
1  -0.363539  -0.363539  159.153091  0.007989  -0.140925  -307.527555  0.045105  -0.136712  210.339996  0.290000
1  -0.367687  -0.367687  159.139059  0.010653  -0.095706  -306.821278  0.048218  -0.091433  211.119995  0.290000
1  -0.369302  -0.369302  159.136649  0.023036  0.182170  -306.133534  0.061046  0.186324  212.270004  0.270000
1  -0.369096  -0.369096  159.186045  0.014781  0.002689  -305.422470  0.053245  0.006945  212.710007  0.260000
1  -0.368379  -0.368379  159.193334  0.022104  0.191741  -304.734290  0.061012  0.195971  212.440002  0.240000
1  -0.367170  -0.367170  159.226607  0.013848  -0.001006  -304.029066  0.053197  0.003187  212.369995  0.230000
1  -0.366784  -0.366756  159.192581  0.016378  0.043902  -303.317289  0.056171  0.048070  212.259995  0.220000
1  -0.368295  -0.368295  159.170890  0.012650  0.005052  -302.620742  0.052886  0.009242  212.740005  0.190000
1  -0.369107  -0.369107  159.201362  0.022504  0.165462  -301.916999  0.063176  0.169593  211.410004  0.180000
1  -0.364893  -0.366187  159.210762  0.007856  -0.137101  -301.200237  0.048971  -0.132956  211.410004  0.180000
1  -0.367131  -0.367131  159.172827  0.017843  0.061097  -300.487814  0.059398  0.065259  210.970001  0.170000
1  -0.369060  -0.369060  159.158608  0.014514  0.032601  -299.766713  0.056519  0.036760  211.029999  0.160000
1  -0.367525  -0.367525  159.166769  0.010386  -0.089925  -299.050946  0.052832  -0.085713  213.880005  0.160000
1  -0.368980  -0.368980  159.179107  0.029295  0.245703  -298.310644  0.072187  0.249756  217.690002  0.150000
1  -0.367480  -0.367411  159.236120  0.012916  -0.022391  -297.584416  0.056255  -0.018218  220.830002  0.150000
1  -0.366118  -0.366118  159.241132  0.024501  0.159773  -296.842802  0.068280  0.163913  223.529999  0.160000
1  -0.368316  -0.368316  159.254415  0.012916  -0.046567  -296.116692  0.057137  -0.042391  227.149994  0.160000
1  -0.369608  -0.369608  159.269175  0.015313  0.009300  -295.400127  0.059962  0.013350  229.690002  0.160000
1  -0.367135  -0.367135  159.302566  0.014381  0.012454  -294.681555  0.059463  0.016521  231.759995  0.160000
1  -0.367785  -0.368034  159.292118  0.011718  -0.072020  -293.931218  0.057241  -0.067972  233.350006  0.160000
1  -0.368006  -0.368006  159.272637  0.023170  0.127816  -293.209062  0.069112  0.131755  234.630005  0.170000
1  -0.368866  -0.368866  159.328510  0.013848  -0.010996  -292.472677  0.060226  -0.006926  235.529999  0.170000
1  -0.369349  -0.369349  159.332828  0.013449  -0.032961  -291.741736  0.060258  -0.028905  235.520004  0.170000
1  -0.368442  -0.368442  159.368390  0.021039  0.111477  -291.016108  0.068271  0.115461  233.970001  0.170000
1  -0.366826  -0.366681  159.393491  0.018109  0.068880  -290.286235  0.065769  0.072901  232.210007  0.170000
1  -0.367690  -0.367690  159.430582  0.016245  -0.015069  -289.544044  0.064329  -0.011084  229.669998  0.170000
1  -0.369036  -0.369036  159.429199  0.014647  0.040802  -288.829486  0.063150  0.044726  226.080002  0.170000
1  -0.368547  -0.368547  159.408985  0.010919  -0.041869  -288.118520  0.059835  -0.037983  222.149994  0.170000
1  -0.366167  -0.366167  159.413197  0.021305  0.094921  -287.372865  0.070646  0.098855  219.369995  0.170000
1  -0.366009  -0.366165  159.409088  0.007057  -0.149718  -286.632427  0.056816  -0.145776  219.369995  0.170000
1  -0.368704  -0.368704  159.408043  0.016112  -0.021149  -285.890286  0.066286  -0.017295  219.330002  0.170000
1  -0.370227  -0.370227  159.437638  0.018109  0.054868  -285.128709  0.068714  0.058789  219.110001  0.170000
1  -0.368856  -0.368856  159.393239  0.012251  -0.036855  -284.402525  0.063267  -0.032946  217.520004  0.160000
1  -0.365261  -0.365261  159.407603  0.018243  0.085842  -283.674553  0.069671  0.089730  214.210007  0.160000
1  -0.369496  -0.370255  159.356483  0.013982  0.028257  -282.945682  0.065814  0.032061  210.619995  0.160000
1  -0.368755  -0.368755  159.334008  0.017177  0.062676  -282.214478  0.069417  0.066494  206.839996  0.160000
1  -0.370262  -0.370262  159.314779  0.010653  -0.074300  -281.477151  0.063300  -0.070493  203.500000  0.160000
1  -0.368180  -0.368180  159.319833  0.006924  -0.128664  -280.754445  0.059971  -0.124890  201.220001  0.150000
1  -0.364479  -0.364479  159.320478  0.023303  0.141301  -280.020351  0.076748  0.145075  196.160004  0.130000
1  -0.367595  -0.367706  159.300074  0.014781  -0.024125  -279.288578  0.068620  -0.020413  193.229996  0.100000
1  -0.370367  -0.370367  159.307195  0.018908  0.051997  -278.521193  0.073157  0.055693  197.139999  0.090000
1  -0.368318  -0.368318  159.334991  0.011718  -0.035081  -277.788633  0.066370  -0.031305  198.529999  0.080000
1  -0.366950  -0.366950  159.330970  0.013715  -0.013734  -277.082265  0.068748  -0.010029  194.179993  0.060000
1  -0.366485  -0.366485  159.309835  0.010120  -0.082839  -276.337477  0.065550  -0.079147  187.320007  0.060000
1  -0.368733  -0.368601  159.334197  0.005859  -0.183101  -275.572428  0.061695  -0.179443  177.649994  0.050000
1  -0.369278  -0.369278  159.361864  0.014115  -0.026496  -274.831483  0.070342  -0.022864  158.649994  0.040000
1  -0.368671  -0.368671  159.353694  0.010386  -0.088273  -274.089984  0.067001  -0.084646  142.009995  0.050000
1  -0.367830  -0.367830  159.342294  0.013316  0.010175  -273.364213  0.070318  0.013800  145.860001  0.050000
1  -0.365877  -0.365877  159.356361  0.020506  0.122375  -272.656520  0.077874  0.125941  150.580002  0.050000
1  -0.368656  -0.368487  159.352048  0.021705  0.135367  -271.908075  0.079462  0.138912  149.050003  0.060000
1  -0.369201  -0.369201  159.335164  0.022371  0.171054  -271.173326  0.080509  0.174536  146.020004  0.050000
1  -0.368479  -0.368479  159.279673  0.012251  -0.037250  -270.444830  0.070762  -0.033724  145.380005  0.050000
1  -0.364946  -0.364946  159.286132  0.022371  0.154097  -269.710031  0.081259  0.157634  146.740005  0.050000
1  -0.365475  -0.365475  159.250126  0.013715  0.023720  -268.980219  0.072975  0.027150  153.979996  0.050000
1  -0.369188  -0.368825  159.204349  0.012384  -0.083154  -268.235384  0.072015  -0.079653  160.619995  0.030000
1  -0.368418  -0.368418  159.210917  0.003196  -0.207355  -267.511006  0.063194  -0.203918  106.599998  0.020000
1  -0.367358  -0.367358  159.208734  0.009321  -0.072750  -266.786332  0.069685  -0.069299  81.730003  0.020000
1  -0.367160  -0.367160  159.189995  0.018243  0.058387  -266.053246  0.078967  0.061792  81.730003  0.020000
1  -0.365123  -0.365123  159.202064  0.013982  0.040420  -265.331274  0.075068  0.043783  65.730003  0.040000
1  -0.369059  -0.369068  159.207876  0.015713  0.013283  -264.589945  0.077158  0.016632  61.779999  0.050000
1  -0.370630  -0.370630  159.215194  0.013982  -0.012398  -263.858880  0.075781  -0.009088  59.099998  0.050000
1  -0.365130  -0.365130  159.224662  0.011984  -0.067628  -263.124502  0.074135  -0.064316  57.900002  0.050000
1  -0.367047  -0.367047  159.237159  0.019308  0.066808  -262.383674  0.081811  0.070094  56.639999  0.050000
1  -0.367861  -0.367861  159.209764  0.013582  -0.009657  -261.664281  0.076427  -0.006437  55.869999  0.050000
1  -0.368574  -0.368310  159.189853  0.014914  -0.022656  -260.928993  0.078102  -0.019431  56.669998  0.050000
1  -0.368828  -0.368828  159.225163  0.013049  -0.077248  -260.185744  0.076581  -0.074046  54.320000  0.060000
1  -0.367336  -0.367336  159.275144  0.020240  0.085459  -259.450192  0.084115  0.088597  50.770000  0.060000
1  -0.366975  -0.366975  159.277263  0.009987  -0.082189  -258.729664  0.074198  -0.079020  45.730000  0.060000
1  -0.367338  -0.367338  159.283148  0.021172  0.097366  -257.997858  0.085716  0.100502  41.900002  0.060000
1  -0.368957  -0.368913  159.312751  0.013183  -0.024661  -257.275564  0.078060  -0.021517  37.580002  0.070000
1  -0.368520  -0.368520  159.282580  0.017577  0.049433  -256.555389  0.082781  0.052532  34.630001  0.070000
1  -0.367055  -0.367055  159.244199  0.015313  -0.014812  -255.830274  0.080842  -0.011795  29.969999  0.070000
1  -0.367486  -0.367486  159.234342  0.009188  -0.071771  -255.121846  0.075035  -0.068791  24.650000  0.070000
1  -0.369010  -0.369010  159.229612  0.014914  0.041239  -254.416304  0.081081  0.044257  19.059999  0.070000
1  -0.369874  -0.370149  159.247531  0.017843  0.048903  -253.699162  0.084324  0.051842  10.820000  0.070000
1  -0.367537  -0.367537  159.238784  0.012117  -0.042803  -252.992350  0.078911  -0.039871  8.010000  0.060000
1  -0.366219  -0.366219  159.193910  0.018642  0.088980  -252.283373  0.085744  0.091872  12.620000  0.060000
1  -0.367831  -0.367831  159.163899  0.020373  0.138453  -251.571397  0.087786  0.141349  12.620000  0.060000
1  -0.369088  -0.369088  159.207043  0.017710  0.037533  -250.852744  0.085429  0.040397  14.390000  0.080000
1  -0.370061  -0.370857  159.163718  0.010919  -0.034795  -250.155489  0.078935  -0.031970  14.670000  0.090000
1  -0.368348  -0.368348  159.185840  0.012251  -0.037153  -249.449258  0.080562  -0.034390  13.990000  0.100000
1  -0.364836  -0.364836  159.196181  0.004261  -0.153099  -248.750020  0.072870  -0.150307  11.370000  0.110000
1  -0.368277  -0.368277  159.228059  0.008256  -0.131747  -248.043264  0.077155  -0.129010  8.090000  0.130000
1  -0.370937  -0.370937  159.210448  0.007590  -0.131299  -247.344677  0.076772  -0.128654  2.650000  0.150000
1  -0.368324  -0.368618  159.188713  0.010786  -0.064081  -246.647553  0.080252  -0.061441  356.040009  0.150000
1  -0.366433  -0.366433  159.159864  0.014514  0.007349  -245.952022  0.084257  0.009920  346.380005  0.160000
1  -0.367659  -0.367659  159.099611  0.010786  -0.024021  -245.259524  0.080803  -0.021454  345.220001  0.170000
1  -0.369316  -0.369316  159.125954  0.010386  -0.089072  -244.554913  0.080679  -0.086500  337.000000  0.190000
1  -0.369295  -0.369295  159.111634  0.016245  0.045252  -243.859652  0.086807  0.047765  331.570007  0.230000
1  -0.367772  -0.367915  159.144066  0.010253  -0.058806  -243.161634  0.081083  -0.056287  332.980011  0.270000
1  -0.366145  -0.366145  159.171761  0.013449  -0.076357  -242.459210  0.084541  -0.073893  333.089996  0.280000
1  -0.366820  -0.366820  159.179126  0.020373  0.106540  -241.768472  0.091726  0.108963  332.869995  0.290000
1  -0.369109  -0.369109  159.171389  0.013183  -0.040596  -241.080823  0.084787  -0.038259  334.279999  0.310000
1  -0.368821  -0.368821  159.149459  0.007590  -0.092849  -240.411252  0.079449  -0.090483  340.320007  0.320000
1  -0.367328  -0.367409  159.131052  0.015713  0.033308  -239.719316  0.087818  0.035618  346.260010  0.330000
1  -0.368333  -0.368333  159.104253  0.005726  -0.138051  -239.018447  0.078082  -0.135729  351.000000  0.330000
1  -0.368962  -0.368962  159.099818  0.019574  0.117016  -238.341348  0.092167  0.119293  355.600006  0.330000
1  -0.369348  -0.369348  159.132823  0.009987  -0.084298  -237.665062  0.082820  -0.082033  1.400000  0.330000
1  -0.368247  -0.368247  159.134217  0.009587  -0.102230  -236.983963  0.082652  -0.100052  6.740000  0.340000
1  -0.366639  -0.366568  159.129042  0.016245  0.046138  -236.308160  0.089541  0.048290  11.360000  0.350000
1  -0.367416  -0.367416  159.151612  0.017577  0.072987  -235.630003  0.091099  0.075123  15.180000  0.370000
1  -0.367192  -0.367192  159.192690  0.011984  -0.060628  -234.941875  0.085732  -0.058527  18.600000  0.390000
1  -0.368084  -0.368084  159.215784  0.012384  -0.042343  -234.259957  0.086352  -0.040297  18.670000  0.400000
1  -0.368863  -0.368863  159.193370  0.016512  0.011540  -233.589940  0.090693  0.013523  18.809999  0.400000
1  -0.367765  -0.365628  159.187919  0.021438  0.126262  -232.919196  0.095831  0.128230  19.000000  0.390000
1  -0.368559  -0.368559  159.186189  0.014248  0.011570  -232.254841  0.088848  0.013532  19.230000  0.370000
1  -0.371961  -0.371961  159.166291  0.021838  0.120608  -231.582755  0.096641  0.122460  19.570000  0.350000
1  -0.369653  -0.369653  159.189000  0.019707  0.051290  -230.911208  0.094710  0.053178  19.990000  0.350000
1  -0.368253  -0.368253  159.164451  0.009188  -0.112470  -230.248509  0.084381  -0.110672  20.969999  0.330000
1  -0.366151  -0.366403  159.163575  0.022504  0.155796  -229.591876  0.097887  0.157571  21.510000  0.330000
1  -0.368735  -0.368735  159.136574  0.017577  0.081586  -228.941224  0.093144  0.083321  21.510000  0.330000
1  -0.368773  -0.368773  159.134458  0.012117  0.009737  -228.291614  0.087870  0.011467  46.980000  0.330000
1  -0.369379  -0.369379  159.124199  0.011851  0.010338  -227.647858  0.087785  0.012015  47.619999  0.340000
1  -0.366946  -0.366946  159.155795  0.010919  -0.072079  -227.002182  0.087027  -0.070430  47.889999  0.330000
1  -0.367560  -0.367499  159.208888  0.006924  -0.187801  -226.317951  0.083212  -0.186174  48.220001  0.330000
1  -0.369916  -0.369916  159.226261  0.019308  0.124048  -225.675140  0.095764  0.125633  48.230000  0.320000
1  -0.369549  -0.369549  159.181944  0.012117  -0.046845  -225.030526  0.088730  -0.045365  48.740002  0.320000
1  -0.367985  -0.367985  159.162532  0.016778  0.030749  -224.391972  0.093546  0.032208  48.740002  0.320000
1  -0.367110  -0.367110  159.185485  0.022637  0.165040  -223.788649  0.099551  0.166464  50.509998  0.290000
1  -0.367547  -0.368000  159.158633  0.014115  -0.036932  -223.117893  0.091183  -0.035560  49.779999  0.290000
1  -0.369191  -0.369191  159.171574  0.009055  -0.136502  -222.476280  0.086267  -0.135157  49.410000  0.290000
1  -0.370148  -0.370148  159.141115  0.014115  0.017402  -221.864230  0.091463  0.018668  49.439999  0.290000
1  -0.367236  -0.367236  159.170133  0.022903  0.191052  -221.236166  0.100388  0.192339  49.119999  0.290000
1  -0.367389  -0.367389  159.158890  0.009587  -0.103155  -220.617579  0.087201  -0.101949  48.840000  0.290000
1  -0.368872  -0.369010  159.119285  0.006392  -0.110733  -220.009143  0.084128  -0.109602  48.080002  0.290000
1  -0.369651  -0.369651  159.143892  0.011718  -0.051585  -219.388629  0.089577  -0.050467  46.680000  0.290000
1  -0.369452  -0.369452  159.136439  0.013316  -0.011697  -218.771160  0.091293  -0.010596  46.330002  0.290000
1  -0.367547  -0.367547  159.135746  0.014115  0.031776  -218.168604  0.092205  0.032849  46.340000  0.300000
1  -0.367317  -0.367317  159.149512  0.015313  -0.010567  -217.548461  0.093514  -0.009527  46.480000  0.310000
