1  -0.370128  -0.369877  -nan  0.017311  0.019260  5.659275  0.022473  0.022136  8365602188350917242262174632509124917895593726895287821252108160644402503668421454364134671406497446161135007198465371277616521057534890606560780261374781780722879852131177348720799296560497746889802127726125413775600769330365367341384666724081462122183829135294464.000000  7609407630916196904510896529656008498591029205051394772902017453344485304700819438115806361845221792353310344133963143387671332158479151883453971706551959406735399171121015226253866805783891093323189395466164817645773398770313149934099322480649568453040257588264960.000000
1  -0.367404  -0.367404  -nan  0.007856  -0.151557  6.018332  0.013330  -0.148674  8365602188350917242262174632509124917895593726895287821252108160644402503668421454364134671406497446161135007198465371277616521057534890606560780261374781780722879852131177348720799296560497746889802127726125413775600769330365367341384666724081462122183829135294464.000000  7609407630916196904510896529656008498591029205051394772902017453344485304700819438115806361845221792353310344133963143387671332158479151883453971706551959406735399171121015226253866805783891093323189395466164817645773398770313149934099322480649568453040257588264960.000000
1  -0.367140  -0.367140  -nan  0.013715  -0.026743  6.376325  0.019500  -0.023810  228.619995  0.100000
1  -0.368528  -0.368528  -nan  0.018775  0.044241  6.752464  0.024877  0.047187  229.009995  0.100000
1  -0.368063  -0.368063  -nan  0.011185  -0.077973  7.128398  0.017614  -0.074929  228.789993  0.100000
1  -0.365475  -0.365791  nan  0.006525  -0.175501  7.507487  0.013279  -0.172463  228.360001  0.100000
1  -0.367008  -0.367008  -nan  0.014248  0.009393  7.883077  0.021334  0.012537  227.880005  0.100000
1  -0.369175  -0.369175  -nan  0.007191  -0.179898  8.273116  0.014609  -0.176821  227.389999  0.100000
1  -0.368724  -0.368724  nan  0.016112  -0.000764  8.660634  0.023862  0.002321  227.179993  0.100000
1  -0.366721  -0.366721  nan  0.006392  -0.135260  9.046223  0.014484  -0.132135  226.669998  0.100000
1  -0.367359  -0.366879  nan  0.014115  -0.046882  9.456669  0.022558  -0.043581  225.850006  0.100000
1  -0.365569  -0.365569  nan  0.012251  -0.037751  9.850157  0.021037  -0.034556  224.820007  0.100000
1  -0.370152  -0.370152  nan  0.015713  0.088408  10.240645  0.024853  0.091709  223.660004  0.100000
1  -0.369098  -0.369098  nan  0.016245  0.071848  10.651480  0.025749  0.075161  222.740005  0.100000
1  -0.365828  -0.365828  -nan  0.010786  -0.035870  11.056286  0.020646  -0.032499  222.479996  0.100000
1  -0.367231  -0.367147  nan  0.015313  0.083140  11.462794  0.025537  0.086551  222.389999  0.100000
1  -0.366557  -0.366557  -nan  0.017444  0.063643  11.885632  0.028035  0.067056  222.289993  0.100000
1  -0.368444  -0.368444  nan  0.009721  -0.037038  12.309962  0.020694  -0.033504  222.300003  0.100000
1  -0.368699  -0.368699  nan  0.014248  -0.008640  12.745691  0.025590  -0.005146  222.119995  0.100000
1  -0.367931  -0.367931  nan  0.011851  -0.042680  13.181019  0.023571  -0.039173  222.199997  0.100000
1  -0.366174  -0.366451  nan  0.019841  0.112199  13.639178  0.031947  0.115805  222.089996  0.100000
1  -0.364202  -0.364202  nan  0.010253  -0.042864  14.097519  0.022749  -0.039210  221.910004  0.100000
1  -0.367473  -0.367473  nan  0.002397  -0.173770  14.559530  0.015296  -0.170038  221.919998  0.100000
1  -0.371896  -0.371896  nan  0.013982  0.043904  15.010435  0.027262  0.047507  222.190002  0.100000
1  -0.367942  -0.367942  nan  0.009188  -0.015244  15.453420  0.022859  -0.011518  223.699997  0.010000
1  -0.366945  -0.366945  -nan  0.007856  -0.144630  15.911039  0.021905  -0.140883  0.000000  0.000000
1  -0.366971  -0.366971  -nan  0.014381  -0.003758  16.416273  0.028846  -0.000000  0.000000  0.000000
1  -0.367243  -0.367243  -nan  0.009188  -0.059471  16.904546  0.024065  -0.055682  0.000000  0.000000
1  -0.367902  -0.367902  -nan  0.006525  -0.105531  17.388159  0.021808  -0.101743  79.080002  0.000000
1  -0.368425  -0.368425  -nan  0.013049  -0.030605  17.885478  0.028742  -0.026807  85.260002  0.000000
1  -0.364222  -0.364222  nan  0.018376  0.126923  18.382332  0.034483  0.130801  79.750000  0.000000
1  -0.366629  -0.366629  -nan  0.008922  -0.067893  18.886569  0.025442  -0.063986  78.290001  0.000000
1  -0.367721  -0.367930  nan  0.013449  0.022898  19.390614  0.030385  0.026794  60.180000  0.000000
1  -0.368441  -0.368441  -nan  0.016645  0.073404  19.907360  0.033995  0.077295  50.380001  0.000000
1  -0.368464  -0.368464  nan  0.010253  -0.034948  20.428013  0.028019  -0.031062  3.460000  0.000000
1  -0.366973  -0.366973  -nan  0.014381  0.045017  20.937851  0.032561  0.048861  0.000000  0.000000
1  -0.366284  -0.366284  nan  0.012517  -0.054524  21.492706  0.031120  -0.050563  0.000000  0.000000
1  -0.367655  -0.367199  -nan  0.021305  0.090281  22.050157  0.040330  0.094203  5.300000  0.000000
1  -0.369668  -0.369668  nan  0.000932  -0.264183  22.602919  0.020379  -0.260230  4.450000  0.000000
1  -0.369888  -0.369888  nan  0.022104  0.116809  23.165567  0.041967  0.120718  0.000000  0.000000
1  -0.367041  -0.367041  -nan  0.007324  -0.119701  23.713575  0.027610  -0.115718  0.000000  0.000000
1  -0.366073  -0.366073  nan  0.015313  0.006082  24.295075  0.036035  0.010063  0.000000  0.000000
1  -0.367587  -0.367716  -nan  0.012783  -0.032370  24.850739  0.033924  -0.028448  0.000000  0.000000
1  -0.369132  -0.369132  nan  0.017177  0.036969  25.417601  0.038739  0.040927  0.000000  0.000000
1  -0.367947  -0.367947  -nan  0.020373  0.096291  25.992431  0.042358  0.100260  0.000000  0.000000
1  -0.367069  -0.367069  nan  0.010519  -0.064755  26.554255  0.032918  -0.060865  0.000000  0.000000
1  -0.367341  -0.367341  nan  0.012117  -0.085398  27.147875  0.034943  -0.081420  0.000000  0.000000
1  -0.365390  -0.365599  nan  0.017044  0.052249  27.726996  0.040288  0.056215  0.000000  0.000000
1  -0.369134  -0.369134  nan  0.025833  0.232686  28.308074  0.049497  0.236638  0.000000  0.000000
1  -0.368415  -0.368415  nan  0.016112  0.016701  28.914966  0.040210  0.020709  0.000000  0.000000
1  -0.366010  -0.366010  -nan  0.026632  0.230830  29.525287  0.051167  0.234853  0.000000  0.000000
1  -0.367330  -0.367330  -nan  0.014914  0.011368  30.102968  0.039863  0.015312  0.000000  0.000000
1  -0.367662  -0.368029  -nan  0.021438  0.085407  30.716122  0.046807  0.089332  0.000000  0.000000
1  -0.367104  -0.367104  nan  0.020240  0.096390  31.331754  0.046036  0.100339  0.000000  0.000000
1  -0.368467  -0.368467  nan  0.018109  0.067605  31.936980  0.044333  0.071473  354.540009  0.000000
1  -0.366355  -0.366355  nan  0.010786  -0.070894  32.541358  0.037432  -0.066888  358.179993  0.000000
1  -0.366121  -0.366121  -nan  0.006125  -0.170101  33.141613  0.033187  -0.166277  359.709991  0.000000
1  -0.368369  -0.366921  -nan  0.018642  0.063427  33.758295  0.046133  0.067427  355.450012  0.000000
1  -0.368991  -0.368991  -nan  0.014115  -0.033920  34.400458  0.042033  -0.030071  351.119995  0.000000
1  -0.368031  -0.368031  -nan  0.011984  -0.040090  34.995720  0.040310  -0.036193  340.480011  0.000000
1  -0.367546  -0.367546  nan  0.006258  -0.163484  35.620631  0.035013  -0.159459  330.950012  0.000000
1  -0.365958  -0.365958  nan  0.004661  -0.146125  36.236203  0.033846  -0.142093  324.679993  0.010000
1  -0.367717  -0.367327  -nan  0.018908  0.059371  36.887088  0.048526  0.063379  320.519989  0.010000
1  -0.368241  -0.368241  -nan  0.013049  -0.058851  37.511108  0.043078  -0.055001  316.309998  0.010000
1  -0.366860  -0.366860  nan  0.017177  0.050077  38.136703  0.047627  0.054013  312.779999  0.010000
1  -0.366348  -0.366348  -nan  0.024901  0.199203  38.775881  0.055776  0.203072  310.660004  0.010000
1  -0.364558  -0.364558  -nan  0.022237  0.147932  39.410259  0.053533  0.151857  309.339996  0.010000
1  -0.367338  -0.367338  nan  0.011452  -0.065757  40.041776  0.043159  -0.061825  309.309998  0.010000
1  -0.370202  -0.370202  nan  0.015313  0.057921  40.682393  0.047449  0.061886  308.820007  0.010000
1  -0.369189  -0.369189  -nan  0.014115  -0.026117  41.331137  0.046671  -0.022170  308.220001  0.010000
1  -0.365902  -0.365902  -nan  0.013449  0.004760  41.962864  0.046427  0.008717  307.579987  0.010000
1  -0.366512  -0.366512  -nan  0.010653  -0.065507  42.597062  0.044043  -0.061599  310.329987  0.010000
1  -0.368390  -0.368467  nan  0.021971  0.145624  43.245233  0.055780  0.149582  313.320007  0.010000
1  -0.369514  -0.369514  -nan  0.009321  -0.097018  43.896707  0.043547  -0.093064  315.459991  0.010000
1  -0.367696  -0.367696  -nan  0.026632  0.171390  44.564086  0.061276  0.175274  316.920013  0.010000
1  -0.365603  -0.365603  -nan  0.011718  -0.023102  45.199776  0.046775  -0.019187  318.010010  0.010000
1  -0.366163  -0.366163  nan  0.012251  -0.080542  45.863263  0.047718  -0.076751  318.600006  0.010000
1  -0.367511  -0.367438  nan  0.013449  -0.057713  46.519212  0.049316  -0.053930  319.470001  0.010000
1  -0.367890  -0.367890  nan  0.016911  0.059812  47.164888  0.053184  0.063577  319.839996  0.010000
1  -0.369419  -0.369419  -nan  0.020639  0.106224  47.816332  0.057312  0.109953  320.980011  0.010000
1  -0.367860  -0.367860  nan  0.008522  -0.126920  48.475609  0.045599  -0.123120  322.369995  0.010000
1  -0.366503  -0.366503  nan  0.017044  0.072640  49.127000  0.054519  0.076370  324.619995  0.010000
1  -0.368093  -0.369832  nan  0.022637  0.175395  49.781935  0.060523  0.179220  325.950012  0.010000
1  -0.369354  -0.369354  nan  0.021971  0.162840  50.436792  0.060264  0.166672  327.829987  0.010000
1  -0.365496  -0.365496  nan  0.014514  0.010474  51.095094  0.053209  0.014258  330.799988  0.010000
1  -0.367160  -0.367160  nan  0.012517  -0.025557  51.764336  0.051620  -0.021841  331.500000  0.010000
1  -0.366376  -0.366376  -nan  0.007723  -0.107394  52.417161  0.047230  -0.103596  332.410004  0.010000
1  -0.367378  -0.367416  nan  0.015446  0.002666  53.087132  0.055348  0.006346  333.489990  0.010000
1  -0.370083  -0.370083  -nan  0.015979  -0.008295  53.753835  0.056275  -0.004642  334.570007  0.010000
1  -0.367008  -0.366685  -nan  0.020639  0.101418  54.420776  0.061330  0.105092  335.559998  0.010000
1  -0.365551  -0.365551  -nan  0.015846  0.057277  55.072746  0.056924  0.060905  336.880005  0.010000
1  -0.367611  -0.367611  nan  0.016911  0.077302  55.721347  0.058377  0.080937  337.760010  0.010000
1  -0.369190  -0.369141  nan  0.007457  -0.089063  56.380926  0.049313  -0.085517  338.399994  0.010000
1  -0.369122  -0.369122  nan  0.007324  -0.127865  57.042673  0.049567  -0.124238  339.299988  0.010000
1  -0.367498  -0.367498  nan  0.017976  0.052406  57.720152  0.060605  0.056015  340.329987  0.010000
1  -0.365702  -0.365702  nan  0.011718  -0.078060  58.386679  0.054728  -0.074497  341.429993  0.010000
1  -0.367608  -0.367608  -nan  0.014781  -0.017176  59.057656  0.058166  -0.013670  342.079987  0.010000
1  -0.368539  -0.368545  -nan  0.014647  0.055617  59.716443  0.058416  0.059170  342.329987  0.010000
1  -0.368594  -0.368594  -nan  0.014647  -0.014316  60.394536  0.058795  -0.010767  342.459991  0.010000
1  -0.366248  -0.366248  -nan  0.021705  0.169836  61.047785  0.066224  0.173289  342.489990  0.010000
1  -0.367496  -0.367496  -nan  0.019308  0.111413  61.709218  0.064200  0.114891  340.609985  0.020000
1  -0.367194  -0.367194  -nan  0.009854  -0.092668  62.375273  0.055117  -0.089230  339.000000  0.020000
1  -0.369788  -0.369951  -nan  0.007457  -0.124897  63.038070  0.053090  -0.121404  337.880005  0.020000
1  -0.368030  -0.368030  nan  0.019841  0.060476  63.725726  0.065847  0.063909  337.339996  0.020000
1  -0.366059  -0.366059  -nan  0.000666  -0.301673  64.390583  0.047033  -0.298256  337.480011  0.020000
1  -0.366879  -0.366879  nan  0.016378  0.021894  65.045716  0.063099  0.025239  337.970001  0.020000
1  -0.366529  -0.366529  nan  0.023170  0.172416  65.712683  0.070248  0.175778  338.299988  0.020000
1  -0.367927  -0.367789  nan  0.012251  -0.059673  66.383788  0.059691  -0.056290  338.059998  0.020000
1  -0.369005  -0.369005  nan  0.019841  0.099685  67.039035  0.067635  0.103022  338.089996  0.020000
1  -0.366663  -0.366663  -nan  0.017177  0.075803  67.694045  0.065324  0.079110  338.450012  0.020000
1  -0.366017  -0.366017  nan  0.013316  -0.015593  68.361545  0.061813  -0.012329  338.420013  0.020000
1  -0.366486  -0.366486  nan  0.014781  0.003134  69.040436  0.063632  0.006402  338.049988  0.020000
1  -0.367783  -0.367216  nan  0.015446  0.103171  69.675012  0.064642  0.106440  337.540009  0.030000
1  -0.369630  -0.369630  nan  0.006924  -0.160674  70.343983  0.056462  -0.157435  336.739990  0.030000
1  -0.367295  -0.367295  nan  0.017044  0.052742  70.994036  0.066922  0.055883  335.730011  0.030000
1  -0.364953  -0.364953  nan  0.014781  0.035333  71.652340  0.065003  0.038574  335.279999  0.030000
1  -0.366534  -0.366534  -nan  0.012517  -0.021902  72.314188  0.063079  -0.018733  335.029999  0.030000
1  -0.368852  -0.368852  nan  0.012251  -0.077843  72.997773  0.063153  -0.074750  334.489990  0.030000
1  -0.370036  -0.370036  -nan  0.016512  0.040253  73.654824  0.067747  0.043353  334.149994  0.030000
1  -0.366840  -0.366840  -nan  0.011452  -0.031210  74.289575  0.063007  -0.028177  333.739990  0.030000
1  -0.363975  -0.363975  -nan  0.012916  -0.009202  74.953721  0.064800  -0.006209  332.760010  0.030000
1  -0.367641  -0.367641  nan  0.007191  -0.070564  75.585215  0.059392  -0.067564  332.220001  0.030000
1  -0.367885  -0.368193  -nan  0.013316  -0.024368  76.239350  0.065833  -0.021342  331.630005  0.030000
1  -0.367155  -0.367155  -nan  0.012117  0.018080  76.889163  0.064957  0.021040  331.309998  0.030000
1  -0.367652  -0.367652  -nan  0.019441  0.100682  77.538088  0.072591  0.103623  330.720001  0.030000
1  -0.367513  -0.367513  nan  0.008922  -0.106759  78.186759  0.062384  -0.103821  330.489990  0.040000
1  -0.367062  -0.367062  nan  0.008655  -0.129090  78.852787  0.062430  -0.126200  330.320007  0.040000
1  -0.370430  -0.370430  nan  0.009321  -0.135833  79.514176  0.063403  -0.132956  329.839996  0.040000
1  -0.368874  -0.368874  nan  0.027830  0.286870  80.137410  0.082208  0.289631  329.369995  0.040000
1  -0.367269  -0.367269  -nan  0.019175  0.070206  80.813560  0.073862  0.073041  328.869995  0.040000
1  -0.366628  -0.366628  -nan  0.014248  0.033487  81.435584  0.069227  0.036251  328.630005  0.040000
1  -0.365625  -0.365625  nan  0.020506  0.130712  82.077227  0.075782  0.133499  328.890015  0.040000
1  -0.366693  -0.367088  nan  0.016245  0.040089  82.724725  0.071818  0.042882  329.359985  0.040000
1  -0.368483  -0.368483  -nan  0.010253  -0.099334  83.399063  0.066126  -0.096645  329.600006  0.040000
1  -0.365917  -0.365917  nan  0.006125  -0.142815  84.007957  0.062273  -0.140151  329.750000  0.040000
1  -0.365636  -0.365814  -nan  0.025300  0.167484  84.681463  0.081739  0.170088  329.920013  0.040000
1  -0.366544  -0.366544  nan  0.009987  -0.097530  85.331789  0.066706  -0.094912  330.200012  0.040000
1  -0.368363  -0.368363  nan  0.006392  -0.086298  85.953437  0.063391  -0.083686  330.220001  0.050000
1  -0.369075  -0.369075  -nan  0.019574  0.051626  86.595074  0.076842  0.054125  330.220001  0.050000
1  -0.367735  -0.367735  -nan  0.013715  -0.036873  87.240920  0.071254  -0.034331  330.109985  0.050000
1  -0.365514  -0.365753  -nan  0.007057  -0.111237  87.864117  0.064862  -0.108766  330.040009  0.050000
1  -0.367107  -0.367107  -nan  0.016112  0.054865  88.485444  0.074177  0.057320  329.940002  0.050000
1  -0.367273  -0.367273  -nan  0.025833  0.187153  89.127309  0.084160  0.189638  329.309998  0.050000
1  -0.370242  -0.371926  -nan  0.018642  0.051234  89.766271  0.077231  0.053652  328.380005  0.050000
1  -0.367862  -0.367862  nan  0.013316  -0.000519  90.394399  0.072158  0.001833  327.700012  0.050000
1  -0.364360  -0.365311  nan  0.019707  0.096245  91.025216  0.078801  0.098582  326.940002  0.050000
1  -0.365759  -0.365759  -nan  0.012916  0.017933  91.640276  0.072266  0.020346  326.279999  0.050000
1  -0.368352  -0.368352  nan  0.008655  -0.048106  92.246360  0.068248  -0.045795  325.859985  0.050000
1  -0.368288  -0.368288  nan  0.019707  0.178817  92.842888  0.079538  0.181035  325.279999  0.050000
1  -0.367744  -0.367744  nan  0.019441  0.113549  93.461398  0.079507  0.115743  324.600006  0.060000
1  -0.367067  -0.367067  nan  0.027031  0.233429  94.078662  0.087329  0.235613  323.089996  0.060000
1  -0.365389  -0.365389  -nan  0.006258  -0.130513  94.694422  0.066787  -0.128336  321.399994  0.060000
1  -0.369753  -0.369753  nan  0.012650  -0.025376  95.311584  0.073407  -0.023243  319.839996  0.060000
1  -0.368221  -0.367974  nan  0.003995  -0.189296  95.924480  0.064976  -0.187202  318.459991  0.060000
1  -0.368737  -0.368737  nan  0.014914  0.046786  96.522411  0.076116  0.048865  317.489990  0.060000
1  -0.368231  -0.368231  -nan  0.005459  -0.143554  97.040451  0.066843  -0.141552  316.489990  0.060000
1  -0.364912  -0.364912  -nan  0.010919  -0.013969  97.717034  0.072544  -0.012061  315.420013  0.070000
1  -0.367668  -0.367668  nan  0.018509  0.121409  98.304946  0.080344  0.123389  314.260010  0.070000
1  -0.369997  -0.370058  nan  0.006924  -0.104262  98.892848  0.068962  -0.102355  313.059998  0.070000
1  -0.367158  -0.367158  nan  0.007590  -0.124584  99.493922  0.069830  -0.122709  311.700012  0.070000
1  -0.366061  -0.366061  -nan  0.016112  0.057419  100.089994  0.078552  0.059283  310.359985  0.070000
1  -0.365106  -0.365106  -nan  0.015047  -0.013592  100.684389  0.077680  -0.011771  309.079987  0.070000
1  -0.368374  -0.368374  -nan  0.027164  0.225514  101.279545  0.089993  0.227345  307.929993  0.070000
1  -0.370700  -0.370362  nan  0.013049  -0.032185  101.878571  0.076066  -0.030443  307.459991  0.070000
1  -0.367609  -0.367609  nan  0.011718  -0.012818  102.455538  0.074920  -0.011093  307.359985  0.070000
1  -0.366652  -0.366652  nan  0.018376  0.075639  103.040301  0.081755  0.077307  307.190002  0.070000
1  -0.365592  -0.365592  nan  0.021705  0.131292  103.628897  0.085262  0.132957  307.070007  0.080000
1  -0.368696  -0.368696  nan  0.013183  -0.009796  104.216966  0.076916  -0.008187  306.929993  0.080000
1  -0.368409  -0.367848  nan  0.014248  0.035126  104.776040  0.078139  0.036651  306.440002  0.080000
1  -0.367906  -0.367906  nan  0.018509  0.080377  105.355633  0.082564  0.081887  306.309998  0.080000
1  -0.363177  -0.363177  -nan  0.011052  -0.021464  105.916137  0.075262  -0.019982  305.769989  0.080000
1  -0.365262  -0.365262  -nan  0.014381  0.001557  106.498962  0.078751  0.003025  305.149994  0.080000
1  -0.369189  -0.369189  -nan  0.008256  -0.113893  107.068060  0.072777  -0.112474  304.859985  0.080000
1  -0.367819  -0.367760  nan  0.013049  -0.015085  107.638110  0.077719  -0.013699  304.269989  0.080000
1  -0.368195  -0.368195  nan  0.007457  -0.116660  108.191596  0.072267  -0.115337  303.730011  0.080000
1  -0.366967  -0.366967  nan  0.007989  -0.072202  108.742609  0.072941  -0.070865  303.179993  0.080000
1  -0.365821  -0.365821  nan  0.020506  0.128898  109.299086  0.085592  0.130165  302.750000  0.080000
1  -0.367251  -0.367251  nan  0.007590  -0.064181  109.843401  0.072808  -0.062950  302.369995  0.080000
1  -0.368718  -0.368660  -nan  0.014647  0.021768  110.389753  0.079991  0.022955  302.010010  0.080000
1  -0.368764  -0.368764  -nan  0.015846  0.045688  110.933609  0.081313  0.046849  301.750000  0.090000
1  -0.365479  -0.365479  nan  -0.000133  -0.261730  111.491991  0.065459  -0.260596  301.410004  0.090000
1  -0.364133  -0.364133  nan  0.009321  -0.145114  112.046633  0.075031  -0.144013  301.059998  0.090000
1  -0.367390  -0.367390  -nan  0.015713  0.023051  112.590859  0.081538  0.024143  300.649994  0.090000
1  -0.369478  -0.369786  -nan  0.006525  -0.120192  113.143535  0.072462  -0.119161  300.290009  0.090000
1  -0.368168  -0.368168  -nan  0.010253  -0.111617  113.683593  0.076288  -0.110687  300.149994  0.090000
1  -0.366178  -0.366178  -nan  0.008922  -0.107818  114.220961  0.075056  -0.106927  300.109985  0.090000
1  -0.366897  -0.366897  -nan  0.010120  -0.093816  114.776838  0.076347  -0.092939  300.160004  0.090000
1  -0.366002  -0.366002  nan  0.012384  -0.031688  115.290176  0.078700  -0.030863  300.170013  0.090000
1  -0.369351  -0.369206  -nan  0.021438  0.086557  115.834037  0.087840  0.087347  300.250000  0.090000
1  -0.369017  -0.369017  nan  0.009587  -0.105413  116.372433  0.076066  -0.104680  300.369995  0.090000
1  -0.368669  -0.368669  -nan  0.020107  0.082276  116.903087  0.086666  0.082979  300.730011  0.090000
1  -0.367251  -0.367251  nan  0.004261  -0.170621  117.404524  0.070891  -0.169939  301.049988  0.090000
1  -0.365283  -0.365283  nan  0.010519  -0.057946  117.915819  0.077217  -0.057312  301.390015  0.090000
1  -0.368127  -0.367886  nan  0.015713  0.022830  118.428397  0.082471  0.023417  301.790009  0.100000
1  -0.367771  -0.367771  -nan  0.009854  -0.090097  118.931222  0.076668  -0.089551  301.929993  0.100000
1  -0.366265  -0.366265  -nan  0.014914  -0.019369  119.438819  0.081781  -0.018885  301.579987  0.100000
1  -0.366444  -0.366444  nan  0.018642  0.062773  119.963009  0.085566  0.063304  301.179993  0.100000
1  -0.364140  -0.364140  -nan  0.012517  -0.045844  120.451877  0.079482  -0.045439  299.970001  0.100000
1  -0.368254  -0.368042  nan  0.011052  -0.060760  120.952815  0.078062  -0.060343  298.660004  0.100000
1  -0.369532  -0.369532  nan  0.009055  -0.075712  121.445062  0.076104  -0.075385  297.279999  0.090000
1  -0.367583  -0.367583  -nan  0.015446  -0.006193  121.935435  0.082524  -0.005906  296.059998  0.090000
1  -0.364098  -0.364098  -nan  0.018642  0.078816  122.414036  0.085742  0.079015  294.709991  0.090000
1  -0.366358  -0.366358  nan  0.007191  -0.153081  122.900800  0.074315  -0.152859  293.440002  0.090000
1  -0.368826  -0.368730  -nan  0.010519  -0.077959  123.399169  0.077660  -0.077820  291.989990  0.090000
1  -0.366963  -0.366963  nan  0.013316  -0.042299  123.873857  0.080468  -0.042204  290.619995  0.090000
1  -0.367978  -0.367978  nan  0.013982  0.000277  124.351255  0.081140  0.000376  289.239990  0.090000
1  -0.362287  -0.362960  -nan  0.019175  0.091352  124.831335  0.086339  0.091405  287.720001  0.090000
1  -0.366296  -0.366296  -nan  -0.000533  -0.293197  125.299907  0.066631  -0.293179  286.739990  0.100000
1  -0.369230  -0.369230  -nan  0.016112  0.036771  125.756667  0.083268  0.036711  285.790009  0.100000
1  -0.367910  -0.367910  -nan  0.014647  0.005520  126.218107  0.081795  0.005446  284.850006  0.100000
1  -0.367625  -0.367625  -nan  0.008655  -0.139665  126.683904  0.075792  -0.139770  283.959991  0.100000
1  -0.366076  -0.366761  -nan  0.010253  -0.040744  127.127732  0.077371  -0.040927  282.980011  0.100000
1  -0.365905  -0.365905  -nan  0.017710  0.078084  127.566732  0.084803  0.077859  281.970001  0.100000
1  -0.369054  -0.369054  -nan  0.015579  0.082246  128.004181  0.082646  0.081981  280.880005  0.100000
1  -0.368224  -0.368224  -nan  0.023436  0.161999  128.451395  0.090474  0.161696  279.760010  0.100000
1  -0.368746  -0.368746  -nan  0.020373  0.128277  128.890659  0.087381  0.128017  278.790009  0.110000
1  -0.366781  -0.366820  -nan  0.006258  -0.125261  129.315185  0.073226  -0.125646  277.679993  0.110000
1  -0.366518  -0.366518  -nan  0.006791  -0.166996  129.752441  0.073712  -0.167416  276.790009  0.110000
1  -0.367618  -0.367618  -nan  0.001198  -0.192047  130.158111  0.068072  -0.192483  275.809998  0.110000
1  -0.368287  -0.368287  nan  0.008922  -0.088990  130.584313  0.075747  -0.089432  274.920013  0.110000
1  -0.367776  -0.367776  nan  0.012916  0.024071  130.989806  0.079685  0.023526  274.040009  0.110000
1  -0.364805  -0.364805  -nan  0.015579  0.089775  131.393886  0.082284  0.089159  274.000000  0.120000
1  -0.366437  -0.366437  -nan  0.008655  -0.066822  131.802767  0.075294  -0.067438  273.880005  0.120000
1  -0.367712  -0.367864  -nan  0.006791  -0.102112  132.201789  0.073369  -0.102662  273.850006  0.120000
1  -0.369837  -0.369837  -nan  0.019042  0.103587  132.607164  0.085546  0.102878  273.720001  0.120000
1  -0.367988  -0.367988  -nan  0.006791  -0.199244  133.032069  0.073218  -0.199968  273.609985  0.120000
1  -0.364408  -0.364408  nan  0.013848  0.036171  133.416298  0.080194  0.035394  273.540009  0.120000
1  -0.366575 