
1   0.000000   0.000000 -15.159795 -15.159795       1

1   0.000000   0.000000 -15.159868 -15.159868       1

1   0.000000   0.000000 -15.158229 -15.158229       1

1   0.000000   0.000000 -15.158634 -15.158634       1

1   0.000000   0.000000 -15.159104 -15.159104       1

1   0.000000   0.000000 -15.158895 -15.158895       1

1   0.000000   0.000000 -15.158483 -15.158456       1

1   0.000000   0.000000 -15.159449 -15.159449       1

1   0.000000   0.000000 -15.159226 -15.159226       1

1   0.000000   0.000000 -15.158704 -15.158704       2

1   0.000000   0.000000 -15.159760 -15.159760       2

1   0.000000   0.000000 -15.159405 -15.159144       2

1   0.000000   0.000000 -15.158377 -15.158377       2

1   0.000000   0.000000 -15.158466 -15.158466       2

1   0.000000   0.000000 -15.159834 -15.159834       2

1   0.000000   0.000000 -15.157635 -15.157635       2

1   0.000000   0.000000 -15.159118 -15.159381       2

1   0.000000   0.000000 -15.159659 -15.159659       2

1   0.000000   0.000000 -15.158463 -15.158463       2

1   0.000000   0.000000 -15.158829 -15.158829       3

1   0.000000   0.000000 -15.158354 -15.158354       3

1   0.000000   0.000000 -15.159016 -15.158943       3

1   0.000000   0.000000 -15.158596 -15.158596       3

1   0.000000   0.000000 -15.159174 -15.159174       3

1   0.000000   0.000000 -15.159209 -15.159209       3

1   0.000000   0.000000 -15.159452 -15.159452       3

7   0.000000   0.000000 -15.159696 -15.158857       3

7   0.000000   0.000000 -15.159696 -15.158618       3

7   0.000000   0.000000 -15.159696 -15.158660       3

7   0.000000   0.000000 -15.159696 -15.160821       4

7   0.000000   0.000000 -15.159696 -15.158428       4

7   0.000000   0.000000 -15.159696 -15.158198       4

7   0.000000   0.000000 -15.159696 -15.158748       4

7   0.000000   0.000000 -15.159696 -15.159759       4

7   0.000000   0.000000 -15.159696 -15.158664       4

7   0.000000   0.000000 -15.159696 -15.157634       4

7   0.000000   0.000000 -15.159696 -15.159567       4

7   0.000000   0.000000 -15.159696 -15.160373       4

7   0.000000   0.000000 -15.159696 -15.158587       4

7   0.000000   0.000000 -15.159696 -15.158781       5

7   0.000000   0.000000 -15.159696 -15.160201       5

7   0.000000   0.000000 -15.159696 -15.159310       5

7   0.000000   0.000000 -15.159696 -15.158940       5

7   0.000000   0.000000 -15.159696 -15.159016       5

7   0.000000   0.000000 -15.159696 -15.159847       5

7   0.000000   0.000000 -15.159696 -15.158898       5

7   0.000000   0.000000 -15.159696 -15.159688       5

7   0.000000   0.000000 -15.159696 -15.159977       5

7   0.000000   0.000000 -15.159696 -15.157783       5

7   0.000000   0.000000 -15.159696 -15.159958       6

7   0.000000   0.000000 -15.159696 -15.158798       6

7   0.000000   0.000000 -15.159696 -15.158941       6

7   0.000000   0.000000 -15.159696 -15.159673       6

7   0.000000   0.000000 -15.159696 -15.160149       6

7   0.000000   0.000000 -15.159696 -15.158839       6

7   0.000000   0.000000 -15.159696 -15.158143       6

7   0.000000   0.000000 -15.159696 -15.157933       6

7   0.000000   0.000000 -15.159696 -15.159831       6

7   0.000000   0.000000 -15.159696 -15.158890       6

7   0.000000   0.000000 -15.159696 -15.159272       7

7   0.000000   0.000000 -15.159696 -15.160344       7

7   0.000000   0.000000 -15.159696 -15.161189       7

7   0.000000   0.000000 -15.159696 -15.158415       7

7   0.000000   0.000000 -15.159696 -15.158717       7

7   0.000000   0.000000 -15.159696 -15.159121       7

7   0.000000   0.000000 -15.159696 -15.159082       7

7   0.000000   0.000000 -15.159696 -15.158517       7

7   0.000000   0.000000 -15.159696 -15.158549       7

7   0.000000   0.000000 -15.159696 -15.157449       7

7   0.000000   0.000000 -15.159696 -15.157893       8

7   0.000000   0.000000 -15.159696 -15.159503       8

7   0.000000   0.000000 -15.159696 -15.157648       8

7   0.000000   0.000000 -15.159696 -15.158105       8

7   0.000000   0.000000 -15.159696 -15.158604       8

7   0.000000   0.000000 -15.159696 -15.160499       8

7   0.000000   0.000000 -15.159696 -15.159223       8

7   0.000000   0.000000 -15.159696 -15.159965       8

7   0.000000   0.000000 -15.159696 -15.159135       8

7   0.000000   0.000000 -15.159696 -15.159846       8

7   0.000000   0.000000 -15.159696 -15.158634       9

7   0.000000   0.000000 -15.159696 -15.159820       9

7   0.000000   0.000000 -15.159696 -15.158466       9

7   0.000000   0.000000 -15.159696 -15.159074       9

7   0.000000   0.000000 -15.159696 -15.158701       9

7   0.000000   0.000000 -15.159696 -15.159392       9

7   0.000000   0.000000 -15.159696 -15.157962       9

7   0.000000   0.000000 -15.159696 -15.160359       9

7   0.000000   0.000000 -15.159696 -15.159631       9

7   0.000000   0.000000 -15.159696 -15.159778       9

7   0.000000   0.000000 -15.159696 -15.159876       10

7   0.000000   0.000000 -15.159696 -15.160121       10

7   0.000000   0.000000 -15.159696 -15.159303       10

7   0.000000   0.000000 -15.159696 -15.159042       10

7   0.000000   0.000000 -15.159696 -15.159727       10

7   0.000000   0.000000 -15.159696 -15.159008       10

7   0.000000   0.000000 -15.159696 -15.158533       10

7   0.000000   0.000000 -15.159696 -15.158453       10

7   0.000000   0.000000 -15.159696 -15.159522       10

7   0.000000   0.000000 -15.159696 -15.159146       10

7   0.000000   0.000000 -15.159696 -15.159470       11

7   0.000000   0.000000 -15.159696 -15.162336       11

7   0.000000   0.000000 -15.159696 -15.159363       11

7   0.000000   0.000000 -15.159696 -15.159382       11

7   0.000000   0.000000 -15.159696 -15.158941       11

7   0.000000   0.000000 -15.159696 -15.160366       11

1   0.000000   0.000000 -15.159440 -15.159440       11

1   0.000000   0.000000 -15.159153 -15.159153       11

1   0.000000   0.000000 -15.159490 -15.159490       11

1   0.000000   0.000000 -15.158738 -15.158738       11

1   0.000000   0.000000 -15.159262 -15.159318       12

1   0.000000   0.000000 -15.158936 -15.158936       12

1   0.000000   0.000000 -15.159965 -15.159965       12

1   0.000000   0.000000 -15.158281 -15.158281       12

1   0.000000   0.000000 -15.159470 -15.159470       12

1   0.000000   0.000000 -15.160217 -15.160259       12

1   0.000000   0.000000 -15.158571 -15.158571       12

1   0.000000   0.000000 -15.158849 -15.158849       12

1   0.000000   0.000000 -15.159385 -15.159385       12

1   0.000000   0.000000 -15.160816 -15.160816       12

1   0.000000   0.000000 -15.157772 -15.157645       13

1   0.000000   0.000000 -15.159629 -15.159629       13

1   0.000000   0.000000 -15.159836 -15.159836       13

1   0.000000   0.000000 -15.158640 -15.158640       13

1   0.000000   0.000000 -15.158929 -15.158929       13

1   0.000000   0.000000 -15.159622 -15.159244       13

1   0.000000   0.000000 -15.158828 -15.158828       13

1   0.000000   0.000000 -15.158860 -15.158860       13

1   0.000000   0.000000 -15.159496 -15.159496       13

1   0.000000   0.000000 -15.159219 -15.159219       13

1   0.000000   0.000000 -15.159417 -15.159189       14
