6.972913  6.972913  0
6.972913  6.971991  0
6.972913  6.972899  0
6.972913  6.971373  0
6.972913  6.972186  0
6.972913  6.970948  0
6.972913  6.970783  0
6.972913  6.971498  0
6.972913  6.970348  0
6.972913  6.971195  0
6.972913  6.970727  0
6.972913  6.971066  0
6.972913  6.971048  0
6.972913  6.970404  0
6.972913  6.971996  0
6.972913  6.970500  0
6.972913  6.969524  0
6.972913  6.970317  0
6.972913  6.972380  0
6.972913  6.972155  0
6.972913  6.971667  0
6.972913  6.973021  0
6.972913  6.973162  0
6.972913  6.971128  0
6.972913  6.971202  0
6.972913  6.971222  0
6.972913  6.971370  0
6.972913  6.970495  0
6.972913  6.970304  0
6.972913  6.971667  0
6.972913  6.972984  0
6.972913  6.971452  0
6.972913  6.973058  0
6.972913  6.972327  0
6.972913  6.970788  0
6.972913  6.970075  0
6.972913  6.970335  0
6.972913  6.970679  0
6.972913  6.970918  0
6.972913  6.969388  0
6.972913  6.969980  0
6.972913  6.970481  0
6.972913  6.971385  0
6.972913  6.972026  0
6.972913  6.970906  0
6.972913  6.971745  0
6.972913  6.972308  0
6.972913  6.970994  0
6.972913  6.970294  0
6.972913  6.970373  0
6.972913  6.970228  0
6.972913  6.971637  0
6.972913  6.968955  0
6.972913  6.968957  0
6.972913  6.971696  0
6.972913  6.973277  0
6.972913  6.971699  0
6.972913  6.971803  0
6.972913  6.970050  0
6.972913  6.971518  0
6.972913  6.971611  0
6.972913  6.970538  0
6.972913  6.971822  0
6.972913  6.972262  0
6.972913  6.971521  0
6.972913  6.971593  0
6.972913  6.971391  0
6.972913  6.971581  0
6.972913  6.971460  0
6.972913  6.970709  0
6.972913  6.971170  0
6.972913  6.971494  0
6.972913  6.970922  0
6.972913  6.971024  0
6.972913  6.971153  0
6.972913  6.970864  0
6.972913  6.972716  0
6.972913  6.972252  0
6.972913  6.971128  0
6.972913  6.971416  0
6.972913  6.971033  0
6.972913  6.971941  0
6.972913  6.972190  0
6.972913  6.972144  0
6.972913  6.971855  0
6.972913  6.972495  0
6.972913  6.972751  0
6.972913  6.970569  0
6.972913  6.971162  0
6.972913  6.971643  0
6.972913  6.971870  0
6.972913  6.973713  0
6.972913  6.972624  0
6.972913  6.972655  0
6.972913  6.972877  0
6.972913  6.974131  0
6.972913  6.972555  0
6.972913  6.972793  0
6.972913  6.972372  0
6.972913  6.972144  0
6.972913  6.972120  0
6.972913  6.972416  0
6.972913  6.972642  0
6.972913  6.973799  0
6.972913  6.973745  0
6.972913  6.974349  0
6.972913  6.974386  0
6.972913  6.973597  0
6.972913  6.972980  0
6.972913  6.970332  0
6.972913  6.971127  0
6.972913  6.971302  0
6.972913  6.971078  0
6.972913  6.971829  0
6.972913  6.972061  0
6.972913  6.971195  0
6.972913  6.973221  0
6.972913  6.974004  0
6.972913  6.975244  0
6.972913  6.972786  0
6.972913  6.973237  0
6.972913  6.972422  0
6.972913  6.972781  0
6.972913  6.971137  0
6.972913  6.971830  0
6.972913  6.971905  0
6.972913  6.973147  0
6.972913  6.974312  0
6.972913  6.973875  0
6.972913  6.974443  0
6.972913  6.973969  0
6.972913  6.972415  0
6.972913  6.971520  0
6.972913  6.971724  0
6.972913  6.972032  0
6.972913  6.971766  0
6.972913  6.971430  0
6.972913  6.971760  0
6.972913  6.973755  0
6.972913  6.974386  0
6.972913  6.972650  0
6.972913  6.971764  0
6.972913  6.972918  0
6.972913  6.971534  0
6.972913  6.970513  0
6.972913  6.971197  0
6.972913  6.970629  0
6.972913  6.970873  0
6.972913  6.970988  0
6.972913  6.972369  0
6.972913  6.971874  0
6.972913  6.973075  0
6.972913  6.973128  0
6.972913  6.973105  0
6.972913  6.972291  0
6.972913  6.972691  0
6.972913  6.973357  0
6.972913  6.972390  0
6.972913  6.971560  0
6.972913  6.971963  0
6.972913  6.972147  0
6.972913  6.972548  0
6.972913  6.972194  0
6.972913  6.973287  0
6.972913  6.971783  0
6.972913  6.973408  0
6.972913  6.971770  0
6.972913  6.972235  0
6.972913  6.971454  0
6.972913  6.971509  0
6.972913  6.971981  0
6.972913  6.972789  0
6.972913  6.971341  0
6.972913  6.971851  0
6.972913  6.972541  0
6.972913  6.972607  0
6.972913  6.970366  0
6.972913  6.970557  0
6.972913  6.972815  0
6.972913  6.972854  0
6.972913  6.973505  0
6.972913  6.971808  0
6.972913  6.973196  0
6.972913  6.972904  0
6.972913  6.972147  0
6.972913  6.972163  0
6.972913  6.972059  0
6.972913  6.971287  0
6.972913  6.972316  0
6.972913  6.971269  0
6.972913  6.973406  0
6.972913  6.972893  0
6.972913  6.971696  0
6.972913  6.972677  0
6.972913  6.973081  0
6.972913  6.972584  0
6.972913  6.971642  0
6.972913  6.973245  0
6.972913  6.972518  0
6.972913  6.973619  0
6.972913  6.973200  0
6.972913  6.973525  0
6.972913  6.972146  0
6.972913  6.972576  0
6.972913  6.972785  0
6.972913  6.973613  0
6.972913  6.971738  0
6.972913  6.972011  0
6.972913  6.971372  0
6.972913  6.971457  0
6.972913  6.970535  0
6.972913  6.972592  0
6.972913  6.972440  0
6.972913  6.971271  0
6.972913  6.971513  0
6.972913  6.972332  0
6.972913  6.971479  0
6.972913  6.971274  0
6.972913  6.970377  0
6.972913  6.971784  0
6.972913  6.973155  0
6.972913  6.972340  0
6.972913  6.972821  0
6.972913  6.973385  0
6.972913  6.973414  0
6.972913  6.971200  0
6.972913  6.971459  0
6.972913  6.972099  0
6.972913  6.972561  0
6.972913  6.971895  0
6.972913  6.971527  0
6.972913  6.972527  0
6.972913  6.971590  0
6.972913  6.972292  0
6.972913  6.971792  0
6.972913  6.974135  0
6.972913  6.971484  0
6.972913  6.974115  0
6.972913  6.973264  0
6.972913  6.973323  0
6.972913  6.971142  0
6.972913  6.971138  0
6.972913  6.970169  0
6.972913  6.971769  0
6.972913  6.971855  0
6.972913  6.973264  0
6.972913  6.973210  0
6.972913  6.973288  0
6.972913  6.973703  0
6.972913  6.973711  0
6.972913  6.973204  0
6.972913  6.974953  0
6.972913  6.974476  0
6.972913  6.974045  0
6.972913  6.972420  0
6.972913  6.971847  0
6.972913  6.973060  0
6.972913  6.971358  0
6.972913  6.973706  0
6.972913  6.972827  0
6.972913  6.975406  0
6.972913  6.974147  0
6.972913  6.974196  0
6.972913  6.974284  0
6.972913  6.974409  0
6.972913  6.974256  0
6.972913  6.973276  0
6.972913  6.974343  0
6.972913  6.973652  0
6.972913  6.974076  0
6.972913  6.973899  0
6.972913  6.972834  0
6.972913  6.972369  0
6.972913  6.974575  0
6.972913  6.973704  0
6.972913  6.973079  0
6.972913  6.973656  0
6.972913  6.973079  0
6.972913  6.972714  0
6.972913  6.972912  0
6.972913  6.973057  0
6.972913  6.973074  0
6.972913  6.972365  0
6.972913  6.972725  0
6.972913  6.973922  0
6.972913  6.973741  0
6.972913  6.973939  0
6.972913  6.974671  0
6.972913  6.972641  0
6.972913  6.971586  0
6.972913  6.972703  0
6.972913  6.972875  0
6.972913  6.973008  0
6.972913  6.972841  0
6.972913  6.973113  0
6.972913  6.974357  0
6.972913  6.974879  0
6.972913  6.973162  0
6.972913  6.975023  0
6.972913  6.975242  0
6.972913  6.973818  0
6.972913  6.972924  0
6.972913  6.973476  0
6.972913  6.973125  0
6.972913  6.972468  0
6.972913  6.971512  0
6.972913  6.973208  0
6.972913  6.974066  0
6.972913  6.972867  0
6.972913  6.974039  0
6.972913  6.972774  0
6.972913  6.973163  0
6.972913  6.974163  0
6.972913  6.974421  0
6.972913  6.973445  0
6.972913  6.974084  0
6.972913  6.973088  0
6.972913  6.972873  0
6.972913  6.973531  0
6.972913  6.975117  0
6.972913  6.973367  0
6.972913  6.976384  0
6.972913  6.973422  0
6.972913  6.972377  0
6.972913  6.973234  0
6.972913  6.972632  0
6.972913  6.973416  0
6.972913  6.969345  0
6.972913  6.969863  0
6.972913  6.970304  0
6.972913  6.973367  0
6.972913  6.972059  0
6.972913  6.972300  0
6.972913  6.972900  0
6.972913  6.974254  0
6.972913  6.972272  0
6.972913  6.972955  0
6.972913  6.972425  0
6.972913  6.973780  0
6.972913  6.972626  0
6.972913  6.972869  0
6.972913  6.973927  0
6.972913  6.973333  0
6.972913  6.973733  0
6.972913  6.972301  0
6.972913  6.973449  0
6.972913  6.972829  0
6.972913  6.972887  0
6.972913  6.971838  0
6.972913  6.972032  0
6.972913  6.972894  0
6.972913  6.972609  0
6.972913  6.970850  0
6.972913  6.972122  0
6.972913  6.971459  0
6.972913  6.972444  0
6.972913  6.971578  0
6.972913  6.972555  0
6.972913  6.973395  0
6.972913  6.972394  0
6.972913  6.972879  0
6.972913  6.972736  0
6.972913  6.973782  0
6.972913  6.973605  0
6.972913  6.973647  0
6.972913  6.974185  0
6.972913  6.974115  0
6.972913  6.974159  0
6.972913  6.974080  0
6.972913  6.975053  0
6.972913  6.976340  0
6.972913  6.974195  0
6.972913  6.974879  0
6.972913  6.973851  0
6.972913  6.973671  0
6.972913  6.974587  0
6.972913  6.973321  0
6.972913  6.975343  0
6.972913  6.974615  0
6.972913  6.974724  0
6.972913  6.973577  0
6.972913  6.973839  0
6.972913  6.976038  0
6.972913  6.974990  0
6.972913  6.973181  0
6.972913  6.973043  0
6.972913  6.975636  0
6.972913  6.974540  0
6.972913  6.973375  0
6.972913  6.973711  0
6.972913  6.974631  0
6.972913  6.977323  0
6.972913  6.974934  0
6.972913  6.976158  0
6.972913  6.975847  0
6.972913  6.974869  0
6.972913  6.974069  0
6.972913  6.975271  0
6.972913  6.975872  0
6.972913  6.974781  0
6.972913  6.970521  0
6.972913  6.972851  0
6.972913  6.975804  0
6.972913  6.974679  0
6.972913  6.975807  0
6.972913  6.974223  0
6.972913  6.975714  0
6.972913  6.975257  0
6.972913  6.975208  0
6.972913  6.976925  0
6.972913  6.975552  0
6.972913  6.974850  0
6.972913  6.973799  0
6.972913  6.974457  0
6.972913  6.973190  0
6.972913  6.974822  0
6.972913  6.975636  0
6.972913  6.973667  0
6.972913  6.975764  0
6.972913  6.974495  0
6.972913  6.975292  0
6.972913  6.974827  0
6.972913  6.974920  0
6.972913  6.975869  0
6.972913  6.975922  0
6.972913  6.973974  0
6.972913  6.976173  0
6.972913  6.976602  0
6.972913  6.974959  0
6.972913  6.974951  0
6.972913  6.975244  0
6.972913  6.975571  0
6.972913  6.974562  0
6.972913  6.973007  0
6.972913  6.975741  0
6.972913  6.975135  0
6.972913  6.972193  0
6.972913  6.973317  0
6.972913  6.973610  0
6.972913  6.974153  0
6.972913  6.973436  0
6.972913  6.974932  0
6.972913  6.975548  0
6.972913  6.975334  0
6.972913  6.976310  0
6.972913  6.973383  0
6.972913  6.973764  0
6.972913  6.972187  0
6.972913  6.973719  0
6.972913  6.972873  0
6.972913  6.973349  0
6.972913  6.973214  0
6.972913  6.973750  0
6.972913  6.974014  0
6.972913  6.976955  0
6.972913  6.973902  0
6.972913  6.973808  0
6.972913  6.972866  0
6.972913  6.971339  0
6.972913  6.972800  0
6.972913  6.972493  0
6.972913  6.971886  0
6.972913  6.974204  0
6.972913  6.973330  0
6.972913  6.972120  0
6.972913  6.974521  0
6.972913  6.975783  0
6.972913  6.975983  0
6.972913  6.973065  0
6.972913  6.973598  0
6.972913  6.974602  0
6.972913  6.975062  0
6.972913  6.975089  0
6.972913  6.974097  0
6.972913  6.974692  0
6.972913  6.974457  0
6.972913  6.975778  0
6.972913  6.974097  0
6.972913  6.974978  0
6.972913  6.974928  0
6.972913  6.974803  0
6.972913  6.974387  0
6.972913  6.974229  0
6.972913  6.974690  0
6.972913  6.973410  0
6.972913  6.974030  0
6.972913  6.975001  0
6.972913  6.974613  0
6.972913  6.974730  0
6.972913  6.974021  0
6.972913  6.974562  0
6.972913  6.975455  0
6.972913  6.974364  0
6.972913  6.973537  0
6.972913  6.973872  0
6.972913  6.974480  0
6.972913  6.973918  0
6.972913  6.976299  0
6.972913  6.975573  0
6.972913  6.975286  0
6.972913  6.974310  0
6.972913  6.974590  0
6.972913  6.974747  0
6.972913  6.974635  0
6.972913  6.974415  0
6.972913  6.975418  0
6.972913  6.973570  0
6.972913  6.974264  0
6.972913  6.973627  0
6.972913  6.973638  0
6.972913  6.973096  0
6.972913  6.974335  0
6.972913  6.973631  0
6.972913  6.973960  0
6.972913  6.975908  0
6.972913  6.975830  0
6.972913  6.974194  0
6.972913  6.974012  0
6.972913  6.971925  0
6.972913  6.972209  0
6.972913  6.971710  0
6.972913  6.972197  0
6.972913  6.973659  0
6.972913  6.973026  0
6.972913  6.973094  0
6.972913  6.974181  0
6.972913  6.974496  0
6.972913  6.971984  0
6.972913  6.973775  0
6.972913  6.974368  0
6.972913  6.972783  0
6.972913  6.973182  0
6.972913  6.972934  0
6.972913  6.972942  0
6.972913  6.972824  0
6.972913  6.973907  0
6.972913  6.973343  0
6.972913  6.973588  0
6.972913  6.972919  0
6.972913  6.974667  0
6.972913  6.974725  0
6.972913  6.974973  0
6.972913  6.976035  0
6.972913  6.975420  0
6.972913  6.975289  0
6.972913  6.974191  0
6.972913  6.974322  0
6.972913  6.975771  0
6.972913  6.975655  0
6.972913  6.976335  0
6.972913  6.975004  0
6.972913  6.976003  0
6.972913  6.974321  0
6.972913  6.975424  0
6.972913  6.976018  0
6.972913  6.974976  0
6.972913  6.974491  0
6.972913  6.974520  0
6.972913  6.974376  0
6.972913  6.973364  0
6.972913  6.975352  0
6.972913  6.974339  0
6.972913  6.972966  0
6.972913  6.973365  0
6.972913  6.971249  0
6.972913  6.974029  0
6.972913  6.972533  0
6.972913  6.973319  0
6.972913  6.973789  0
6.972913  6.972458  0
6.972913  6.974442  0
6.972913  6.974275  0
6.972913  6.972475  0
6.972913  6.972890  0
6.972913  6.973723  0
6.972913  6.975568  0
6.972913  6.973944  0
6.972913  6.973630  0
6.972913  6.973451  0
6.972913  6.974193  0
6.972913  6.972803  0
6.972913  6.972760  0
6.972913  6.970612  0
6.972913  6.973118  0
6.972913  6.974305  0
6.972913  6.974202  0
6.972913  6.973857  0
6.972913  6.975263  0
6.972913  6.974504  0
6.972913  6.974558  0
6.972913  6.972736  0
6.972913  6.972687  0
6.972913  6.973642  0
6.972913  6.972072  0
6.972913  6.973192  0
6.972913  6.973104  0
6.972913  6.973882  0
6.972913  6.973802  0
6.972913  6.972406  0
6.972913  6.973175  0
6.972913  6.974401  0
6.972913  6.974103  0
6.972913  6.972922  0
6.972913  6.972941  0
6.972913  6.974646  0
6.972913  6.973474  0
6.972913  6.973859  0
6.972913  6.974410  0
6.972913  6.974528  0
6.972913  6.974063  0
6.972913  6.975044  0
6.972913  6.975739  0
6.972913  6.976639  0
6.972913  6.974995  0
6.972913  6.975396  0
6.972913  6.975325  0
6.972913  6.974957  0
6.972913  6.973846  0
6.972913  6.974240  0
6.972913  6.973474  0
6.972913  6.974986  0
6.972913  6.973875  0
6.972913  6.973291  0
6.972913  6.974235  0
6.972913  6.975100  0
6.972913  6.975266  0
6.972913  6.974229  0
6.972913  6.973351  0
6.972913  6.973750  0
6.972913  6.973368  0
6.972913  6.972259  0
6.972913  6.973370  0
6.972913  6.973134  0
6.972913  6.973193  0
6.972913  6.973617  0
6.972913  6.974380  0
6.972913  6.975947  0
6.972913  6.973641  0
6.972913  6.973590  0
6.972913  6.973349  0
6.972913  6.972971  0
6.972913  6.972838  0
6.972913  6.973781  0
6.972913  6.972728  0
6.972913  6.972092  0
6.972913  6.973683  0
6.972913  6.973503  0
6.972913  6.974202  0
6.972913  6.974200  0
6.972913  6.972428  0
6.972913  6.974603  0
6.972913  6.973827  0
6.972913  6.972528  0
6.972913  6.973144  0
6.972913  6.973684  0
6.972913  6.973514  0
6.972913  6.973491  0
6.972913  6.972348  0
6.972913  6.972718  0
6.972913  6.973641  0
6.972913  6.972525  0
6.972913  6.974154  0
6.972913  6.973754  0
6.972913  6.974543  0
6.972913  6.973343  0
6.972913  6.971899  0
6.972913  6.973088  0
6.972913  6.974373  0
6.972913  6.975095  0
6.972913  6.974518  0
6.972913  6.974800  0
6.972913  6.974710  0
6.972913  6.975076  0
6.972913  6.976303  0
6.972913  6.975585  0
6.972913  6.976850  0
6.972913  6.974632  0
6.972913  6.974672  0
6.972913  6.974221  0
6.972913  6.974377  0
6.972913  6.976058  0
6.972913  6.973670  0
6.972913  6.974025  0
6.972913  6.974152  0
6.972913  6.974622  0
6.972913  6.973774  0
6.972913  6.975332  0
6.972913  6.972399  0
6.972913  6.973037  0
6.972913  6.974080  0
6.972913  6.975191  0
6.972913  6.974054  0
6.972913  6.972964  0
6.972913  6.973542  0
6.972913  6.973999  0
6.972913  6.971470  0
6.972913  6.973542  0
6.972913  6.974550  0
6.972913  6.974280  0
6.972913  6.974990  0
6.972913  6.972414  0
6.972913  6.972980  0
6.972913  6.973669  0
6.972913  6.974536  0
6.972913  6.974356  0
6.972913  6.973940  0
6.972913  6.974103  0
6.972913  6.974755  0
6.972913  6.974124  0
6.972913  6.974268  0
6.972913  6.973920  0
6.972913  6.973257  0
6.972913  6.972632  0
6.972913  6.972160  0
6.972913  6.972810  0
6.972913  6.972048  0
6.972913  6.973473  0
6.972913  6.973080  0
6.972913  6.974343  0
6.972913  6.974550  0
6.972913  6.975368  0
6.972913  6.974415  0
6.972913  6.973693  0
6.972913  6.973649  0
6.972913  6.973853  0
6.972913  6.974192  0
6.972913  6.972727  0
6.972913  6.971673  0
6.972913  6.973375  0
6.972913  6.974362  0
6.972913  6.975288  0
6.972913  6.973519  0
6.972913  6.972759  0
6.972913  6.974400  0
6.972913  6.974624  0
6.972913  6.974391  0
6.972913  6.975541  0
6.972913  6.973567  0
6.972913  6.971729  0
6.972913  6.973755  0
6.972913  6.972364  0
6.972913  6.971903  0
6.972913  6.972674  0
6.972913  6.974611  0
6.972913  6.973325  0
6.972913  6.975077  0
6.972913  6.974328  0
6.972913  6.974516  0
6.972913  6.974005  0
6.972913  6.974823  0
6.972913  6.974882  0
6.972913  6.974001  0
6.972913  6.974540  0
6.972913  6.975849  0
6.972913  6.973352  0
6.972913  6.974273  0
6.972913  6.974181  0
6.972913  6.973368  0
6.972913  6.973859  0
6.972913  6.974329  0
6.972913  6.975196  0
6.972913  6.974495  0
6.972913  6.974097  0
6.972913  6.975030  0
4.472913  6.975308  -400
4.472913  6.976206  -400
4.472913  6.974204  -400
4.472913  6.975364  -400
4.472913  6.975892  -400
4.472913  6.975102  -400
4.472913  6.975773  -400
4.472913  6.976153  -400
4.472913  6.973413  -400
4.472913  6.974347  -400
4.472913  6.973651  -400
4.472913  6.974771  -400
4.472913  6.974837  -400
4.472913  6.975716  -400
4.472913  6.976709  -400
4.472913  6.975130  -400
4.472913  6.974146  -400
4.472913  6.977100  -400
4.472913  6.975176  -400
4.472913  6.975047  -400
4.472913  6.976988  -400
4.472913  6.974976  -400
4.472913  6.975684  -400
4.472913  6.974485  -400
4.472913  6.974792  -400
4.472913  6.974430  -400
4.472913  6.975950  -400
4.472913  6.974715  -400
4.472913  6.977469  -400
4.472913  6.976423  -400
4.472913  6.976912  -400
4.472913  6.976125  -400
4.472913  6.976957  -400
4.472913  6.975169  -400
4.472913  6.975017  -400
4.472913  6.974461  -400
4.472913  6.975926  -400
4.472913  6.974047  -400
4.472913  6.973486  -400
4.472913  6.975099  -400
4.472913  6.975811  -400
4.472913  6.975831  -400
4.472913  6.975659  -400
4.472913  6.975427  -400
4.472913  6.976525  -400
4.472913  6.976302  -400
4.472913  6.975970  -400
4.472913  6.975445  -400
4.472913  6.974618  -400
4.472913  6.974986  -400
4.472913  6.975293  -400
4.472913  6.974968  -400
4.472913  6.973090  -400
4.472913  6.974695  -400
4.472913  6.975109  -400
4.472913  6.975175  -400
4.472913  6.975786  -400
4.472913  6.975814  -400
4.472913  6.976010  -400
4.472913  6.975614  -400
4.472913  6.974829  -400
4.472913  6.974142  -400
4.472913  6.973476  -400
4.472913  6.972529  -400
4.472913  6.975342  -400
4.472913  6.976324  -400
4.472913  6.975960  -400
4.472913  6.974932  -400
4.472913  6.976115  -400
4.472913  6.974988  -400
4.472913  6.975434  -400
4.472913  6.973865  -400
4.472913  6.973706  -400
4.472913  6.975482  -400
4.472913  6.975660  -400
4.472913  6.975517  -400
4.472913  6.976142  -400
4.472913  6.975700  -400
4.472913  6.977107  -400
4.472913  6.974735  -400
4.472913  6.973945  -400
4.472913  6.975415  -400
4.472913  6.975219  -400
4.472913  6.974373  -400
4.472913  6.973762  -400
4.472913  6.975455  -400
4.472913  6.975111  -400
4.472913  6.974280  -400
4.472913  6.975499  -400
4.472913  6.976874  -400
4.472913  6.976094  -400
4.472913  6.977062  -400
4.472913  6.975764  -400
4.472913  6.974803  -400
4.472913  6.975105  -400
4.472913  6.975347  -400
4.472913  6.973929  -400
4.472913  6.973248  -400
4.472913  6.973693  -400
4.472913  6.975751  -400
4.472913  6.975560  -400
4.472913  6.975213  -400
4.472913  6.976239  -400
4.472913  6.977311  -400
4.472913  6.975259  -400
4.472913  6.975223  -400
4.472913  6.976170  -400
4.472913  6.975233  -400
4.472913  6.975204  -400
4.472913  6.976748  -400
4.472913  6.976328  -400
4.472913  6.973851  -400
4.472913  6.975228  -400
4.472913  6.977344  -400
4.472913  6.977026  -400
4.472913  6.976242  -400
4.472913  6.975238  -400
4.472913  6.976348  -400
4.472913  6.976928  -400
4.472913  6.976284  -400
4.472913  6.976613  -400
4.472913  6.975138  -400
4.472913  6.975627  -400
4.472913  6.977333  -400
4.472913  6.975751  -400
4.472913  6.975761  -400
4.472913  6.976693  -400
4.472913  6.976380  -400
4.472913  6.974442  -400
4.472913  6.976376  -400
4.472913  6.974853  -400
4.472913  6.977213  -400
4.472913  6.976851  -400
4.472913  6.975496  -400
4.472913  6.974954  -400
4.472913  6.975032  -400
4.472913  6.975688  -400
4.472913  6.974812  -400
4.472913  6.976006  -400
4.472913  6.977276  -400
4.472913  6.977552  -400
4.472913  6.975627  -400
4.472913  6.976134  -400
4.472913  6.975633  -400
4.472913  6.976059  -400
4.472913  6.976057  -400
4.472913  6.975968  -400
4.472913  6.977943  -400
4.472913  6.977887  -400
4.472913  6.976929  -400
4.472913  6.977734  -400
4.472913  6.977749  -400
4.472913  6.977594  -400
4.472913  6.976997  -400
4.472913  6.976963  -400
4.472913  6.978584  -400
4.472913  6.976198  -400
4.472913  6.975225  -400
4.472913  6.975237  -400
4.472913  6.975227  -400
4.472913  6.975614  -400
4.472913  6.974507  -400
4.472913  6.975291  -400
4.472913  6.977685  -400
4.472913  6.977325  -400
4.472913  6.976588  -400
4.472913  6.975999  -400
4.472913  6.976682  -400
4.472913  6.976681  -400
4.472913  6.978848  -400
4.472913  6.976192  -400
4.472913  6.975549  -400
4.472913  6.976447  -400
4.472913  6.978288  -400
4.472913  6.977422  -400
4.472913  6.980198  -400
4.472913  6.978614  -400
4.472913  6.977423  -400
4.472913  6.977481  -400
4.472913  6.976715  -400
4.472913  6.978083  -400
4.472913  6.977681  -400
4.472913  6.977613  -400
4.472913  6.978559  -400
4.472913  6.977829  -400
4.472913  6.975851  -400
4.472913  6.978123  -400
4.472913  6.977189  -400
4.472913  6.978638  -400
4.472913  6.978835  -400
4.472913  6.976340  -400
4.472913  6.976923  -400
4.472913  6.978852  -400
4.472913  6.977096  -400
4.472913  6.977280  -400
4.472913  6.975505  -400
4.472913  6.976547  -400
4.472913  6.977020  -400
4.472913  6.977597  -400
4.472913  6.976681  -400
4.472913  6.977386  -400
4.472913  6.977484  -400
4.472913  6.977478  -400
4.472913  6.977603  -400
4.472913  6.977516  -400
4.472913  6.977636  -400
4.472913  6.977774  -400
4.472913  6.977442  -400
4.472913  6.977974  -400
4.472913  6.977272  -400
4.472913  6.976447  -400
4.472913  6.975784  -400
4.472913  6.974752  -400
4.472913  6.977128  -400
4.472913  6.977134  -400
4.472913  6.976504  -400
4.472913  6.977150  -400
4.472913  6.976548  -400
4.472913  6.975099  -400
4.472913  6.976949  -400
4.472913  6.975839  -400
4.472913  6.978455  -400
4.472913  6.978138  -400
4.472913  6.977504  -400
4.472913  6.976456  -400
4.472913  6.977294  -400
4.472913  6.978057  -400
4.472913  6.976218  -400
4.472913  6.975206  -400
4.472913  6.975191  -400
4.472913  6.976431  -400
4.472913  6.976574  -400
4.472913  6.975845  -400
4.472913  6.977550  -400
4.472913  6.976099  -400
4.472913  6.975492  -400
4.472913  6.976196  -400
4.472913  6.976915  -400
4.472913  6.977022  -400
4.472913  6.976086  -400
4.472913  6.974702  -400
4.472913  6.975963  -400
4.472913  6.976495  -400
4.472913  6.976787  -400
4.472913  6.975627  -400
4.472913  6.976984  -400
4.472913  6.976222  -400
4.472913  6.977368  -400
4.472913  6.977478  -400
4.472913  6.978266  -400
4.472913  6.975942  -400
4.472913  6.976748  -400
4.472913  6.975920  -400
4.472913  6.976699  -400
4.472913  6.976589  -400
4.472913  6.976144  -400
4.472913  6.976683  -400
4.472913  6.976295  -400
4.472913  6.976213  -400
4.472913  6.976685  -400
4.472913  6.976427  -400
4.472913  6.976663  -400
4.472913  6.977888  -400
4.472913  6.977325  -400
4.472913  6.976192  -400
4.472913  6.977931  -400
4.472913  6.977414  -400
4.472913  6.977354  -400
4.472913  6.974998  -400
4.472913  6.975986  -400
4.472913  6.977759  -400
4.472913  6.978352  -400
4.472913  6.977274  -400
4.472913  6.979133  -400
4.472913  6.976449  -400
4.472913  6.977061  -400
4.472913  6.974481  -400
4.472913  6.976535  -400
4.472913  6.975268  -400
4.472913  6.976533  -400
4.472913  6.975415  -400
4.472913  6.977880  -400
4.472913  6.976711  -400
4.472913  6.977733  -400
4.472913  6.977476  -400
4.472913  6.977227  -400
4.472913  6.975817  -400
4.472913  6.975371  -400
4.472913  6.974033  -400
4.472913  6.976505  -400
4.472913  6.974017  -400
4.472913  6.974897  -400
4.472913  6.973765  -400
4.472913  6.976755  -400
4.472913  6.977042  -400
4.472913  6.976906  -400
4.472913  6.976496  -400
4.472913  6.976331  -400
4.472913  6.976194  -400
4.472913  6.976235  -400
4.472913  6.975086  -400
4.472913  6.972681  -400
4.472913  6.975482  -400
4.472913  6.975407  -400
4.472913  6.975844  -400
4.472913  6.975504  -400
4.472913  6.976619  -400
4.472913  6.975686  -400
4.472913  6.975763  -400
4.472913  6.973095  -400
4.472913  6.977433  -400
4.472913  6.976137  -400
4.472913  6.974839  -400
4.472913  6.975310  -400
4.472913  6.975635  -400
4.472913  6.975351  -400
4.472913  6.976358  -400
4.472913  6.975819  -400
4.472913  6.975811  -400
4.472913  6.976865  -400
4.472913  6.975999  -400
4.472913  6.976538  -400
4.472913  6.976636  -400
4.472913  6.977652  -400
4.472913  6.978164  -400
4.472913  6.975648  -400
4.472913  6.977383  -400
4.472913  6.977292  -400
4.472913  6.976569  -400
4.472913  6.977355  -400
4.472913  6.977502  -400
4.472913  6.978201  -400
4.472913  6.977886  -400
4.472913  6.976142  -400
4.472913  6.977040  -400
4.472913  6.977375  -400
4.472913  6.977424  -400
4.472913  6.975819  -400
4.472913  6.976314  -400
4.472913  6.976072  -400
4.472913  6.976693  -400
4.472913  6.974321  -400
4.472913  6.977385  -400
4.472913  6.975899  -400
4.472913  6.975730  -400
4.472913  6.975798  -400
4.472913  6.976479  -400
4.472913  6.977010  -400
4.472913  6.976173  -400
4.472913  6.975697  -400
4.472913  6.976173  -400
4.472913  6.975857  -400
4.472913  6.974645  -400
4.472913  6.976014  -400
4.472913  6.975515  -400
4.472913  6.976270  -400
4.472913  6.976753  -400
4.472913  6.975295  -400
4.472913  6.977891  -400
4.472913  6.977742  -400
4.472913  6.976996  -400
4.472913  6.976380  -400
4.472913  6.975122  -400
4.472913  6.975717  -400
4.472913  6.974458  -400
4.472913  6.974872  -400
4.472913  6.976571  -400
4.472913  6.976794  -400
4.472913  6.976088  -400
4.472913  6.978319  -400
4.472913  6.977333  -400
4.472913  6.977369  -400
4.472913  6.975922  -400
4.472913  6.975098  -400
4.472913  6.976068  -400
4.472913  6.973590  -400
4.472913  6.975882  -400
4.472913  6.974761  -400
4.472913  6.976204  -400
4.472913  6.976435  -400
4.472913  6.975777  -400
4.472913  6.974068  -400
4.472913  6.975039  -400
4.472913  6.976941  -400
4.472913  6.978162  -400
4.472913  6.976579  -400
4.472913  6.975264  -400
4.472913  6.975255  -400
4.472913  6.975642  -400
4.472913  6.974804  -400
4.472913  6.975065  -400
4.472913  6.977764  -400
4.472913  6.976893  -400
4.472913  6.977481  -400
4.472913  6.977540  -400
4.472913  6.977052  -400
4.472913  6.977419  -400
4.472913  6.977273  -400
4.472913  6.976423  -400
4.472913  6.976837  -400
4.472913  6.975623  -400
4.472913  6.975952  -400
4.472913  6.976930  -400
4.472913  6.977137  -400
4.472913  6.976469  -400
4.472913  6.976580  -400
4.472913  6.974938  -400
4.472913  6.975416  -400
4.472913  6.977930  -400
4.472913  6.977225  -400
4.472913  6.975480  -400
4.472913  6.975897  -400
4.472913  6.976225  -400
4.472913  6.976043  -400
4.472913  6.976419  -400
4.472913  6.976292  -400
4.472913  6.976109  -400
4.472913  6.976889  -400
4.472913  6.976562  -400
4.472913  6.975816  -400
4.472913  6.974445  -400
4.472913  6.976449  -400
4.472913  6.975914  -400
4.472913  6.976193  -400
4.472913  6.974229  -400
4.472913  6.977223  -400
4.472913  6.977285  -400
4.472913  6.974079  -400
4.472913  6.976416  -400
4.472913  6.977307  -400
4.472913  6.978696  -400
4.472913  6.975467  -400
4.472913  6.975589  -400
4.472913  6.978708  -400
4.472913  6.977906  -400
4.472913  6.977125  -400
4.472913  6.975655  -400
4.472913  6.977822  -400
4.472913  6.975959  -400
4.472913  6.976345  -400
4.472913  6.977193  -400
4.472913  6.977188  -400
4.472913  6.976941  -400
4.472913  6.976665  -400
4.472913  6.976253  -400
4.472913  6.976959  -400
