1  -1.753881  -1.753881  62.896581  0.024235  4.219644  139.580002  0.850000
1  -1.752941  -1.752941  67.164910  0.016512  4.524877  140.240005  0.840000
1  -1.752107  -1.752107  71.700664  0.027697  4.833073  140.860001  0.840000
1  -1.751525  -1.751525  76.135071  0.030094  5.136116  141.470001  0.840000
1  -1.751949  -1.751949  80.713943  0.014115  5.460314  142.029999  0.840000
1  -1.752564  -1.752564  84.936835  0.025566  5.786634  142.309998  0.840000
1  -1.752432  -1.753045  88.982093  0.018509  6.129566  142.589996  0.840000
1  -1.752534  -1.752534  93.284945  0.027297  6.483405  142.800003  0.840000
1  -1.751659  -1.751659  97.477930  0.019841  6.845944  143.100006  0.840000
1  -1.752526  -1.752526  101.277752  0.025433  7.210561  143.410004  0.840000
1  -1.751780  -1.751780  104.786263  0.024901  7.584927  143.839996  0.850000
1  -1.751977  -1.752323  108.130518  0.024901  7.966124  144.210007  0.850000
7  -1.751789  -1.753557  111.372613  0.026099  8.346268  144.600006  0.850000
7  -1.751789  -1.753381  114.410499  0.024235  8.749643  144.809998  0.850000
7  -1.751789  -1.752323  117.318701  0.022903  9.185473  145.029999  0.860000
7  -1.751789  -1.752829  120.156545  0.031425  9.611172  145.279999  0.860000
7  -1.751789  -1.753387  122.764407  0.026232  10.047308  145.419998  0.860000
7  -1.751789  -1.753031  125.107681  0.028363  10.489229  145.500000  0.860000
7  -1.751789  -1.752568  127.144486  0.031692  10.941131  145.389999  0.870000
7  -1.751789  -1.752732  129.213935  0.029295  11.426049  145.240005  0.860000
7  -1.751789  -1.752590  131.237973  0.025700  11.919052  145.220001  0.860000
7  -1.751789  -1.752798  132.973826  0.036618  12.445752  145.160004  0.860000
7  -1.751789  -1.753888  134.576205  0.022237  12.986746  145.139999  0.850000
7  -1.751789  -1.752645  136.143211  0.019841  13.532211  145.130005  0.840000
7  -1.751789  -1.754076  137.293151  0.029561  14.115626  145.169998  0.840000
7  -1.751789  -1.753172  138.453631  0.014115  14.667621  145.240005  0.830000
7  -1.751789  -1.751437  139.633675  0.021438  15.283789  145.279999  0.820000
7  -1.751789  -1.751983  140.712464  0.037018  15.889467  145.270004  0.820000
7  -1.751789  -1.753701  141.508599  0.019175  16.533590  145.149994  0.810000
7  -1.751789  -1.754762  142.248277  0.033423  17.172903  145.080002  0.800000
7  -1.751789  -1.755011  143.110361  0.030893  17.822163  145.080002  0.800000
7  -1.751789  -1.752702  143.848237  0.022770  18.393651  145.130005  0.790000
7  -1.751789  -1.732821  144.684822  0.027431  19.104440  145.160004  0.790000
7  -1.751789  -1.709331  145.500361  0.025300  19.769999  145.220001  0.780000
7  -1.751789  -1.715578  146.108643  0.024501  20.422483  145.410004  0.780000
7  -1.751789  -1.694721  146.645644  0.026099  21.101187  145.570007  0.780000
7  -1.751789  -1.714782  147.152550  0.025966  21.738070  145.509995  0.770000
7  -1.751789  -1.715785  147.727460  0.022371  22.424479  145.509995  0.770000
7  -1.751789  -1.670203  148.159832  0.020506  23.125229  145.559998  0.760000
7  -1.751789  -1.606010  148.540748  0.029961  23.770883  145.619995  0.760000
7  -1.751789  -1.562969  148.943002  0.025700  24.461103  145.660004  0.760000
7  -1.751789  -1.465683  149.373957  0.031825  25.171652  145.669998  0.760000
7  -1.751789  -1.163601  149.740746  0.021172  25.856542  145.820007  0.760000
7  -1.751789  -0.439017  150.163447  0.035154  26.563571  145.940002  0.760000
7  -1.751789  0.246855  150.526949  0.023835  27.255889  146.100006  0.760000
7  -1.751789  1.150866  150.844234  0.031958  27.957158  146.380005  0.750000
7  -1.751789  1.517672  151.178679  0.023303  28.690997  146.740005  0.750000
7  -1.751789  2.292589  151.438425  0.031026  29.393893  147.110001  0.750000
7  -1.751789  2.890670  151.685067  0.029428  30.114947  147.440002  0.740000
7  -1.751789  3.015278  151.907278  0.029162  30.825159  147.770004  0.730000
7  -1.751789  3.021208  152.130930  0.031425  31.550161  148.119995  0.730000
7  -1.751789  3.068078  152.342930  0.020906  32.248789  148.460007  0.720000
7  -1.751789  3.073103  152.539126  0.036618  32.970291  148.779999  0.710000
7  -1.751789  3.071556  152.706611  0.027963  33.682251  148.960007  0.700000
7  -1.751789  3.070871  152.869602  0.031425  34.409967  149.070007  0.700000
7  -1.751789  3.070387  153.018811  0.023835  35.137540  149.160004  0.690000
7  -1.751789  3.111419  153.166625  0.019042  35.851601  149.240005  0.680000
7  -1.751789  3.185048  153.306950  0.027963  36.579739  149.320007  0.670000
7  -1.751789  3.196851  153.433441  0.028363  37.305793  149.289993  0.660000
7  -1.751789  3.299605  153.513383  0.029028  38.036933  148.990005  0.660000
7  -1.751789  3.275515  153.635312  0.028363  38.778816  148.649994  0.650000
7  -1.751789  3.374119  153.717254  0.025034  39.516702  148.190002  0.640000
7  -1.751789  3.798464  153.806711  0.029961  40.271973  147.669998  0.630000
7  -1.751789  4.472976  153.880188  0.023702  41.031764  147.149994  0.620000
7  -1.751789  4.552982  153.988953  0.037684  41.762301  146.580002  0.610000
7  -1.751789  4.935929  154.018186  0.029827  42.521691  146.179993  0.600000
7  -1.751789  5.054105  154.068210  0.026632  43.224204  145.960007  0.600000
7  -1.751789  5.176595  154.143447  0.021438  44.035446  145.839996  0.590000
7  -1.751789  5.408814  154.205230  0.024767  44.790637  145.880005  0.580000
7  -1.751789  5.910663  154.272577  0.027431  45.552977  145.789993  0.580000
7  -1.751789  6.317877  154.336742  0.017843  46.302259  145.830002  0.570000
7  -1.751789  6.583931  154.381315  0.021838  47.043617  145.830002  0.560000
7  -1.751789  6.797752  154.404244  0.019974  47.815820  145.850006  0.560000
7  -1.751789  6.988765  154.455392  0.026765  48.564392  145.710007  0.550000
7  -1.751789  7.254408  154.464763  0.036885  49.335538  145.490005  0.550000
7  -1.751789  7.392139  154.515115  0.034088  50.115674  145.440002  0.540000
7  -1.751789  8.239089  154.510815  0.018908  50.847863  145.490005  0.540000
7  -1.751789  8.477228  154.531132  0.009188  51.639503  145.520004  0.540000
7  -1.751789  8.484430  154.552574  0.023569  52.410010  145.500000  0.530000
7  -1.751789  8.685477  154.577545  0.032757  53.174450  145.250000  0.530000
7  -1.751789  9.138778  154.569778  0.014248  53.948947  145.169998  0.530000
7  -1.751789  9.451220  154.536424  0.021305  54.681651  144.979996  0.530000
7  -1.751789  9.494116  154.558622  0.025300  55.440069  144.720001  0.530000
7  -1.751789  9.546325  154.583805  0.027697  56.219762  144.440002  0.530000
7  -1.751789  9.541319  154.610253  0.021838  56.987761  144.399994  0.530000
7  -1.751789  9.544851  154.579998  0.017843  57.755983  144.360001  0.520000
7  -1.751789  9.535917  154.586949  0.023170  58.527066  144.289993  0.520000
7  -1.751789  8.991022  154.590520  0.023835  59.266717  144.199997  0.520000
7  -1.751789  8.339499  154.629434  0.022504  60.018523  144.050003  0.510000
7  -1.751789  7.122812  154.618833  0.019974  60.794695  143.919998  0.510000
7  -1.751789  6.696317  154.667904  0.020506  61.565957  143.619995  0.510000
7  -1.751789  5.637740  154.662278  0.036885  62.332000  142.949997  0.510000
7  -1.751789  4.848860  154.699399  0.015180  63.111320  142.119995  0.500000
7  -1.751789  3.959695  154.717207  0.027697  63.894008  142.229996  0.500000
7  -1.751789  3.203143  154.781968  0.024368  64.672955  142.110001  0.500000
7  -1.751789  2.773646  154.793171  0.029295  65.413360  142.119995  0.500000
7  -1.751789  1.850067  154.848781  0.025966  66.209944  142.199997  0.500000
7  -1.751789  1.137826  154.840723  0.026765  66.987276  142.490005  0.490000
7  -1.751789  0.782815  154.894858  0.031825  67.778755  142.940002  0.490000
7  -1.751789  0.297470  154.930077  0.030626  68.564440  143.210007  0.490000
7  -1.751789  -0.320219  154.944120  0.020506  69.367013  143.639999  0.490000
7  -1.751789  -0.904554  154.941881  0.026898  70.127719  144.039993  0.500000
7  -1.751789  -1.550450  154.956239  0.029827  70.924449  144.460007  0.500000
7  -1.751789  -1.848044  154.972515  0.023303  71.683675  144.910004  0.500000
7  -1.751789  -2.332905  155.008829  0.024634  72.506731  145.149994  0.500000
7  -1.751789  -2.735296  154.995775  0.027830  73.294984  145.100006  0.500000
7  -1.751789  -2.808925  154.987446  0.033156  74.081837  145.250000  0.500000
7  -1.751789  -2.789049  155.007530  0.027564  74.865145  145.649994  0.500000
7  -1.751789  -2.778639  155.025488  0.022104  75.677078  146.149994  0.500000
7  -1.751789  -2.749338  155.071064  0.022637  76.477406  146.660004  0.500000
7  -1.751789  -2.490688  155.080680  0.026232  77.241720  147.149994  0.500000
7  -1.751789  -1.343064  155.101109  0.022104  78.088028  147.610001  0.500000
7  -1.751789  -0.844440  155.113298  0.024501  78.864378  148.009995  0.510000
7  -1.751789  -0.367258  155.064613  0.030626  79.664147  148.380005  0.510000
7  -1.751789  0.025516  155.016637  0.027830  80.437600  148.570007  0.510000
7  -1.751789  0.875987  155.030838  0.038882  81.224419  148.720001  0.510000
7  -1.751789  1.409565  155.095830  0.027963  81.985928  148.869995  0.520000
7  -1.751789  1.644511  155.122952  0.023968  82.802719  148.860001  0.520000
7  -1.751789  1.981754  155.089008  0.026898  83.589018  148.490005  0.530000
7  -1.751789  2.583306  155.096948  0.023436  84.372235  147.979996  0.530000
7  -1.751789  3.205625  155.121581  0.026232  85.123371  147.479996  0.530000
7  -1.751789  3.345580  155.153190  0.028230  85.966250  146.750000  0.540000
7  -1.751789  3.396785  155.101092  0.036485  86.771184  146.309998  0.540000
7  -1.751789  3.402228  155.083654  0.011185  87.544783  146.100006  0.550000
7  -1.751789  3.432468  155.102043  0.032757  88.304303  145.979996  0.550000
7  -1.751789  3.598514  155.113118  0.027564  89.097829  146.100006  0.550000
7  -1.751789  3.726690  155.096362  0.023170  89.893673  146.199997  0.560000
7  -1.751789  3.741041  155.102997  0.027164  90.683552  146.300003  0.560000
7  -1.751789  3.814618  155.085116  0.029295  91.456663  146.350006  0.560000
7  -1.751789  4.268769  155.114252  0.025833  92.247535  146.419998  0.560000
7  -1.751789  4.385089  155.088262  0.019974  93.012256  146.429993  0.560000
7  -1.751789  4.531679  154.996677  0.021172  93.776552  146.279999  0.570000
7  -1.751789  4.707104  154.987780  0.025833  94.545860  146.089996  0.570000
7  -1.751789  4.715488  154.911881  0.032757  95.310577  145.960007  0.570000
7  -1.751789  4.719424  154.883319  0.016378  96.066579  145.740005  0.570000
7  -1.751789  4.696802  154.889461  0.019308  96.851526  145.699997  0.570000
7  -1.751789  4.662032  154.871832  0.021039  97.606303  145.690002  0.570000
7  -1.751789  4.662780  154.857543  0.022770  98.363384  145.440002  0.580000
7  -1.751789  4.662338  154.879686  0.026898  99.137016  145.330002  0.580000
7  -1.751789  4.660705  154.888543  0.024901  99.895885  145.419998  0.580000
7  -1.751789  4.662936  154.858810  0.018908  100.642774  145.630005  0.580000
7  -1.751789  4.661913  154.826435  0.024901  101.413035  145.899994  0.600000
7  -1.751789  4.661552  154.842931  0.023569  102.161303  146.119995  0.600000
7  -1.751789  4.662050  154.832647  0.022637  102.912783  146.380005  0.610000
7  -1.751789  4.663642  154.834877  0.029961  103.685038  146.759995  0.610000
7  -1.751789  4.662177  154.821736  0.015713  104.432117  147.289993  0.630000
7  -1.751789  4.661057  154.815601  0.021438  105.161974  147.779999  0.640000
7  -1.751789  4.661380  154.806140  0.024767  105.896859  148.240005  0.660000
7  -1.751789  4.663259  154.817048  0.017177  106.651882  148.649994  0.670000
7  -1.751789  4.660639  154.752316  0.023968  107.381743  149.119995  0.670000
7  -1.751789  4.660650  154.774139  0.022903  108.121324  149.580002  0.670000
7  -1.751789  4.661934  154.790519  0.021172  108.878530  150.039993  0.680000
7  -1.751789  4.660717  154.808555  0.026632  109.603686  150.460007  0.690000
7  -1.751789  4.661166  154.808244  0.021971  110.338652  150.889999  0.700000
7  -1.751789  4.661658  154.795690  0.021838  111.108068  151.110001  0.700000
7  -1.751789  4.662487  154.808436  0.022504  111.824077  151.410004  0.710000
7  -1.751789  4.661503  154.789111  0.026498  112.545096  151.660004  0.720000
7  -1.751789  4.662073  154.802560  0.026365  113.269825  151.850006  0.730000
7  -1.751789  4.661726  154.819392  0.022104  113.984353  152.000000  0.730000
7  -1.751789  4.661043  154.833543  0.017976  114.705806  152.130005  0.740000
7  -1.751789  4.661184  154.830451  0.020240  115.392955  152.089996  0.740000
7  -1.751789  4.660985  154.828229  0.016911  116.110819  152.080002  0.750000
7  -1.751789  4.659981  154.841650  0.022371  116.821877  151.979996  0.750000
7  -1.751789  4.661490  154.780673  0.026898  117.529257  151.869995  0.750000
7  -1.751789  4.661557  154.791009  0.035820  118.244143  151.770004  0.750000
7  -1.751789  4.660661  154.816761  0.023436  118.935928  151.690002  0.760000
7  -1.751789  4.660369  154.823070  0.018775  119.545088  151.660004  0.760000
7  -1.751789  4.660835  154.813703  0.027031  120.324850  151.669998  0.760000
7  -1.751789  4.659938  154.797959  0.027830  121.020863  151.679993  0.770000
7  -1.751789  4.660825  154.804088  0.025966  121.727290  151.690002  0.770000
7  -1.751789  4.661120  154.788051  0.025700  122.414614  151.539993  0.770000
7  -1.751789  4.661039  154.784579  0.023436  123.110265  151.240005  0.770000
7  -1.751789  4.661674  154.786125  0.027164  123.808152  151.000000  0.770000
7  -1.751789  4.662234  154.800301  0.024368  124.487952  150.869995  0.770000
7  -1.751789  4.661045  154.737905  0.017577  125.154198  150.750000  0.770000
7  -1.751789  4.659409  154.733389  0.027830  125.824971  150.580002  0.780000
7  -1.751789  4.661427  154.712134  0.018243  126.497090  150.360001  0.780000
7  -1.751789  4.662156  154.695130  0.020773  127.174786  149.929993  0.790000
7  -1.751789  4.661485  154.676222  0.023303  127.825790  149.529999  0.800000
7  -1.751789  4.661547  154.710803  0.017177  128.486051  149.080002  0.800000
7  -1.751789  4.664218  154.683245  0.015979  129.150905  148.429993  0.810000
1  4.661025  4.661025  154.634057  0.019441  129.795210  147.990005  0.810000
1  4.661947  4.661947  154.625944  0.022371  130.463443  147.729996  0.810000
